   6.0072369977   6.3156302682   16  3.92E+00   0.4675230000  -0.5515690000   3.1753330000   0.3577980000  -0.8000650000   1.8220120000  -0.7222590000   2.6685140000   9.3604060000  -0.6817740000   1.6932960000   8.6275430000  -0.5823190000   0.7784790000   7.8644920000  -0.0032110000  -0.0073520000  -0.0402490000   0.0032880000   0.0073640000   0.0398480000   0.0005610000   0.0677310000   0.0469900000  -0.0067050000  -0.0430420000  -0.0229390000   0.0060670000  -0.0247000000  -0.0236490000
   6.0085666027   6.3170995295   41  5.78E+00   1.2288320000   0.5761870000   2.6145190000  -0.0103120000  -0.0093170000   1.8699320000   0.8530460000  -0.3758220000   8.1170140000  -0.0321460000   0.2722760000   8.4814130000  -0.8548330000   0.8693300000   9.0135980000   0.0294070000   0.0139820000   0.0177110000  -0.0295880000  -0.0138460000  -0.0177270000  -0.0326060000   0.0233740000   0.0300980000  -0.0155710000   0.0120460000  -0.0153490000   0.0483580000  -0.0355560000  -0.0147330000
   6.0092180532   6.3159591270  359  2.18E+00   0.4096150000   1.0937120000   2.8730910000   0.3547120000   0.0584140000   1.7865910000  -0.2047850000   0.8392760000   9.4629280000  -0.6824210000   0.1347340000   8.7039160000  -1.0802470000  -0.6133910000   7.9005840000   0.0007460000   0.0133760000   0.0139690000  -0.0006020000  -0.0131830000  -0.0141380000  -0.0243390000  -0.0475840000  -0.0502420000   0.0108120000   0.0358190000   0.0353160000   0.0133820000   0.0115720000   0.0150950000
   6.0083503698   6.3176660914  419  2.04E+00  -1.2963890000  -0.5691050000   3.2318400000  -0.4493470000  -1.3666230000   2.3351280000   0.6376700000   2.3829620000   8.7620090000   0.8850220000   2.7983910000   7.7041650000   1.0237690000   3.0650690000   6.5898830000  -0.0037370000   0.0034320000   0.0039450000   0.0036490000  -0.0036540000  -0.0039630000  -0.0019470000  -0.0006870000  -0.0277950000   0.0153400000   0.0219010000  -0.0178120000  -0.0133050000  -0.0209920000   0.0456250000
   6.0081689930   6.3178926144  677 -1.02E-01  -0.0356900000   0.0399140000   3.0523210000   0.1305540000   0.1662090000   1.5856990000   0.0089200000  -0.0581770000   7.8984340000  -0.1853130000  -0.0455210000   9.0580190000  -0.5195800000  -0.0525780000  10.1912650000  -0.0013050000  -0.0009650000   0.0110700000   0.0012780000   0.0009910000  -0.0116080000  -0.0096220000  -0.0013130000   0.0035400000   0.0233150000   0.0026730000  -0.0171250000  -0.0136660000  -0.0013860000   0.0141230000
   6.0053240460   6.3155964008  921  2.89E+00   0.7955910000   0.9033090000   2.7177220000  -0.0097280000  -0.0123860000   1.8462990000   0.1651700000  -0.7836780000   8.1121810000   0.0151930000   0.2345420000   8.6344480000  -0.1781150000   1.3002290000   9.0150720000   0.0097840000   0.0111790000   0.0106110000  -0.0098010000  -0.0110190000  -0.0107060000  -0.0099340000   0.0482850000   0.0144830000   0.0033400000   0.0026800000   0.0147160000   0.0066110000  -0.0511250000  -0.0291030000
   6.0094411468   6.3192006453 1387  2.75E+00  -1.1516060000  -1.3742060000   3.0156840000  -0.4605660000  -0.4166070000   2.1041260000   0.0049120000   1.8691370000   7.9770300000   0.8976340000   1.0567940000   8.1151190000   1.6939680000   0.1924220000   8.2336550000  -0.0071960000  -0.0100090000   0.0095660000   0.0072840000   0.0099790000  -0.0095320000  -0.0530890000   0.0409350000  -0.0069880000   0.0475370000  -0.0264580000   0.0053100000   0.0054640000  -0.0144470000   0.0016440000
   6.0056762504   6.3158726251 1539  8.78E+00   0.0881550000  -0.6249630000   3.0873230000   0.3375510000   0.0473430000   1.6043830000  -0.6514830000   0.3360170000  10.1833330000  -0.6565330000   0.1563250000   8.9952140000  -0.5470220000   0.0372400000   7.8579960000  -0.0083160000  -0.0225540000   0.0494130000   0.0083810000   0.0225230000  -0.0498790000   0.0076870000   0.0109270000   0.0495110000  -0.0096580000  -0.0208420000  -0.1101300000   0.0019060000   0.0099450000   0.0610840000
   6.0086541206   6.3163772569 1558  4.81E+00   1.1060750000  -1.2971590000   3.0276060000  -0.2290390000  -1.2551190000   2.3592750000   0.9992900000   3.5486800000   7.3174950000   0.4241590000   2.5330740000   7.6067140000  -0.2435160000   1.5875200000   7.9998260000   0.0145970000  -0.0003860000   0.0073210000  -0.0145040000   0.0005240000  -0.0073630000   0.0199410000   0.0486960000  -0.0060470000   0.0266540000   0.0051250000  -0.0256300000  -0.0466880000  -0.0539590000   0.0317200000
   6.0090359363   6.3188154270 1662  5.03E+00  -0.3118100000  -1.7034130000   2.8820960000  -0.3310410000  -0.3939740000   2.0380750000  -0.5689910000   0.9538450000   8.2068830000   0.6076350000   1.0248940000   8.1565130000   1.7857850000   1.0393650000   8.3110260000   0.0004950000  -0.0307790000   0.0199160000  -0.0003710000   0.0308500000  -0.0198150000  -0.0051800000  -0.0034300000   0.0150560000  -0.0167650000   0.0063480000  -0.0322980000   0.0218210000  -0.0029880000   0.0171410000
   6.0097516701   6.3193859651 2051  4.66E+00  -0.8588420000  -0.7778460000   2.9189430000   0.3134830000  -0.8363080000   1.9615370000  -0.8824310000   2.2662150000   7.3354350000  -0.4592450000   1.7593840000   8.3521650000  -0.2843200000   1.3264290000   9.4155260000  -0.0183110000   0.0007980000   0.0149680000   0.0184710000  -0.0011080000  -0.0150810000  -0.0341410000   0.0274470000  -0.0385400000   0.0533490000  -0.0407590000   0.0564250000  -0.0193680000   0.0136220000  -0.0177720000
   6.0095744249   6.3199740767 2518  4.02E+00  -0.7736130000  -1.5500780000   3.2630680000   0.6249970000  -1.9080730000   3.1726880000  -0.8495500000   3.9418550000   5.0558040000  -1.0508770000   3.6963640000   6.1807650000  -1.4342100000   3.5980130000   7.2547510000   0.0034940000  -0.0008880000  -0.0001450000  -0.0034900000   0.0008120000   0.0003480000  -0.0179810000   0.0076830000   0.0203440000   0.0089150000  -0.0251830000   0.0463150000   0.0090630000   0.0175750000  -0.0668610000
   6.0083859208   6.3176297291 2526  1.65E+00   0.0392810000  -0.0222170000   2.9625700000  -0.6890910000  -0.2872040000   1.7225560000   1.7217530000   0.5483360000   9.8802790000   1.2724490000   0.7308960000   8.7946210000   0.7620350000   1.0264250000   7.7293070000   0.0017360000   0.0005320000   0.0027460000  -0.0017720000  -0.0007500000  -0.0032310000   0.0096700000   0.0012120000   0.0331390000   0.0214780000  -0.0241580000   0.0226100000  -0.0311130000   0.0231630000  -0.0552640000
   6.0093601313   6.3150785985 2764  4.53E+00   0.0462910000  -0.2875890000   3.0515020000  -0.2380040000   0.0126370000   1.6286760000   0.1666270000   0.6647740000   7.8969460000   0.3327700000   0.2533910000   9.0296020000   0.7692990000  -0.2123150000   9.9994970000   0.0022250000  -0.0024480000   0.0108900000  -0.0022400000   0.0022570000  -0.0114350000   0.0098710000   0.0154800000  -0.0596040000  -0.0181710000  -0.0214380000   0.0902600000   0.0083160000   0.0061490000  -0.0301110000
   6.0058895946   6.3175530097 3078  2.11E+00  -2.0010660000   0.1337370000   3.3485300000  -1.1119790000  -0.6892450000   2.4017950000   3.1703210000   1.1724200000   7.3092140000   2.0577760000   1.4772980000   7.5665100000   0.9644830000   1.8400820000   7.8057090000  -0.0178220000   0.0165090000   0.0189940000   0.0179390000  -0.0165640000  -0.0190260000   0.0149710000   0.0005100000  -0.0032810000  -0.0158150000  -0.0052910000   0.0026550000   0.0007270000   0.0048360000   0.0006580000
   6.0062061696   6.3169609242 3277  4.23E+00  -0.9775090000  -0.4639600000   5.2697200000  -0.5562810000  -1.5626070000   6.0898830000   1.3821910000   3.1827390000  -0.3336970000   1.0764220000   3.0332800000   0.8396870000   0.6495320000   3.0611360000   1.9581750000   0.0028210000  -0.0075620000   0.0055790000  -0.0028450000   0.0072140000  -0.0054830000   0.0130560000   0.0200260000  -0.0793400000   0.0068350000  -0.0320310000   0.0482930000  -0.0198680000   0.0123520000   0.0309510000
   6.0063941172   6.3182422432 3472  1.63E+00   0.8701410000  -0.9324770000   2.6655730000  -0.0044580000   0.0106910000   1.8970830000   1.0178110000  -0.1369840000   8.1303280000  -0.0131410000   0.2706560000   8.4835670000  -1.0405020000   0.6268300000   8.8598490000   0.0104280000  -0.0113000000   0.0091830000  -0.0106050000   0.0113660000  -0.0092370000  -0.0252850000   0.0065560000   0.0125310000  -0.0191940000   0.0124050000   0.0011180000   0.0446560000  -0.0190270000  -0.0135940000
   6.0091458604   6.3179826152 3556  1.00E+01  -0.2959770000  -1.4063010000   3.1078520000  -0.3124170000  -0.3185720000   1.8475920000  -0.4656000000   0.7253970000   8.0768430000   0.5430250000   0.8735830000   8.6040360000   1.6368880000   0.9861090000   9.0422040000   0.0006390000  -0.0378740000   0.0438210000  -0.0004910000   0.0378400000  -0.0439750000   0.0581650000   0.0057160000   0.0230760000  -0.0769360000  -0.0047340000  -0.0226690000   0.0186220000  -0.0009490000  -0.0002540000
   6.0058225602   6.3182923592 3556  1.07E+01  -0.2858030000  -1.4177240000   3.1122100000  -0.3125590000  -0.3185000000   1.8474290000  -0.4646780000   0.7255360000   8.0770090000   0.5450440000   0.8736200000   8.6012300000   1.6345180000   0.9863020000   9.0446800000   0.0010190000  -0.0390430000   0.0448640000  -0.0008670000   0.0390090000  -0.0450170000   0.0588330000   0.0058630000   0.0239770000  -0.0739220000  -0.0045500000  -0.0228390000   0.0149370000  -0.0012800000  -0.0009860000
   6.0055909187   6.3192118283 3556  1.37E+01  -0.1864430000  -1.4871380000   3.1053300000  -0.3139500000  -0.3183450000   1.8464460000  -0.4593570000   0.7265370000   8.0769770000   0.5706400000   0.8742850000   8.5750310000   1.6106710000   0.9884030000   9.0697240000   0.0049140000  -0.0442690000   0.0476270000  -0.0047220000   0.0442370000  -0.0477900000   0.0448140000   0.0044490000   0.0231470000  -0.0138840000   0.0013030000  -0.0083710000  -0.0311220000  -0.0057190000  -0.0146130000
   6.0087281875   6.3190875119 3556  1.35E+01  -0.1769150000  -1.4893730000   3.0994800000  -0.3140850000  -0.3183890000   1.8464130000  -0.4591760000   0.7266020000   8.0768070000   0.5735190000   0.8743600000   8.5725440000   1.6083980000   0.9886420000   9.0722950000   0.0052700000  -0.0442500000   0.0472980000  -0.0050730000   0.0442180000  -0.0474640000   0.0419080000   0.0041060000   0.0224180000  -0.0060560000   0.0021460000  -0.0058320000  -0.0360490000  -0.0062200000  -0.0164200000
   6.0073610441   6.3176055582 3849  2.05E+00  -0.7617910000  -0.7090780000   3.3546500000  -0.4848750000  -1.0573220000   1.9517950000   0.6968250000   2.4519990000   9.4790940000   0.8872760000   2.1531000000   8.3723090000   1.1066800000   1.9445490000   7.2779440000  -0.0015250000   0.0016990000   0.0071640000   0.0013110000  -0.0019410000  -0.0073960000   0.0068020000   0.0000080000  -0.0246520000   0.0084230000  -0.0246550000  -0.0670060000  -0.0150110000   0.0248880000   0.0918900000
   6.0072126590   6.3168606201 3984  4.22E+00   0.2927480000   0.8950440000   2.7856120000   0.0019650000  -0.0120560000   1.7817450000  -0.6131860000   1.0914810000   9.3098630000   0.0295480000   0.2331100000   8.7504400000   0.5627460000  -0.5749830000   8.0484320000  -0.0081090000  -0.0251600000  -0.0279140000   0.0080240000   0.0253020000   0.0277470000  -0.0387780000   0.0461580000   0.0206610000   0.0291200000  -0.0247200000   0.0070590000   0.0097420000  -0.0215800000  -0.0275530000
