   6.0009166589   6.0031597244   67  3.58E+00  -0.1596850000  -0.3002780000   2.6042680000   0.3612080000  -1.7863700000   2.6165590000  -0.2177960000   2.9883330000   6.2088970000  -0.6186580000   3.5080250000   7.2191540000  -1.1116820000   4.0063630000   8.1410950000  -0.0135300000   0.0383100000  -0.0005020000   0.0135020000  -0.0388720000   0.0001330000   0.0084270000  -0.0183050000  -0.0405440000  -0.0129150000   0.0305520000   0.0658660000   0.0045170000  -0.0116850000  -0.0249530000
   6.0047433489   6.0023250586  299  3.05E+00  -1.2769260000   0.2090480000   2.5250960000   0.0099120000  -0.0012780000   1.9911590000  -0.5819570000   1.1717350000   7.8479190000   0.0312560000   0.2751800000   8.3852350000   0.5894410000  -0.6974280000   8.7550860000   0.0212460000  -0.0035230000  -0.0088620000  -0.0211290000   0.0033340000   0.0086810000  -0.0323070000   0.0380850000  -0.0333900000   0.0281800000  -0.0206690000   0.0379400000   0.0040110000  -0.0172260000  -0.0043700000
   6.0032458184   6.0042299964  346  2.89E+00   0.0039380000  -1.3294410000   2.5901810000  -0.0005370000   0.0177800000   1.9676570000  -0.9058720000  -0.3610220000   8.8683680000   0.0369210000   0.2177390000   8.3905350000   0.8805900000   0.8802030000   7.8439330000   0.0000050000  -0.0115200000   0.0053500000  -0.0001380000   0.0113880000  -0.0054280000  -0.0489970000  -0.0216560000   0.0189670000   0.0201140000  -0.0104880000   0.0054780000   0.0290170000   0.0322770000  -0.0243660000
   6.0007585607   6.0048168706  530  7.40E+00  -0.9343100000   0.3820290000   2.9278980000   0.1032040000   0.4859470000   1.7396960000  -0.1312970000  -0.7465580000   7.6119840000  -0.1949000000  -0.7574180000   8.7728990000  -0.1789520000  -0.4481780000   9.9304950000  -0.0278150000  -0.0027110000   0.0315850000   0.0277630000   0.0028600000  -0.0321180000   0.0035690000   0.0205920000   0.0355860000  -0.0093120000  -0.0512610000  -0.0697140000   0.0057960000   0.0305200000   0.0346610000
   6.0004729941   6.0030046824  608  6.22E+00  -1.9849800000   0.8452890000   3.2277060000  -1.1948400000  -0.2813030000   2.4445860000   3.0016490000   0.4402440000   6.6760060000   2.2357820000   0.8189060000   7.4926970000   1.4123370000   0.9843160000   8.2882360000  -0.0213960000   0.0305650000   0.0212930000   0.0213040000  -0.0304950000  -0.0212430000   0.0002790000  -0.0160390000  -0.0031490000  -0.0244050000   0.0360930000   0.0300060000   0.0242180000  -0.0201230000  -0.0269070000
   6.0037450076   6.0037291222  928  1.41E+00  -1.3422640000   0.0485610000   2.6032410000   0.0177360000  -0.0077640000   1.9238590000   0.5692670000  -0.5919540000   7.8735900000   0.0036640000   0.2513490000   8.4506600000  -0.5760280000   1.1266600000   9.0114920000  -0.0232130000   0.0010060000   0.0116110000   0.0231010000  -0.0008500000  -0.0117270000  -0.0076610000   0.0124620000   0.0082540000   0.0227170000  -0.0360400000  -0.0217160000  -0.0149430000   0.0234230000   0.0135780000
   6.0014197119   6.0002703832 1107  2.15E+00  -1.8092850000  -0.2285480000   3.6299440000  -1.3057110000  -0.1383150000   2.2491950000   3.4699480000   0.0831540000   8.1247090000   2.3699720000   0.4841130000   7.8776450000   1.3859540000   0.9462770000   7.5010370000  -0.0027320000  -0.0005550000   0.0073140000   0.0026720000   0.0003690000  -0.0076110000   0.0410470000  -0.0077860000  -0.0007030000  -0.0956230000   0.0249210000  -0.0096710000   0.0546360000  -0.0169490000   0.0106710000
   6.0042744038   6.0027900282 1316  2.74E+00   0.9979000000   0.0212980000   2.7270430000  -0.0114610000   0.0009310000   1.7955930000  -0.1429280000  -0.4086530000   9.6427430000   0.0293010000   0.2258630000   8.6491440000   0.1152970000   0.9207830000   7.7261320000  -0.0332620000  -0.0007540000  -0.0307890000   0.0332700000   0.0005180000   0.0304580000  -0.0101020000  -0.0121170000   0.0305710000   0.0185420000   0.0295060000  -0.0657240000  -0.0084490000  -0.0171530000   0.0354840000
   6.0021771280   6.0024944787 1374  5.33E+00   0.5084540000  -1.0122470000   3.1598330000   0.8601280000  -0.1953310000   1.8687200000  -1.2663610000   0.3469350000   7.4556630000  -1.5130000000   0.6473210000   8.5622110000  -1.9255590000   0.8941010000   9.5859860000  -0.0086380000  -0.0204530000   0.0319270000   0.0089480000   0.0203560000  -0.0325770000  -0.0172370000   0.0011900000   0.0137810000  -0.0045800000   0.0231960000   0.0771130000   0.0215060000  -0.0242900000  -0.0902440000
   6.0041846758   6.0005351987 1420  2.08E+00  -1.4555840000  -0.1323630000   2.3199940000  -0.1877110000   0.6857200000   2.2055970000   0.2844570000   0.1652710000   8.1648430000   0.3748220000  -1.0113340000   7.9704150000   0.4633460000  -2.1347060000   7.6915340000  -0.0194670000  -0.0125860000   0.0017950000   0.0194790000   0.0124990000  -0.0018080000  -0.0023660000   0.0359830000   0.0017670000   0.0041740000  -0.0636020000  -0.0037650000  -0.0018200000   0.0277070000   0.0020090000
   6.0037033489   6.0035265751 1505  3.60E+00   0.0065180000  -1.5486080000   2.9668910000   0.3049060000  -0.5496950000   2.0591450000  -0.8194480000   2.3965310000   8.3585580000  -0.5259400000   1.2733930000   8.2392010000  -0.3089170000   0.1780880000   7.9866980000   0.0085340000   0.0285790000  -0.0260490000  -0.0085310000  -0.0284620000   0.0258140000  -0.0008680000  -0.0161850000  -0.0107860000   0.0198560000  -0.0529440000   0.0032850000  -0.0189900000   0.0690120000   0.0077350000
   6.0003824861   6.0003802988 1579  1.86E+00   0.0949710000  -1.3694200000   3.2408680000  -1.0264180000  -0.9947290000   2.2855240000   1.6558260000   2.1490340000   6.6360280000   1.8444520000   2.1453750000   7.7785020000   2.0797500000   1.9823070000   8.9072210000   0.0187630000  -0.0064120000   0.0159900000  -0.0189900000   0.0060540000  -0.0162080000   0.0111010000  -0.0101110000   0.0421090000  -0.0102580000   0.0186250000  -0.0214130000  -0.0006160000  -0.0081560000  -0.0204780000
   6.0034726539   6.0033522763 1632  3.14E+00   0.2239050000   1.5614100000   3.6304750000   0.4035550000   1.4259930000   2.1207220000  -1.0433410000  -2.9261320000   9.0226260000  -0.7503090000  -2.3185990000   8.1068710000  -0.4229650000  -1.8657620000   7.0726360000  -0.0032190000   0.0026500000   0.0270160000   0.0032690000  -0.0021670000  -0.0275100000   0.0224060000   0.0298800000  -0.0707400000  -0.0211410000  -0.0126960000   0.0669110000  -0.0013160000  -0.0176670000   0.0043230000
   6.0009375394   6.0022643932 1632  4.98E-03   0.2204070000   1.5498480000   3.6072920000   0.4053760000   1.4278820000   2.1247960000  -1.0435950000  -2.8131460000   9.1051040000  -0.7364440000  -2.3677420000   8.0511840000  -0.4419940000  -1.9505600000   7.0130750000  -0.0022340000   0.0016460000   0.0178950000   0.0022790000  -0.0012530000  -0.0182700000  -0.0062970000  -0.0099510000   0.0198720000   0.0174340000   0.0270860000  -0.0576450000  -0.0111820000  -0.0175280000   0.0381490000
   6.0030617224   6.0049212324 1715  2.07E+00   0.4058720000  -1.1437600000   3.3619760000   0.1213800000  -1.0440010000   1.9749710000   0.0975160000   1.4214080000   7.4503950000  -0.2390790000   2.2052170000   8.3021320000  -0.5498130000   2.8968700000   9.2431210000  -0.0035150000   0.0011260000  -0.0173350000   0.0034690000  -0.0013340000   0.0167790000   0.0155780000  -0.0372060000  -0.0288360000  -0.0003850000   0.0055340000  -0.0261710000  -0.0151460000   0.0318800000   0.0555630000
   6.0018186953   6.0046691034 1718  2.39E+00   0.2072610000  -0.8840820000   2.9168460000  -0.0024940000   0.0141110000   1.7102310000   0.2262290000   0.2021130000   9.9611130000   0.0832680000   0.2506460000   8.8091160000  -0.2893450000   0.2826260000   7.7020310000   0.0035290000  -0.0148780000   0.0196960000  -0.0033720000   0.0147750000  -0.0202710000  -0.0193460000  -0.0000610000  -0.0218600000   0.0280520000   0.0016870000  -0.0054450000  -0.0088620000  -0.0015230000   0.0278810000
   6.0035991378   6.0038896709 1736  6.37E+00   1.3290880000  -0.7668560000   2.3673740000  -0.0158860000   0.0104450000   2.0939160000   0.8033900000   1.0605870000   8.2649660000   0.0130220000   0.2219240000   8.1408900000  -0.8175620000  -0.5433600000   8.0182140000   0.0354040000  -0.0204570000   0.0072630000  -0.0353680000   0.0204840000  -0.0071800000  -0.0291580000  -0.0219190000  -0.0023740000  -0.0321840000  -0.0431930000  -0.0092210000   0.0613060000   0.0650850000   0.0115120000
   6.0005345838   6.0024165729 2459  2.31E+00  -1.1353330000   1.0782340000   2.5593530000  -0.5933690000  -0.1671170000   2.0941880000   0.1992230000   0.8593570000   8.8188300000   1.0716530000   0.4716360000   8.1062140000   2.0312480000   0.2409540000   7.4769260000   0.0033620000  -0.0077660000  -0.0028220000  -0.0035070000   0.0077580000   0.0029040000  -0.0137270000   0.0190020000   0.0226440000   0.0172430000  -0.0315910000  -0.0364260000  -0.0033710000   0.0125980000   0.0137000000
   6.0048792545   6.0023938179 2532  3.19E+00  -0.7354810000  -0.8474890000   3.0429640000  -0.0511360000  -2.1927650000   3.2367550000   0.2585920000   3.4879910000   5.1503410000   0.1981860000   4.2605140000   6.0587800000  -0.1056520000   5.0059240000   6.9456900000  -0.0117370000   0.0227550000  -0.0033620000   0.0116560000  -0.0233020000   0.0032700000  -0.0131220000  -0.0178660000  -0.0220230000   0.0388610000  -0.0070720000  -0.0085840000  -0.0256590000   0.0254850000   0.0306990000
   6.0039464315   6.0028227532 2660  4.65E+00  -1.2082230000  -0.3517790000   2.7493160000   0.0158650000   0.0054290000   1.8159840000  -0.5208930000   0.8151700000   7.7396730000   0.0412660000   0.2244580000   8.5934670000   0.4868030000  -0.3009450000   9.5677560000  -0.0326420000  -0.0096240000   0.0248010000   0.0327810000   0.0094030000  -0.0251350000  -0.0103390000   0.0076190000   0.0052700000   0.0044200000   0.0038710000  -0.0416590000   0.0057800000  -0.0112690000   0.0367220000
   6.0030172602   6.0033178849 2754  5.04E+00   0.8705280000  -0.6207060000   2.7294180000  -0.3586810000  -0.3119700000   1.8321940000   0.5019290000   0.4913650000   9.7284040000   0.5928410000   0.7418870000   8.5691480000   0.7895250000   1.2365390000   7.5175760000   0.0278920000  -0.0071320000   0.0202850000  -0.0280190000   0.0068250000  -0.0206190000   0.0050200000   0.0107340000   0.0317180000  -0.0116930000  -0.0261000000  -0.0424920000   0.0068010000   0.0156740000   0.0111080000
   6.0034663480   6.0033472465 2767  2.08E+00   1.1761030000   0.7186030000   2.8592230000   0.6524460000  -0.1991810000   1.9568890000  -1.8119400000   0.2851920000   7.4096280000  -1.2158810000   0.6519980000   8.3651820000  -0.6078770000   0.8625100000   9.3585350000  -0.0130650000  -0.0229890000  -0.0226160000   0.0133580000   0.0230560000   0.0224390000  -0.0066940000  -0.0138300000  -0.0059480000  -0.0036750000   0.0203350000  -0.0125710000   0.0100760000  -0.0065720000   0.0186960000
   6.0012620481   6.0048249554 2900  5.76E+00  -1.4633610000   0.8028620000   5.0654980000  -2.3788070000   0.4620360000   3.8443440000   5.2234590000  -1.3957750000   4.5963180000   4.3770030000  -0.5690210000   4.9130790000   3.4632790000   0.1525080000   5.1979120000   0.0221170000   0.0082890000   0.0297220000  -0.0225540000  -0.0083630000  -0.0298630000   0.0562770000  -0.0639870000  -0.0239530000  -0.0220020000   0.0446050000   0.0154710000  -0.0338390000   0.0194540000   0.0086240000
   6.0019657256   6.0038935421 3033  6.11E+00   1.5407520000   0.0603180000   2.2412090000  -0.0235480000  -0.0041030000   2.1376240000  -0.4110770000  -0.8209370000   8.0730550000   0.0063290000   0.2710370000   8.0398930000   0.4268600000   1.3218370000   8.0756010000   0.0393670000   0.0016290000   0.0026690000  -0.0393630000  -0.0015550000  -0.0025590000   0.0066880000   0.0142290000   0.0065350000   0.0282930000   0.0763850000  -0.0104090000  -0.0349850000  -0.0906880000   0.0037640000
   6.0014156060   6.0016190038 3106  9.48E-01   0.9265830000   0.5810890000   2.8260540000  -0.0088910000  -0.0117700000   1.7606850000  -0.6217510000   0.3910330000   9.7363610000  -0.0039700000   0.2443080000   8.7453140000   0.6107600000   0.1354100000   7.7284150000   0.0186010000   0.0118420000   0.0209920000  -0.0187610000  -0.0118050000  -0.0215460000  -0.0062460000   0.0038060000   0.0085150000  -0.0082410000  -0.0035670000   0.0156700000   0.0146470000  -0.0002760000  -0.0236310000
   6.0009694927   6.0009426818 3455  2.05E+00   0.1451780000  -1.2508510000   3.7195630000  -0.3586740000  -1.8036260000   2.5672310000   0.4571180000   2.6991340000   6.4493630000   0.5998680000   3.5846080000   7.2442230000   0.8747220000   4.3841410000   8.0578960000  -0.0166140000  -0.0184260000  -0.0381030000   0.0165370000   0.0178930000   0.0376950000   0.0043970000  -0.0293140000  -0.0204720000  -0.0136780000   0.0319970000   0.0164430000   0.0093580000  -0.0021510000   0.0044370000
   6.0045698499   6.0001922337 3858  6.09E+00   0.3170350000  -0.8999870000   2.9664460000   0.8744240000  -0.1600090000   1.9376090000  -1.8158020000   0.5098050000   7.2589190000  -1.7113300000   0.5807200000   8.4206280000  -1.2865650000   0.5977490000   9.5571520000   0.0154480000   0.0203360000  -0.0284480000  -0.0151710000  -0.0204270000   0.0280910000   0.0210740000  -0.0019220000   0.0190080000  -0.0623250000   0.0045140000  -0.0733580000   0.0409740000  -0.0025020000   0.0547070000
   6.0035646171   6.0041695895 3858  6.05E+00   0.3264580000  -0.9067880000   2.9742590000   0.8747070000  -0.1599990000   1.9371060000  -1.8198630000   0.5080710000   7.2609230000  -1.7125310000   0.5843630000   8.4205220000  -1.2836080000   0.5971250000   9.5572490000   0.0135780000   0.0183210000  -0.0256160000  -0.0133050000  -0.0184090000   0.0252650000   0.0214790000  -0.0022610000   0.0219830000  -0.0636790000   0.0056520000  -0.0782520000   0.0419270000  -0.0033040000   0.0566190000
   6.0018366945   6.0001934868 3886  1.81E+00   0.4847470000   0.2386500000   2.8322110000  -0.1521950000   0.9817260000   1.8550130000   0.4897220000  -1.9928070000   9.6447540000   0.2648930000  -1.5798020000   8.5477110000   0.0409840000  -1.0515790000   7.4968810000  -0.0179660000   0.0210510000  -0.0278440000   0.0180230000  -0.0209000000   0.0272500000   0.0076800000  -0.0072340000   0.0402290000  -0.0009930000  -0.0150500000  -0.0127720000  -0.0067450000   0.0221320000  -0.0268640000
   6.0016451162   6.0046579685 3918  6.64E+00  -0.3502330000  -1.1195650000   2.9069170000  -0.7433520000  -0.0141190000   1.8651080000   1.2486050000   0.7758690000   7.4743810000   1.3564220000   0.1884050000   8.5101560000   1.4676780000  -0.0885760000   9.6403200000   0.0098580000  -0.0279830000   0.0261910000  -0.0100570000   0.0276890000  -0.0265820000  -0.0010480000   0.0322940000  -0.0113140000   0.0020240000  -0.0554360000   0.0166090000  -0.0007790000   0.0234370000  -0.0049030000
