   6.0079331856   6.9745205863  320  7.02E+00  -0.6655800000  -0.6075650000   3.2739470000  -0.8074980000  -0.1591850000   1.7163420000   2.4353780000   0.0073760000   9.2000770000   1.4925410000   0.5384700000   8.7625150000   0.5189510000   1.1093580000   8.4450320000   0.0046030000  -0.0143420000   0.0496350000  -0.0044650000   0.0142320000  -0.0496800000  -0.0134690000   0.0093840000   0.0035310000   0.0065570000  -0.0074300000  -0.0161440000   0.0067750000  -0.0018440000   0.0126580000
   6.0053909933   6.9723891180  322  1.48E+01  -0.0110030000  -1.1901810000   3.2880190000  -0.3142590000  -1.1003070000   2.0578240000  -0.5455560000   2.3179680000   8.5394420000   0.5858130000   2.2279850000   8.1895160000   1.6759680000   2.2673550000   7.8294840000  -0.0323650000   0.0096250000  -0.1312150000   0.0323550000  -0.0095840000   0.1313330000  -0.0198070000   0.0109000000   0.0057090000   0.0744420000  -0.0187030000  -0.0235700000  -0.0546240000   0.0077620000   0.0177430000
   6.0092226751   6.9700866633  671  3.42E+00  -0.2854330000  -0.2083440000   3.0582430000   0.0040200000   0.0016040000   1.5854190000  -1.0150180000   0.3784520000   8.4703050000  -0.0197450000   0.1715870000   9.0495550000   1.0277470000   0.1855310000   9.6267740000  -0.0045150000  -0.0033540000   0.0233470000   0.0046520000   0.0032930000  -0.0233780000   0.0144410000   0.0120630000   0.0081140000  -0.0482270000  -0.0267190000  -0.0254780000   0.0336490000   0.0147180000   0.0173950000
   6.0090794451   6.9719008709  803  2.96E+00   0.7300970000   0.0717620000   2.8472950000   0.2596000000  -0.8268330000   1.9139200000  -0.8402630000   2.6945130000   7.8298160000  -0.5032200000   1.7661070000   8.4790940000  -0.1244760000   0.7922340000   9.0681830000  -0.0143550000  -0.0274230000  -0.0284260000   0.0143580000   0.0273920000   0.0284950000  -0.0018310000   0.0091740000  -0.0103020000  -0.0143360000   0.0286990000  -0.0086190000   0.0161640000  -0.0378430000   0.0188510000
   6.0063605967   6.9731591067  920  4.23E+00  -0.9696790000  -0.1199890000   2.9286160000   0.0116880000  -0.0000990000   1.6934290000   0.0372210000   1.3935780000   9.1123270000   0.0050470000   0.2639270000   8.8429110000  -0.0382900000  -0.8959770000   8.6086190000  -0.0264520000  -0.0031690000   0.0333520000   0.0264650000   0.0032980000  -0.0332960000  -0.0013300000  -0.0250430000  -0.0021340000   0.0024210000   0.0397150000   0.0006160000  -0.0011040000  -0.0148020000   0.0014620000
   6.0066786294   6.9706259189  934  4.16E+00  -0.6585500000  -0.5601530000   2.9824710000   0.0071690000   0.0041650000   1.6717350000   0.0661640000   1.3490130000   8.5111450000  -0.0227600000   0.2625020000   8.8984830000  -0.0433880000  -0.8439100000   9.2730300000  -0.0173020000  -0.0146870000   0.0341280000   0.0172890000   0.0146140000  -0.0340570000   0.0018590000  -0.0380130000   0.0138610000  -0.0069590000   0.0251780000  -0.0093600000   0.0051130000   0.0129090000  -0.0045720000
   6.0096082643   6.9733697884 3158  3.42E+00  -0.4854110000   0.2945950000   3.0508510000   0.0054410000  -0.0016380000   1.5897320000   0.0237070000   1.2562690000   8.4486840000   0.0365740000   0.2397790000   9.0374960000  -0.0477560000  -0.7589770000   9.6363740000  -0.0123860000   0.0073850000   0.0368690000   0.0123950000  -0.0075580000  -0.0369170000  -0.0064130000  -0.0026950000   0.0048810000   0.0119970000  -0.0092330000   0.0001900000  -0.0055920000   0.0121010000  -0.0050240000
   6.0059052261   6.9733278318 3276  6.96E+00   0.2505500000   0.0615530000   3.0820740000   0.5012940000  -0.1616780000   1.6818400000  -1.0132280000   1.7031220000   9.1660700000  -0.9078160000   0.4870350000   8.9598330000  -0.8246490000  -0.5774800000   8.5153080000   0.0011900000  -0.0010300000  -0.0066160000  -0.0011750000   0.0010740000   0.0065930000  -0.0092380000   0.0979580000   0.0015230000   0.0134180000  -0.1400260000  -0.0020880000  -0.0041960000   0.0420240000   0.0005870000
   6.0067210324   6.9703028895 3384  3.69E+00  -0.8733830000   0.7057600000   2.7210380000   0.0105020000  -0.0134590000   1.7817120000  -0.0193880000  -0.9387340000   8.8407140000  -0.0261510000   0.2634800000   8.6512390000   0.0415980000   1.4513650000   8.5962880000  -0.0058050000   0.0047050000   0.0062610000   0.0058020000  -0.0047320000  -0.0061150000   0.0047440000  -0.0692930000   0.0197920000  -0.0108930000   0.0389410000  -0.0276290000   0.0061520000   0.0303790000   0.0076910000
   6.0092801347   6.9707464345 3544  4.96E+00   0.1330280000  -0.1977150000   3.0999700000  -0.0579960000  -1.1559330000   1.8778050000   0.5241390000   2.8328440000   7.5648150000   0.1180880000   2.3674550000   8.5342250000  -0.3315240000   1.8630580000   9.4562440000   0.0046410000   0.0233960000   0.0299800000  -0.0047150000  -0.0235860000  -0.0300000000  -0.0246990000  -0.0265660000   0.0493680000   0.0010290000  -0.0009980000   0.0089870000   0.0237450000   0.0277530000  -0.0583350000
   6.0074149506   6.9723739796 3544  4.76E+00   0.1249670000  -0.2117330000   3.1104150000  -0.0579220000  -1.1563800000   1.8767710000   0.5245830000   2.8328490000   7.5654210000   0.1187050000   2.3705380000   8.5345160000  -0.3322910000   1.8638550000   9.4599250000   0.0044360000   0.0230380000   0.0302270000  -0.0045090000  -0.0232210000  -0.0302430000  -0.0258180000  -0.0279720000   0.0521050000   0.0060220000   0.0049870000  -0.0017900000   0.0198690000   0.0231680000  -0.0502980000
   6.0063588813   6.9739614422 3544  4.57E+00   0.1168180000  -0.2262040000   3.1202650000  -0.0578470000  -1.1568210000   1.8757450000   0.5250590000   2.8328880000   7.5659630000   0.1193120000   2.3736120000   8.5348100000  -0.3330830000   1.8646230000   9.4636670000   0.0042170000   0.0225980000   0.0303630000  -0.0042880000  -0.0227740000  -0.0303750000  -0.0268700000  -0.0292850000   0.0546870000   0.0108910000   0.0108220000  -0.0123100000   0.0160500000   0.0186390000  -0.0423640000
   6.0064812033   6.9736796646 3565  4.50E+00  -0.2480900000  -0.4634110000   3.2162680000  -0.8023830000  -1.1383890000   2.0156360000   2.3896670000   3.1061740000   8.2262260000   1.5006010000   2.2789580000   8.2659520000   0.5067610000   1.5852840000   8.3005350000   0.0048680000   0.0058740000   0.0103730000  -0.0047480000  -0.0058430000  -0.0104780000   0.0461690000   0.0558240000  -0.0019610000   0.0105910000  -0.0279760000  -0.0009080000  -0.0568810000  -0.0278790000   0.0029750000
   6.0078930171   6.9703882415 3609  3.07E+00  -0.0476070000   0.3666660000   2.9906810000  -0.3258900000   0.2980830000   1.6487140000   0.4379950000   0.8037380000   8.5586420000   0.6056490000  -0.3163000000   8.9237740000   0.7379190000  -1.3904170000   9.3210080000  -0.0093720000  -0.0023890000  -0.0452090000   0.0093900000   0.0022150000   0.0451690000  -0.0051490000   0.0229640000  -0.0024960000   0.0121170000  -0.0640350000   0.0136910000  -0.0069850000   0.0412450000  -0.0111550000
   6.0068900402   6.9737667398 3609  4.18E+00  -0.1639690000   0.3045780000   3.0018600000  -0.3266900000   0.3013000000   1.6388850000   0.4531950000   0.7628760000   8.5535180000   0.6062750000  -0.3103520000   8.9273400000   0.7335750000  -1.3661770000   9.3718370000  -0.0054330000  -0.0001760000  -0.0455880000   0.0054530000   0.0000250000   0.0455870000   0.0069950000  -0.0597330000   0.0283850000   0.0001430000   0.0142890000  -0.0159390000  -0.0071580000   0.0455940000  -0.0124450000
