   6.0108456951   6.5863652532   19  1.18E+01  -0.1129700000   1.2846680000   2.6786420000  -0.6296650000  -0.0644000000   1.9261840000   1.9109860000  -0.3856400000   7.9943060000   1.2302630000   0.4069450000   8.4713610000   0.3172730000   1.0085130000   8.8588700000   0.0165700000   0.0432530000   0.0241590000  -0.0165790000  -0.0431700000  -0.0241360000  -0.0570490000   0.0316920000   0.0227060000   0.0413460000   0.0046550000  -0.0030800000   0.0157140000  -0.0364310000  -0.0196480000
   6.0110087230   6.5871829628  332  5.76E+00  -0.6585350000  -0.8010760000   4.1439230000  -1.3858650000  -2.2264090000   4.2082690000   1.9015180000   3.4555550000   4.7554230000   2.5561870000   4.2777090000   4.2050070000   3.1423970000   5.1905580000   3.8108920000   0.0211540000   0.0414400000  -0.0019880000  -0.0213440000  -0.0418360000   0.0017940000  -0.0095160000   0.0006000000   0.0159130000   0.0335290000   0.0234160000  -0.0394100000  -0.0238220000  -0.0236200000   0.0236910000
   6.0138857872   6.5871895943  467  1.17E+00  -1.1134070000  -0.6471610000   3.1967130000  -0.3649100000  -0.9164480000   1.9634560000   1.3684820000   2.8625860000   8.4927860000   0.6977850000   1.9396520000   8.3147990000   0.0002880000   0.9867330000   8.2591370000  -0.0029200000   0.0011170000   0.0047910000   0.0030260000  -0.0009980000  -0.0049830000  -0.0239670000  -0.0324000000   0.0031400000   0.0289650000   0.0385170000  -0.0129570000  -0.0051050000  -0.0062360000   0.0100090000
   6.0140214259   6.5860943362  803  4.70E+00   0.9083140000   0.2304570000   2.6321130000   0.2454320000  -0.7921330000   1.9697330000  -0.8372990000   2.4732490000   7.5859250000  -0.3755810000   1.6900970000   8.3232920000  -0.1637300000   0.8872610000   9.1638500000  -0.0173940000  -0.0269150000  -0.0173430000   0.0174890000   0.0268160000   0.0174480000  -0.0109050000  -0.0113100000   0.0187030000   0.0265880000   0.0171350000  -0.0316690000  -0.0157770000  -0.0057270000   0.0128610000
   6.0106484374   6.5855462370  920  1.32E+01   0.8934850000  -0.4543000000   3.9122870000   2.4009600000  -1.0512620000   4.1280740000  -3.3835880000   1.9679740000   5.0183760000  -4.4579750000   2.2108010000   4.5343860000  -5.3170920000   2.3389400000   3.7157740000  -0.0489540000   0.0193290000  -0.0071240000   0.0492630000  -0.0195520000   0.0069670000   0.0431610000  -0.0134010000  -0.0067040000  -0.0364650000   0.0176460000   0.0471390000  -0.0070050000  -0.0040220000  -0.0402780000
   6.0135853440   6.5871138699 1116  1.84E+00   0.6287640000   0.7115840000   2.8149310000  -0.0097520000  -0.0039600000   1.7314450000  -0.3979410000   1.1663230000   8.2021340000   0.0085010000   0.2614840000   8.7794840000   0.4006470000  -0.7000010000   9.3837250000  -0.0014840000  -0.0017510000  -0.0025590000   0.0015470000   0.0016280000   0.0025420000   0.0185660000  -0.0473470000   0.0315110000  -0.0319650000   0.0863060000  -0.0562940000   0.0133360000  -0.0388350000   0.0248000000
   6.0118363935   6.5876430438 1632  3.00E+00   0.5337900000   0.8873250000   3.2552410000   0.2980490000   1.3042460000   1.9822020000  -0.6836850000  -1.6768840000   9.3986270000  -0.5609610000  -2.1572690000   8.3222070000  -0.4173630000  -2.5856140000   7.2504290000  -0.0094820000   0.0168460000  -0.0511930000   0.0094900000  -0.0166310000   0.0511570000  -0.0007690000   0.0110330000   0.0188500000   0.0027480000  -0.0228110000  -0.0438150000  -0.0019860000   0.0115630000   0.0250010000
   6.0119017868   6.5874890493 1676  4.47E+00   1.2886500000   0.1396670000   2.7012330000  -0.0161290000  -0.0069440000   1.8276590000  -0.5688540000   1.2467760000   8.9181730000   0.0095450000   0.2763090000   8.5738970000   0.5610520000  -0.7406440000   8.3486680000   0.0342630000   0.0039120000   0.0230060000  -0.0343320000  -0.0037820000  -0.0229390000  -0.0074910000   0.0065460000   0.0121480000   0.0074680000  -0.0000850000  -0.0209320000   0.0000920000  -0.0065920000   0.0087180000
   6.0143914715   6.5851357645 1709  3.84E+00   0.1452920000   1.3588420000   2.4142530000  -0.0016480000  -0.0210490000   1.9475090000  -0.4537760000   1.3309360000   8.4009200000   0.0494390000   0.2657610000   8.3277030000   0.4157360000  -0.8232560000   8.4702590000   0.0004580000   0.0040460000   0.0014640000  -0.0004060000  -0.0040980000  -0.0012800000  -0.0098730000  -0.0010290000   0.0167500000   0.0318440000  -0.0343210000  -0.0285180000  -0.0220230000   0.0354030000   0.0115840000
   6.0115311275   6.5877776650 1721  5.47E+00   0.4112470000   0.6813100000   2.9908290000  -0.2165640000   1.7401130000   2.2277010000   0.3982080000  -2.8730130000   9.0741200000   0.3111680000  -2.8263440000   7.8719000000   0.4238660000  -3.0510640000   6.7035570000  -0.0012490000   0.0021990000  -0.0014870000   0.0011940000  -0.0019170000   0.0014940000   0.0158280000  -0.0188330000   0.0530840000  -0.0306110000   0.0415990000  -0.0297430000   0.0148390000  -0.0230480000  -0.0233470000
   6.0108176391   6.5889067340 1912  5.75E+00  -1.1752730000  -0.1735970000   2.8018390000   0.0105900000   0.0036090000   1.7795650000   1.0994840000   0.4579250000   9.1461570000   0.0234450000   0.1918790000   8.6805660000  -1.0959260000   0.0786240000   8.2744620000  -0.0308370000  -0.0046220000   0.0266120000   0.0310090000   0.0046150000  -0.0266570000   0.0418230000   0.0200250000   0.0235730000  -0.0057050000  -0.0256990000  -0.0166530000  -0.0362900000   0.0056820000  -0.0068750000
   6.0141562896   6.5881640179 2453  2.45E+00   0.4225230000  -1.3497500000   3.0629900000   0.0050270000  -0.5426300000   1.9327890000  -1.0403320000   1.6710440000   8.0492240000   0.0041190000   1.3102730000   8.4406560000   0.9855140000   0.8280760000   8.7698000000  -0.0005160000   0.0010630000  -0.0014210000   0.0006150000  -0.0010680000   0.0014530000   0.0071240000  -0.0122770000   0.0015730000   0.0586290000  -0.0094110000   0.0222940000  -0.0658530000   0.0216930000  -0.0239000000
   6.0139213727   6.5896963322 2474  2.46E+00  -0.7667860000   0.5353640000   2.9623860000  -0.1038730000   0.1727750000   1.6644910000   0.6877770000  -0.8143650000   8.1315570000   0.2256250000  -0.0101860000   8.8687170000  -0.2900780000   0.6130720000   9.7124140000  -0.0085610000   0.0047410000   0.0167030000   0.0084540000  -0.0045430000  -0.0167880000   0.0006620000  -0.0191390000   0.0028110000  -0.0019990000   0.0369720000  -0.0024660000   0.0014440000  -0.0180310000  -0.0002610000
   6.0125826795   6.5886149950 2520  2.93E+00  -0.3305820000  -0.6281240000   3.0554120000  -0.0192900000  -0.1154070000   1.6358270000   0.8440590000   0.6681070000   8.1204690000   0.0218280000   0.4558320000   8.9589700000  -0.7432780000   0.2933220000   9.7930400000  -0.0065660000  -0.0106870000   0.0294000000   0.0063370000   0.0105790000  -0.0296190000   0.0211450000   0.0081060000  -0.0155020000  -0.0649050000  -0.0199680000   0.0591210000   0.0439890000   0.0119710000  -0.0434000000
   6.0145528830   6.5860305086 3032  5.61E+00  -1.0681450000   0.1006530000   2.6615800000   0.0089560000  -0.0002700000   1.8552450000   0.9435280000  -0.4026500000   8.3622000000  -0.0251810000   0.2015970000   8.5841540000  -0.9020550000   0.9339940000   8.7616670000   0.0501010000  -0.0046890000  -0.0374570000  -0.0501740000   0.0047040000   0.0375270000  -0.0179770000   0.0246750000   0.0041900000  -0.0199220000  -0.0078240000   0.0039670000   0.0379710000  -0.0168660000  -0.0082270000
   6.0122165647   6.5861695513 3145  2.23E+00  -0.5719420000  -1.2575900000   2.9371480000   0.3508570000  -0.5481370000   1.9882680000  -0.6139480000   0.1835040000   8.7773430000  -0.6007790000   1.2987860000   8.3787340000  -0.6512830000   2.3459390000   7.8190200000  -0.0118280000  -0.0090860000   0.0121960000   0.0118490000   0.0090570000  -0.0121710000  -0.0043190000  -0.0197040000  -0.0032920000   0.0094110000   0.0039010000   0.0224830000  -0.0051120000   0.0158320000  -0.0192160000
   6.0119089071   6.5885097140 3209  2.33E+00   0.2415130000   1.1862940000   2.6522240000  -0.0027880000  -0.0146350000   1.8126080000  -0.9087770000  -0.4133890000   8.3263350000  -0.0085300000   0.2722680000   8.5889810000   0.9138870000   0.8950230000   9.0074390000   0.0021930000   0.0106910000   0.0075670000  -0.0021290000  -0.0106380000  -0.0074400000   0.0234120000   0.0124850000   0.0184710000  -0.0419530000  -0.0197990000  -0.0378580000   0.0184770000   0.0072620000   0.0192610000
   6.0120426164   6.5855150626 3211  3.64E+00  -0.8875280000   0.1176070000   2.8202820000   0.1276890000  -0.4238050000   1.7534950000  -0.0572640000   1.8501830000   7.9311790000  -0.1820240000   0.9853670000   8.7273890000  -0.3878840000   0.2069540000   9.5833260000  -0.0255650000   0.0135280000   0.0268400000   0.0255460000  -0.0137530000  -0.0268970000  -0.0042780000   0.0126010000  -0.0001070000   0.0100350000  -0.0163470000  -0.0064550000  -0.0057380000   0.0039700000   0.0066190000
