   6.0132931224   6.5194782781  843  6.22E+00  -0.5517440000  -1.5402850000   2.7312750000   0.0314500000  -0.2767050000   1.9858690000   0.6415280000  -0.1302120000   8.5700770000  -0.0198130000   0.7829480000   8.2520840000  -0.7489630000   1.7091060000   8.1463160000  -0.0154520000  -0.0334530000   0.0198400000   0.0154840000   0.0335030000  -0.0196630000  -0.0101950000   0.0091450000   0.0127660000   0.0209740000  -0.0184840000  -0.0276160000  -0.0108110000   0.0092880000   0.0146730000
   6.0139464805   6.5169338648  948  1.60E+01  -0.2814940000  -1.4992920000   4.8189420000  -1.2673470000  -1.9548770000   3.9639040000   1.5246650000   4.7003480000   4.9929250000   2.4103640000   3.8748550000   4.6189500000   3.0130550000   2.9360750000   4.4405320000  -0.0282150000  -0.0130270000  -0.0244740000   0.0282040000   0.0130180000   0.0244400000  -0.0978380000   0.0696150000   0.0463170000   0.1660140000  -0.1441200000  -0.0736300000  -0.0681660000   0.0745140000   0.0273470000
   6.0124821716   6.5184840215  948  1.45E+01  -0.2756650000  -1.4981520000   4.8348220000  -1.2676760000  -1.9551670000   3.9637900000   1.5248230000   4.6999530000   4.9916350000   2.4097500000   3.8770330000   4.6206390000   3.0146310000   2.9362120000   4.4401220000  -0.0215000000  -0.0098920000  -0.0188770000   0.0214820000   0.0098830000   0.0188460000  -0.0959750000   0.0675910000   0.0450490000   0.1599290000  -0.1354370000  -0.0709640000  -0.0639360000   0.0678560000   0.0259470000
   6.0129665080   6.5167002202 1900  3.05E+00   1.1859350000   0.1995770000   2.7164290000  -0.0148190000  -0.0051690000   1.8549490000  -0.3473610000   1.3310370000   8.7861370000   0.0224010000   0.2439880000   8.6155800000   0.3298360000  -0.8132820000   8.3121580000   0.0125930000   0.0021850000   0.0090660000  -0.0126110000  -0.0020950000  -0.0090650000   0.0060560000  -0.0294970000  -0.0136830000   0.0189480000  -0.0423330000   0.0018520000  -0.0249870000   0.0717400000   0.0118300000
   6.0140899469   6.5166225886 2043  1.28E+00   0.9641810000   0.8792890000   3.2098390000   0.6509980000   0.5452260000   1.8695330000  -0.6855520000   0.2579520000   8.2411480000  -1.2264650000  -0.7541000000   8.5673000000  -1.7057350000  -1.7825680000   8.7894700000  -0.0042280000  -0.0045690000  -0.0182130000   0.0042130000   0.0044260000   0.0179640000   0.0151440000   0.0203690000  -0.0119210000  -0.0327240000  -0.0484360000   0.0247450000   0.0175960000   0.0282110000  -0.0125750000
   6.0147800112   6.5155540187 2460  1.50E+01  -0.0538210000  -0.3715450000   3.2398510000   0.6233280000  -0.5836510000   1.6727120000  -1.0981780000   0.9723880000   7.7610290000  -1.1552320000   1.2342310000   8.9307170000  -1.1442510000   1.7270600000   9.9778540000  -0.0253960000   0.0078750000   0.0586760000   0.0255840000  -0.0080540000  -0.0592310000   0.0054710000   0.0090500000  -0.0367060000  -0.0098150000  -0.0108590000   0.0736370000   0.0041560000   0.0019880000  -0.0363760000
   6.0137080348   6.5160667632 2615  2.24E+00   0.1366490000   0.8303700000   2.4739410000   0.7056660000  -0.3300750000   1.9938910000  -2.4506100000   0.7302310000   8.3120070000  -1.2802250000   0.8143100000   8.3183310000  -0.1212070000   0.9423060000   8.3308030000   0.0172240000  -0.0352280000  -0.0145280000  -0.0173420000   0.0352040000   0.0145540000   0.0021540000   0.0033260000   0.0015510000   0.0183510000  -0.0043610000  -0.0035170000  -0.0203860000   0.0010580000   0.0019400000
   6.0121424218   6.5184956373 2920  1.25E+00   1.1491690000   0.4321480000   2.5633180000  -0.0179190000  -0.0104450000   1.9153220000  -0.2012170000  -0.8857280000   8.3721840000   0.0013980000   0.2550530000   8.4622260000   0.2172590000   1.4068740000   8.5493640000  -0.0205250000  -0.0077790000  -0.0113280000   0.0205150000   0.0078060000   0.0114200000   0.0053440000   0.0263760000   0.0034230000  -0.0058630000  -0.0257250000  -0.0046360000   0.0005290000  -0.0006780000   0.0011210000
   6.0137170765   6.5156900339 2995  8.16E+00   0.5099320000   0.4797930000   2.4322390000  -0.6371330000  -0.0645350000   1.9359810000   0.1166600000   0.5597250000   9.0574240000   1.1351410000   0.3605270000   8.4121790000   2.1810620000   0.1493800000   7.8067760000  -0.0442660000  -0.0209670000  -0.0191060000   0.0441230000   0.0209950000   0.0191480000  -0.0674190000   0.0129190000   0.0467070000  -0.0071530000   0.0023350000  -0.0083010000   0.0747150000  -0.0152820000  -0.0384470000
   6.0102525172   6.5170012858 3220  7.03E+00  -1.7802540000  -0.3715290000   3.1735880000  -0.6411070000  -0.9576100000   2.2973960000   2.2053960000   2.4297660000   7.2129980000   1.2126240000   2.0095520000   7.8099950000   0.1982960000   1.5552870000   8.2515590000  -0.0257060000   0.0132540000   0.0197990000   0.0257240000  -0.0132490000  -0.0197960000   0.0723510000   0.0296290000  -0.0513760000  -0.0367170000  -0.0127060000   0.0434910000  -0.0356520000  -0.0169270000   0.0078820000
   6.0111344830   6.5164350237 3232  8.54E+00   0.4738420000   0.5484850000   2.7773480000  -0.2419320000  -0.2172680000   1.7773920000   0.3598420000   1.7629110000   9.0984320000   0.5287860000   0.6233610000   8.7877650000   0.4216100000  -0.4926570000   8.2541040000  -0.0012650000  -0.0013040000  -0.0018090000   0.0012860000   0.0014700000   0.0016290000  -0.0203750000   0.0340840000  -0.0029550000   0.0438310000   0.0480400000   0.0538870000  -0.0234780000  -0.0822890000  -0.0507520000
   6.0149146953   6.5176865873 3726  4.49E+00   0.4605260000  -0.0952030000   2.9057190000  -0.5379560000  -0.0961650000   1.7115040000   0.0744390000   0.7731120000   8.1418670000   0.9666030000   0.5082780000   8.8688470000   1.8576050000   0.0192670000   9.4707750000   0.0233600000  -0.0000080000   0.0277830000  -0.0232330000  -0.0000670000  -0.0280350000  -0.0027580000  -0.0136340000  -0.0085380000  -0.0054320000   0.0327850000   0.0109100000   0.0080640000  -0.0190760000  -0.0021200000
   6.0113455991   6.5157094611 3743  1.87E+00  -1.1153320000   0.0653430000   2.7353900000   0.0087100000  -0.0012870000   1.8295640000  -1.0809690000   0.3835250000   8.2419730000   0.0037300000   0.3129350000   8.6364640000   1.1049390000   0.0715360000   8.9662320000   0.0034200000  -0.0001960000  -0.0027330000  -0.0032850000   0.0002100000   0.0026900000   0.0409120000  -0.0144500000   0.0118100000  -0.0380620000   0.0254250000  -0.0070380000  -0.0029860000  -0.0109890000  -0.0047290000
