   6.0145943903   6.3218692099   41  5.44E+00   1.2236340000   0.5741430000   2.6098460000  -0.0102610000  -0.0092840000   1.8682770000   0.8534610000  -0.3753080000   8.1201600000  -0.0315820000   0.2713480000   8.4842050000  -0.8556000000   0.8694740000   9.0169130000   0.0280490000   0.0133480000   0.0168990000  -0.0282270000  -0.0132150000  -0.0169110000  -0.0342200000   0.0246080000   0.0307300000  -0.0111300000   0.0086580000  -0.0178030000   0.0455280000  -0.0333990000  -0.0129150000
   6.0116699259   6.3216552549  165  4.37E+00  -0.2937360000   0.3338470000   2.8099770000  -0.5636760000  -0.5881470000   1.8547080000   0.4303340000   0.4747280000   8.0065830000   0.9775780000   1.3098870000   8.6040500000   1.6694450000   2.1459320000   9.0956770000  -0.0116670000  -0.0398500000  -0.0414160000   0.0116810000   0.0399370000   0.0411190000   0.0220410000   0.0189420000   0.0083510000  -0.0485260000  -0.0395490000  -0.0136840000   0.0264700000   0.0205190000   0.0056310000
   6.0141483372   6.3203045801  296  3.20E+00   1.5462620000  -1.4432600000   4.1644750000   0.7152800000  -1.6626640000   2.9324260000  -0.7758270000   2.6207660000   7.3341390000  -1.2860070000   3.3056310000   6.5301180000  -1.9284770000   3.9800610000   5.8572950000   0.0106980000   0.0028610000   0.0158220000  -0.0107560000  -0.0027460000  -0.0159690000  -0.0158800000   0.0084720000   0.0015600000  -0.0050330000   0.0236670000  -0.0436530000   0.0209720000  -0.0322550000   0.0422400000
   6.0122758979   6.3219548679  332  8.14E+00  -0.2874860000  -0.9546520000   5.5635740000  -1.4094260000  -1.9004010000   4.9261590000   3.1620310000   4.6617750000   3.3718650000   2.5286970000   3.6983530000   3.0011300000   1.9968140000   2.8007680000   2.4234300000   0.0326850000   0.0275710000   0.0186570000  -0.0327600000  -0.0276440000  -0.0183870000   0.0387480000   0.0537220000   0.0065650000  -0.0331950000  -0.0379740000   0.0198480000  -0.0054780000  -0.0156750000  -0.0266830000
   6.0114638113   6.3236727067  907  5.04E+00   1.6052550000   0.7961230000   2.6676040000   0.2563040000   1.3244800000   2.4338210000  -0.5051160000  -3.1276010000   6.8596600000  -0.4934640000  -2.1239690000   7.4848790000  -0.5056250000  -1.2552050000   8.1995010000   0.0053200000  -0.0021030000   0.0010020000  -0.0053570000   0.0020970000  -0.0008130000  -0.0021430000  -0.0134260000   0.0066160000   0.0029880000   0.1115220000   0.0572520000  -0.0008080000  -0.0980900000  -0.0640570000
   6.0148827025   6.3205735014  921  2.62E+00   0.7898540000   0.8970560000   2.7102980000  -0.0096590000  -0.0122990000   1.8446870000   0.1663620000  -0.7839010000   8.1155160000   0.0155810000   0.2332810000   8.6380900000  -0.1795860000   1.3013610000   9.0175180000   0.0076990000   0.0088090000   0.0083580000  -0.0077150000  -0.0086530000  -0.0084520000  -0.0101930000   0.0495480000   0.0149490000   0.0043720000  -0.0030880000   0.0127030000   0.0058370000  -0.0466150000  -0.0275580000
   6.0127778372   6.3239806920 1055  2.98E+00  -1.0771960000   0.3294870000   2.8122230000   0.0143260000  -0.0078250000   1.8009170000   0.4655510000   1.1939980000   9.2007640000  -0.0314890000   0.2408780000   8.7327080000  -0.4455930000  -0.6688280000   8.0734190000  -0.0195310000   0.0061200000   0.0180480000   0.0195920000  -0.0059320000  -0.0182710000   0.0044140000   0.0010100000  -0.0123410000   0.0015370000   0.0211210000   0.0408100000  -0.0060130000  -0.0223180000  -0.0282450000
   6.0107570931   6.3232327535 1570  6.38E-01  -0.2674210000   0.3433170000   2.0902730000  -0.4135990000  -1.0683760000   2.3315900000   1.0381700000   3.0115030000   6.9392170000   0.7779080000   2.1833910000   7.7161610000   0.4603170000   1.3512050000   8.4932620000  -0.0007180000  -0.0068940000   0.0012070000   0.0007100000   0.0068300000  -0.0011230000  -0.0079880000  -0.0138430000   0.0151170000   0.0148750000   0.0222730000  -0.0244410000  -0.0068800000  -0.0083660000   0.0092400000
   6.0146286584   6.3215204587 1570  2.32E+00  -1.1409140000  -0.4191040000   3.2663580000  -0.5275270000  -1.3661800000   2.2165580000   1.0521610000   2.6328070000   9.0791030000   1.0231080000   2.7420800000   7.9031330000   0.8862750000   2.8458340000   6.7134150000  -0.0127860000   0.0195000000   0.0217340000   0.0126670000  -0.0198640000  -0.0218730000  -0.0059470000  -0.0017730000   0.0182700000   0.0169260000  -0.0026290000   0.0240020000  -0.0108600000   0.0047660000  -0.0421330000
   6.0115727814   6.3241745890 1570  2.77E+00  -1.1488590000  -0.4248150000   3.2795650000  -0.5275850000  -1.3664860000   2.2162950000   1.0504960000   2.6295690000   9.0805370000   1.0246170000   2.7443200000   7.9025070000   0.8875970000   2.8492820000   6.7129320000  -0.0139030000   0.0208350000   0.0236470000   0.0137860000  -0.0211950000  -0.0237830000  -0.0060670000  -0.0025310000   0.0227300000   0.0172460000  -0.0016780000   0.0196510000  -0.0110620000   0.0045690000  -0.0422450000
   6.0123606791   6.3229559386 1662  5.25E+00  -0.3095570000  -1.7081720000   2.8849580000  -0.3314090000  -0.3943710000   2.0363860000  -0.5678260000   0.9548260000   8.2091930000   0.6073870000   1.0254810000   8.1608310000   1.7865030000   1.0402270000   8.3137290000   0.0005770000  -0.0321090000   0.0208160000  -0.0004560000   0.0321790000  -0.0207140000  -0.0024910000  -0.0032390000   0.0147190000  -0.0208000000   0.0060970000  -0.0318720000   0.0231710000  -0.0029280000   0.0170520000
   6.0138723799   6.3200533517 2261  5.14E+00  -0.9809390000   0.7746710000   2.3838130000  -0.0186620000  -0.1291240000   2.0070840000   0.2960680000  -0.6674110000   8.5039910000  -0.0359410000   0.4513610000   8.3141680000  -0.1140770000   1.6123220000   8.0817310000   0.0320930000  -0.0301940000  -0.0125270000  -0.0321360000   0.0300990000   0.0125840000   0.0193720000  -0.0069380000   0.0002010000  -0.0348190000  -0.0109840000   0.0037920000   0.0154900000   0.0180170000  -0.0040500000
   6.0141559428   6.3211035215 2694  5.41E+00  -0.8366400000   0.1550110000   3.1409120000  -0.4824360000  -0.0419740000   1.6653570000   1.2979990000   0.0766510000   9.9292290000   0.9174880000   0.3001350000   8.8917420000   0.4753590000   0.5855770000   7.8818800000  -0.0066720000   0.0036210000   0.0273300000   0.0066180000  -0.0037610000  -0.0278490000  -0.0409110000   0.0262010000  -0.0954710000   0.0102920000  -0.0086030000   0.0109670000   0.0306730000  -0.0174590000   0.0850240000
   6.0134365986   6.3215436975 2694  5.66E+00  -0.8448430000   0.1606240000   3.1464430000  -0.4826670000  -0.0420110000   1.6644990000   1.2957620000   0.0785910000   9.9323330000   0.9183440000   0.2995300000   8.8939030000   0.4786240000   0.5839230000   7.8810930000  -0.0074040000   0.0040520000   0.0298230000   0.0073470000  -0.0041910000  -0.0303480000  -0.0411810000   0.0263730000  -0.0971510000   0.0121160000  -0.0098210000   0.0156150000   0.0291220000  -0.0164130000   0.0820610000
   6.0132289308   6.3218747109 2694  5.88E+00  -0.8529000000   0.1661570000   3.1513860000  -0.4829000000  -0.0420470000   1.6636480000   1.2935770000   0.0804970000   9.9355580000   0.9191790000   0.2989410000   8.8960380000   0.4818530000   0.5822890000   7.8802030000  -0.0080870000   0.0044590000   0.0320360000   0.0080270000  -0.0045980000  -0.0325660000  -0.0412740000   0.0264380000  -0.0983800000   0.0138200000  -0.0109700000   0.0200070000   0.0275140000  -0.0153290000   0.0789030000
   6.0135609997   6.3221017331 2694  6.08E+00  -0.8607970000   0.1716030000   3.1556980000  -0.4831350000  -0.0420820000   1.6628050000   1.2914420000   0.0823720000   9.9389050000   0.9199910000   0.2983700000   8.8981400000   0.4850480000   0.5806750000   7.8792160000  -0.0087210000   0.0048410000   0.0339830000   0.0086570000  -0.0049810000  -0.0345180000  -0.0411860000   0.0263940000  -0.0991290000   0.0153840000  -0.0120370000   0.0240850000   0.0258650000  -0.0142180000   0.0755800000
   6.0144559353   6.3222266953 2694  6.24E+00  -0.8685230000   0.1769530000   3.1593420000  -0.4833720000  -0.0421160000   1.6619710000   1.2893590000   0.0842130000   9.9423750000   0.9207780000   0.2978190000   8.9002020000   0.4882110000   0.5790780000   7.8781350000  -0.0093040000   0.0051980000   0.0356760000   0.0092380000  -0.0053370000  -0.0362150000  -0.0409130000   0.0262390000  -0.0993770000   0.0167900000  -0.0130130000   0.0277910000   0.0241890000  -0.0130870000   0.0721250000
   6.0108687121   6.3226617882 2790  1.80E+01   0.6290390000  -1.0158590000   2.8901910000  -0.4463860000  -1.2098100000   2.2889610000   0.1187390000   1.5078330000   7.9697270000   0.8212210000   2.4528320000   7.7954730000   1.4545010000   3.4445960000   7.5657120000  -0.1397690000  -0.0251680000  -0.0781590000   0.1398620000   0.0252390000   0.0780410000  -0.0202030000  -0.0180610000   0.0023180000   0.0004310000  -0.0224740000   0.0089420000   0.0196780000   0.0404640000  -0.0111420000
   6.0135461558   6.3244481668 3556  1.33E+01  -0.8999440000  -1.0079150000   3.1754010000  -0.3041970000  -0.3201940000   1.8518370000  -0.5202380000   0.7216790000   8.0861350000   0.5329190000   0.8688180000   8.7059990000   1.6961110000   0.9764060000   8.9309030000  -0.0176740000  -0.0205230000   0.0392560000   0.0178160000   0.0204370000  -0.0395870000  -0.0578820000  -0.0109330000  -0.0595910000   0.0269710000   0.0110150000   0.0781560000   0.0307700000   0.0000040000  -0.0182350000
   6.0101440958   6.3212147120 3814  1.59E+00  -0.9242430000  -0.9885740000   3.9466450000  -0.8632410000  -2.3050120000   4.3379270000   2.0721340000   5.2843240000   4.7014000000   1.5906970000   4.4693990000   4.0328980000   1.1031990000   3.6222610000   3.3589970000   0.0019260000  -0.0428760000   0.0127860000  -0.0020340000   0.0424970000  -0.0125660000  -0.0109390000  -0.0198070000  -0.0152610000   0.0173450000   0.0318330000   0.0249090000  -0.0062980000  -0.0116470000  -0.0098680000
