   6.0285405880   6.3042045346   84  3.34E+00  -0.4463530000   0.2083970000   3.0428560000   0.0044600000  -0.0013960000   1.5872200000   0.1229810000   0.3961800000   7.8777590000   0.0395520000   0.3170010000   9.0508010000  -0.1468240000   0.0473640000  10.2103570000  -0.0091420000   0.0042140000   0.0291260000   0.0090840000  -0.0042550000  -0.0296230000  -0.0059660000  -0.0113810000  -0.0021770000   0.0206150000   0.0350880000  -0.0483160000  -0.0145920000  -0.0236660000   0.0509900000
   6.0297608670   6.3029868724  324  2.38E+00   0.0775990000  -0.4948980000   2.9282760000   0.0029820000   0.0056130000   1.6557000000   0.1079640000   0.8774370000   9.9123820000   0.0386960000   0.2488770000   8.9118620000  -0.1567980000  -0.3734480000   7.9452490000  -0.0025950000   0.0176540000  -0.0449370000   0.0026630000  -0.0175190000   0.0445430000  -0.0073000000   0.0099540000   0.0179220000   0.0120820000  -0.0218000000  -0.0395830000  -0.0048500000   0.0117110000   0.0220540000
   6.0271351347   6.3016546118  480  2.54E+00   1.0452630000  -0.0429320000   2.7732910000  -0.0163880000   0.0003820000   1.7683530000   0.9317030000   0.0833090000   9.4700020000   0.0228020000   0.3021640000   8.7030330000  -0.9328290000   0.3783280000   7.9915470000   0.0027510000  -0.0001070000   0.0025720000  -0.0025550000   0.0000990000  -0.0026790000   0.0430290000  -0.0193150000   0.0426720000  -0.0139500000   0.0254390000  -0.0282090000  -0.0292740000  -0.0061150000  -0.0143550000
   6.0287234899   6.3009378468 1205  2.05E+00  -0.6329180000  -0.5303390000   2.3148430000   0.4080310000   0.4842170000   2.0097230000  -1.4589130000  -1.3430740000   7.7436000000  -0.7629330000  -0.5943940000   8.3418240000   0.0337160000   0.0920710000   8.8125250000  -0.0090920000  -0.0088520000   0.0026390000   0.0092030000   0.0089960000  -0.0026840000   0.0009560000  -0.0106700000  -0.0116720000   0.0237850000   0.0422110000   0.0381680000  -0.0248520000  -0.0316850000  -0.0264500000
   6.0269443806   6.3027598676 1799  5.74E+00  -0.6105820000   0.0263960000   2.8201760000  -0.0394310000  -1.0420750000   1.9828960000   0.3091260000   1.7351430000   9.4062340000   0.0789410000   2.2787270000   8.3677540000  -0.1329910000   2.4446070000   7.2325700000  -0.0030930000   0.0056540000   0.0044020000   0.0031070000  -0.0059280000  -0.0046720000   0.0060750000  -0.0368810000   0.0156400000  -0.0126210000   0.0660120000  -0.0385320000   0.0065320000  -0.0288570000   0.0231620000
   6.0255043877   6.3031414132 2209  6.75E+00   0.3154920000   1.5987020000   2.6054450000   0.2348010000   0.1609590000   1.9412990000  -0.9151430000  -1.0601210000   8.0171680000  -0.4240840000  -0.0729070000   8.3470000000   0.0409700000   0.8979350000   8.8584950000   0.0022060000   0.0394020000   0.0183150000  -0.0021930000  -0.0393770000  -0.0181640000   0.0199360000   0.0426720000   0.0287260000  -0.0275240000  -0.0612040000  -0.0529700000   0.0075740000   0.0185070000   0.0240930000
   6.0272759115   6.3045151703 2346  6.19E+00  -1.0769410000   0.9531740000   2.8019660000  -1.1735340000  -0.2850100000   2.2095030000   1.4580580000   0.8333310000   8.8916060000   2.1338140000   0.8293230000   7.9013550000   2.8688600000   0.5951260000   6.9667420000  -0.0030940000  -0.0392370000  -0.0187200000   0.0029120000   0.0392870000   0.0187830000  -0.0208050000  -0.0131470000   0.0401920000  -0.0186440000   0.0374770000  -0.0004470000   0.0396310000  -0.0243810000  -0.0398080000
   6.0287609241   6.3025830394 2790  2.90E-01   0.8861200000  -0.9488880000   2.8312440000  -0.4501040000  -1.2125790000   2.2915410000   0.1437560000   1.5152010000   7.9421250000   0.8114080000   2.4710510000   7.7955560000   1.4392210000   3.4331600000   7.5840830000   0.0044070000   0.0009130000   0.0017620000  -0.0043180000  -0.0008390000  -0.0019080000  -0.0005010000   0.0043330000  -0.0030600000   0.0091300000   0.0040550000   0.0046800000  -0.0087190000  -0.0084620000  -0.0014740000
   6.0275925153   6.3011237787 2790  6.19E-01   0.9121780000  -0.9425540000   2.8297200000  -0.4504690000  -1.2128070000   2.2917010000   0.1457380000   1.5157910000   7.9400150000   0.8105890000   2.4725140000   7.7954890000   1.4380370000   3.4322110000   7.5855360000   0.0136070000   0.0027430000   0.0053540000  -0.0135180000  -0.0026680000  -0.0055030000   0.0010430000   0.0061570000  -0.0034250000   0.0101620000   0.0065820000   0.0042250000  -0.0112950000  -0.0128140000  -0.0006520000
   6.0299365400   6.3024289475 2863  2.77E+00   1.1762690000   0.1948510000   2.5633740000  -0.0111040000  -0.0039250000   1.9135430000  -0.6994930000   1.1115470000   8.0781560000  -0.0150300000   0.2579050000   8.4741240000   0.6921220000  -0.6101540000   8.8433430000  -0.0425750000  -0.0071530000  -0.0232560000   0.0426370000   0.0070620000   0.0232860000   0.0152320000  -0.0181680000   0.0080880000  -0.0209030000   0.0243200000  -0.0097000000   0.0056100000  -0.0060620000   0.0015820000
   6.0284468626   6.3015816656 3253  1.39E+00  -0.1493880000  -1.3086650000   2.6135920000  -0.0003270000   0.0157810000   1.9268260000   0.9774370000   0.8237000000   8.0994410000   0.0142860000   0.2512790000   8.4344130000  -0.9771140000  -0.3210240000   8.7823640000  -0.0018420000  -0.0162430000   0.0084880000   0.0017730000   0.0162120000  -0.0084270000  -0.0094910000  -0.0043800000   0.0052520000   0.0426650000   0.0223320000  -0.0183700000  -0.0331040000  -0.0179220000   0.0130560000
   6.0263474244   6.3009122107 3288  2.27E+00   0.5729470000   1.3493900000   2.7408370000   0.2923350000   0.2155290000   1.9078620000   0.0491740000   0.7796040000   8.1787620000  -0.5777480000  -0.1712160000   8.4575250000  -1.1115480000  -1.1248210000   8.7723890000  -0.0018910000  -0.0075520000  -0.0055790000   0.0017750000   0.0073810000   0.0054550000  -0.0008940000  -0.0116080000   0.0081350000  -0.0429460000  -0.0545560000   0.0104380000   0.0439560000   0.0663360000  -0.0184490000
   6.0276963173   6.3025164977 3656  1.36E+01  -0.9058230000   0.3784290000   2.2975190000   0.1015190000  -0.6825880000   2.0088800000   0.7461030000   1.2209210000   8.9947410000  -0.0533370000   1.5525080000   8.1479830000  -1.1560070000   1.6864560000   7.7122100000  -0.0102740000   0.0109080000   0.0029640000   0.0105130000  -0.0109020000  -0.0029370000   0.0074770000  -0.0239650000   0.0565720000   0.0222960000   0.0350340000  -0.0813330000  -0.0300130000  -0.0110750000   0.0247350000
   6.0278548426   6.3033390223 3849  2.34E+00  -0.7350010000  -0.7537640000   3.3310370000  -0.4842960000  -1.0549590000   1.9538900000   0.7038520000   2.4638550000   9.4799990000   0.8771640000   2.1455630000   8.3639150000   1.1026630000   1.9293650000   7.2743650000   0.0018180000  -0.0023780000  -0.0105360000  -0.0020230000   0.0021500000   0.0103190000   0.0048120000   0.0062340000  -0.0029440000   0.0099990000  -0.0329170000  -0.0928780000  -0.0146060000   0.0269100000   0.0960390000
   6.0293028870   6.3044823542 3864  3.29E+00   0.4568460000  -1.4447570000   3.6885070000   0.5902740000  -1.2484520000   2.2308850000  -0.3804120000   1.6091450000   7.7660820000  -1.0132330000   2.6203270000   7.8916550000  -1.8357130000   3.4375520000   7.9369030000  -0.0008720000  -0.0013410000   0.0093430000   0.0008530000   0.0012780000  -0.0097490000   0.0034130000  -0.0379180000  -0.0067770000  -0.0103500000   0.0700770000   0.0131500000   0.0069560000  -0.0320960000  -0.0059670000
   6.0298674088   6.3018872915 3864  3.51E+00   0.4534970000  -1.4537340000   3.6976190000   0.5905660000  -1.2488320000   2.2305400000  -0.3812850000   1.6092500000   7.7623260000  -1.0142860000   2.6215580000   7.8924860000  -1.8352980000   3.4389890000   7.9411830000  -0.0012840000  -0.0019810000   0.0135620000   0.0012660000   0.0019140000  -0.0139730000   0.0047770000  -0.0399340000  -0.0072080000  -0.0127390000   0.0730610000   0.0137960000   0.0079810000  -0.0330590000  -0.0061760000
