   6.0242523913   6.2948485955  162  2.66E+00   0.8932840000  -0.7234800000   2.6678410000  -0.0127720000   0.0077850000   1.8521330000  -0.9255890000  -0.2182820000   8.0763420000   0.0366780000   0.2235090000   8.5552050000   0.9055620000   0.7448720000   9.0844040000  -0.0102470000   0.0083490000  -0.0092380000   0.0104480000  -0.0082760000   0.0091960000   0.0215750000   0.0191890000   0.0201920000   0.0368870000   0.0057840000   0.0066410000  -0.0586620000  -0.0250470000  -0.0267920000
   6.0237336056   6.2903423769  380  1.48E+00   0.4012090000  -0.1665040000   3.0054970000  -0.0105530000  -0.7847550000   1.7619710000   0.1769570000   1.0511600000   7.7755110000   0.0511780000   1.6491310000   8.7384120000  -0.1879530000   2.3282650000   9.6767180000  -0.0007860000  -0.0012090000  -0.0025900000   0.0007730000   0.0011400000   0.0021430000  -0.0166110000   0.0472260000   0.0662260000   0.0271930000  -0.0603100000  -0.0745540000  -0.0105680000   0.0131530000   0.0087750000
   6.0221752095   6.2928420065  441  7.84E+00   1.4079890000   1.1923170000   3.0271670000   1.2593360000   0.0306450000   2.3480360000  -1.2513860000   0.4002190000   8.1064690000  -2.2816040000   0.0731480000   7.6532840000  -3.4139600000   0.0043780000   7.2320480000  -0.0065590000  -0.0509770000  -0.0297800000   0.0064560000   0.0508950000   0.0298050000  -0.0147940000   0.0137970000   0.0001730000   0.0720400000  -0.0268500000   0.0153640000  -0.0571430000   0.0131340000  -0.0155630000
   6.0205531092   6.2942237899  727  2.85E+00  -0.8835770000  -0.3089900000   2.7766340000   0.0083940000  -0.0015520000   1.7755270000  -0.1883100000  -0.6934980000   8.0285080000  -0.0022770000   0.2879050000   8.7023480000   0.2037670000   1.1922620000   9.3975140000   0.0285030000   0.0099120000  -0.0320810000  -0.0284770000  -0.0096670000   0.0318090000  -0.0056650000  -0.0419530000  -0.0217850000   0.0086210000   0.0653540000   0.0345120000  -0.0029820000  -0.0236460000  -0.0124560000
   6.0211379851   6.2909253335 1139  3.18E+00   0.2995080000  -0.5530600000   2.5301780000   0.1354230000   0.6567600000   1.9003100000  -0.2503990000  -1.7963630000   7.6803680000  -0.3019440000  -0.9302270000   8.5093170000  -0.2181340000  -0.0628200000   9.2828910000  -0.0053930000   0.0399030000  -0.0208140000   0.0053950000  -0.0396410000   0.0206540000   0.0101040000  -0.0277380000  -0.0275550000  -0.0176950000   0.0379080000   0.0397810000   0.0075890000  -0.0104320000  -0.0120660000
   6.0225119284   6.2914285964 1278  1.69E+00  -0.8199200000  -0.7351780000   3.5807420000  -1.6761490000  -0.6901060000   2.4211670000   1.9788710000   1.3610500000   7.1132520000   3.0420170000   1.5447660000   7.6004370000   4.1602500000   1.6598470000   7.8648240000  -0.0035380000   0.0000700000  -0.0048560000   0.0033220000  -0.0002990000   0.0044270000   0.0007330000  -0.0046940000  -0.0157870000   0.0330010000   0.0134060000   0.0402350000  -0.0335180000  -0.0084820000  -0.0240180000
   6.0227884754   6.2946914323 1359  6.08E+00   0.7260580000   0.0355110000   3.2439000000   1.2055600000  -0.8351710000   2.0507900000  -2.6822560000   2.0318950000   9.2854690000  -2.2365790000   1.7384420000   8.2034150000  -1.7053560000   1.5195480000   7.1109290000  -0.0106980000   0.0196100000   0.0267820000   0.0109960000  -0.0198530000  -0.0272420000  -0.0195900000   0.0198100000   0.0578960000  -0.0235740000  -0.0080040000   0.0223660000   0.0428660000  -0.0115640000  -0.0798020000
   6.0213053246   6.2923583904 1380  5.41E+00   1.2658680000   0.9845460000   2.5399210000   0.0840460000   0.3369620000   2.0293450000  -0.3996830000   0.7127710000   8.4839200000  -0.2001360000  -0.3922800000   8.2154210000   0.0504260000  -1.4755130000   8.0549220000  -0.0051390000  -0.0028290000  -0.0021480000   0.0051000000   0.0027980000   0.0022910000   0.0127390000  -0.0476890000  -0.0017350000   0.0106120000  -0.0712570000  -0.0260560000  -0.0233130000   0.1189780000   0.0276470000
   6.0202562314   6.2940100108 1546  6.71E+00   0.4950050000  -0.0608760000   2.9418990000  -0.2308400000  -0.5984050000   1.7028030000  -0.0441080000   0.9661920000   7.7963840000   0.4989270000   1.2812280000   8.8106490000   0.7912440000   1.7520880000   9.9011270000   0.0141070000   0.0103550000   0.0237720000  -0.0139680000  -0.0104470000  -0.0241850000  -0.0269850000   0.0023290000  -0.0167010000   0.0226880000  -0.0414510000  -0.0573690000   0.0041590000   0.0392140000   0.0744830000
   6.0243169435   6.2902801132 1975  3.20E+00   0.4182220000  -1.1747990000   2.4084570000   0.6928990000   0.2318710000   2.0706180000  -0.3787890000   0.3100460000   8.8168640000  -1.2138850000  -0.1585480000   8.1177350000  -2.1968090000  -0.5873540000   7.5974690000  -0.0014430000  -0.0075560000   0.0018850000   0.0015570000   0.0076070000  -0.0017320000   0.0032900000   0.0097580000   0.0231410000   0.0272610000  -0.0032560000  -0.0253550000  -0.0306640000  -0.0065530000   0.0020600000
   6.0214305697   6.2910835206 2863  3.50E+00   1.1672000000   0.1931790000   2.5611210000  -0.0109810000  -0.0039050000   1.9169850000  -0.6998610000   1.1133390000   8.0696220000  -0.0143030000   0.2592570000   8.4651290000   0.6919050000  -0.6129590000   8.8415820000  -0.0493670000  -0.0082820000  -0.0269440000   0.0494280000   0.0081950000   0.0269770000   0.0137200000  -0.0166890000   0.0078070000  -0.0244540000   0.0295490000  -0.0127850000   0.0106740000  -0.0127720000   0.0049450000
   6.0214182264   6.2938253995 3094  4.20E+00  -0.4409940000   0.2627690000   2.9044470000   0.0098790000  -0.0038720000   1.6460150000  -0.0479310000   0.7683040000   9.9757190000  -0.0110710000   0.2944560000   8.9104140000   0.0346880000  -0.2988960000   7.9328730000   0.0173910000  -0.0102170000  -0.0487200000  -0.0174220000   0.0103910000   0.0483490000   0.0012370000  -0.0160920000  -0.0096090000   0.0009150000  -0.0122290000  -0.0597010000  -0.0021210000   0.0281470000   0.0696810000
   6.0238854901   6.2941018845 3105  3.58E+00   1.2000620000  -0.8351920000   2.7899580000   0.3121220000  -0.2092330000   1.9715250000  -0.0105060000  -0.3562580000   8.2556330000  -0.6085770000   0.6496150000   8.3407570000  -1.1670580000   1.6538490000   8.4621320000  -0.0357490000   0.0252340000  -0.0329540000   0.0356600000  -0.0250840000   0.0329090000  -0.0018560000   0.0073100000   0.0051340000  -0.0189860000   0.0255320000  -0.0046600000   0.0209320000  -0.0329920000  -0.0004280000
   6.0215241463   6.2912069178 3253  1.13E+00  -0.1474550000  -1.2906920000   2.6068420000  -0.0003520000   0.0155540000   1.9303170000   0.9787110000   0.8260000000   8.0918020000   0.0141110000   0.2494810000   8.4258210000  -0.9782570000  -0.3219710000   8.7794450000  -0.0010460000  -0.0091510000   0.0048060000   0.0009740000   0.0091180000  -0.0047430000  -0.0045980000  -0.0012050000   0.0039720000   0.0407720000   0.0205660000  -0.0187420000  -0.0361030000  -0.0193280000   0.0147060000
   6.0239619753   6.2902869743 3482  3.64E+00   0.1697510000  -1.2923260000   2.5390990000   0.8892900000  -1.8252160000   3.5822990000  -0.6100970000   3.9029240000   5.9564070000  -1.6571540000   3.6482700000   5.4616060000  -2.5979060000   3.2429980000   4.8939320000   0.0233070000  -0.0172380000   0.0337860000  -0.0232790000   0.0172280000  -0.0337730000   0.0208190000  -0.0051690000   0.0025130000  -0.0348560000   0.0104150000  -0.0029200000   0.0140090000  -0.0052360000   0.0003940000
   6.0239346190   6.2934053746 3579  6.73E+00   0.5768960000  -0.8634860000   2.3256240000  -0.4494250000   0.0327190000   2.0298960000   1.6885610000  -0.6368530000   8.2963550000   0.7871930000   0.2099660000   8.2494120000  -0.0713140000   1.0579010000   8.2277170000  -0.0235360000   0.0205620000  -0.0067180000   0.0235450000  -0.0205620000   0.0067980000   0.0750430000  -0.0680500000   0.0064470000  -0.0347780000   0.0256830000  -0.0082000000  -0.0402740000   0.0423670000   0.0016730000
   6.0226136856   6.2933880916 3616  4.71E+00   0.6187480000   1.1941410000   2.8097440000  -0.7428800000   0.9513250000   2.0805450000   1.7458720000  -2.6218060000   8.3090660000   1.3750780000  -1.4803570000   8.1526740000   0.8929980000  -0.4056040000   8.0041740000   0.0332300000   0.0058670000   0.0177250000  -0.0331880000  -0.0059740000  -0.0179300000   0.0127640000  -0.0631070000   0.0092410000   0.0024600000   0.0474060000  -0.0085300000  -0.0152650000   0.0158080000  -0.0005060000
   6.0241197116   6.2926988486 3764  6.11E+00  -1.2563520000   0.0069890000   2.7283220000  -0.2097180000  -0.1194710000   1.8941480000   0.0862220000  -0.5359300000   9.0735430000   0.3765170000   0.4879940000   8.5069370000   0.7576640000   1.4534950000   7.9097950000   0.0517950000  -0.0062990000  -0.0412530000  -0.0518700000   0.0061580000   0.0412440000  -0.0080550000  -0.0508540000   0.0254990000  -0.0102370000   0.0217730000  -0.0055320000   0.0183670000   0.0292220000  -0.0199580000
   6.0232568010   6.2912025616 3877  5.39E+00   1.2624660000  -0.7025490000   3.0594780000   0.3239120000  -0.7066620000   2.0403300000  -0.8076800000   0.6621940000   8.9424240000  -0.7009850000   1.6096760000   8.2631400000  -0.3633260000   2.3906050000   7.4729970000  -0.0253820000  -0.0001520000  -0.0275440000   0.0253350000  -0.0000100000   0.0274840000   0.0178460000   0.0016190000  -0.0164650000  -0.0229370000   0.0352960000  -0.0031500000   0.0051380000  -0.0367540000   0.0196750000
