   6.0274307936   6.2465913465  215  4.06E+00   1.3762950000  -1.1578350000   2.9590810000   0.2720580000  -0.7395380000   2.2239440000   0.1646230000   0.7699360000   8.3644720000  -0.5789920000   1.6057160000   7.9460200000  -1.1754080000   2.4787120000   7.3783220000  -0.0270260000   0.0102420000  -0.0179680000   0.0269900000  -0.0102600000   0.0179680000   0.0296810000  -0.0208930000   0.0042800000  -0.0170650000  -0.0128860000   0.0234780000  -0.0125800000   0.0337980000  -0.0277590000
   6.0271567302   6.2477057685  296  7.57E+00   0.8688340000  -2.0026920000   4.3750710000   0.6879080000  -1.5804450000   2.9704290000  -0.7289630000   2.6445740000   7.3494150000  -1.3177510000   3.1691720000   6.5653420000  -1.7721260000   3.6833150000   5.6125110000   0.0012070000  -0.0028670000   0.0096290000  -0.0012430000   0.0028600000  -0.0096100000  -0.0707540000   0.0724880000  -0.1199360000   0.0547370000  -0.0661280000   0.1196730000   0.0160540000  -0.0063530000   0.0002430000
   6.0292111773   6.2451876624  772  7.67E+00  -1.1483840000  -0.4783040000   2.9081400000  -0.2462790000  -1.0223480000   2.1075190000  -0.0254230000   1.7296860000   9.1056360000   0.5245830000   2.0662800000   8.1117600000   0.9339490000   2.5428320000   7.0974010000   0.0571790000  -0.0345530000  -0.0507330000  -0.0572830000   0.0343170000   0.0507210000  -0.0179200000   0.0034180000   0.0161890000   0.0169040000  -0.0240020000   0.0068170000   0.0011210000   0.0208200000  -0.0229930000
   6.0288290664   6.2499781410  964  1.85E+00  -0.0157380000  -1.2156890000   2.8317560000  -0.2298640000  -2.2457800000   3.7611620000   1.0847940000   5.0484460000   4.4270780000   0.4654810000   4.3402160000   5.1224170000  -0.2852440000   3.6736050000   5.7661660000  -0.0039380000  -0.0191720000   0.0172950000   0.0040870000   0.0190920000  -0.0174640000  -0.0117680000  -0.0003830000   0.0007280000   0.0365330000   0.0104820000  -0.0121100000  -0.0249130000  -0.0100190000   0.0115510000
   6.0288686697   6.2486373713 1107  4.64E+00  -2.0344510000  -0.1406800000   3.8022470000  -1.4927630000  -0.0233260000   2.5212380000   3.6853610000  -0.2796560000   6.8799630000   2.8162730000   0.3791540000   7.3444930000   1.7838690000   0.8080550000   7.7765170000   0.0120590000   0.0025930000  -0.0285570000  -0.0120000000  -0.0026220000   0.0284060000   0.0033210000  -0.0240590000  -0.0081370000   0.0354680000   0.0259240000  -0.0035400000  -0.0388480000  -0.0018360000   0.0118280000
   6.0255569899   6.2468573823 1145  6.69E+00   1.1791210000  -0.4498730000   2.5305070000  -0.1027790000  -0.4932520000   2.0327380000  -0.1143010000  -0.0097980000   8.2608490000   0.0692260000   1.1764680000   8.2252840000   0.5013520000   2.3060650000   8.2542360000  -0.0408030000  -0.0013390000  -0.0158120000   0.0407710000   0.0014770000   0.0158170000   0.0079610000  -0.0448300000   0.0067430000  -0.0430180000  -0.0061900000  -0.0129840000   0.0350890000   0.0508810000   0.0062360000
   6.0259500295   6.2455523561 1165  5.26E+00  -0.7418610000  -0.1954290000   3.2623730000  -1.6667560000  -0.4496180000   2.3040050000   3.6683580000   0.8777530000   8.7393150000   3.1021310000   1.0910390000   7.7211620000   2.3738080000   1.2486970000   6.7533300000  -0.0396450000  -0.0109620000  -0.0410820000   0.0392910000   0.0107140000   0.0407100000   0.0033210000  -0.0078670000   0.0256360000   0.0472370000   0.0016040000   0.0263620000  -0.0502040000   0.0065110000  -0.0516260000
   6.0272669009   6.2466593590 1165  5.19E+00  -0.7348640000  -0.1922840000   3.2540680000  -1.6670480000  -0.4496180000   2.3041810000   3.6649630000   0.8798790000   8.7403890000   3.1027430000   1.0896450000   7.7214360000   2.3777580000   1.2474190000   6.7516930000  -0.0401650000  -0.0111530000  -0.0409290000   0.0398090000   0.0109050000   0.0405570000   0.0016010000  -0.0070210000   0.0228130000   0.0483690000   0.0006620000   0.0286940000  -0.0496130000   0.0066070000  -0.0511340000
   6.0273736919   6.2478667692 1165  5.02E+00  -0.7270770000  -0.1889200000   3.2465690000  -1.6673490000  -0.4496210000   2.3043470000   3.6615660000   0.8820130000   8.7414350000   3.1032760000   1.0882500000   7.7216630000   2.3817690000   1.2461340000   6.7501200000  -0.0400370000  -0.0111660000  -0.0401250000   0.0396790000   0.0109180000   0.0397510000  -0.0000560000  -0.0062030000   0.0200460000   0.0492990000  -0.0002270000   0.0307850000  -0.0488850000   0.0066780000  -0.0504580000
   6.0262785018   6.2491736756 1165  4.77E+00  -0.7185010000  -0.1853360000   3.2398600000  -1.6676610000  -0.4496260000   2.3045030000   3.6581700000   0.8841550000   8.7424560000   3.1037270000   1.0868550000   7.7218390000   2.3858410000   1.2448400000   6.7486090000  -0.0392640000  -0.0109990000  -0.0386970000   0.0389040000   0.0107490000   0.0383230000  -0.0016430000  -0.0054150000   0.0173530000   0.0500190000  -0.0010570000   0.0326130000  -0.0480160000   0.0067220000  -0.0495920000
   6.0298267989   6.2451980390 1213  2.85E+00   0.8697260000  -0.8387810000   5.3697150000   0.6576720000  -2.2757850000   4.8030870000  -1.5178610000   3.2757240000   2.9455880000  -1.1890460000   4.3867410000   3.1755890000  -0.9288980000   5.5375110000   3.3456070000   0.0051090000   0.0341130000   0.0135140000  -0.0048810000  -0.0342660000  -0.0133220000  -0.0076910000  -0.0045310000  -0.0063080000   0.0044250000  -0.0315450000   0.0051290000   0.0030390000   0.0362290000   0.0009860000
   6.0266198638   6.2466988860 1338  4.72E+00   1.2710030000   0.2341960000   2.3707990000  -0.0161260000  -0.0022910000   2.0173160000  -0.9689460000   0.9234770000   8.3971770000   0.0313530000   0.2903770000   8.2682780000   0.9458680000  -0.4571020000   8.1727170000  -0.0551600000  -0.0101000000  -0.0151020000   0.0551040000   0.0101810000   0.0151720000  -0.0293550000   0.0080750000   0.0064820000   0.0214460000   0.0098720000  -0.0089970000   0.0079660000  -0.0180280000   0.0024450000
   6.0285720812   6.2493298014 1380  5.72E+00   1.2301600000   0.9387340000   2.5045190000   0.0841860000   0.3355030000   2.0359930000  -0.3869460000   0.7144900000   8.4962020000  -0.2081510000  -0.3806030000   8.2084030000   0.0452570000  -1.4758270000   8.0169370000  -0.0356970000  -0.0187880000  -0.0145230000   0.0356470000   0.0188070000   0.0146580000   0.0160110000  -0.0638700000  -0.0077090000  -0.0036450000  -0.0133270000  -0.0152280000  -0.0123160000   0.0771780000   0.0228030000
   6.0282544664   6.2486329180 1409  5.62E+00  -0.7337900000   0.6549750000   2.2967320000  -0.5657560000  -0.8858540000   2.1852720000   2.0364030000   2.4508350000   7.9689770000   1.0670920000   1.7784160000   7.9389440000   0.0342870000   1.2846970000   8.0140000000  -0.0037870000   0.0353170000   0.0025920000   0.0039510000  -0.0352810000  -0.0025950000  -0.0017660000   0.0147470000   0.0085550000  -0.0514120000  -0.0553860000  -0.0136920000   0.0530140000   0.0406030000   0.0051400000
   6.0252000036   6.2484364722 1602  5.98E+00   0.8672800000   0.9989210000   2.4971340000   0.2692160000  -0.1127420000   2.0089000000  -1.1688990000  -0.5174920000   8.4787840000  -0.4456230000   0.3930200000   8.3462540000   0.1042540000   1.4102550000   8.0666410000  -0.0263720000  -0.0490510000  -0.0215410000   0.0263510000   0.0489040000   0.0215080000  -0.0050830000   0.0152880000  -0.0097530000   0.0079160000  -0.0387060000   0.0221070000  -0.0028120000   0.0235640000  -0.0123220000
   6.0293732412   6.2473449455 2156  2.67E+00   0.8431190000   1.1412700000   2.7646420000  -0.2909770000   0.6474260000   1.9164860000   0.3775330000   0.1846080000   8.1106940000   0.5468260000  -0.9609280000   8.4078960000   0.6120550000  -2.0808760000   8.8331450000   0.0140360000   0.0060320000   0.0104300000  -0.0140030000  -0.0062200000  -0.0106060000  -0.0109080000   0.0337970000   0.0011810000   0.0144910000   0.0083420000  -0.0257980000  -0.0036150000  -0.0419510000   0.0247930000
   6.0256102765   6.2458072787 2235  2.34E+00  -1.7956980000   0.8854200000   3.1558580000  -1.3001000000  -0.3209940000   2.5039370000   1.4064970000   0.9882610000   7.9784500000   2.4326170000   0.8167210000   7.4482480000   3.3734960000   0.6336390000   6.7272700000  -0.0005610000   0.0014140000   0.0007630000   0.0005600000  -0.0014270000  -0.0007860000   0.0084100000  -0.0027110000  -0.0176880000  -0.0340580000   0.0091620000   0.0519900000   0.0256490000  -0.0064370000  -0.0342790000
   6.0250995839   6.2471075051 2539  9.48E+00  -1.1285780000   0.7562450000   2.2431480000   0.4554260000   1.0504970000   2.3181050000  -0.2461910000  -0.8033540000   8.3707560000  -0.8166180000  -1.6637220000   7.7520740000  -1.3441790000  -2.5541050000   7.0924760000  -0.0482790000  -0.0089460000  -0.0022430000   0.0483070000   0.0090040000   0.0023180000   0.0281910000   0.0371110000   0.0271570000   0.0062450000   0.0269120000   0.0192140000  -0.0344630000  -0.0640810000  -0.0464460000
   6.0255940560   6.2492261399 3235  5.17E+00  -1.0952590000   1.3654490000   3.0553740000  -0.7781060000   0.2955460000   2.0294560000   0.7503800000   0.2815290000   9.0418400000   1.4841300000  -0.2820090000   8.2457900000   2.0905400000  -0.9442100000   7.4411750000  -0.0050500000   0.0170560000   0.0163880000   0.0049660000  -0.0169540000  -0.0163680000  -0.0531190000   0.0300710000   0.0508720000   0.0324280000   0.0051810000  -0.0161130000   0.0207760000  -0.0353540000  -0.0347790000
   6.0252225253   6.2495518788 3337 -8.00E-02  -0.6631710000  -0.3091670000   3.0163480000  -1.9640950000  -0.8949590000   2.8738740000   2.9762610000   1.6690510000   5.7156400000   3.5639380000   1.8486030000   6.7283400000   4.1992540000   2.1200070000   7.6917470000  -0.0092090000  -0.0041710000  -0.0010760000   0.0088000000   0.0039260000   0.0009420000  -0.0022220000   0.0045420000  -0.0139210000  -0.0138550000  -0.0158490000  -0.0030590000   0.0164860000   0.0115520000   0.0171150000
   6.0274370366   6.2498695853 3638  8.80E+00   0.2398370000  -1.0289030000   3.5498040000   1.0636980000  -1.4914730000   2.4304470000  -1.2043030000   2.3827470000   6.7787180000  -1.9561130000   2.8533760000   7.6039020000  -2.6547240000   3.6765150000   8.1523580000  -0.0025540000   0.0012640000   0.0033690000   0.0026540000  -0.0016760000  -0.0037050000   0.0317490000   0.0041310000  -0.0472450000  -0.0029230000  -0.0626750000   0.0388010000  -0.0289260000   0.0589570000   0.0087790000
