   6.0298935834   6.7327906240  270  1.41E+00  -0.0734880000   1.2658100000   2.5539060000   0.0003870000  -0.0176500000   1.8822600000  -0.6378240000  -0.7322000000   8.5465360000  -0.0410000000   0.2843760000   8.5033050000   0.6713020000   1.2147900000   8.5098880000   0.0000720000  -0.0015900000  -0.0007500000  -0.0001060000   0.0015880000   0.0008680000   0.0045910000  -0.0109630000   0.0049460000  -0.0073980000   0.0230100000  -0.0098150000   0.0028420000  -0.0120450000   0.0047510000
   6.0285730148   6.7311748582  479  3.36E+00   0.2608100000  -1.1399680000   2.7617300000   0.0007480000   0.0124770000   1.8438250000   0.8427310000  -0.5073690000   8.7076630000   0.0277570000   0.2941190000   8.6126080000  -0.8837350000   0.9837550000   8.4455690000   0.0029940000  -0.0132240000   0.0105950000  -0.0029560000   0.0132460000  -0.0105360000  -0.0524520000   0.0362200000  -0.0092360000   0.0223070000   0.0002520000   0.0061650000   0.0301070000  -0.0364930000   0.0030120000
   6.0262062086   6.7308617770  711  7.78E+00   0.4512690000  -0.0940660000   3.0949300000   0.4615010000  -0.9597880000   1.8567560000  -1.6532140000   2.7934530000   8.8583860000  -0.7287110000   2.0876960000   8.5869900000  -0.1330320000   1.1263350000   8.2285000000  -0.0001710000   0.0128870000   0.0182600000   0.0001450000  -0.0128100000  -0.0185080000  -0.0409030000  -0.0020150000   0.0004630000   0.0596310000   0.0233930000   0.0057030000  -0.0187030000  -0.0214560000  -0.0059180000
   6.0285091339   6.7318330985  711  9.16E+00   0.4551560000  -0.1199000000   3.1481840000   0.4668570000  -0.9712220000   1.8418910000  -1.6370030000   2.7806360000   8.9450580000  -0.7491090000   2.1110430000   8.6176960000  -0.1609210000   1.1803530000   8.1896620000  -0.0002990000   0.0202140000   0.0308060000   0.0002690000  -0.0201560000  -0.0311300000   0.0095830000  -0.0423770000  -0.0183380000   0.0165630000   0.0540500000   0.0210360000  -0.0261150000  -0.0117310000  -0.0023730000
   6.0299792634   6.7305289191 1110  6.71E+00  -0.9866450000  -0.4762770000   2.9706620000  -0.6300890000   0.1540760000   1.8332110000   2.0139960000  -0.8677090000   8.7527880000   1.1700800000  -0.0217250000   8.5833770000   0.3166090000   0.8322080000   8.4622320000   0.0168150000   0.0296090000  -0.0534580000  -0.0167140000  -0.0297020000   0.0534670000   0.0415200000  -0.0414190000   0.0119640000   0.0045480000  -0.0051070000  -0.0097070000  -0.0461680000   0.0466190000  -0.0022660000
   6.0267483205   6.7330121895 1158  1.58E+00  -0.2576840000   0.9260670000   2.8455810000   0.0017640000  -0.0130620000   1.7183640000   1.0533140000   0.5681660000   8.3433070000   0.0056380000   0.2790520000   8.8317090000  -1.0501240000  -0.0830860000   9.2667440000  -0.0026500000   0.0093770000   0.0112890000   0.0025190000  -0.0094050000  -0.0113040000   0.0259060000   0.0028650000  -0.0137220000   0.0128790000   0.0146570000   0.0002720000  -0.0386540000  -0.0174930000   0.0134640000
   6.0254531200   6.7336669319 1406  2.19E+00   0.6922660000  -0.8359090000   2.7342010000  -0.0079030000   0.0101450000   1.7944390000   1.1418440000   0.1823360000   8.9738530000   0.0197060000   0.2622220000   8.6204440000  -1.1607820000   0.3104880000   8.4218770000  -0.0019820000   0.0024430000  -0.0026020000   0.0020770000  -0.0024220000   0.0027290000   0.0051430000  -0.0024860000   0.0135330000   0.0350770000   0.0027820000  -0.0187860000  -0.0403150000  -0.0003170000   0.0051260000
   6.0267109608   6.7343311817 1415  9.13E+00  -0.8174850000  -0.5819880000   3.0041690000  -0.5129010000   0.0039590000   1.8272640000   1.4748980000  -0.8134440000   8.7888280000   0.9604640000   0.2672570000   8.6996870000   0.4171400000   1.3173860000   8.3664650000   0.0141370000   0.0271390000  -0.0545590000  -0.0141080000  -0.0272360000   0.0545140000   0.0188200000  -0.0440500000  -0.0091780000   0.0188430000  -0.0247370000   0.0436690000  -0.0376910000   0.0688830000  -0.0344460000
   6.0294695937   6.7307812836 1553  3.87E+00  -1.0063860000  -0.2761170000   3.4238560000  -1.6819050000  -0.1319310000   2.2367230000   2.8960340000   0.5307010000   9.0018880000   3.0152680000   0.4656950000   7.8544900000   3.3036660000   0.4836680000   6.7165150000  -0.0223950000   0.0047550000  -0.0391710000   0.0221650000  -0.0047890000   0.0392360000   0.0164250000   0.0036800000  -0.0379860000  -0.0268940000  -0.0095270000   0.0253770000   0.0106990000   0.0058800000   0.0125440000
   6.0281833490   6.7308291275 1668  4.04E+00  -0.0877580000  -0.6703250000   3.1715860000  -0.6038870000  -0.9281580000   1.9379600000   1.7115440000   2.1880930000   7.4363070000   1.1186120000   2.0145050000   8.4323230000   0.4702050000   1.6649780000   9.3563080000  -0.0203280000  -0.0101650000  -0.0484480000   0.0201810000   0.0100540000   0.0484000000  -0.0082680000  -0.0123300000   0.0053550000   0.0181520000   0.0271310000  -0.0101460000  -0.0097370000  -0.0146900000   0.0048390000
   6.0278939902   6.7347019359 1907  7.29E+00  -0.7562140000  -1.4070330000   3.3665860000  -0.5756210000  -0.6745290000   2.0164460000   2.0661730000   1.8677000000   7.6657120000   1.0745010000   1.5115310000   8.3128950000   0.0496380000   1.1426810000   8.8122910000  -0.0039200000  -0.0158910000   0.0293500000   0.0038690000   0.0158720000  -0.0293050000   0.0752400000   0.0274150000  -0.0566840000  -0.0337920000  -0.0127940000   0.0441990000  -0.0413960000  -0.0146020000   0.0124410000
   6.0265185173   6.7336706375 2087  5.00E+00  -0.7040060000  -1.6170360000   3.4046440000   0.2879070000  -1.2465720000   2.2834640000  -0.3035620000   1.6995990000   8.5187990000  -0.4581360000   2.5499610000   7.7514370000  -0.7460410000   3.4013880000   7.0447390000  -0.0207490000  -0.0076960000   0.0235120000   0.0207780000   0.0077800000  -0.0234140000  -0.0162600000   0.0347120000  -0.0246590000   0.0082280000   0.0178460000  -0.0257770000   0.0080030000  -0.0526430000   0.0503390000
   6.0285499941   6.7306456688 2359  7.17E+00   0.6950620000   1.0121080000   2.7397330000   0.9043850000  -0.1274670000   2.0215610000  -0.5547970000   0.7713230000   8.5303670000  -1.6244930000   0.3518750000   8.2648730000  -2.7862130000   0.2250410000   7.9976360000   0.0080370000  -0.0439580000  -0.0276450000  -0.0081020000   0.0438820000   0.0277240000  -0.0039050000   0.0197390000   0.0019350000   0.0443210000  -0.0346880000   0.0047630000  -0.0403500000   0.0150250000  -0.0067770000
   6.0261177402   6.7343829924 2767  7.30E+00   0.7797890000  -0.4039650000   3.3170470000   0.7906230000  -0.2064020000   1.7725770000  -2.5307840000   0.2979990000   9.0150220000  -1.4197150000   0.6356680000   8.8302530000  -0.4011340000   0.9687540000   8.2956620000  -0.0002870000  -0.0046830000   0.0359770000   0.0002290000   0.0045580000  -0.0362240000  -0.0040380000   0.0004790000  -0.0227490000  -0.0124110000  -0.0079360000   0.0563250000   0.0165060000   0.0075810000  -0.0333290000
   6.0283748326   6.7316079159 3126  3.88E+00   0.3015570000  -0.2403360000   3.0692560000  -0.0061730000   0.0053080000   1.5791570000  -0.1392010000   1.0714960000   8.2244630000   0.0737130000   0.2770990000   9.0710600000   0.0956920000  -0.6032070000   9.8870490000   0.0064230000  -0.0051850000   0.0309000000  -0.0063590000   0.0050190000  -0.0310500000  -0.0131810000  -0.0003890000  -0.0050220000   0.0241690000   0.0386480000  -0.0240120000  -0.0110520000  -0.0380920000   0.0291840000
