   6.0313062018   6.7044514688    2  1.00E+00   0.0532770000   0.9396310000   2.5667600000   0.1407810000  -0.2742990000   1.8455510000  -0.4248460000   1.8918510000   8.6324810000  -0.2450570000   0.7222850000   8.5867610000  -0.0976440000  -0.4356750000   8.5438180000   0.0012270000  -0.0171520000  -0.0101170000  -0.0012310000   0.0171870000   0.0102080000  -0.0046430000   0.0167530000   0.0021120000   0.0085060000  -0.0305560000  -0.0043890000  -0.0038600000   0.0137680000   0.0021860000
   6.0329123318   6.7028419628  288  2.55E+00  -0.6521360000  -0.7008090000   3.4633540000  -0.8666870000  -1.2596000000   2.1543160000   1.3042580000   2.4398220000   9.1540240000   1.6629190000   2.5204950000   8.0086540000   1.8169230000   2.6906290000   6.8577210000  -0.0010900000  -0.0028130000  -0.0064090000   0.0009910000   0.0026350000   0.0064120000  -0.0266090000   0.0028720000   0.0449250000   0.0395750000  -0.0085860000  -0.0513010000  -0.0128660000   0.0058920000   0.0063740000
   6.0332122943   6.7046048290  721  6.78E+00  -1.2024220000   0.4316040000   2.9869960000  -0.5574210000   0.0565230000   1.8243570000   1.9213830000  -0.4506160000   8.0332270000   0.9754080000   0.0949740000   8.6033460000   0.2060360000   0.7575140000   9.2099910000   0.0186590000  -0.0108570000  -0.0336100000  -0.0187890000   0.0109050000   0.0336970000   0.0760210000  -0.0310830000  -0.0356620000  -0.0736750000   0.0135280000   0.0226770000  -0.0022160000   0.0175060000   0.0128970000
   6.0322501378   6.7026975439  830  4.83E+00   0.1295180000   1.8311850000   3.7424050000   1.6654700000   1.7136880000   3.5465340000  -2.8328420000  -2.3023640000   6.4727380000  -3.0556140000  -2.9772570000   5.5092840000  -3.1992390000  -3.4488880000   4.4446190000  -0.0349000000   0.0026510000   0.0044110000   0.0349330000  -0.0026740000  -0.0045160000   0.0102080000   0.0305500000   0.0207120000  -0.0150800000  -0.0442010000  -0.0175710000   0.0048390000   0.0136740000  -0.0030360000
   6.0309019718   6.7025523888  924  1.06E+01  -1.4148770000   0.9889770000   3.4208580000  -1.0179130000   0.2352110000   2.0257990000   1.4082570000   0.7437950000   8.7691490000   1.9741430000  -0.1644920000   8.2742930000   2.2826030000  -1.1696500000   7.6877040000  -0.0128880000   0.0245400000   0.0454090000   0.0128890000  -0.0244560000  -0.0454130000  -0.0184100000  -0.0017900000  -0.0023590000   0.0228260000   0.0439060000   0.0277250000  -0.0044170000  -0.0421990000  -0.0253640000
   6.0317517344   6.7016589406 1283  3.27E+00   0.0427000000   0.6835090000   2.7793560000   0.3662850000  -0.2836380000   1.7955690000   0.3779990000   0.6785880000   9.1991710000  -0.7112810000   0.7367270000   8.7635610000  -1.6760490000   0.8295220000   8.0806290000   0.0043340000  -0.0127940000  -0.0130230000  -0.0041960000   0.0127580000   0.0129490000   0.0048480000   0.0025660000  -0.0168310000  -0.0035470000  -0.0059090000   0.0382530000  -0.0014390000   0.0033790000  -0.0213490000
   6.0316148763   6.7029619466 1503  3.12E+00   0.5616780000  -1.2141890000   2.6143080000  -0.0083660000   0.0142670000   1.8999990000  -1.1718700000   0.3799440000   8.5144460000  -0.0064050000   0.2303330000   8.4427740000   1.1830750000   0.1400670000   8.4950230000   0.0107620000  -0.0232470000   0.0136010000  -0.0108150000   0.0232610000  -0.0134580000  -0.0034960000   0.0045120000   0.0094390000  -0.0294920000  -0.0060360000  -0.0203090000   0.0330410000   0.0015100000   0.0107270000
   6.0330910644   6.7045730504 1611  4.10E+00  -1.1204240000  -1.0493750000   3.0226480000  -0.1153340000  -0.5596450000   1.9777350000  -0.9268280000   1.0417720000   8.4374750000   0.2333110000   1.3116570000   8.4069880000   1.3982790000   1.5223610000   8.1848940000  -0.0188520000  -0.0091880000   0.0196330000   0.0188750000   0.0091920000  -0.0196390000  -0.0286710000  -0.0098340000  -0.0093390000  -0.0200910000   0.0042020000   0.0287860000   0.0487380000   0.0056270000  -0.0194410000
   6.0304210785   6.7006919065 1620  3.43E+00   0.3253090000   0.1241430000   2.5594510000   1.7291900000  -0.0832760000   2.4168230000  -2.2738360000   1.1675870000   7.6427580000  -3.1653600000   0.4362120000   7.4669780000  -4.0064270000  -0.3992980000   7.5215500000   0.0134200000  -0.0020210000  -0.0013460000  -0.0135520000   0.0019450000   0.0013160000  -0.0150530000  -0.0210350000   0.0134480000   0.0240350000   0.0395660000  -0.0303920000  -0.0088500000  -0.0184560000   0.0169740000
   6.0337301403   6.7023861167 1808  3.40E+00   0.3377420000  -1.0063520000   2.8429100000  -0.0090840000   0.0152570000   1.7485550000  -1.0346180000   0.6570460000   8.3408510000   0.0356620000   0.2605450000   8.7343970000   1.0319340000  -0.1777600000   9.1916400000   0.0069820000  -0.0204270000   0.0219430000  -0.0068420000   0.0203930000  -0.0218990000  -0.0513430000   0.0150270000  -0.0116290000   0.0429690000  -0.0069930000   0.0009660000   0.0082350000  -0.0080000000   0.0106190000
   6.0334642712   6.7033118863 2685  7.55E+00   0.2056780000  -1.6245040000   4.6716080000  -1.0778320000  -2.1524920000   3.9175290000   1.7637190000   3.9144600000   3.6893370000   1.9386520000   4.1534730000   4.7919160000   2.1509380000   4.5076360000   5.8551630000   0.0342090000   0.0141280000   0.0201470000  -0.0341900000  -0.0140890000  -0.0199910000   0.0159200000   0.0276050000   0.0742940000  -0.0047140000  -0.0133930000   0.0014060000  -0.0112260000  -0.0142510000  -0.0758560000
   6.0313087586   6.7042915697 2969  4.70E+00   0.2347280000  -0.3883530000   2.8890460000   0.0871950000   0.1864720000   1.6483520000  -0.3688110000  -1.0178680000   8.2278010000  -0.1017540000  -0.0670380000   8.9023830000  -0.0050680000   0.8490460000   9.6761180000  -0.0047040000   0.0185450000  -0.0398630000   0.0047800000  -0.0183590000   0.0397770000  -0.0179630000  -0.0297800000  -0.0118030000   0.0239500000  -0.0068560000  -0.0272340000  -0.0060630000   0.0364510000   0.0391240000
   6.0316010806   6.7029851597 3229  6.33E+00  -1.8346620000  -0.2154890000   3.6165600000  -1.2655920000  -0.7721330000   2.4319940000   1.4056630000   1.5691240000   8.2868870000   2.3548990000   1.6794470000   7.5200210000   3.2627860000   1.7275930000   6.6952290000   0.0053290000  -0.0051610000  -0.0109920000  -0.0052970000   0.0051820000   0.0110200000  -0.0674100000  -0.0104340000   0.0513320000   0.0035930000   0.0097160000   0.0098590000   0.0637850000   0.0006960000  -0.0612190000
