   6.0395655803   6.0981668999  124  5.12E+00   0.5373410000  -1.4024450000   2.4404470000  -0.0064500000   0.0208310000   2.0429600000  -1.0083740000  -0.2848710000   8.4728120000  -0.0371530000   0.2881790000   8.2100310000   1.0346270000   0.7405310000   8.0083460000   0.0140780000  -0.0369370000   0.0103590000  -0.0142240000   0.0369230000  -0.0102980000   0.0360740000   0.0091260000  -0.0024420000  -0.0465560000  -0.0026650000  -0.0030610000   0.0106290000  -0.0064470000   0.0054430000
   6.0366980444   6.0958987561  161  2.87E+00  -0.8448840000  -0.6792030000   2.6867570000   0.0064190000   0.0066110000   1.8240080000   0.8555510000   0.2079310000   9.4285630000   0.0575280000   0.2184930000   8.5877330000  -0.8775650000   0.3254960000   7.8470360000   0.0202520000   0.0162170000  -0.0205590000  -0.0199800000  -0.0162980000   0.0202320000  -0.0273590000   0.0065990000  -0.0122310000   0.0602890000  -0.0157990000   0.0226760000  -0.0332020000   0.0092800000  -0.0101190000
   6.0351798279   6.0993471219  332  2.57E+00  -1.5932440000  -0.7348630000   4.0434900000  -1.3528220000  -1.7354990000   5.1462290000   1.8585480000   2.4936860000   2.1457070000   2.5442030000   3.3913270000   2.5336940000   3.0882270000   4.3619370000   2.9971790000  -0.0035240000   0.0141930000  -0.0156230000   0.0033360000  -0.0144080000   0.0159370000  -0.0256120000  -0.0184780000  -0.0069670000   0.0084330000  -0.0312850000  -0.0192140000   0.0173670000   0.0499780000   0.0258680000
   6.0366528651   6.0953263135  814  7.15E+00  -0.2873330000  -1.9312890000   3.6988940000   0.6724250000  -1.3444220000   2.5432610000  -0.6627610000   1.7447030000   7.6253460000  -1.1945600000   2.7800470000   7.3624210000  -1.7806410000   3.6920480000   6.9141980000  -0.0292650000  -0.0179020000   0.0351090000   0.0292450000   0.0178810000  -0.0354200000   0.0074390000  -0.0288200000  -0.0047210000  -0.0047780000   0.0379360000   0.0156130000  -0.0026410000  -0.0090940000  -0.0105820000
   6.0372369096   6.0987787257  883  3.33E+00   1.1166260000   0.5807690000   2.5028240000  -0.0120070000  -0.0069290000   1.9388820000   0.4667020000   1.2543330000   8.8589850000   0.0220860000   0.2488030000   8.4307250000  -0.4936680000  -0.7554180000   7.9723610000  -0.0270730000  -0.0140570000  -0.0134990000   0.0271790000   0.0142410000   0.0134150000   0.0019240000   0.0139970000   0.0050820000   0.0315160000   0.0426910000   0.0206330000  -0.0335460000  -0.0568720000  -0.0256310000
   6.0356997738   6.0979639173  980  5.23E-01  -1.3339270000  -0.6511320000   3.2557680000  -1.0035450000  -0.0727370000   2.0154260000   1.6970300000   1.0774260000   9.2005750000   1.8475590000   0.3678460000   8.2826460000   2.0120050000  -0.2616010000   7.3122130000   0.0055010000   0.0098370000  -0.0210470000  -0.0058000000  -0.0097180000   0.0208270000   0.0021750000   0.0011480000  -0.0086080000  -0.0014960000  -0.0164310000  -0.0044640000  -0.0003800000   0.0151640000   0.0132910000
   6.0389876265   6.0957899403  996  3.45E+00  -0.1194710000   1.2415800000   2.3614430000  -0.3469150000  -0.0703260000   2.0239320000   1.7092270000   0.2823930000   7.7516300000   0.6434520000   0.3473510000   8.2849280000  -0.4521600000   0.4175270000   8.7733100000  -0.0075350000  -0.0432540000  -0.0111000000   0.0073850000   0.0432550000   0.0111000000   0.0290320000  -0.0015420000  -0.0159910000   0.0178570000  -0.0016600000  -0.0025780000  -0.0467390000   0.0032010000   0.0185690000
   6.0382784900   6.0989204646 1028  3.58E+00  -0.7597040000   0.3402670000   2.8313280000   0.0144490000  -0.0044400000   1.7445510000   0.6652170000   0.1760930000   7.8059650000   0.0649430000   0.2392240000   8.8121770000  -0.7382680000   0.3327330000   9.6888600000   0.0236630000  -0.0105630000  -0.0334050000  -0.0238400000   0.0105640000   0.0330270000  -0.0172750000   0.0024580000   0.0011890000   0.0514410000  -0.0068660000  -0.0158050000  -0.0339890000   0.0044070000   0.0149930000
   6.0377153054   6.0951717076 1263  3.82E+00   0.4311210000   0.8445850000   2.7662340000  -0.3181930000   0.1214960000   1.7721910000  -0.2621650000   0.1496860000   7.8670400000   0.5689790000   0.1040960000   8.7567830000   1.3970050000  -0.2001540000   9.5354320000  -0.0035400000  -0.0034790000  -0.0049240000   0.0037270000   0.0035100000   0.0044620000  -0.0425700000  -0.0134880000  -0.0498450000   0.0370900000   0.0311930000   0.0514900000   0.0052920000  -0.0177360000  -0.0011830000
   6.0388966705   6.0984801194 1384  9.24E-01  -0.4902520000  -0.2610640000   2.7995810000   0.4800750000  -0.9875290000   1.9583700000  -0.4295910000   1.4582950000   7.4703490000  -0.8415240000   2.1117910000   8.3416420000  -1.3054050000   2.5924730000   9.3118460000  -0.0060260000   0.0044470000   0.0050030000   0.0060090000  -0.0045860000  -0.0055200000  -0.0136230000   0.0048000000   0.0297670000   0.0196090000   0.0044580000  -0.0413400000  -0.0059680000  -0.0091190000   0.0120900000
   6.0386786062   6.0971063153 1718  6.71E+00   0.2185620000  -0.9287080000   2.9202820000  -0.0025750000   0.0145200000   1.6803600000   0.2126140000   0.2036960000  10.0211110000   0.0935150000   0.2360160000   8.8442520000  -0.2837310000   0.2927950000   7.7646200000   0.0057720000  -0.0243910000   0.0318190000  -0.0056240000   0.0242920000  -0.0322700000  -0.0175040000   0.0015340000   0.0169100000   0.0121390000   0.0001130000  -0.0939530000   0.0052170000  -0.0015490000   0.0774940000
   6.0364838875   6.0985863941 1749  4.51E+00   0.6161410000  -0.2215510000   2.5641460000  -0.3918630000  -1.0833350000   2.1062170000   0.0550820000   1.2700020000   7.7146750000   0.7020300000   2.2423240000   8.0742350000   1.3361460000   3.1587650000   8.5447110000  -0.0190960000  -0.0163230000  -0.0087570000   0.0192040000   0.0163500000   0.0083950000  -0.0405260000  -0.0622020000  -0.0142040000   0.0061810000   0.0145430000  -0.0178090000   0.0342370000   0.0476320000   0.0323750000
   6.0370104755   6.0953838463 1759  3.39E+00  -0.4067430000  -1.3735930000   3.7221920000   0.0542650000  -1.4866940000   2.2197410000  -0.0751460000   2.0546280000   7.1791760000  -0.0513060000   2.9520010000   7.9184280000  -0.1317280000   3.9284440000   8.5572440000  -0.0120250000   0.0027690000   0.0389260000   0.0120210000  -0.0031120000  -0.0394040000  -0.0065580000   0.0309020000   0.0146010000   0.0131990000  -0.0291780000  -0.0028280000  -0.0066370000  -0.0013810000  -0.0112960000
   6.0365262984   6.0953373302 1761  1.24E+01   0.4344100000  -0.9069970000   2.4241910000  -0.8318650000   0.0925660000   2.0057030000   1.4184950000  -0.8627210000   7.5892900000   1.5537460000   0.1517210000   8.2607870000   1.5422770000   1.0313430000   9.0408590000   0.0441420000  -0.0347810000   0.0144500000  -0.0442380000   0.0350530000  -0.0147620000  -0.0159310000  -0.0676540000  -0.0307830000   0.0246230000   0.0693750000   0.0188060000  -0.0085960000  -0.0019930000   0.0122900000
   6.0372030281   6.0953033185 1792  5.13E+00  -0.7400650000  -1.1045030000   2.6946440000   0.0036050000   0.0122390000   1.8574350000  -0.8398890000   0.6055460000   7.8648660000   0.0422770000   0.2443860000   8.5269900000   0.8367730000  -0.0928670000   9.2888960000  -0.0199070000  -0.0300650000   0.0224660000   0.0201440000   0.0299330000  -0.0226550000   0.0218860000  -0.0095330000   0.0309230000   0.0177810000  -0.0063990000  -0.0066080000  -0.0399040000   0.0160640000  -0.0241260000
   6.0393236961   6.0982631457 1880  5.53E-01   1.3289080000   0.8609470000   3.1842960000   0.8031740000   0.2997460000   1.9283270000  -1.1219040000  -0.1246980000   9.5087380000  -1.4675470000  -0.2995130000   8.4098680000  -1.8713840000  -0.5140300000   7.3480430000   0.0029510000   0.0031050000   0.0068960000  -0.0026650000  -0.0029910000  -0.0070470000  -0.0098800000  -0.0056770000  -0.0141430000  -0.0005110000   0.0006210000  -0.0305980000   0.0101060000   0.0049420000   0.0448930000
   6.0372594823   6.0950174501 2021  2.13E+00   0.9617560000   0.2324540000   2.8863250000  -0.0163590000  -0.0054660000   1.6945460000  -0.3518170000   0.4487760000   7.7633490000   0.0064920000   0.2626830000   8.8474540000   0.3680500000   0.0543560000   9.9512710000   0.0234020000   0.0056420000   0.0282640000  -0.0232400000  -0.0057220000  -0.0287070000   0.0122620000  -0.0077760000   0.0409700000  -0.0162870000   0.0114650000  -0.0536050000   0.0038640000  -0.0036090000   0.0130780000
   6.0399950596   6.0975617164 2119  6.98E+00   0.9660860000  -1.0735350000   3.8252990000   0.5780200000  -2.3771230000   4.4527740000  -0.6454260000   3.5464720000   3.6817610000  -1.1560780000   4.5812480000   3.7880230000  -1.4343450000   5.6416440000   3.9965350000   0.0046730000   0.0151530000  -0.0074020000  -0.0045650000  -0.0158210000   0.0075060000  -0.0050560000   0.0518600000   0.0129260000  -0.0484900000   0.0783180000   0.0046260000   0.0534390000  -0.1295100000  -0.0176560000
   6.0371330858   6.0993660871 2402  6.45E+00  -0.9406120000  -0.9240500000   2.3456720000   0.0124150000   0.0085450000   2.0614270000  -0.8343910000   1.0130640000   8.0176110000  -0.0399020000   0.2295240000   8.2027160000   0.8616040000  -0.4821490000   8.3827830000   0.0366280000   0.0358300000  -0.0108620000  -0.0366120000  -0.0358720000   0.0109520000   0.0790160000  -0.0641830000   0.0179560000  -0.0620820000   0.0387470000  -0.0142110000  -0.0169500000   0.0254780000  -0.0038350000
   6.0373904969   6.0991305252 3078  1.89E+00  -1.6306480000   0.5405060000   2.8729180000  -1.0681060000  -0.6782870000   2.4200670000   2.7867660000   1.2834010000   6.7201990000   2.0231270000   1.4771700000   7.5870110000   1.1315970000   1.6488440000   8.3180430000   0.0074920000  -0.0162460000  -0.0060060000  -0.0076290000   0.0162260000   0.0060240000  -0.0160460000   0.0011300000   0.0015980000   0.0089050000   0.0030640000   0.0194540000   0.0072780000  -0.0041740000  -0.0210700000
   6.0357620108   6.0972905828 3144  4.76E+00  -1.1447080000   0.0320810000   2.1473540000  -0.0249550000  -1.0448480000   2.3327770000   0.2010530000   1.0391000000   8.0584240000   0.0322960000   2.1428110000   7.6781680000  -0.0285430000   3.2561790000   7.3930520000  -0.0274710000   0.0264880000  -0.0044800000   0.0274460000  -0.0263350000   0.0044870000   0.0078770000   0.0002020000   0.0088800000  -0.0180940000   0.0462710000  -0.0289000000   0.0102420000  -0.0466280000   0.0200130000
   6.0380035502   6.0966667641 3218  4.15E+00  -0.0110280000   1.4989850000   2.6988020000  -0.2147000000   0.3830060000   1.9659740000   0.1469450000   0.6295090000   8.0469110000   0.3765730000  -0.4661960000   8.3948810000   0.6433210000  -1.5991290000   8.6636900000  -0.0093240000  -0.0511570000  -0.0336320000   0.0093420000   0.0510080000   0.0334840000   0.0036010000  -0.0078530000  -0.0013020000  -0.0140920000   0.0446740000  -0.0025870000   0.0104740000  -0.0366720000   0.0040370000
   6.0366927829   6.0970784153 3517  2.45E+00  -1.9086900000  -0.6879430000   4.6900410000  -0.9521360000  -1.6481850000   5.3934100000   1.1352100000   2.5128790000   1.4560380000   1.8091580000   3.2647070000   2.0450790000   2.3821100000   3.9987690000   2.7784350000  -0.0173620000   0.0174190000  -0.0126940000   0.0173740000  -0.0174700000   0.0129170000   0.0030310000   0.0100450000   0.0160200000  -0.0055440000  -0.0206760000  -0.0364350000   0.0025000000   0.0106810000   0.0201920000
   6.0366298772   6.0975457191 3683  3.80E+00  -0.5198310000   1.3454960000   2.5312100000   0.0013520000  -0.0193800000   1.9254470000  -0.9169500000  -0.2559550000   7.9488030000   0.0065690000   0.2484230000   8.4439280000   0.9380190000   0.7691580000   8.9379380000  -0.0139680000   0.0367440000   0.0163160000   0.0141380000  -0.0366570000  -0.0163890000   0.0212940000   0.0123390000   0.0132170000  -0.0239590000  -0.0145680000  -0.0150990000   0.0024940000   0.0021430000   0.0019560000
