   6.0483049722   6.6376402203  120  1.22E+01  -0.3783630000   0.1165170000   3.0111460000  -0.8007350000  -1.2094400000   2.0205310000   1.8020300000   1.8177880000   7.3233390000   1.4654660000   2.3977670000   8.3005870000   1.1207500000   3.1027900000   9.1658960000   0.0155430000   0.0492460000   0.0366860000  -0.0158280000  -0.0493580000  -0.0369400000   0.0036940000   0.0032320000  -0.0155140000  -0.0058020000  -0.0059050000   0.0296940000   0.0023930000   0.0027850000  -0.0139270000
   6.0487416107   6.6367248995  564  4.17E+00   1.5283440000   0.8644320000   3.2123710000   1.3503830000  -0.1519720000   2.3151770000  -3.3286030000   0.1462670000   7.0124380000  -2.5025490000   0.5549160000   7.7116350000  -1.6331700000   0.8293560000   8.4347140000  -0.0065000000  -0.0368430000  -0.0324800000   0.0064460000   0.0368790000   0.0325530000   0.0310790000   0.0047850000   0.0274250000  -0.0132030000   0.0110380000  -0.0136850000  -0.0178230000  -0.0158590000  -0.0138130000
   6.0450967188   6.6369226857  792  5.54E+00  -1.3350030000  -0.0419460000   2.6217380000   0.0159800000   0.0007180000   1.8756720000  -1.0173060000  -0.2569620000   8.6871540000   0.0048260000   0.2610030000   8.5086960000   1.0179840000   0.7477610000   8.3938510000  -0.0286400000  -0.0008910000   0.0159070000   0.0286700000   0.0009100000  -0.0157830000   0.0331970000   0.0147730000   0.0005560000   0.0594720000   0.0318010000  -0.0175190000  -0.0927000000  -0.0465940000   0.0168390000
   6.0497789252   6.6387560951 1382  4.43E+00  -0.2300620000   0.1768640000   3.0984050000   0.0010940000  -0.0047370000   1.5445160000   0.6967250000   0.3859630000  10.0813830000  -0.0120460000   0.2106360000   9.1441600000  -0.6786480000   0.1561060000   8.1464220000  -0.0061060000   0.0048690000   0.0414730000   0.0062740000  -0.0048730000  -0.0418350000   0.0203670000   0.0116830000   0.0204010000   0.0005280000  -0.0170490000   0.0166660000  -0.0210630000   0.0053700000  -0.0367060000
   6.0456531563   6.6353639839 1382  4.20E+00  -0.2299170000   0.1762470000   3.0978000000   0.0010820000  -0.0047350000   1.5462650000   0.6966420000   0.3850740000  10.0780080000  -0.0110030000   0.2114230000   9.1393860000  -0.6793010000   0.1564310000   8.1446860000  -0.0060290000   0.0047950000   0.0409230000   0.0061980000  -0.0047990000  -0.0412810000   0.0202970000   0.0115620000   0.0208610000  -0.0004720000  -0.0169100000   0.0139130000  -0.0199940000   0.0053530000  -0.0344150000
   6.0476364507   6.6382976033 1644  4.05E+00   0.6632670000   0.7802670000   2.7106450000  -0.0056000000  -0.0110780000   1.7574430000   0.6659490000  -0.6114230000   9.2576530000   0.0149910000   0.2577560000   8.7006890000  -0.6910260000   1.1117680000   8.2640860000  -0.0112880000  -0.0134380000  -0.0160890000   0.0113770000   0.0133350000   0.0161390000   0.0373790000  -0.0550170000   0.0425030000  -0.0160710000   0.0339920000  -0.0398930000  -0.0213970000   0.0211280000  -0.0026600000
   6.0482590893   6.6365852890 2204  6.97E+00  -0.1628190000   1.5942870000   4.0541460000  -0.8232260000   2.0107830000   2.6697390000   1.4659340000  -2.2742380000   7.1910890000   1.4014380000  -3.4409540000   7.0174020000   1.6036630000  -4.5977600000   6.9534150000   0.0182980000  -0.0115510000   0.0383790000  -0.0184510000   0.0115770000  -0.0386490000   0.0185920000   0.0007330000   0.0088730000  -0.0364420000  -0.0010240000  -0.0162870000   0.0180020000   0.0002650000   0.0076850000
   6.0468813206   6.6385093696 2459  3.20E+00  -1.0403760000  -0.0447550000   2.7069080000   0.0130880000  -0.0007480000   1.7915300000   0.3132300000  -0.8490070000   8.3687770000  -0.0617420000   0.2366750000   8.6674320000  -0.2666940000   1.3655660000   9.0079260000   0.0231350000   0.0010060000  -0.0200560000  -0.0231910000  -0.0009020000   0.0201130000   0.0168710000  -0.0156180000  -0.0007670000  -0.0207230000  -0.0235120000  -0.0138650000   0.0039090000   0.0390260000   0.0145740000
   6.0487691246   6.6377874600 2653  5.10E+00   1.2115860000  -0.9384960000   2.8078630000   0.2191590000  -0.1294220000   1.9134910000   0.5849970000   1.0526320000   8.5790740000  -0.4204360000   0.4765310000   8.4578020000  -1.4402420000  -0.0171950000   8.3395330000   0.0239200000  -0.0195200000   0.0216490000  -0.0239490000   0.0195170000  -0.0215390000  -0.0234360000  -0.0063490000  -0.0009200000  -0.0458110000  -0.0341280000  -0.0090750000   0.0692760000   0.0404810000   0.0098850000
   6.0483989332   6.6365859267 2860  5.52E+00   0.5989730000   0.8717260000   3.1823390000   0.5866930000   0.5730120000   1.7933080000  -1.4069990000  -1.8840170000   8.9943180000  -1.1911550000  -0.7629300000   8.7236810000  -0.6666270000   0.2277360000   8.3013220000  -0.0001560000  -0.0035560000  -0.0164410000   0.0001210000   0.0034510000   0.0161770000   0.0216490000  -0.0015660000  -0.0111500000  -0.0532460000  -0.0114240000   0.0289760000   0.0316320000   0.0130960000  -0.0175630000
   6.0480021567   6.6389884994 3801  7.82E+00  -0.4409450000  -0.8145850000   3.1529590000   0.0557710000  -0.5493730000   1.6955580000   0.7037030000   1.5744930000   9.6160960000  -0.0937880000   1.2249710000   8.8360940000  -0.8840480000   0.9886240000   8.0851960000  -0.0119250000  -0.0064450000   0.0351700000   0.0120920000   0.0063910000  -0.0353120000  -0.0122350000   0.0034130000  -0.0094740000  -0.0900990000  -0.0431840000  -0.0913460000   0.1021680000   0.0398250000   0.1009620000
