   6.0576998012   6.3526582027  241  6.25E+00  -0.7387470000  -0.4995640000   3.3734790000  -1.1773900000  -0.7490370000   2.0535790000   2.1618100000   1.6568440000   9.3930140000   2.2641380000   1.6608240000   8.1704710000   2.0652200000   1.5563990000   7.0060240000  -0.0066130000  -0.0037840000  -0.0196670000   0.0063710000   0.0035960000   0.0194270000  -0.0242230000  -0.0064730000   0.0842300000   0.0438170000   0.0136970000  -0.0735010000  -0.0193530000  -0.0070360000  -0.0104880000
   6.0576628968   6.3507467338  690  6.33E+00   0.3803160000  -1.0807930000   2.6239330000  -0.3640820000  -2.0315050000   3.2660260000   0.6511740000   3.9109100000   7.1939090000   0.5532390000   3.9493270000   5.9948780000   0.7278690000   4.0259410000   4.8303070000  -0.0269470000  -0.0344250000   0.0232690000   0.0268760000   0.0343570000  -0.0231310000   0.0208820000   0.0017960000   0.0481930000  -0.0388130000  -0.0061510000  -0.0463540000   0.0180030000   0.0044230000  -0.0019770000
   6.0560050777   6.3501726549  861  1.11E+01  -0.3339950000   0.3350590000   2.4403600000   0.3976580000  -0.9642130000   2.0552010000  -0.1316250000   1.5697220000   9.2116640000  -0.7970800000   2.0074270000   8.2424230000  -1.2349630000   2.4053880000   7.1840440000  -0.0149780000   0.0266000000   0.0078380000   0.0150750000  -0.0267860000  -0.0079500000   0.0746660000  -0.0433300000   0.0882120000  -0.0625590000   0.0234880000  -0.0285330000  -0.0122040000   0.0200270000  -0.0595670000
   6.0597475932   6.3533607092  939  3.05E+00   0.2988440000  -0.3412030000   2.9436350000  -0.0053880000  -0.0004590000   1.6376890000  -0.4214130000  -0.1911390000   7.9745460000  -0.0253960000   0.3135120000   8.9591780000   0.4485590000   0.6672490000   9.9365470000  -0.0084610000   0.0095960000  -0.0367870000   0.0086010000  -0.0094760000   0.0363390000   0.0090720000  -0.0062090000   0.0108730000   0.0125480000   0.0373550000   0.0460570000  -0.0217610000  -0.0312660000  -0.0564820000
   6.0568844525   6.3544698746 1124  5.91E+00   0.4042340000  -0.8789180000   2.6883390000   0.0951640000   0.3666070000   1.7794650000  -0.3247970000  -1.2153990000   7.9195120000  -0.1570240000  -0.3850810000   8.6989100000  -0.0580680000   0.4166030000   9.4949860000   0.0079620000  -0.0318380000   0.0231740000  -0.0078820000   0.0320710000  -0.0233940000   0.0031610000   0.0404000000   0.0438840000   0.0099040000   0.0246590000   0.0168870000  -0.0131460000  -0.0652920000  -0.0605510000
   6.0580647030   6.3531292824 1317  2.89E+00   0.1171180000  -1.6057370000   3.2618830000  -1.2273750000  -1.2496590000   2.6348970000   2.6470210000   2.4587380000   6.0406420000   2.2597740000   2.4998890000   7.1673930000   1.7790030000   2.6945480000   8.2151890000   0.0239910000  -0.0064190000   0.0112660000  -0.0241790000   0.0062620000  -0.0111820000   0.0027730000   0.0104480000  -0.0265550000  -0.0006100000  -0.0192360000   0.0392190000  -0.0019750000   0.0089440000  -0.0127470000
   6.0577836425   6.3548809812 1565  1.10E+00   0.0962470000  -0.2934610000   2.9216480000  -0.2965180000   0.3773800000   1.6422300000   0.8242090000  -0.9796230000   9.9196380000   0.5258930000  -0.4040020000   8.9631650000   0.2558250000   0.1043400000   7.9671710000   0.0046050000  -0.0079050000   0.0147790000  -0.0045950000   0.0078030000  -0.0152180000  -0.0078180000   0.0142060000  -0.0342640000  -0.0080490000   0.0164910000  -0.0149180000   0.0158560000  -0.0305950000   0.0496210000
   6.0580693335   6.3503484123 2081  9.81E-01   0.5217140000   0.3475470000   2.9345920000  -0.0097110000  -0.0018080000   1.6374490000   0.3267650000  -0.2331140000   9.9684430000  -0.0534790000   0.2421420000   8.9643720000  -0.2709860000   0.7261470000   7.9405230000  -0.0016340000  -0.0011650000  -0.0042560000   0.0017120000   0.0010180000   0.0038890000   0.0106360000   0.0016010000  -0.0028790000  -0.0314970000   0.0189240000  -0.0423540000   0.0207830000  -0.0203770000   0.0456000000
   6.0593075038   6.3539312954 2529  4.77E-01   0.2890900000   0.0926200000   2.9093310000   0.7213580000   1.1949130000   1.9431000000  -1.8607640000  -2.6029650000   9.1934180000  -1.3218210000  -1.9289480000   8.3896080000  -0.7677990000  -1.2348260000   7.6221160000  -0.0079210000  -0.0202080000   0.0175180000   0.0079600000   0.0202900000  -0.0179800000  -0.0050730000  -0.0062870000   0.0116120000   0.0072390000   0.0090000000  -0.0192450000  -0.0022040000  -0.0027950000   0.0080950000
   6.0583045691   6.3535295863 2863  9.34E-01   1.2481090000   0.2075980000   2.5904690000  -0.0120460000  -0.0040830000   1.8978400000  -0.6988370000   1.1046480000   8.1160690000  -0.0170590000   0.2504810000   8.5150420000   0.6931680000  -0.5976960000   8.8514290000  -0.0003100000  -0.0000810000  -0.0001320000   0.0003790000  -0.0000230000   0.0001440000   0.0179700000  -0.0196720000   0.0068930000   0.0035690000  -0.0087850000   0.0075170000  -0.0216080000   0.0285610000  -0.0144220000
   6.0582780566   6.3539072423 2929  7.54E+00  -1.5679130000  -0.0730790000   2.6148680000  -0.4243740000  -0.6618980000   2.1348880000   1.6898290000   2.2425830000   7.8370980000   0.7633690000   1.4766610000   7.9875920000  -0.0446770000   0.6468510000   8.3409450000   0.0381810000  -0.0195910000  -0.0159670000  -0.0380920000   0.0197200000   0.0160400000   0.0540610000   0.0356860000   0.0048780000  -0.0220450000   0.0075340000  -0.0351080000  -0.0321050000  -0.0433480000   0.0301560000
   6.0553543531   6.3520982046 3256  2.88E+00   0.2270750000   1.5172200000   2.3901010000  -0.6878450000   0.4360400000   2.1657770000   1.8015300000  -1.5747580000   7.6840150000   1.2026000000  -0.6003600000   7.9786180000   0.7166430000   0.4398420000   8.3606580000  -0.0062240000  -0.0074090000  -0.0014910000   0.0062550000   0.0073170000   0.0015900000   0.0141270000  -0.0076830000   0.0031310000   0.0015130000  -0.0448180000  -0.0280240000  -0.0156710000   0.0525930000   0.0247930000
