   6.0768593926   6.6123737104   15  5.65E+00   1.0980560000  -0.9617980000   3.1267060000   0.5121870000  -0.4378320000   1.8364930000  -1.6398170000   1.5257100000   7.7725580000  -0.9257170000   0.9783800000   8.5182060000  -0.2924190000   0.6747340000   9.4651680000   0.0087180000  -0.0078020000   0.0192740000  -0.0086250000   0.0077090000  -0.0191400000   0.0082510000   0.0063710000   0.0307250000  -0.0021330000  -0.0235800000  -0.0451450000  -0.0062110000   0.0173020000   0.0142850000
   6.0780100902   6.6115463839  897  2.62E+00  -0.5521780000   0.3357960000   5.7301530000  -0.3942000000   1.7524570000   6.1334030000   1.4621430000  -2.8418540000  -0.1727390000   0.7947810000  -2.9414710000   0.7917900000  -0.0552670000  -3.0356740000   1.5868140000  -0.0011610000  -0.0109150000  -0.0030940000   0.0013110000   0.0111050000   0.0031610000  -0.0118210000   0.0000020000  -0.0129390000   0.0077810000  -0.0010120000   0.0410930000   0.0038910000   0.0008200000  -0.0282200000
   6.0754061194   6.6139540416 1477  2.23E+00   1.1256660000   0.2972730000   2.6472960000  -0.0141030000  -0.0034830000   1.8315480000  -0.6941790000   1.1417820000   8.8517100000  -0.0521290000   0.2175270000   8.6069100000   0.7328260000  -0.6187400000   8.3743260000  -0.0080100000  -0.0020680000  -0.0056830000   0.0078930000   0.0021500000   0.0057120000   0.0376800000  -0.0333460000  -0.0085230000  -0.0365250000   0.0151060000   0.0024700000  -0.0010380000   0.0181580000   0.0060240000
   6.0755535754   6.6139163597 1569  5.59E+00  -1.0928050000   0.8176410000   2.5928040000  -0.3931010000  -0.4496330000   1.9896130000   1.8907730000   0.9017470000   8.0477960000   0.7575500000   1.0299580000   8.3758360000  -0.4273730000   1.2068070000   8.5657200000  -0.0175080000   0.0317560000   0.0151390000   0.0175350000  -0.0317710000  -0.0151130000   0.0202690000   0.0004730000  -0.0135010000   0.0438690000  -0.0127000000   0.0104010000  -0.0641650000   0.0122430000   0.0030740000
   6.0786461282   6.6142313512 2520  1.03E+00  -0.3698410000  -0.5325320000   2.9935980000  -0.0186120000  -0.1170960000   1.6270760000   0.8304790000   0.6573400000   8.1407040000   0.0297270000   0.4642450000   8.9766340000  -0.7365390000   0.3001860000   9.8071410000  -0.0018210000  -0.0020840000   0.0066800000   0.0016120000   0.0019910000  -0.0068790000  -0.0047540000   0.0005830000   0.0095280000  -0.0421250000  -0.0121940000   0.0387430000   0.0470880000   0.0117040000  -0.0480720000
   6.0779770753   6.6143438188 2681  2.01E+00   0.2626030000  -1.6348650000   4.0667660000  -0.3268390000  -1.8842180000   2.7753810000   0.2223450000   4.6940440000   6.3421180000   0.6513470000   3.7452130000   6.8677380000   0.9044550000   2.6953580000   7.3863400000  -0.0025550000  -0.0010790000  -0.0056450000   0.0025070000   0.0010860000   0.0054330000  -0.0060690000  -0.0173530000   0.0063650000   0.0101100000   0.0518530000  -0.0214180000  -0.0039940000  -0.0345080000   0.0152650000
   6.0798941016   6.6137033002 2773  3.65E+00  -0.6574190000   0.1289760000   2.8692520000   0.0082260000  -0.0023860000   1.6608330000  -0.3898260000   1.1158650000   9.6077370000   0.0759080000   0.2961590000   8.9024430000   0.3331770000  -0.6467270000   8.2350480000   0.0178560000  -0.0034490000  -0.0324650000  -0.0178950000   0.0036400000   0.0323320000  -0.0151900000  -0.0053790000   0.0055330000   0.0269930000   0.0199160000  -0.0052150000  -0.0117640000  -0.0147270000  -0.0001850000
   6.0761678118   6.6120839000 2920  2.18E+00   1.1597690000   0.4415810000   2.5369720000  -0.0179390000  -0.0103090000   1.8779990000  -0.2098090000  -0.8774200000   8.4301710000  -0.0007140000   0.2717140000   8.4988710000   0.2268670000   1.3847850000   8.6519300000  -0.0127330000  -0.0048640000  -0.0070410000   0.0127260000   0.0049400000   0.0071620000   0.0040120000   0.0128050000   0.0086810000   0.0068160000   0.0486410000  -0.0080670000  -0.0108210000  -0.0615230000  -0.0007350000
   6.0772503668   6.6136144913 2975  2.17E+00  -0.1328180000   0.7675460000   2.7218430000  -0.4167260000   2.1386750000   2.8329600000   0.7725230000  -3.5452370000   7.9822530000   0.7394720000  -3.6530900000   6.7998400000   0.7619570000  -3.7541460000   5.5943480000  -0.0052360000   0.0252780000   0.0020680000   0.0051860000  -0.0250630000  -0.0019860000   0.0041980000   0.0025480000   0.0288870000  -0.0087850000   0.0032290000   0.0286520000   0.0046360000  -0.0059920000  -0.0576200000
   6.0758083621   6.6131728034 3903  8.51E+00  -0.0272040000  -1.0530960000   2.8751150000  -0.2856510000   0.0212350000   1.7605580000   1.3477590000  -0.4887900000   9.1150730000   0.4298290000   0.1680500000   8.8093690000  -0.2421020000   1.0106060000   8.2991590000   0.0065420000  -0.0271890000   0.0281820000  -0.0064980000   0.0270390000  -0.0282470000   0.0031310000   0.0224720000  -0.0175250000  -0.0103340000  -0.0472730000   0.0369990000   0.0071590000   0.0249500000  -0.0194100000
