   6.0746555057   6.0879160584  299  2.71E+00  -1.2549680000   0.2012560000   2.4813840000   0.0098980000  -0.0013550000   1.9608040000  -0.5951560000   1.1556700000   7.9070570000   0.0172130000   0.2731480000   8.4208980000   0.6118690000  -0.6789590000   8.8235270000   0.0359240000  -0.0057970000  -0.0148110000  -0.0358260000   0.0056430000   0.0146950000  -0.0148770000   0.0158730000  -0.0163840000  -0.0012660000   0.0158440000   0.0107660000   0.0160460000  -0.0315630000   0.0057340000
   6.0709341937   6.0858063652  723  2.56E+00   0.6021890000  -0.8875680000   2.2480160000  -0.0032590000   0.4858430000   2.0492800000  -0.0383360000  -1.7887970000   8.2774190000  -0.0542280000  -0.6007210000   8.2765380000   0.0573820000   0.5569320000   8.1343690000   0.0093860000  -0.0213320000   0.0031160000  -0.0094230000   0.0212690000  -0.0031480000   0.0085390000  -0.0234240000  -0.0078780000  -0.0159330000   0.0340880000   0.0143050000   0.0074310000  -0.0106000000  -0.0063940000
   6.0711910734   6.0865884162  832  5.54E+00  -1.4764940000  -0.4775240000   2.7713970000  -0.3003780000  -0.8090840000   2.1252000000   1.0257560000   2.3691750000   7.1438250000   0.5615710000   1.7107750000   8.0550510000   0.1458590000   1.1050720000   9.0220980000   0.0335800000  -0.0095020000  -0.0184000000  -0.0336880000   0.0093160000   0.0184300000   0.0295030000   0.0411870000  -0.0470880000  -0.0076880000  -0.0084700000  -0.0137740000  -0.0217060000  -0.0325310000   0.0608320000
   6.0724412841   6.0875189160 1324  2.18E+00   1.6262630000  -0.8589150000   5.5363380000   0.2297990000  -1.2420640000   6.0351130000  -1.1253050000   1.5583380000   0.8025870000  -0.4363000000   2.5206680000   0.9321230000   0.2027030000   3.4943630000   1.0092350000   0.0265930000   0.0073640000  -0.0095260000  -0.0264780000  -0.0072400000   0.0096010000  -0.0177400000  -0.0177600000  -0.0077090000   0.0274420000   0.0259910000   0.0126300000  -0.0098180000  -0.0083550000  -0.0049960000
   6.0741530045   6.0852000219 1407  7.16E+00   0.8273320000   0.8825860000   2.7820740000   0.6513580000  -0.1403030000   1.9146310000  -0.5043790000   1.1754400000   7.7423880000  -1.2417270000   0.5043270000   8.4804290000  -1.8686240000  -0.2212640000   9.1551660000  -0.0078190000  -0.0456510000  -0.0388310000   0.0078000000   0.0454190000   0.0383860000   0.0623390000   0.0487850000  -0.0581040000  -0.0648360000  -0.0413340000   0.0578230000   0.0025160000  -0.0072190000   0.0007270000
   6.0740926080   6.0886537072 1409  3.19E+00   0.9422980000  -0.6730520000   2.2825130000  -0.5280890000  -0.7995200000   2.2474740000   1.7532120000   2.1202720000   7.0788490000   0.9636750000   1.6654640000   7.8883570000   0.1013980000   1.3525470000   8.6323470000   0.0093570000   0.0007510000   0.0002160000  -0.0095200000  -0.0009210000  -0.0001980000   0.0402340000   0.0346120000  -0.0472030000  -0.0237700000  -0.0387350000   0.0396770000  -0.0163010000   0.0042930000   0.0075070000
   6.0718334030   6.0864955356 1425  5.27E+00   0.7486070000  -1.0680100000   2.3092250000  -0.1155800000  -0.0563850000   2.0770600000   0.7529710000  -0.6791770000   8.0689860000   0.1792160000   0.3836890000   8.1774040000  -0.3574360000   1.4277040000   8.2746290000  -0.0395740000   0.0463370000  -0.0106440000   0.0395010000  -0.0462110000   0.0106460000   0.0314230000  -0.0549700000  -0.0042560000  -0.0285560000   0.0460550000   0.0028040000  -0.0027940000   0.0087890000   0.0014510000
   6.0736860672   6.0891282531 1512  4.28E+00   0.4160970000   0.2826090000   1.9590950000  -0.9224320000   0.2020710000   2.2210810000   2.5416120000  -0.8883200000   7.8150830000   1.6492800000  -0.1179640000   7.8927670000   0.8009150000   0.6375500000   8.0449900000  -0.0492800000  -0.0029810000   0.0097180000   0.0493610000   0.0029200000  -0.0096490000   0.0094330000  -0.0062000000   0.0059930000  -0.0585630000   0.0477670000  -0.0048750000   0.0490490000  -0.0415060000  -0.0011860000
   6.0706833547   6.0861314212 1512  4.36E+00   0.4159920000   0.2717550000   1.9604840000  -0.9226410000   0.2022860000   2.2209430000   2.5405840000  -0.8876750000   7.8200060000   1.6517540000  -0.1169240000   7.8913370000   0.8011380000   0.6357380000   8.0417420000  -0.0498610000  -0.0026040000   0.0097750000   0.0499460000   0.0025420000  -0.0097080000   0.0051260000  -0.0030530000   0.0067060000  -0.0551470000   0.0457140000  -0.0058610000   0.0499350000  -0.0425990000  -0.0009120000
   6.0739357645   6.0884427676 1749  2.84E+00   0.0713900000  -1.2291540000   3.3822910000  -0.4100590000  -1.1406540000   2.0400420000   0.1799660000   1.6115650000   7.4387730000   0.7514330000   2.3161680000   8.2670560000   1.2993720000   3.1115130000   8.9548060000  -0.0041880000   0.0006580000  -0.0119720000   0.0042450000  -0.0009330000   0.0114300000  -0.0386170000  -0.0399420000  -0.0603410000   0.0261510000   0.0150480000   0.0514040000   0.0124090000   0.0251680000   0.0094780000
   6.0703435067   6.0861382046 1753  4.06E+00   0.8318060000   0.5240890000   2.8746430000  -0.0068490000  -0.0035220000   1.6840610000   0.2275750000   0.5570110000   7.7397960000  -0.0479410000   0.1899360000   8.8715970000  -0.2097840000  -0.0273490000  10.0098010000   0.0184750000   0.0115800000   0.0259210000  -0.0185130000  -0.0117140000  -0.0265670000   0.0221410000   0.0295880000  -0.0603890000  -0.0289150000  -0.0384420000   0.0603660000   0.0068130000   0.0089880000   0.0006680000
   6.0727856461   6.0854873707 1998  3.32E+00  -0.6963840000   1.2763770000   2.4495580000   0.0027280000  -0.0199990000   1.9583510000   1.1129940000   0.3571630000   8.8280250000   0.0169630000   0.2314120000   8.3890790000  -1.0954780000   0.1762580000   7.9407070000  -0.0157900000   0.0294070000   0.0111160000   0.0160020000  -0.0294030000  -0.0112140000   0.0244380000   0.0071330000   0.0105240000   0.0163950000  -0.0093330000   0.0041750000  -0.0410460000   0.0021960000  -0.0146010000
   6.0706014419   6.0865541487 2116  2.30E+00   0.8491510000   2.1069930000   3.7991970000   0.3502290000   1.5828370000   2.5375750000  -0.6719530000  -3.1327250000   6.2476640000  -0.6385730000  -2.6327310000   7.2883080000  -0.6512990000  -2.2410380000   8.3695930000  -0.0000000000   0.0000080000   0.0001450000   0.0000140000   0.0001130000  -0.0000030000  -0.0024620000   0.0112570000   0.0479070000   0.0054920000   0.0156930000  -0.0014010000  -0.0030440000  -0.0270710000  -0.0466460000
   6.0736234515   6.0855584327 2284  3.15E+00  -1.3673960000   0.0606710000   2.1972020000   0.0179140000   0.0015040000   2.1036010000   1.1359210000   0.4648080000   8.1862130000  -0.0087030000   0.2374650000   8.1142620000  -1.1327060000   0.0332680000   8.0793090000   0.0347080000  -0.0014770000  -0.0023120000  -0.0346720000   0.0014800000   0.0024020000  -0.0140930000  -0.0013760000   0.0033280000  -0.0558600000  -0.0127790000  -0.0100390000   0.0699170000   0.0141510000   0.0066220000
   6.0725251761   6.0886919462 2553  1.23E+01   0.9614640000  -0.9915400000   2.8766010000  -0.3153560000  -0.7530070000   1.9736840000   1.2851160000   1.4142230000   7.4338830000   0.5045070000   1.5120670000   8.3901030000  -0.1494580000   1.9615220000   9.2305970000   0.0342310000  -0.0065300000   0.0241060000  -0.0345450000   0.0062600000  -0.0244870000   0.0586200000   0.0166540000  -0.0666530000  -0.0865800000  -0.0245880000   0.1000140000   0.0282730000   0.0082050000  -0.0329800000
   6.0730729028   6.0862291130 2613  3.09E+00  -1.4267340000   0.5295920000   2.4646410000  -0.3906070000  -0.5489420000   2.1035320000   0.1020980000   0.5679510000   8.8748170000   0.7189890000   1.2491330000   8.1002730000   1.3988340000   1.8901870000   7.3847000000  -0.0210620000   0.0218870000   0.0073920000   0.0209590000  -0.0219820000  -0.0073260000  -0.0202590000  -0.0291430000   0.0352940000   0.0135350000   0.0288850000  -0.0382220000   0.0068260000   0.0003520000   0.0028620000
   6.0713371974   6.0873371750 2686  4.76E+00   1.2816220000  -0.0035810000   2.2386150000  -0.1026090000  -0.0700980000   2.0784060000  -0.0917690000   1.5248370000   8.2081430000   0.2562820000   0.3884650000   8.2098890000   0.3310820000  -0.7784690000   8.1088120000  -0.0311890000  -0.0014770000  -0.0035650000   0.0312400000   0.0015420000   0.0035770000  -0.0233160000   0.0149740000  -0.0054170000   0.0419440000  -0.0214650000   0.0097620000  -0.0186780000   0.0064260000  -0.0043590000
   6.0730007247   6.0868073101 2942  6.27E+00  -0.4640730000   1.0233150000   2.7046810000  -0.1225840000   0.0455340000   1.7962590000   0.4939470000  -0.6824320000   7.8078460000   0.2329250000   0.1606890000   8.6755610000  -0.0273500000   0.9575980000   9.5392770000   0.0105130000  -0.0301090000  -0.0280640000  -0.0106160000   0.0303430000   0.0277700000   0.0205900000  -0.0683490000  -0.0656610000  -0.0076220000   0.0309280000   0.0226560000  -0.0128660000   0.0371860000   0.0433000000
   6.0744557911   6.0862333131 3218  3.86E+00   0.0170560000   1.5156470000   2.6771480000  -0.2158690000   0.3842370000   1.9623740000   0.1554820000   0.6197460000   8.0327010000   0.3695980000  -0.4665270000   8.4082660000   0.6440930000  -1.5963160000   8.6871930000  -0.0096020000  -0.0466900000  -0.0295430000   0.0096130000   0.0465470000   0.0293840000   0.0062220000  -0.0142960000  -0.0002290000  -0.0186620000   0.0523470000  -0.0030160000   0.0124290000  -0.0379080000   0.0034040000
   6.0704222062   6.0852853888 3277  2.88E+00   0.6959470000  -0.9365920000   2.5806990000  -0.0097260000   0.0109540000   1.8980460000  -0.7640060000  -0.4116490000   7.9215970000   0.0112730000   0.2376040000   8.4969910000   0.7602690000   0.9252560000   9.0590370000  -0.0266230000   0.0358620000  -0.0258200000   0.0268090000  -0.0357360000   0.0256660000   0.0164350000   0.0182460000   0.0150450000   0.0012840000  -0.0064130000  -0.0028180000  -0.0179050000  -0.0119590000  -0.0120730000
   6.0736376149   6.0854805251 3301  3.57E+00   0.7737970000  -1.1542800000   2.2244830000  -0.0072640000   0.0114510000   2.0921240000  -0.2765160000   1.4091170000   8.2414840000   0.0342410000   0.2665470000   8.0830990000   0.2383350000  -0.9060060000   8.1030330000  -0.0127500000   0.0190680000  -0.0021340000   0.0127560000  -0.0189600000   0.0022560000  -0.0153210000   0.0303970000   0.0167910000   0.0175980000  -0.0040040000  -0.0301100000  -0.0022830000  -0.0265000000   0.0131970000
   6.0721191126   6.0897973479 3527  2.57E+00   1.7283420000   0.2772480000   2.6550620000   0.3585060000   0.1238380000   2.0852390000  -1.6287210000  -0.6693980000   8.1090030000  -0.7015920000   0.0048750000   8.2131070000   0.2560460000   0.7174660000   8.1451680000   0.0141730000   0.0015550000   0.0058660000  -0.0142740000  -0.0016570000  -0.0059640000   0.0396230000   0.0300560000  -0.0061530000  -0.0644670000  -0.0498620000   0.0174900000   0.0249450000   0.0199070000  -0.0112400000
   6.0719630383   6.0866780926 3582  9.56E-01  -0.7902760000   0.2095330000   1.9736170000   0.1244800000  -0.8887950000   2.3121900000  -0.2403110000   2.8493650000   7.1018390000  -0.1924130000   1.8696210000   7.7835570000  -0.1871390000   0.8604470000   8.3842810000  -0.0039910000   0.0047520000  -0.0014660000   0.0040040000  -0.0048580000   0.0015100000  -0.0040170000   0.0256840000  -0.0219980000   0.0067080000  -0.0227580000   0.0249770000  -0.0027050000  -0.0028210000  -0.0030230000
   6.0720021182   6.0865850004 3735  6.72E+00   0.7764380000  -0.0889720000   2.8453830000   0.0463960000  -0.0196730000   1.6913210000  -0.1755090000  -0.2006700000   7.7711660000  -0.1639750000   0.3582490000   8.8274250000   0.0179750000   0.7232620000   9.9771780000  -0.0264690000   0.0025640000  -0.0420550000   0.0265200000  -0.0024270000   0.0415910000   0.0093420000  -0.0260630000  -0.0204910000  -0.0304180000   0.0145810000  -0.0557640000   0.0210250000   0.0113440000   0.0767200000
