   6.0779548353   6.0088395703    1  4.30E+00  -0.2194360000  -1.7727660000   2.7303550000   0.1071110000  -0.4524540000   2.1970930000   0.6505630000   1.8996360000   7.7559710000  -0.1948650000   1.1510520000   8.0587900000  -1.0253930000   0.2953040000   8.0506770000  -0.0006330000  -0.0026550000   0.0010490000   0.0006910000   0.0026690000  -0.0011750000  -0.0111840000  -0.0175010000  -0.0151690000   0.0249730000   0.0393340000   0.0345940000  -0.0138470000  -0.0218480000  -0.0192990000
   6.0791255596   6.0053637723  288  7.02E+00  -1.3788360000  -1.1847310000   5.2873470000  -1.5999640000  -1.5879970000   3.7545280000   3.7412350000   3.7125460000   4.3784070000   2.8866950000   3.1375070000   5.0057950000   2.1692130000   2.6253010000   5.7808100000   0.0063510000   0.0116340000   0.0445500000  -0.0064710000  -0.0118100000  -0.0448040000   0.0465800000   0.0296970000  -0.0183200000  -0.0597360000  -0.0373660000   0.0124650000   0.0132770000   0.0078450000   0.0061090000
   6.0769866336   6.0056195848  311  2.43E+00   1.2797490000  -0.5889750000   2.4995860000  -0.0142950000   0.0079850000   1.9496020000  -1.0650640000   0.2424040000   7.8579350000   0.0021440000   0.2339830000   8.3834820000   1.0542170000   0.2668490000   8.9555380000   0.0236870000  -0.0108980000   0.0101070000  -0.0235010000   0.0108880000  -0.0101520000  -0.0247610000   0.0028290000  -0.0067640000  -0.0129250000  -0.0065830000  -0.0178990000   0.0375000000   0.0037650000   0.0247090000
   6.0781524393   6.0062484607  464  4.98E+00   1.8000730000   0.0453180000   3.9235050000   1.6559510000  -0.6021980000   2.5153840000  -3.3420320000   1.4643830000   8.5074210000  -3.0475320000   1.3517700000   7.3495590000  -2.7538300000   1.2131920000   6.1668510000   0.0034980000   0.0150670000   0.0328490000  -0.0030350000  -0.0152270000  -0.0329890000  -0.0136450000   0.0037790000   0.0512010000  -0.0045350000   0.0063800000   0.0274610000   0.0177170000  -0.0099990000  -0.0785220000
   6.0787434554   6.0064749352  506  5.66E+00   1.3132850000   0.6516630000   2.4935590000  -0.0119910000  -0.0056770000   1.9415290000   1.0492790000   0.2512820000   7.8479170000   0.0041090000   0.2541120000   8.4163230000  -1.0752210000   0.2329250000   8.9816010000   0.0350900000   0.0174370000   0.0145520000  -0.0352770000  -0.0174310000  -0.0147200000   0.0233370000  -0.0014120000  -0.0118300000   0.0458850000   0.0040730000  -0.0237870000  -0.0690350000  -0.0026660000   0.0357860000
   6.0787675787   6.0050348832  520  3.20E+00  -0.3514620000   0.4049030000   2.4990200000   0.5566270000  -0.7591040000   1.9491660000  -0.2989140000   1.2817270000   7.5315940000  -0.9925550000   1.5731160000   8.4299300000  -1.7137690000   1.9906550000   9.2492230000  -0.0237210000   0.0303070000   0.0141690000   0.0236440000  -0.0304650000  -0.0146750000  -0.0097600000   0.0124450000   0.0068220000   0.0061300000  -0.0177030000   0.0050250000   0.0037070000   0.0054170000  -0.0113410000
   6.0760798050   6.0088793580  745  3.17E+00  -0.6050130000  -0.7431570000   2.5258640000   0.2328600000   0.1007450000   1.8733580000   0.0355110000   0.8962380000   7.8260780000  -0.4110920000   0.0979920000   8.5403140000  -0.8517460000  -0.7384490000   9.2487900000   0.0354090000   0.0356370000  -0.0275900000  -0.0354860000  -0.0358300000   0.0273880000  -0.0116370000  -0.0237310000   0.0210560000   0.0162570000   0.0357470000  -0.0291940000  -0.0045430000  -0.0118230000   0.0083400000
   6.0765567775   6.0081469963  770  1.24E+01  -2.1041020000   0.6754470000   4.3809610000  -1.3455540000   1.2110140000   5.7645140000   1.2988620000  -1.9292960000   1.3777900000   2.5243110000  -1.9219340000   1.4219160000   3.6587360000  -2.0308990000   1.4905790000  -0.0265000000  -0.0185370000  -0.0480350000   0.0264850000   0.0188410000   0.0484280000  -0.0769160000  -0.0090080000  -0.0027220000   0.1419860000   0.0105720000   0.0047350000  -0.0650540000  -0.0018690000  -0.0024060000
   6.0795500826   6.0059059404  777  3.55E-01  -0.8442680000  -0.7731210000   2.7562720000   0.0998060000  -0.2270000000   1.8329600000   0.4136260000   1.3064890000   9.4200360000  -0.1965840000   0.6663910000   8.6273230000  -0.7113140000   0.0633300000   7.7767550000   0.0082210000   0.0047380000  -0.0081580000  -0.0080810000  -0.0046770000   0.0077520000   0.0189370000   0.0158140000   0.0132590000  -0.0371530000  -0.0325640000  -0.0311050000   0.0180770000   0.0166880000   0.0182530000
   6.0752730518   6.0074462292 1107  3.06E+00   0.3109290000   0.5379280000   2.0945010000  -1.0654930000  -0.1862250000   2.2161240000   1.2588540000   0.7817680000   8.8714370000   1.9656360000   0.5897830000   7.9398580000   2.5672890000   0.3593180000   6.9695110000   0.0327100000   0.0172690000  -0.0029480000  -0.0329690000  -0.0172390000   0.0028520000  -0.0178030000   0.0005920000   0.0130350000   0.0356260000  -0.0027100000  -0.0311240000  -0.0175640000   0.0020890000   0.0181850000
   6.0776038497   6.0084830728 1293  7.78E+00  -1.0795380000   0.7383270000   2.2171570000  -0.3050540000  -0.6008820000   2.1473680000   1.5259920000   1.6611180000   7.4040300000   0.6141210000   1.2297190000   8.0332830000  -0.3954830000   1.0578480000   8.7024390000  -0.0170710000   0.0294750000   0.0015780000   0.0169800000  -0.0295810000  -0.0015040000   0.0126380000   0.0241050000  -0.0082810000   0.0550890000  -0.0288210000  -0.0363840000  -0.0676350000   0.0048220000   0.0445910000
   6.0760611579   6.0069359832 1380  7.98E+00   1.4823820000   0.9155390000   2.4850570000   0.0792860000   0.3244330000   2.0707660000  -0.3319020000   0.7800130000   8.5721270000  -0.2271980000  -0.3678400000   8.1726570000   0.0130900000  -1.4941820000   7.7954090000   0.0370230000   0.0156160000   0.0109750000  -0.0370810000  -0.0155140000  -0.0109440000   0.0006260000   0.0732420000   0.0275240000  -0.0204080000  -0.0148360000  -0.0106260000   0.0198400000  -0.0585090000  -0.0169290000
   6.0766294343   6.0064981877 1691  2.47E+00   0.5678610000   2.0692250000   3.5736310000  -0.7760750000   2.2495740000   4.1839220000   1.5828440000  -4.4300900000   3.3237240000   1.4616120000  -3.8930580000   4.3337730000   1.1600550000  -3.3250190000   5.3034460000   0.0124880000  -0.0016870000  -0.0057230000  -0.0124950000   0.0018480000   0.0054950000  -0.0184500000   0.0258300000   0.0431230000   0.0226860000  -0.0103750000  -0.0134890000  -0.0042300000  -0.0156160000  -0.0294070000
   6.0779469930   6.0054918329 1715  7.20E+00   0.2720210000  -1.1683200000   3.2820980000   0.1236510000  -1.0459520000   1.9739840000   0.0804940000   1.4324530000   7.4440460000  -0.2372470000   2.2049130000   8.3123450000  -0.5370770000   2.8973440000   9.2517640000  -0.0095310000   0.0077640000  -0.0841430000   0.0094830000  -0.0079680000   0.0835990000   0.0141180000  -0.0355140000  -0.0298930000  -0.0002850000   0.0059640000  -0.0202330000  -0.0137850000   0.0297540000   0.0506700000
   6.0767814175   6.0097457631 2171  2.74E+00  -0.9408850000  -0.7675030000   2.6761750000   0.0131350000   0.0045990000   1.8171970000   0.6453750000  -0.1850440000   7.7905840000  -0.0618980000   0.2156490000   8.6081280000  -0.6052290000   0.7362190000   9.5043910000  -0.0115140000  -0.0092250000   0.0102570000   0.0112770000   0.0093000000  -0.0105400000  -0.0209440000   0.0273690000   0.0461770000   0.0036880000  -0.0306150000  -0.0428150000   0.0174940000   0.0031710000  -0.0030800000
   6.0786890254   6.0078990025 2252  3.78E+00   0.0536510000  -1.6438220000   3.5014800000   0.0335330000  -1.0336240000   2.0498670000   0.0906320000   1.1411550000   7.6500390000  -0.0632540000   2.1533510000   8.2468220000  -0.2139980000   3.1957410000   8.7021550000   0.0005080000  -0.0159110000   0.0373960000  -0.0005490000   0.0157740000  -0.0379840000   0.0013840000  -0.0044440000  -0.0120320000  -0.0083260000   0.0491140000   0.0424590000   0.0069820000  -0.0445340000  -0.0298400000
   6.0752373472   6.0063750086 2438  3.30E+00   0.7722230000   1.1937360000   2.2152880000  -0.0093850000  -0.0151580000   2.0855740000  -0.0077810000   1.3862880000   8.2901330000  -0.0358400000   0.2481370000   8.1618320000   0.0329040000  -0.8843960000   8.0285680000  -0.0022720000  -0.0034990000  -0.0003240000   0.0022360000   0.0035590000   0.0003830000   0.0057520000  -0.0659340000  -0.0062910000  -0.0085700000  -0.0092030000  -0.0041090000   0.0028540000   0.0750780000   0.0103410000
   6.0752762398   6.0067749376 2654  6.13E+00  -0.8545170000  -0.5038820000   2.4473190000  -1.0872970000  -1.7694170000   3.2617580000   1.1685320000   2.7864560000   6.4612270000   2.0596530000   3.4035070000   6.0734610000   2.7693570000   4.2148670000   5.5364380000   0.0040870000   0.0219660000  -0.0141690000  -0.0040240000  -0.0221050000   0.0139670000   0.0313120000   0.0441820000  -0.0274580000  -0.0445610000  -0.0863730000   0.0562000000   0.0131850000   0.0423300000  -0.0285400000
   6.0783204725   6.0055399142 2748  4.05E+00  -0.4528260000   1.3801250000   2.6841900000   0.5812520000   0.4380350000   1.9526390000  -0.6622410000  -0.0467560000   9.3629520000  -1.0816930000  -0.5591020000   8.4104370000  -1.4001190000  -1.1204620000   7.4034890000  -0.0273700000   0.0250720000   0.0193720000   0.0275760000  -0.0247940000  -0.0196140000  -0.0021240000  -0.0138040000  -0.0224040000   0.0040520000   0.0316940000   0.0496550000  -0.0021340000  -0.0181680000  -0.0270090000
   6.0770762316   6.0064794105 3058  3.38E+00   1.2512020000  -0.6712940000   2.7343960000   0.1567680000  -0.2114430000   1.9293560000  -0.8635500000  -0.1882140000   7.8484950000  -0.3683430000   0.7115360000   8.4261190000   0.2782970000   1.4400270000   9.0192900000  -0.0072560000   0.0031300000  -0.0054030000   0.0074230000  -0.0029260000   0.0051450000   0.0134030000  -0.0070290000   0.0068330000   0.0172740000   0.0661500000   0.0298140000  -0.0308440000  -0.0593240000  -0.0363890000
   6.0760977037   6.0092870981 3278  2.65E+00   0.5144690000   0.2507570000   2.6016440000  -0.6227550000   0.2130000000   1.8321770000   0.7905670000  -0.1353420000   9.7318550000   1.1767420000  -0.1873920000   8.6256280000   1.4038300000  -0.1158790000   7.4798600000  -0.0376300000  -0.0012320000  -0.0255990000   0.0373780000   0.0012560000   0.0251070000  -0.0097670000   0.0082460000  -0.0048990000   0.0234140000  -0.0154990000  -0.0106110000  -0.0133950000   0.0072290000   0.0160020000
   6.0766736745   6.0087021890 3362  9.92E+00  -2.2453040000   0.8270800000   4.6617260000  -1.6729790000   0.9935380000   3.1568470000   3.4300700000  -1.5494990000   5.0532530000   3.0808900000  -1.6854960000   6.1599190000   2.7538410000  -1.5116040000   7.2639440000  -0.0177570000  -0.0052280000   0.0467680000   0.0176750000   0.0051760000  -0.0467150000  -0.0039930000   0.0186070000   0.0230940000  -0.0067790000  -0.0358390000   0.0040050000   0.0108530000   0.0172840000  -0.0271530000
   6.0781590543   6.0055637449 3867  1.72E+00   0.1746750000  -1.4280590000   3.4292790000  -0.0875150000  -1.0050170000   1.9482730000   0.1877570000   1.4150760000   7.4377330000   0.1594060000   2.1058600000   8.3744990000   0.1186410000   2.8010080000   9.3305500000   0.0063290000  -0.0103520000   0.0355770000  -0.0063580000   0.0101050000  -0.0361050000  -0.0013350000   0.0157370000   0.0228130000   0.0028130000  -0.0269040000  -0.0389630000  -0.0014490000   0.0114140000   0.0166770000
   6.0780170513   6.0067151794 3870  9.26E-01   1.1570300000  -0.7734380000   2.1812900000  -0.0213790000   0.0115230000   2.1465800000  -0.7838090000   1.1217480000   8.0287170000   0.0142600000   0.2460240000   8.0632170000   0.8069800000  -0.6275810000   8.0614760000  -0.0159260000   0.0106180000  -0.0004540000   0.0159030000  -0.0105910000   0.0004860000  -0.0134670000   0.0145870000  -0.0012670000   0.0076840000  -0.0080170000   0.0017860000   0.0058060000  -0.0065960000  -0.0005510000
