   6.0787620397   6.9980957766  747  6.39E+00  -0.5988210000  -0.5329140000   2.8606200000   0.3641990000  -0.6864380000   1.8039410000  -1.5203350000   1.9550200000   8.0043100000  -0.6797320000   1.3774950000   8.6308140000   0.2494390000   1.1603910000   9.3282130000   0.0052860000  -0.0008780000  -0.0056780000  -0.0051940000   0.0007720000   0.0057910000  -0.0127400000   0.0366140000  -0.0074280000   0.0023070000  -0.0591760000  -0.0016400000   0.0103410000   0.0226680000   0.0089540000
   6.0780315477   6.9950927193 1030  1.39E+01  -0.8506050000  -0.3133030000   2.7932610000   0.2683010000  -0.6387680000   1.8698070000  -1.6698720000   1.7137210000   8.4016410000  -0.4262130000   1.4203660000   8.6033170000   0.7034580000   1.1175890000   8.6268160000  -0.0102350000   0.0029850000   0.0085170000   0.0103390000  -0.0030050000  -0.0084800000  -0.1511360000   0.0342150000  -0.0312310000   0.1552630000  -0.0335800000   0.0392570000  -0.0042310000  -0.0006150000  -0.0080630000
   6.0751996953   6.9979708041 1111  6.53E-01   0.8287230000  -0.2272240000   2.8428460000  -0.0126220000   0.0014780000   1.7035270000   0.8050940000   1.0890950000   9.0434530000   0.0124220000   0.2538740000   8.8437000000  -0.8035930000  -0.5850690000   8.6318690000  -0.0055060000   0.0015270000  -0.0074190000   0.0055610000  -0.0014620000   0.0074880000  -0.0079790000  -0.0069360000  -0.0012950000   0.0258450000   0.0238190000   0.0046620000  -0.0179210000  -0.0169480000  -0.0034370000
   6.0786856603   6.9968791676 1191  4.65E+00   0.8768120000   0.0058890000   3.2060640000   1.2132940000  -0.6998810000   2.0598490000  -1.5610740000   1.3135400000   9.1646860000  -2.2535770000   1.4770390000   8.2047440000  -2.8619010000   1.7603320000   7.1878560000   0.0088010000  -0.0184220000  -0.0298300000  -0.0086990000   0.0183490000   0.0298930000   0.0277710000   0.0015310000   0.0298530000   0.0030460000  -0.0249930000   0.0302960000  -0.0309200000   0.0235350000  -0.0602120000
   6.0756352161   6.9964895657 1652  8.80E-01   0.1765690000  -0.4242960000   2.9706670000  -0.3031810000  -0.1417580000   1.6530780000  -0.2067060000   1.3192660000   9.3660840000   0.5471500000   0.4975040000   8.9645220000   1.2989960000  -0.2703610000   8.4624360000  -0.0039530000   0.0023430000  -0.0107130000   0.0038470000  -0.0022640000   0.0106790000  -0.0134390000   0.0180900000   0.0016990000   0.0015220000  -0.0095100000   0.0109330000   0.0120230000  -0.0086590000  -0.0125980000
   6.0757782262   6.9987883352 2150  9.28E+00   0.6025660000   0.6719340000   2.6683370000   0.7396430000  -0.8367100000   2.0212180000  -2.2017310000   0.9917130000   8.4561680000  -1.3778630000   1.7731160000   8.3057460000  -0.4958310000   2.5012880000   8.0473620000  -0.0046450000   0.0505640000   0.0217100000   0.0045660000  -0.0506350000  -0.0217050000   0.0487590000   0.0391090000  -0.0149540000  -0.0435940000  -0.0284920000   0.0185930000  -0.0050850000  -0.0105470000  -0.0036440000
   6.0767158896   6.9996000045 2291  4.19E+00   1.0912920000   0.8582560000   2.8433920000   0.3055900000   0.2277020000   1.8024250000  -1.0685320000  -1.2268680000   8.6053010000  -0.5176830000  -0.2200840000   8.6031540000  -0.1377920000   0.8884870000   8.7566450000  -0.0014550000  -0.0012090000  -0.0018250000   0.0014270000   0.0010980000   0.0019670000   0.0168470000   0.0605300000   0.0121500000  -0.0050020000  -0.0693440000  -0.0252070000  -0.0118180000   0.0089250000   0.0129150000
   6.0765776004   6.9956583377 2636  3.02E+00  -0.1900660000   0.7751640000   2.8920680000   0.0028360000  -0.0104620000   1.6230210000   0.7542910000   0.9851460000   8.5065750000  -0.0115250000   0.2204830000   8.9406420000  -0.7478280000  -0.4595730000   9.4949430000  -0.0026710000   0.0105740000   0.0172080000   0.0025500000  -0.0107040000  -0.0171860000  -0.0150780000  -0.0110850000   0.0204970000  -0.0275630000  -0.0324510000   0.0003510000   0.0427620000   0.0436650000  -0.0208700000
   6.0768772429   6.9959274902 3009  3.52E+00   0.6546770000  -0.4823530000   3.0328500000   1.2966730000   0.1408020000   1.9935470000  -1.7783420000   0.5816350000   9.1442050000  -2.3758640000   0.0493590000   8.2732260000  -2.9552510000  -0.6038270000   7.4989690000   0.0219340000   0.0213200000  -0.0354310000  -0.0218850000  -0.0212300000   0.0355180000   0.0071000000  -0.0023270000   0.0166030000  -0.0165950000  -0.0000200000  -0.0367570000   0.0094450000   0.0022570000   0.0200670000
   6.0768127943   6.9977077110 3482  1.76E+01  -0.1282910000  -1.4265600000   4.5156370000   1.0643820000  -2.1976770000   3.4489590000  -0.7812640000   4.2768820000   5.3572540000  -1.9218720000   4.2674240000   5.6510960000  -3.0836940000   4.2728640000   5.8922420000  -0.0479100000   0.0309570000   0.0428120000   0.0477960000  -0.0309910000  -0.0427850000   0.0026460000   0.0025490000  -0.0041120000   0.0215900000  -0.0044080000   0.0025530000  -0.0241230000   0.0018940000   0.0015320000
   6.0760615021   6.9978934643 3896  4.15E+00  -1.0363090000  -0.0029430000   2.6888500000  -0.0718430000   0.5739340000   1.8283320000   0.0460660000   0.3956770000   8.8229610000   0.1667250000  -0.7835910000   8.5932400000   0.2528650000  -1.9859460000   8.4267770000   0.0133550000   0.0079740000  -0.0118350000  -0.0133320000  -0.0079900000   0.0119480000  -0.0076720000   0.0561350000   0.0159620000   0.0043370000   0.0163590000  -0.0109820000   0.0033120000  -0.0724780000  -0.0050940000
