   6.0774021568   6.0529839167  742  4.53E+00   1.3156430000   0.3162340000   2.6492190000   0.2391720000  -0.1265370000   1.8945620000  -0.4259830000  -0.4989510000   7.8993510000  -0.4527480000   0.4924280000   8.4609800000  -0.5115160000   1.4289920000   9.1214020000  -0.0281850000  -0.0115190000  -0.0197550000   0.0282200000   0.0117530000   0.0195890000  -0.0048640000   0.0691850000   0.0516220000   0.0043580000  -0.0158670000  -0.0251540000   0.0004710000  -0.0535510000  -0.0263030000
   6.0767465882   6.0546356591  750  6.81E+00  -0.4885970000  -1.0915700000   3.1148920000  -0.7363370000  -0.5228970000   1.9246220000   1.1623730000   1.4725400000   7.3164440000   1.2622230000   1.2145870000   8.4574680000   1.5983120000   0.9835940000   9.5274770000  -0.0126560000   0.0288060000  -0.0605840000   0.0124350000  -0.0291340000   0.0602230000   0.0192970000  -0.0005840000   0.0123030000  -0.0180610000  -0.0137980000   0.0511870000  -0.0010160000   0.0147100000  -0.0631270000
   6.0798973951   6.0518628889  774  3.39E+00  -0.0241790000  -0.2052240000   2.3845860000  -0.8186100000  -1.3232880000   2.4306310000   2.1576910000   3.5802840000   7.6666340000   1.4710910000   2.6830440000   7.5214360000   0.8278270000   1.7149910000   7.3988450000  -0.0266620000  -0.0375260000   0.0014660000   0.0266640000   0.0374910000  -0.0018910000  -0.0409490000  -0.0627360000  -0.0072060000   0.0251200000   0.0486610000   0.0016280000   0.0158270000   0.0141100000   0.0060020000
   6.0790719485   6.0545754428  873  4.22E+00   0.6453560000   0.4754490000   2.7175250000   2.2047320000   0.5320760000   3.0429790000  -4.8333510000  -1.0906830000   7.1737610000  -4.0486350000  -0.6691270000   6.4069030000  -3.1789800000  -0.4066040000   5.6492040000  -0.0440180000  -0.0015630000  -0.0093860000   0.0445630000   0.0016590000   0.0091080000   0.0017500000  -0.0122820000   0.0041680000  -0.0117470000   0.0211380000  -0.0004900000   0.0094520000  -0.0089530000  -0.0034000000
   6.0760338283   6.0506356469 1010  4.68E+00  -1.2785540000   0.4220900000   2.2044790000   0.0130950000  -0.0058410000   2.0837590000   0.7888180000  -0.5984000000   8.0551340000   0.0155320000   0.2784070000   8.1393660000  -0.7853260000   1.0796510000   8.2901790000   0.0477840000  -0.0158150000  -0.0043970000  -0.0478210000   0.0159010000   0.0044900000  -0.0100050000   0.0038330000   0.0076240000  -0.0362330000   0.0496700000  -0.0049220000   0.0462750000  -0.0535890000  -0.0027960000
   6.0799305759   6.0539813219 1029  6.46E+00  -1.6708430000   0.3544710000   2.2819870000  -0.7216310000  -0.8872790000   2.5190100000   0.5813570000   1.2730720000   8.0746360000   1.3784470000   1.7930480000   7.3414220000   2.0931140000   2.4775240000   6.6910600000  -0.0253960000   0.0332570000  -0.0063140000   0.0254780000  -0.0332440000   0.0064100000  -0.0331190000  -0.0079780000   0.0328270000   0.0275250000  -0.0122850000  -0.0303040000   0.0055120000   0.0202510000  -0.0026200000
   6.0768099141   6.0544847948 1277 -1.57E-01   0.0045290000   1.1723860000   3.0482600000   0.1818940000   0.5414480000   1.7252320000  -0.1450520000  -0.3614770000   7.7030760000  -0.3829560000  -0.7561860000   8.7978760000  -0.4761720000  -1.1611720000   9.8853040000  -0.0011480000   0.0041250000   0.0082470000   0.0011300000  -0.0040180000  -0.0088820000   0.0126130000   0.0041540000  -0.0129250000  -0.0232850000  -0.0087200000   0.0276930000   0.0106900000   0.0044590000  -0.0141340000
   6.0770677996   6.0508626508 1422  1.20E+00   0.8959540000   0.7982050000   2.6991700000  -0.0096340000  -0.0143240000   1.8093380000   0.2680550000   1.0876850000   9.4493980000  -0.0385730000   0.2512670000   8.6789920000  -0.2474300000  -0.5673860000   7.8301780000   0.0128020000   0.0115400000   0.0125170000  -0.0127350000  -0.0113240000  -0.0128440000   0.0089080000   0.0089390000   0.0029830000  -0.0086650000   0.0142590000   0.0251830000  -0.0003100000  -0.0234150000  -0.0278390000
   6.0770087027   6.0548158460 1480  4.11E+00   0.9808970000   1.1961380000   2.2047360000  -0.0074080000  -0.0132210000   2.1193520000   1.0058110000   0.8161000000   8.0978580000  -0.0221410000   0.2504380000   8.1233170000  -1.0139910000  -0.3257620000   8.0817260000   0.0241260000   0.0295500000   0.0020980000  -0.0241800000  -0.0295710000  -0.0020760000  -0.0042700000  -0.0044800000  -0.0027420000  -0.0472200000  -0.0232460000   0.0038190000   0.0515440000   0.0277480000  -0.0010990000
   6.0754367885   6.0523373198 1509  1.03E+01   1.0621400000  -1.3154660000   5.9944880000   1.7021270000  -1.1503840000   4.5141350000  -3.6241160000   1.4286250000   3.2450270000  -3.0895050000   2.4010660000   3.5732970000  -2.6243600000   3.2847520000   4.1513480000  -0.0200390000  -0.0051490000   0.0463280000   0.0200590000   0.0052290000  -0.0463880000   0.0148160000   0.0334270000   0.0314960000   0.0126560000   0.0122190000  -0.0236380000  -0.0274910000  -0.0457270000  -0.0077970000
   6.0792440338   6.0544247018 1636  2.46E+00   0.4676430000   0.3581310000   2.7665800000  -0.4181750000   0.2692410000   1.7152960000   0.5867820000   0.0921430000   7.6831060000   0.7529300000  -0.2770730000   8.8058130000   0.9070000000  -0.5636890000   9.9666890000  -0.0274400000  -0.0027660000  -0.0327710000   0.0273840000   0.0027200000   0.0322190000  -0.0049000000   0.0146340000  -0.0257220000  -0.0019760000  -0.0052610000  -0.0334610000   0.0069310000  -0.0093260000   0.0597350000
   6.0781648923   6.0537857556 1734  7.85E+00   1.7061230000   0.5506040000   5.6124630000   2.3052490000  -0.0899330000   4.2544170000  -3.6641870000  -0.0848090000   3.2473770000  -4.1965120000   0.4292630000   4.1673800000  -4.8059720000   0.8646920000   5.0241820000  -0.0185750000   0.0198330000   0.0420210000   0.0186640000  -0.0197190000  -0.0417960000  -0.0075100000  -0.0059200000  -0.0054850000  -0.0272180000   0.0407330000   0.0676180000   0.0346390000  -0.0349270000  -0.0623580000
   6.0794577860   6.0517801816 2007  6.46E+00  -0.0232520000  -0.3710750000   2.2823740000  -0.8606250000  -1.4746610000   2.6691890000   2.3986640000   3.7220630000   6.9210460000   1.4900620000   3.0384680000   7.0828640000   0.7823900000   2.0728350000   7.2886930000  -0.0043720000  -0.0057480000   0.0019670000   0.0043830000   0.0057190000  -0.0023680000  -0.0296050000  -0.0510150000   0.0111120000   0.0443180000   0.1078510000  -0.0238240000  -0.0147240000  -0.0568070000   0.0131130000
   6.0794289344   6.0515226053 2337  1.93E+00   1.3205810000  -0.4060100000   2.4063700000  -0.0103090000   0.0037300000   2.0131400000  -1.0771290000  -0.1624210000   8.6208500000   0.0211410000   0.2060940000   8.3136740000   1.0295430000   0.7023340000   7.9335780000  -0.0031850000   0.0009340000  -0.0009400000   0.0030580000  -0.0010360000   0.0008900000  -0.0439780000  -0.0050340000   0.0073810000   0.0330190000  -0.0109910000   0.0014160000   0.0110850000   0.0161270000  -0.0087470000
   6.0750699015   6.0531276313 2350 -1.20E-01   0.5436360000   0.9079370000   2.8947600000  -0.0152690000   0.3314820000   1.7205900000  -0.4344370000  -0.1039960000   7.7434640000   0.0362320000  -0.3580870000   8.8147430000   0.4492420000  -0.6522220000   9.8651080000  -0.0061240000  -0.0063810000  -0.0132180000   0.0063160000   0.0064190000   0.0126710000  -0.0172050000   0.0043580000  -0.0292710000   0.0236780000  -0.0039370000   0.0383820000  -0.0066650000  -0.0004590000  -0.0085650000
   6.0767932888   6.0511098424 2518  4.23E+00  -0.8076700000  -1.6207000000   3.1071840000   0.6091000000  -1.8502810000   3.2001740000  -0.7619900000   3.7745760000   4.9600110000  -1.0519580000   3.6545240000   6.1138020000  -1.4394160000   3.5125200000   7.2733620000   0.0075020000  -0.0012240000   0.0005390000  -0.0074990000   0.0010950000  -0.0004190000   0.0039830000   0.0045110000  -0.0373850000   0.0303230000   0.0065310000  -0.0496600000  -0.0343090000  -0.0109140000   0.0869260000
   6.0759238293   6.0522541622 2606  3.21E+00   1.0727580000  -0.5829130000   2.6636750000  -0.0177120000   0.0109570000   1.8141950000   0.3132420000   0.9818840000   7.7788870000  -0.0459320000   0.2071680000   8.5832320000  -0.2578890000  -0.4677270000   9.5505540000   0.0146390000  -0.0080700000   0.0113950000  -0.0147320000   0.0078290000  -0.0116150000   0.0066350000   0.0009020000   0.0186830000  -0.0088500000   0.0153480000  -0.0616990000   0.0023080000  -0.0160090000   0.0432360000
   6.0787596976   6.0500764832 2906  2.76E+00  -0.3927190000  -1.1764960000   2.7159830000   0.0079040000   0.0154820000   1.8511460000   0.2604110000   1.1411550000   9.2544050000   0.0277970000   0.2128920000   8.6188710000  -0.2960130000  -0.6164970000   7.8604440000  -0.0071800000  -0.0213500000   0.0153490000   0.0072650000   0.0215250000  -0.0157450000  -0.0173560000  -0.0359080000  -0.0376810000   0.0181460000   0.0139910000   0.0311350000  -0.0008760000   0.0217420000   0.0069420000
   6.0793074708   6.0523806896 3033  4.95E+00   1.5236670000   0.0608760000   2.2209590000  -0.0232480000  -0.0040160000   2.1140230000  -0.4237700000  -0.8083160000   8.0993380000   0.0160600000   0.2584740000   8.1070490000   0.4318260000   1.3181760000   8.1180500000   0.0349160000   0.0014650000   0.0024660000  -0.0349080000  -0.0014250000  -0.0023840000   0.0167850000   0.0449510000   0.0024350000   0.0150040000   0.0315660000  -0.0036380000  -0.0317960000  -0.0765570000   0.0011220000
   6.0751933662   6.0519597695 3436  4.38E+00   0.7076050000   1.1470410000   2.6253490000  -0.0087720000  -0.0136830000   1.8477100000  -0.2156910000  -0.5800760000   9.3552330000   0.0539870000   0.2500780000   8.5983060000   0.1743890000   1.0760870000   7.7979260000   0.0181240000   0.0292910000   0.0195100000  -0.0181220000  -0.0295130000  -0.0198510000  -0.0015020000   0.0286420000  -0.0288530000   0.0172200000   0.0045920000  -0.0019080000  -0.0157200000  -0.0330120000   0.0311020000
   6.0764076236   6.0513558832 3458  2.05E+00  -0.3315750000  -0.8461920000   2.7806790000   0.7849680000  -0.5686820000   1.9864530000  -1.7211800000   0.7238920000   7.3406460000  -1.4262620000   1.2973480000   8.3600720000  -1.1075600000   1.8833180000   9.2886500000   0.0238710000   0.0058670000  -0.0170980000  -0.0235140000  -0.0059390000   0.0166100000  -0.0102420000  -0.0198050000  -0.0415090000   0.0242950000   0.0480980000   0.0938050000  -0.0144100000  -0.0282210000  -0.0518090000
   6.0769353055   6.0541307292 3493  2.33E+00  -0.6563560000   0.7139920000   2.8634840000  -0.8092720000  -0.3376320000   1.8599700000   1.8162500000   1.2110520000   9.5857530000   1.5085350000   0.8478610000   8.5401440000   1.1343520000   0.4813710000   7.5348320000   0.0002730000   0.0023710000   0.0020470000  -0.0004490000  -0.0023450000  -0.0025670000  -0.0198000000  -0.0176610000  -0.0466700000  -0.0085030000  -0.0144340000  -0.0464550000   0.0284800000   0.0320680000   0.0936450000
   6.0788798193   6.0530103575 3582  2.31E+00  -0.8137480000   0.2533820000   1.9547920000   0.1244820000  -0.8858810000   2.3154090000  -0.2344230000   2.8313720000   7.0790370000  -0.1994230000   1.8609700000   7.7849760000  -0.1862980000   0.8676220000   8.3911260000  -0.0155770000   0.0188610000  -0.0059850000   0.0155850000  -0.0190050000   0.0060200000  -0.0026070000   0.0322220000  -0.0284640000   0.0042280000  -0.0466520000   0.0431410000  -0.0016290000   0.0145750000  -0.0147120000
   6.0792847107   6.0513544195 3606  2.19E+00  -2.0281580000  -1.2610470000   3.5166570000  -0.8900880000  -0.9261100000   2.5989880000   0.7488480000   1.8279780000   7.9172550000   1.6493330000   1.9096140000   7.1746170000   2.5861010000   2.1308290000   6.4964390000  -0.0140110000  -0.0041110000   0.0113670000   0.0140700000   0.0041520000  -0.0112580000   0.0121810000   0.0109530000  -0.0019030000  -0.0164220000  -0.0213940000  -0.0030980000   0.0041820000   0.0104010000   0.0048920000
   6.0774650937   6.0541627570 3693  2.57E+00  -0.6582450000  -1.1566010000   2.6730480000  -0.6231710000   0.2316460000   1.9551660000   1.3442970000  -0.9425720000   7.5590190000   1.1336680000  -0.1578000000   8.3938020000   0.9583990000   0.6646810000   9.2079900000  -0.0009280000  -0.0336910000   0.0173510000   0.0007370000   0.0338850000  -0.0175740000  -0.0011880000   0.0185430000   0.0179610000  -0.0022010000  -0.0167730000  -0.0125820000   0.0035790000  -0.0019630000  -0.0051570000
   6.0761018308   6.0546806869 3893  5.28E+00  -0.6653160000  -1.3094660000   3.5259070000  -0.9247210000  -1.0473400000   2.2118880000   2.5174400000   2.9222850000   8.3674780000   1.7385040000   2.1521200000   7.9029020000   0.8376700000   1.4629700000   7.4321830000  -0.0097980000   0.0097930000  -0.0497230000   0.0097660000  -0.0100020000   0.0491970000   0.0174000000   0.0285230000   0.0143060000   0.0480370000   0.0114580000   0.0156690000  -0.0654060000  -0.0397710000  -0.0294500000
