   6.0910338031   6.5482696086  696  5.57E+00   0.8788010000  -0.0871960000   2.9242730000  -0.0063720000   0.0006060000   1.6392920000  -0.8495310000   0.0981680000   9.8031740000  -0.0373400000   0.2323830000   8.9375290000   0.8540190000   0.4175250000   8.1173890000   0.0213620000  -0.0021640000   0.0309620000  -0.0215550000   0.0020920000  -0.0312530000  -0.0253460000  -0.0020630000   0.0347090000  -0.0363490000  -0.0127530000   0.0138760000   0.0618870000   0.0148890000  -0.0482940000
   6.0923752153   6.5485410525  760  4.44E+00  -0.5905200000  -1.2054000000   2.6654890000   0.0075960000   0.0170240000   1.8690140000  -0.1757470000   1.3737190000   8.2728530000   0.0508060000   0.2543890000   8.5455190000   0.1368740000  -0.8860910000   8.8110070000  -0.0156880000  -0.0320960000   0.0209740000   0.0157340000   0.0320550000  -0.0209050000  -0.0084480000  -0.0054280000   0.0021660000   0.0179200000   0.0038930000  -0.0023770000  -0.0095180000   0.0015750000   0.0001420000
   6.0940467984   6.5484533403  882  3.60E+00   0.8040430000   0.4206040000   2.7372160000  -0.0082660000  -0.0061880000   1.7323880000   0.3018830000   1.2135890000   8.1587550000  -0.0237290000   0.2495810000   8.7723590000  -0.2934440000  -0.7088690000   9.4326410000  -0.0324280000  -0.0170980000  -0.0401190000   0.0323720000   0.0169210000   0.0400340000   0.0097280000   0.0194020000  -0.0072890000  -0.0042960000   0.0114730000  -0.0176460000  -0.0053760000  -0.0306980000   0.0250200000
   6.0940259540   6.5473095634  924  2.29E+00   1.0443910000   0.6192620000   2.6437530000  -0.0112320000  -0.0052070000   1.8020730000  -0.9705730000  -0.2988880000   9.1257750000  -0.0042460000   0.2385200000   8.6347920000   0.9640540000   0.7944980000   8.2267560000   0.0098250000   0.0058110000   0.0078590000  -0.0099550000  -0.0058900000  -0.0078690000  -0.0490910000  -0.0262460000   0.0307590000   0.0276920000   0.0128770000  -0.0283710000   0.0215290000   0.0134480000  -0.0023780000
   6.0947056473   6.5452124548 1278  6.27E+00  -0.3897430000  -1.2159840000   3.1550550000  -1.6519350000  -0.6759600000   2.4245270000   1.8308200000   1.4946140000   7.5234320000   3.0247450000   1.4872900000   7.4187410000   4.1732320000   1.5290780000   7.6010860000   0.0292470000  -0.0124960000   0.0168220000  -0.0291320000   0.0124030000  -0.0170600000  -0.0309540000   0.0042250000   0.0231210000   0.0557010000  -0.0068060000  -0.0387960000  -0.0248610000   0.0026740000   0.0159130000
   6.0938639289   6.5468489251 1382  3.08E+00  -0.2034840000   0.1415210000   2.9272430000   0.0004780000  -0.0044440000   1.5954550000   0.6865960000   0.3566020000   9.9770370000   0.0227000000   0.2419320000   9.0160800000  -0.6932050000   0.1627360000   8.1033030000   0.0088750000  -0.0062920000  -0.0574960000  -0.0086920000   0.0062940000   0.0572170000  -0.0039300000   0.0023630000   0.0033090000  -0.0100260000  -0.0067560000  -0.0307040000   0.0137740000   0.0043900000   0.0276740000
   6.0948340671   6.5493433561 1462  6.71E+00  -0.1976280000  -0.3871020000   2.6329520000   0.1401320000  -1.7067420000   2.5542330000  -0.3913130000   4.3851810000   6.7882180000  -0.2311820000   3.4157670000   7.3957310000  -0.1225440000   2.2865600000   7.7386750000   0.0127750000  -0.0498860000  -0.0030100000  -0.0127720000   0.0498930000   0.0028210000   0.0025060000  -0.0479350000   0.0054320000   0.0006590000   0.0633660000   0.0103480000  -0.0031680000  -0.0154380000  -0.0155910000
   6.0929696169   6.5491834511 1511  4.86E+00   0.1701650000  -0.0159740000   2.6623720000  -0.3020940000  -1.0743950000   1.9762100000   0.5790860000   2.6652020000   7.2800520000   0.5674680000   2.1573450000   8.3406740000   0.4929260000   1.7697610000   9.4224160000  -0.0226840000  -0.0509310000  -0.0329800000   0.0226510000   0.0506410000   0.0328990000  -0.0042350000   0.0067330000   0.0091090000   0.0056430000  -0.0305520000   0.0318710000  -0.0013760000   0.0241090000  -0.0408980000
   6.0915003660   6.5492219211 1675  9.67E+00   1.4927030000  -0.6533850000   3.4470590000   1.0287960000  -0.8302300000   2.1979120000  -2.5189630000   2.0047350000   6.9168830000  -1.9210290000   1.6902640000   7.9147340000  -1.2710310000   1.6016020000   8.9486670000  -0.0230200000  -0.0087820000  -0.0618910000   0.0230760000   0.0087140000   0.0619950000  -0.0233910000   0.0265390000  -0.0391290000  -0.0218740000  -0.0335030000  -0.0317700000   0.0452100000   0.0070320000   0.0707950000
   6.0946512725   6.5453884102 1694  2.37E+00   0.4208510000   0.1243390000   2.9244980000  -0.0041920000   0.0029370000   1.6028740000   0.6813890000   0.4643720000   8.0958830000   0.0079160000   0.1707670000   9.0049670000  -0.6929120000   0.0726080000   9.9559220000  -0.0099610000  -0.0028700000  -0.0308740000   0.0098070000   0.0027710000   0.0306020000  -0.0115800000   0.0087360000   0.0181840000   0.0246910000  -0.0200180000  -0.0363820000  -0.0129570000   0.0113810000   0.0184710000
   6.0904540042   6.5499275973 2261  1.26E+00  -0.7415160000   1.0044270000   2.4703440000  -0.0232620000  -0.1403910000   1.9123460000   0.2541850000  -0.6516840000   8.7014390000   0.0882650000   0.5016500000   8.4830230000  -0.1575530000   1.6006330000   8.2252180000  -0.0017000000   0.0027020000   0.0013590000   0.0017320000  -0.0027490000  -0.0013050000  -0.0030700000  -0.0193200000   0.0016320000  -0.0002070000   0.0611900000  -0.0096370000   0.0032450000  -0.0418230000   0.0079510000
   6.0920160998   6.5499995311 2263  1.70E+01   1.2731070000  -0.3321910000   3.0401310000   0.1566190000  -0.3259600000   1.6900430000  -0.3402990000   1.7899770000   9.5448090000  -0.2989040000   0.8972140000   8.7959980000  -0.2977170000  -0.1269860000   8.2212360000   0.0436380000  -0.0001410000   0.0526450000  -0.0435840000   0.0003450000  -0.0528510000  -0.0022130000  -0.0227920000   0.0009700000   0.0052780000   0.0227100000  -0.0197360000  -0.0031200000  -0.0001230000   0.0189720000
   6.0936028792   6.5480843522 2532  4.62E+00  -0.6631980000  -1.0411400000   3.4943520000   0.0358290000  -2.4619920000   3.5865720000   0.2225350000   3.6862450000   5.8319520000  -0.0874230000   4.7294920000   5.3652570000  -0.2940590000   5.8123960000   5.0091960000  -0.0192590000   0.0389910000  -0.0026490000   0.0191560000  -0.0391910000   0.0023840000   0.0094730000  -0.0031700000   0.0117600000  -0.0215910000   0.0275130000  -0.0281190000   0.0122200000  -0.0241430000   0.0166240000
   6.0938473289   6.5453378645 2939  4.45E+00   0.4708500000  -0.9780680000   2.5849640000  -0.1982560000  -0.0410500000   1.8821070000   0.2150650000   1.5171320000   8.6894790000   0.3316980000   0.3416360000   8.5325680000   0.4964030000  -0.8192870000   8.3437820000  -0.0312750000   0.0438310000  -0.0328350000   0.0312510000  -0.0437230000   0.0328540000  -0.0001460000   0.0327380000   0.0033890000  -0.0060900000  -0.0111220000   0.0005400000   0.0062600000  -0.0217240000  -0.0039490000
   6.0941408488   6.5483308052 3199  3.35E+00  -1.7589770000  -0.3287000000   2.9215560000  -0.5794610000  -0.9649590000   2.2845790000   2.1689360000   2.2023910000   7.3139770000   1.0691810000   2.0795180000   7.7527630000   0.0332270000   1.7641420000   8.2734350000  -0.0099150000   0.0054120000   0.0054000000   0.0099590000  -0.0053290000  -0.0053670000   0.0296020000  -0.0082310000  -0.0040060000   0.0036910000   0.0306190000  -0.0211960000  -0.0333370000  -0.0224720000   0.0251680000
   6.0939456024   6.5466391084 3620  1.54E+00   0.4357660000  -0.2832310000   2.9546860000  -0.2454620000  -1.1890550000   1.9331700000   0.8531030000   3.4188550000   8.9052920000   0.4258490000   2.4059190000   8.4231910000   0.0256570000   1.4189780000   7.9317650000   0.0122420000   0.0162520000   0.0181920000  -0.0121760000  -0.0162350000  -0.0184740000   0.0186400000   0.0420360000   0.0190700000  -0.0217650000  -0.0478110000  -0.0217060000   0.0030590000   0.0057590000   0.0029180000
   6.0924345123   6.5496766335 3835  6.22E+00  -0.4691150000   0.4565240000   2.4168580000   0.7589860000  -0.4111690000   1.9131740000  -0.6384150000   0.8289350000   9.3899950000  -1.3446860000   0.9217680000   8.4280710000  -2.1131400000   1.1914880000   7.5771520000  -0.0335580000   0.0237330000   0.0137700000   0.0337390000  -0.0238220000  -0.0137720000   0.0181590000   0.0083590000   0.0381390000  -0.0127290000  -0.0201490000  -0.0457620000  -0.0056100000   0.0118790000   0.0076250000
   6.0903008541   6.5464818141 3855  7.94E+00  -0.8861470000  -1.5409200000   3.6488920000  -0.8480590000  -1.1541430000   2.3629350000   0.9543600000   1.5061500000   8.0664910000   1.6074240000   2.3598790000   7.6058650000   2.1301930000   3.2711240000   7.1940420000   0.0019430000   0.0194190000  -0.0645270000  -0.0018420000  -0.0193290000   0.0643900000   0.0032960000   0.0216710000  -0.0034880000   0.0542730000   0.0573440000  -0.0387740000  -0.0576700000  -0.0791050000   0.0424000000
   6.0903386594   6.5464374312 3869  2.97E+00  -1.0151960000  -1.1877950000   3.4820470000  -0.5903710000  -1.0421660000   2.0959050000   1.7545330000   2.3668740000   7.1689430000   1.0279550000   2.2268640000   8.0926720000   0.4862070000   1.9287640000   9.0702700000  -0.0004240000  -0.0001180000   0.0012860000   0.0002450000   0.0000540000  -0.0012500000   0.0167500000  -0.0092680000   0.0010640000  -0.0475100000   0.0099820000   0.0267480000   0.0309380000  -0.0006490000  -0.0278480000
   6.0947467587   6.5471864105 3886  3.46E+00  -0.7535730000   0.2882990000   2.8542260000  -0.1956260000   1.1563400000   1.9493460000   0.7536290000  -2.9442950000   8.5389360000   0.3692640000  -1.8423450000   8.4529340000  -0.0063510000  -0.7781970000   8.2013370000   0.0187430000   0.0290980000  -0.0304260000  -0.0187070000  -0.0291710000   0.0302330000  -0.0030590000   0.0078270000  -0.0117760000  -0.0119120000   0.0356100000   0.0123620000   0.0149360000  -0.0433630000  -0.0003930000
   6.0937943176   6.5490778407 3905  1.54E+00   0.7246290000   0.0197870000   2.9231460000  -0.0058990000  -0.0004400000   1.6210730000  -0.7001720000  -0.0230550000   9.8832900000  -0.0532980000   0.2961490000   8.9607600000   0.7239900000   0.4893620000   8.1108940000   0.0077690000   0.0001850000   0.0138300000  -0.0079490000  -0.0002450000  -0.0141060000   0.0131520000  -0.0065420000  -0.0004320000  -0.0078890000   0.0186090000  -0.0218320000  -0.0050830000  -0.0120070000   0.0225400000
   6.0932526956   6.5485559360 3984  3.03E+00   0.3080560000   1.0291150000   2.8220340000   0.0010570000  -0.0133820000   1.6984220000  -0.6126700000   1.0157380000   9.4917740000  -0.0147780000   0.2565700000   8.8574860000   0.5990790000  -0.5186750000   8.2000090000   0.0074220000   0.0254400000   0.0273400000  -0.0075480000  -0.0252780000  -0.0274780000   0.0184020000  -0.0231310000  -0.0192070000  -0.0282700000   0.0354320000   0.0283540000   0.0099950000  -0.0124630000  -0.0090100000
