   6.1042069792   6.0723699342 1025  7.14E+00   0.1399190000  -1.5165110000   3.2815060000  -0.1512650000  -0.8850290000   1.9959900000  -0.5141660000   1.5951840000   7.5268600000   0.2858790000   1.9870210000   8.2780350000   1.0461960000   2.1164330000   9.0848390000   0.0007320000  -0.0014640000   0.0027580000  -0.0004960000   0.0012750000  -0.0031710000   0.0238450000  -0.0066110000   0.0322260000   0.0740300000   0.0438000000   0.0639580000  -0.0981110000  -0.0369990000  -0.0957710000
   6.1011016042   6.0738570040 1077  3.30E+00  -0.2383500000  -1.1797530000   2.6438650000   0.0010390000   0.0157420000   1.8620130000  -0.6553840000   0.8520620000   7.8420980000  -0.0249070000   0.2261500000   8.5769350000   0.6839080000  -0.3384490000   9.2545040000   0.0004940000   0.0021750000  -0.0014630000  -0.0003370000  -0.0023740000   0.0012480000   0.0368250000  -0.0254640000   0.0338800000   0.0172450000  -0.0272620000   0.0276430000  -0.0542270000   0.0529250000  -0.0613070000
   6.1047302237   6.0736990927 1087  1.15E+01   1.2729580000  -0.9231240000   2.6484560000  -0.2402160000  -1.3641810000   2.4926550000  -0.6249720000   2.0838310000   7.4779330000   0.4331040000   2.7769850000   7.4308790000   1.4193370000   3.3903830000   7.3291390000   0.0412140000   0.0120460000   0.0042430000  -0.0410040000  -0.0120480000  -0.0044390000  -0.1079860000  -0.0711630000   0.0033580000   0.1159850000   0.0776560000  -0.0012750000  -0.0082090000  -0.0064910000  -0.0018880000
   6.1026215143   6.0706534190 1144  2.06E+00  -0.6190510000   0.2954250000   2.5104720000  -0.6467710000  -1.0662440000   2.1759210000   1.7085720000   1.7906710000   6.9866620000   1.2047450000   2.2049410000   8.0122450000   0.6561640000   2.5482280000   8.9745200000  -0.0006500000  -0.0262740000  -0.0065240000   0.0002900000   0.0260950000   0.0062200000   0.0232920000  -0.0241420000  -0.0532800000  -0.0302050000   0.0347140000   0.0744730000   0.0072730000  -0.0103930000  -0.0208880000
   6.1012699793   6.0718828838 1190  4.10E+00  -1.1559820000   0.5224020000   2.3740490000   0.0146750000  -0.0100240000   1.9564110000   0.8629250000   0.8959270000   7.9001040000  -0.0084680000   0.2474890000   8.3601270000  -0.8570280000  -0.3768910000   8.9048070000   0.0524180000  -0.0238870000  -0.0186580000  -0.0525620000   0.0237670000   0.0186550000   0.0066900000   0.0053700000   0.0047710000   0.0075910000   0.0047310000  -0.0212230000  -0.0141380000  -0.0099810000   0.0164560000
   6.1011215716   6.0717667175 1348  4.69E+00   0.4399430000   1.2857370000   2.1850300000  -0.0027840000  -0.0166600000   2.0800600000  -1.0380260000   0.7220030000   8.0171470000   0.0107710000   0.2882110000   8.1887320000   1.0161250000  -0.2484910000   8.3108040000  -0.0132280000  -0.0389730000  -0.0030970000   0.0133070000   0.0389630000   0.0031460000   0.0543400000  -0.0317130000   0.0075990000   0.0060750000   0.0090640000   0.0015440000  -0.0604940000   0.0226600000  -0.0091930000
   6.1028269696   6.0744274663 1404  5.14E+00  -1.4426020000   0.6120850000   3.3341370000  -1.6854750000  -0.6541910000   2.5526980000   4.1512460000   1.3564750000   7.6793030000   3.0794200000   1.4469250000   7.3464750000   2.0456040000   1.4736230000   6.8480590000   0.0032920000   0.0177900000   0.0108380000  -0.0035860000  -0.0180200000  -0.0112850000  -0.1025710000   0.0039460000  -0.0459040000   0.0339250000   0.0023400000   0.0269300000   0.0689410000  -0.0060560000   0.0194210000
   6.1038427232   6.0731473663 1404  5.40E+00  -1.4327660000   0.6136280000   3.3221350000  -1.6855790000  -0.6541660000   2.5530220000   4.1487090000   1.3584630000   7.6811220000   3.0806290000   1.4443800000   7.3465620000   2.0471330000   1.4733230000   6.8453140000   0.0032370000   0.0168370000   0.0100710000  -0.0035360000  -0.0170710000  -0.0105250000  -0.1110990000   0.0047100000  -0.0489480000   0.0443090000   0.0011510000   0.0307240000   0.0670880000  -0.0056270000   0.0186780000
   6.1026976787   6.0720746406 1438  5.64E+00   0.9902130000  -2.1180800000   3.8932490000   1.2868550000  -1.1294180000   2.9726320000  -3.3491030000   2.4156770000   5.8443010000  -2.3600510000   2.2658810000   6.5008410000  -1.3684700000   2.3450460000   7.1854030000   0.0083000000   0.0278930000  -0.0259430000  -0.0084730000  -0.0278770000   0.0259150000  -0.0325520000   0.0190540000  -0.0189380000  -0.0091420000  -0.0371050000  -0.0132670000   0.0418670000   0.0180350000   0.0322330000
   6.1039109139   6.0716589107 1449  6.85E+00  -1.0872430000  -0.7505680000   2.1837090000   0.3175080000  -0.0534750000   2.1059530000  -0.4284200000   1.5409900000   8.1569200000  -0.6456170000   0.3736460000   8.1669220000  -0.6041240000  -0.8194550000   8.0581720000  -0.0356050000  -0.0176180000   0.0019860000   0.0355600000   0.0177200000  -0.0020250000   0.0197110000   0.0183890000  -0.0062960000  -0.0368870000   0.0186200000   0.0152020000   0.0172220000  -0.0371110000  -0.0088670000
   6.1021240386   6.0730969718 1480  5.51E+00   0.9901370000   1.2082650000   2.1990620000  -0.0075590000  -0.0133880000   2.1126060000   1.0022190000   0.8123570000   8.1067000000  -0.0239430000   0.2512050000   8.1397350000  -1.0088730000  -0.3225240000   8.0946050000   0.0265170000   0.0324980000   0.0023080000  -0.0265760000  -0.0325210000  -0.0022910000  -0.0110400000  -0.0085710000  -0.0033820000  -0.0556050000  -0.0276340000   0.0045500000   0.0667040000   0.0362280000  -0.0011850000
   6.1033678049   6.0704472937 1533  2.49E+00   1.0767200000  -0.8726860000   3.0583330000   0.1728300000  -0.5960140000   1.8659830000  -1.1184450000   1.7806410000   9.3278840000  -0.3408080000   1.3790810000   8.5511700000   0.4432980000   0.9033830000   7.7421200000   0.0153680000  -0.0047690000   0.0200820000  -0.0155150000   0.0046620000  -0.0206200000  -0.0008230000  -0.0036640000  -0.0003700000  -0.0460520000   0.0358350000   0.0487770000   0.0470230000  -0.0320630000  -0.0478690000
   6.1040409761   6.0702247036 1551  3.20E+00  -0.8093350000  -0.0780980000   2.2326260000   0.5047120000  -0.3793080000   2.0324150000  -0.0834930000   0.7159310000   9.0535730000  -0.8838270000   0.9283780000   8.2526570000  -1.7226870000   1.1740920000   7.4613440000   0.0509510000  -0.0117010000  -0.0078270000  -0.0507010000   0.0115800000   0.0077210000  -0.0328800000   0.0104380000  -0.0286210000   0.0366100000  -0.0133370000   0.0266150000  -0.0039800000   0.0030210000   0.0021120000
   6.1025088888   6.0717785589 1701  5.13E-01  -1.0208920000  -0.2990760000   2.7688650000   0.0105410000   0.0062790000   1.7438070000  -0.2581330000   0.8216740000   7.7545840000  -0.0062010000   0.2177480000   8.7641890000   0.2744620000  -0.3099760000   9.7839230000  -0.0092410000  -0.0028290000   0.0090470000   0.0092790000   0.0025920000  -0.0094880000  -0.0076320000   0.0275210000  -0.0349020000   0.0008530000  -0.0225270000   0.0161560000   0.0067410000  -0.0047570000   0.0191870000
   6.1027513314   6.0730629267 1885  5.20E-01   1.3369850000   0.1373240000   2.5333950000  -0.0168130000  -0.0024090000   1.9073330000  -0.2368190000   1.2573890000   9.0185920000  -0.0101700000   0.2505090000   8.4845240000   0.2441890000  -0.7543930000   7.9280050000   0.0161950000   0.0017430000   0.0074670000  -0.0162440000  -0.0015180000  -0.0076450000   0.0061530000  -0.0191010000  -0.0108820000  -0.0074460000   0.0171720000   0.0093930000   0.0013410000   0.0017040000   0.0016670000
   6.1045527488   6.0732438380 2119  5.16E+00   1.0170390000  -1.1451380000   3.8567100000   0.5762530000  -2.3697140000   4.4503740000  -0.6460100000   3.5321660000   3.7032620000  -1.1449160000   4.5634590000   3.7981000000  -1.4365290000   5.6368120000   3.9774780000  -0.0035240000  -0.0102040000   0.0048560000   0.0036200000   0.0095850000  -0.0047600000  -0.0142540000   0.0686000000   0.0123470000  -0.0310990000   0.0336510000  -0.0016140000   0.0452580000  -0.1016320000  -0.0108310000
   6.1009980446   6.0732042405 2337  2.84E+00   1.3692960000  -0.4218620000   2.4112070000  -0.0110080000   0.0039250000   2.0045040000  -1.0825950000  -0.1603490000   8.6396520000   0.0227760000   0.2092030000   8.3282010000   1.0342040000   0.6979510000   7.9466980000   0.0172880000  -0.0053790000   0.0050950000  -0.0174070000   0.0052830000  -0.0051400000  -0.0555820000  -0.0094860000   0.0109480000   0.0438480000  -0.0061710000  -0.0020210000   0.0118530000   0.0157530000  -0.0088830000
   6.1016810759   6.0713628133 2354  9.39E+00   2.0475330000  -1.4304760000   3.9664800000   1.3644570000  -0.7857160000   2.8404850000  -3.3380780000   1.5883540000   5.8589950000  -2.4200920000   1.7173010000   6.6798430000  -1.7886020000   1.8243270000   7.6916910000   0.0024260000  -0.0022860000   0.0041200000  -0.0024560000   0.0024110000  -0.0039640000  -0.0841450000  -0.0098580000  -0.0481250000   0.0807260000   0.0069300000   0.0039050000   0.0034500000   0.0028030000   0.0440630000
   6.1024106113   6.0701020115 2375  5.71E-01   1.1078580000  -0.9179650000   3.2984160000   0.7888820000  -0.5393080000   1.9460890000  -2.3833430000   1.3701480000   9.1397140000  -1.4380000000   1.2587590000   8.3993860000  -0.5468220000   1.1238520000   7.6290400000  -0.0014880000   0.0017010000  -0.0065070000   0.0014890000  -0.0018780000   0.0060750000  -0.0491930000   0.0041420000   0.0345450000   0.0384840000  -0.0010550000  -0.0217820000   0.0107090000  -0.0029100000  -0.0123310000
   6.1023762488   6.0700275569 2440  7.62E+00  -0.5714430000   0.7306230000   1.9733390000   0.4732550000  -0.4511260000   2.1124170000  -1.8722510000   1.1100660000   7.4888950000  -0.8072890000   1.0744310000   8.0614560000   0.1507300000   0.9780390000   8.7863460000  -0.0282450000   0.0320280000  -0.0037750000   0.0284540000  -0.0320300000   0.0038060000  -0.0563720000  -0.0013980000  -0.0161860000   0.0188510000   0.0090510000  -0.0264170000   0.0373120000  -0.0076510000   0.0425720000
   6.1004560900   6.0747768152 2590  4.79E+00   0.9752180000   0.5152400000   3.0046560000   0.3957860000   0.3814520000   1.7412980000  -1.2390860000  -0.4181900000   9.8222010000  -0.8274070000  -0.5367940000   8.7369620000  -0.1778710000  -0.4286910000   7.7344190000  -0.0127570000  -0.0029070000  -0.0280870000   0.0127290000   0.0030020000   0.0274710000   0.0212470000   0.0133480000  -0.0089080000  -0.0519260000  -0.0306400000   0.0253640000   0.0307060000   0.0171960000  -0.0158400000
   6.1014003299   6.0712008122 2790  4.96E+00  -1.1262960000  -1.7797850000   3.7472970000  -0.4485150000  -1.3593520000   2.5857740000   1.4180360000   3.1287610000   6.2233980000   0.8842890000   2.7943920000   7.2489450000   0.2290820000   2.3622400000   8.1859600000   0.0111770000   0.0069270000  -0.0191100000  -0.0112290000  -0.0070140000   0.0191430000   0.0163320000   0.0099570000  -0.0471010000   0.0323520000   0.0225760000  -0.0091920000  -0.0486320000  -0.0324470000   0.0562590000
   6.1030951176   6.0713294233 2803  6.73E+00   0.5394140000  -0.0629670000   1.7847730000  -0.5223470000  -0.7501860000   2.3486650000   1.8079680000   2.1869800000   7.1239900000   0.8688400000   1.6647470000   7.6289370000   0.1145450000   1.0015520000   8.3079380000  -0.0291230000  -0.0188280000   0.0154860000   0.0290670000   0.0188960000  -0.0153750000   0.0269530000   0.0007470000   0.0037270000  -0.0024080000   0.0387180000  -0.0479920000  -0.0244890000  -0.0395340000   0.0441540000
   6.1007869086   6.0705424503 2838  4.38E+00   0.2996730000  -1.6877330000   2.8037280000   0.9280440000  -0.4347280000   2.3166260000  -0.7193920000   1.0289160000   8.3920000000  -1.7439820000   1.1323830000   7.8127220000  -2.6251650000   1.0861510000   6.9977710000  -0.0052960000  -0.0106330000   0.0041340000   0.0054530000   0.0106060000  -0.0041780000   0.0168030000  -0.0099590000  -0.0093170000   0.0022650000   0.0203530000   0.0481930000  -0.0192250000  -0.0103670000  -0.0388320000
   6.1032121013   6.0740649367 2838  4.33E+00   0.3094910000  -1.6799180000   2.8032310000   0.9282810000  -0.4349590000   2.3164750000  -0.7179490000   1.0298120000   8.3880620000  -1.7462680000   1.1311560000   7.8153080000  -2.6266930000   1.0868380000   7.0005500000  -0.0033960000  -0.0069040000   0.0027000000   0.0035510000   0.0068760000  -0.0027450000   0.0166290000  -0.0096680000  -0.0101090000   0.0010450000   0.0197310000   0.0484710000  -0.0178290000  -0.0100350000  -0.0383160000
   6.1034114744   6.0703083271 2843  3.39E-01  -1.6551670000   0.0270810000   4.1501380000  -2.1403610000   0.9983780000   3.2402500000   3.1705270000  -1.1534970000   5.2433840000   3.9393630000  -1.5479000000   6.0135490000   4.6659680000  -1.9846750000   6.7993910000  -0.0066670000   0.0130440000  -0.0121840000   0.0061590000  -0.0128890000   0.0121280000   0.0272450000  -0.0182300000   0.0300120000  -0.0017300000   0.0078200000  -0.0070390000  -0.0250070000   0.0102550000  -0.0229160000
