   6.1021912610   6.3245421081  112  2.95E+00  -0.9840310000  -0.4223000000   2.6638740000   0.0125860000   0.0046170000   1.7947390000  -0.3639960000   1.1792120000   9.3147860000   0.0263930000   0.2957520000   8.6388370000   0.3433210000  -0.7100110000   8.0700680000   0.0249760000   0.0107840000  -0.0218240000  -0.0250480000  -0.0105640000   0.0216860000  -0.0081390000   0.0005780000   0.0136580000   0.0032320000   0.0366230000  -0.0054530000   0.0049780000  -0.0374210000  -0.0080680000
   6.1030100403   6.3209167889  689  3.75E+00   1.4784880000  -0.9964710000   2.9078760000   0.0491490000  -1.5330110000   2.6469160000   0.2750460000   2.1766330000   7.7597920000  -0.1467740000   3.0645560000   7.1638500000  -0.5034750000   3.9295000000   6.4609750000   0.0315330000   0.0118740000   0.0057630000  -0.0315770000  -0.0118190000  -0.0057850000  -0.0158950000   0.0424570000  -0.0351610000   0.0072970000  -0.0318120000   0.0337260000   0.0086420000  -0.0107000000   0.0014570000
   6.1011531467   6.3240667605  731  3.29E+00  -1.3571850000   0.3646200000   4.1523980000  -2.2253830000   1.3080800000   4.9201860000   4.9579260000  -2.8574460000   2.8907010000   4.0463060000  -2.1698030000   2.8862800000   3.2041360000  -1.3818580000   3.1095570000   0.0093390000  -0.0103660000  -0.0084210000  -0.0098730000   0.0105080000   0.0085640000  -0.0503600000   0.0492590000   0.0163400000   0.0326860000  -0.0454900000  -0.0296610000   0.0182080000  -0.0039110000   0.0131770000
   6.1021821030   6.3200039187 1324  3.66E+00  -0.3033940000  -2.1934520000   3.8602710000  -0.4842130000  -1.3205080000   2.5984780000   0.4078070000   1.9664590000   7.9633530000   0.8978700000   2.7477070000   7.2334800000   1.3555550000   3.3916500000   6.3870490000   0.0038850000  -0.0186610000   0.0269820000  -0.0038710000   0.0186800000  -0.0270280000  -0.0003960000  -0.0059590000  -0.0091910000   0.0167950000   0.0348350000  -0.0104180000  -0.0164130000  -0.0288960000   0.0196550000
   6.1015391040   6.3237196022 1481  4.70E+00  -0.1598170000   1.5810400000   3.2590050000  -0.7493720000   0.8737160000   1.9635250000   1.1917630000  -1.9070150000   7.3010300000   1.3865900000  -1.3802300000   8.3647160000   1.5199400000  -0.8323380000   9.4091510000   0.0164400000   0.0198140000   0.0361500000  -0.0165110000  -0.0195430000  -0.0362750000  -0.0105530000  -0.0198950000  -0.0402140000   0.0109220000   0.0055070000   0.0159280000  -0.0002980000   0.0141180000   0.0244110000
   6.1000707259   6.3239375681 1687  1.19E+01  -0.7860710000  -1.2071850000   3.2324380000  -0.4845440000  -0.6778630000   2.0122050000   1.4843550000   1.9618480000   7.4110520000   0.9519690000   1.5827430000   8.3711520000   0.2704560000   0.9991330000   9.0528490000   0.0114700000   0.0201600000  -0.0465550000  -0.0116270000  -0.0203290000   0.0464330000  -0.0347800000  -0.0323710000   0.0207860000  -0.0258690000  -0.0134150000   0.0740640000   0.0608060000   0.0459550000  -0.0947280000
   6.1006650419   6.3231710119 1822  5.39E+00   0.0812860000  -1.1600050000   3.4643040000   0.2431100000  -1.2012410000   1.9627560000   0.0298410000   2.2016220000   7.2879350000  -0.5481520000   2.4918340000   8.3105390000  -0.8376130000   2.6878130000   9.4538270000  -0.0024480000   0.0004660000   0.0221160000   0.0023380000  -0.0007880000  -0.0224510000   0.0410860000  -0.0164000000  -0.0332970000  -0.0490710000   0.0159680000  -0.0100460000   0.0080950000   0.0007530000   0.0436790000
   6.1004228332   6.3237742269 2746  1.18E+01  -0.3305180000  -1.0115450000   2.5269350000  -0.0857960000  -2.2139340000   3.5394920000   0.1620920000   4.5293090000   6.7284360000   0.1848420000   4.2897100000   5.5012010000   0.1484590000   4.0587510000   4.3067390000  -0.0068640000   0.0336030000  -0.0283450000   0.0068630000  -0.0337720000   0.0284580000  -0.0050390000   0.0238070000   0.1179730000   0.0100830000  -0.0117140000  -0.0474440000  -0.0050420000  -0.0119230000  -0.0706410000
   6.1015820294   6.3248110761 2790  2.07E+01  -1.4954630000  -1.2612180000   3.3616840000  -0.3154600000  -0.8908740000   2.0793800000   1.3600300000   2.7544370000   8.1897430000   0.5824730000   1.9132190000   8.1402230000  -0.1275840000   1.0256930000   8.1038890000  -0.0474660000  -0.0148890000   0.0514800000   0.0475410000   0.0149650000  -0.0516770000  -0.0371860000  -0.0492840000  -0.0008570000  -0.0243440000  -0.0178790000  -0.0048000000   0.0614550000   0.0670870000   0.0058540000
   6.1014806217   6.3205998783 3309  5.50E+00  -1.7463270000  -0.4410890000   3.8180200000  -1.5625020000  -0.3926750000   2.4317940000   4.0531010000   1.0025820000   7.2731700000   2.8803040000   0.8935030000   7.5651810000   1.6982040000   1.0032480000   7.6633500000   0.0038020000   0.0009590000  -0.0288070000  -0.0037990000  -0.0010720000   0.0285800000   0.0605790000   0.0188320000  -0.0261100000  -0.0363690000  -0.0344940000   0.0343780000  -0.0242140000   0.0157740000  -0.0080410000
