   6.1020687618   6.4232477783  207  3.12E+00  -1.1320950000   0.0266240000   2.7888460000   0.0180990000  -0.0035710000   1.7388990000  -0.9312460000  -0.0035090000   9.4695860000  -0.0077840000   0.2969640000   8.7803470000   0.9180260000   0.4844080000   8.0800440000  -0.0270890000   0.0007040000   0.0247050000   0.0269230000  -0.0007320000  -0.0247930000  -0.0231610000  -0.0147420000   0.0175890000   0.0228150000   0.0218070000  -0.0186530000   0.0005130000  -0.0070370000   0.0011520000
   6.1029456709   6.4226496497  782  1.45E+00  -0.1916120000   0.3568920000   2.9699100000   0.0068490000  -0.0065050000   1.5968820000  -0.3107290000   0.8146620000  10.0239420000  -0.0273880000   0.1987610000   9.0685960000   0.3091580000  -0.2661930000   8.0071550000   0.0013000000  -0.0024130000  -0.0095320000  -0.0014080000   0.0025370000   0.0090930000   0.0033920000   0.0092200000  -0.0064600000  -0.0199260000  -0.0003520000   0.0530650000   0.0166430000  -0.0089910000  -0.0461670000
   6.1016300400   6.4246857940  948  2.42E+00  -0.0508600000  -0.0090880000   2.9827090000   0.0045690000   0.0009860000   1.5627930000   0.3501990000  -0.0183360000   7.9781460000  -0.0698510000   0.2205410000   9.0799870000  -0.3173740000   0.5360970000  10.2138460000   0.0005900000   0.0001390000  -0.0168070000  -0.0007180000  -0.0000970000   0.0163700000   0.0260500000  -0.0045900000  -0.0378090000  -0.0249510000  -0.0139300000  -0.0143500000  -0.0009710000   0.0184780000   0.0525960000
   6.1046544391   6.4213455142 1139  3.52E+00   0.2803310000  -0.6654260000   2.4933550000   0.1374230000   0.6693570000   1.8797980000  -0.2360620000  -1.8611290000   7.7696900000  -0.3455930000  -0.9540280000   8.5589740000  -0.2084820000  -0.0360180000   9.2610540000   0.0009030000  -0.0083370000   0.0037850000  -0.0009260000   0.0085750000  -0.0039270000   0.0198320000  -0.0341410000  -0.0335150000  -0.0332700000   0.0489380000   0.0504630000   0.0134600000  -0.0150340000  -0.0168070000
   6.1020062545   6.4221333539 1278  5.01E+00  -0.6209280000  -1.0079630000   3.2692260000  -1.6600110000  -0.6816140000   2.4237600000   1.8357030000   1.4417620000   7.3750280000   3.0336070000   1.5100750000   7.4571060000   4.2165970000   1.5799530000   7.7173240000  -0.0314820000   0.0098630000  -0.0257250000   0.0315100000  -0.0099800000   0.0254540000  -0.0461400000  -0.0018290000   0.0083950000  -0.0200110000  -0.0022790000  -0.0332700000   0.0661230000   0.0042250000   0.0251470000
   6.1026339002   6.4221289922 1404  1.92E+00   0.1571120000  -1.9249560000   4.8038700000   0.1952510000  -2.0963060000   3.3309870000  -1.0244340000   4.0171810000   4.8741610000  -0.3950220000   4.0575160000   5.8749990000   0.3359480000   4.2152710000   6.7782710000  -0.0003040000   0.0014860000   0.0123060000   0.0003600000  -0.0014740000  -0.0121720000   0.0013270000   0.0091680000  -0.0141240000  -0.0050200000  -0.0173020000   0.0237500000   0.0036360000   0.0081220000  -0.0097590000
   6.1042212774   6.4211428372 1706  3.25E+00   1.3911920000  -0.5601170000   2.5597900000   0.0826810000  -0.8908280000   2.2052120000  -0.1673860000   0.8371840000   8.5144350000  -0.2120840000   1.8891830000   7.9162770000  -0.1739800000   2.9165850000   7.3693970000  -0.0292870000  -0.0073730000  -0.0078890000   0.0292510000   0.0074350000   0.0079680000   0.0071090000  -0.0513050000   0.0332220000  -0.0114920000   0.0670470000  -0.0457240000   0.0044180000  -0.0158050000   0.0124220000
   6.1008051751   6.4233128210 1858  3.03E+00   0.7319660000   0.5398980000   2.9370050000   0.2175160000   0.0448890000   1.7039290000   0.1100620000   0.8782150000   9.6176590000  -0.4367140000   0.1059130000   8.9090790000  -0.9146670000  -0.5282510000   8.0006440000  -0.0051750000  -0.0049820000  -0.0125840000   0.0053280000   0.0051140000   0.0123410000   0.0115970000   0.0189970000  -0.0020060000   0.0031230000  -0.0025880000   0.0482250000  -0.0148720000  -0.0165420000  -0.0459750000
   6.1046772094   6.4209149243 2205  9.56E-01   0.1935670000  -0.5515190000   2.9196740000   0.9886910000  -0.0344050000   1.8135470000  -1.0288180000   0.8028680000   7.8514920000  -1.8082790000   0.3001070000   8.6235700000  -2.5636730000  -0.1339090000   9.4347740000  -0.0007060000  -0.0005290000   0.0008500000   0.0007040000   0.0003440000  -0.0011830000   0.0344160000   0.0260470000  -0.0290710000  -0.0131870000  -0.0170260000   0.0025340000  -0.0212280000  -0.0088370000   0.0268700000
   6.1005550699   6.4215942474 2661  9.75E+00  -0.8166700000  -1.4039550000   3.1237280000  -0.1456980000  -0.7883760000   2.1187040000  -0.8488690000   1.6313790000   8.2508530000   0.2991940000   1.7833750000   8.2043330000   1.4033690000   1.7433120000   7.8132470000   0.0284980000   0.0261360000  -0.0426960000  -0.0285480000  -0.0261730000   0.0426160000   0.0419250000  -0.0076540000  -0.0261180000  -0.0179670000   0.0204590000   0.0428860000  -0.0239080000  -0.0127690000  -0.0166870000
   6.1008921530   6.4231922711 2992  4.01E+00   0.3205360000   0.6065440000   2.8297960000  -0.0001350000  -0.0057570000   1.6613830000  -0.4369030000  -0.3371240000   9.8244690000  -0.0646570000   0.2544470000   8.9083270000   0.4659210000   0.8243240000   8.0136390000  -0.0134400000  -0.0256210000  -0.0489380000   0.0132950000   0.0254610000   0.0485900000   0.0244050000   0.0201380000  -0.0314790000  -0.0401880000  -0.0240690000   0.0366260000   0.0159280000   0.0040910000  -0.0047990000
   6.1020466347   6.4247107005 3140  9.17E+00   1.5779750000  -0.3635670000   4.0431850000   1.4922820000  -1.4089660000   2.8154800000  -2.9560590000   3.9828640000   6.7227960000  -2.8394620000   2.7865460000   6.8356770000  -2.4645990000   1.6725870000   6.8309540000   0.0027070000   0.0320830000   0.0375910000  -0.0025250000  -0.0321040000  -0.0378070000   0.0108450000   0.0566700000  -0.0118720000  -0.0246160000  -0.0669360000   0.0183970000   0.0135880000   0.0102880000  -0.0063090000
   6.1010983182   6.4217680052 3312  9.33E+00   1.4696920000  -0.4052230000   2.8775280000   0.4799350000  -0.4699000000   2.0300780000   0.0135330000   0.6571740000   8.7888270000  -0.9000120000   1.1566740000   8.2783040000  -1.8274050000   1.5345140000   7.6778750000  -0.0763290000  -0.0049860000  -0.0653140000   0.0763950000   0.0049810000   0.0653600000  -0.0272190000   0.0059000000  -0.0195680000   0.0131340000   0.0085540000   0.0141810000   0.0140190000  -0.0144490000   0.0053410000
   6.1002036900   6.4226987838 3478  3.13E+00  -0.4806810000  -0.8445220000   2.7830140000   0.0034470000   0.0161410000   1.7805720000   0.1115200000  -0.8023970000   9.2773490000   0.0271910000   0.2777820000   8.7575420000  -0.1188640000   1.2541350000   8.0816410000   0.0083570000   0.0147980000  -0.0172770000  -0.0083300000  -0.0149450000   0.0171740000  -0.0002540000  -0.0494540000   0.0124490000   0.0082650000   0.0260350000   0.0155370000  -0.0080380000   0.0235660000  -0.0278830000
   6.1021715977   6.4242832740 3641  2.86E+00  -0.2421650000   0.5846350000   2.9524390000   0.5184640000   1.3029730000   1.9797170000  -0.6692360000  -1.1445940000   7.7995280000  -0.9394350000  -2.0797290000   8.3977560000  -1.1996090000  -3.1506860000   8.8242970000   0.0067050000   0.0063350000  -0.0087120000  -0.0066800000  -0.0063000000   0.0083710000  -0.0173210000  -0.0718540000   0.0288790000   0.0184110000   0.0889150000  -0.0196510000  -0.0011150000  -0.0170950000  -0.0088870000
   6.1047089239   6.4203226326 3834  6.59E-01   1.1222760000  -0.1318320000   3.3232010000   0.9805310000  -0.2270710000   1.8113180000  -1.6768870000   0.8924990000   9.7813360000  -1.7945990000   0.6531800000   8.6282050000  -1.9436330000   0.4471880000   7.4871600000   0.0025450000   0.0016190000   0.0257210000  -0.0022540000  -0.0016390000  -0.0259490000  -0.0003590000   0.0061350000   0.0200360000   0.0013630000  -0.0110150000  -0.0362140000  -0.0012950000   0.0049000000   0.0164050000
