   6.1047237726   6.3137677161  650  6.73E+00  -0.4444200000   0.9260610000   2.1200910000  -0.6265470000  -0.4190460000   2.1805590000   0.0157840000   0.7435910000   8.3530260000   1.1712540000   0.9930230000   8.0067510000   2.2620890000   1.2330970000   7.6137150000  -0.0074500000  -0.0551730000   0.0025160000   0.0075210000   0.0551840000  -0.0024920000  -0.0868780000  -0.0183270000   0.0239760000   0.0688340000   0.0139540000  -0.0149950000   0.0179740000   0.0043610000  -0.0090050000
   6.1017971770   6.3143252610  650  6.94E+00  -0.4461900000   0.9248480000   2.1280030000  -0.6269730000  -0.4193990000   2.1793250000   0.0147900000   0.7445030000   8.3521830000   1.1724820000   0.9934460000   8.0107850000   2.2644000000   1.2337060000   7.6171930000  -0.0075400000  -0.0562130000   0.0021810000   0.0076100000   0.0562240000  -0.0021600000  -0.0878830000  -0.0184230000   0.0235610000   0.0678920000   0.0135740000  -0.0135570000   0.0199210000   0.0048380000  -0.0100260000
   6.1004498661   6.3141022223  770  7.51E+00  -1.6513940000   1.0823900000   4.5628300000  -1.2568210000   1.3473920000   5.7939240000   1.9638700000  -3.3322560000   1.2599040000   2.3753760000  -2.2376450000   1.4040360000   2.6338540000  -1.0976750000   1.4635450000   0.0259850000   0.0174160000   0.0811300000  -0.0260860000  -0.0175210000  -0.0810300000  -0.0113950000  -0.0020660000  -0.0068710000   0.0234730000   0.0129740000   0.0143400000  -0.0119760000  -0.0108030000  -0.0075700000
   6.1020648841   6.3131939865  783  6.20E+00  -0.4722080000  -0.5518760000   3.1301830000  -0.2375590000  -1.2874750000   2.0087250000   0.1390600000   3.0102940000   9.3776280000   0.4508550000   2.5500690000   8.3032950000   0.7386640000   2.2277900000   7.1610370000   0.0091880000  -0.0291640000  -0.0443950000  -0.0093590000   0.0288560000   0.0440810000  -0.0184860000   0.0331110000   0.0559630000   0.0022000000  -0.0219430000   0.0154330000   0.0164580000  -0.0108600000  -0.0710810000
   6.1042415384   6.3107977347  830  5.78E+00   0.9766980000   0.6984050000   3.4277410000   1.0072220000   0.7250620000   1.8578120000  -2.2316420000  -1.2484010000   9.6686370000  -1.7772500000  -1.0741620000   8.5790070000  -1.5260310000  -0.9226950000   7.3980010000  -0.0006170000  -0.0005740000   0.0395840000   0.0009240000   0.0007710000  -0.0400020000  -0.0269680000  -0.0071880000   0.0312480000   0.0261440000   0.0009660000   0.0346670000   0.0005180000   0.0060260000  -0.0654970000
   6.1010941388   6.3124602214  871  4.22E+00   1.3974480000  -0.9640930000   3.5586970000   1.6475960000  -0.0549720000   2.4798010000  -4.1136450000  -0.0352960000   7.1300770000  -3.0512480000   0.4038640000   7.5034590000  -1.9123300000   0.7550740000   7.6293550000   0.0017960000   0.0065260000  -0.0078380000  -0.0017810000  -0.0066090000   0.0076250000  -0.0461390000  -0.0258030000  -0.0316480000   0.0070160000   0.0197680000   0.0411420000   0.0391090000   0.0061180000  -0.0092810000
   6.1015563411   6.3131233302  899  4.50E+00  -0.3503790000  -0.6287480000   2.9141720000   0.8684470000  -1.3549190000   2.2406220000  -1.5372650000   3.5599760000   8.6592210000  -1.5862600000   2.6924700000   7.8811730000  -1.5870960000   1.9128780000   7.0517900000  -0.0307970000   0.0183030000   0.0168800000   0.0310070000  -0.0184950000  -0.0172350000   0.0026210000  -0.0068710000  -0.0156240000  -0.0056940000  -0.0589130000  -0.0440480000   0.0028630000   0.0659750000   0.0600270000
   6.1046168533   6.3145402726  961  7.56E+00   0.8142610000  -0.6993880000   3.3367110000   0.1409240000  -1.5421980000   2.1533920000  -0.4243480000   2.5610800000   6.9196270000  -0.3031090000   3.0241330000   8.0434320000  -0.1032180000   3.6025630000   9.0786010000   0.0197590000   0.0244480000   0.0344360000  -0.0196230000  -0.0248370000  -0.0347550000  -0.0032250000  -0.0199860000  -0.0706260000  -0.0105820000  -0.0132630000   0.0271710000   0.0136710000   0.0336380000   0.0437740000
   6.1012278027   6.3104192847 1136  6.31E+00  -1.1358940000   0.5395900000   2.6774800000  -0.4113680000  -0.6639690000   1.9294590000   0.8909050000   2.5355140000   8.8151970000   0.6980810000   1.4444430000   8.4257630000   0.7110880000   0.3498480000   8.0559310000  -0.0204150000   0.0339670000   0.0210870000   0.0203510000  -0.0338110000  -0.0212140000   0.0139100000  -0.0044450000   0.0006340000  -0.0282890000  -0.0396030000  -0.0186920000   0.0144440000   0.0438930000   0.0181850000
   6.1029892991   6.3132069012 1165  3.13E+00  -1.3202940000   0.3981280000   3.9146950000  -2.2667780000   0.0013860000   2.9457810000   5.1093130000  -0.2918030000   7.0345280000   4.1931500000   0.2689460000   6.5284520000   3.1469270000   0.7455740000   6.1071990000  -0.0149200000  -0.0062250000  -0.0151790000   0.0144930000   0.0060740000   0.0149130000   0.0171880000  -0.0196810000   0.0184340000   0.0531970000  -0.0048700000   0.0019060000  -0.0699580000   0.0247030000  -0.0200740000
   6.1002450777   6.3135184833 1253  2.07E+00  -0.2431100000  -0.6545030000   2.9625220000   0.0071130000   0.0086520000   1.6221110000   0.2425440000  -0.1717720000   7.9286580000   0.0424190000   0.3100940000   8.9792500000  -0.2945950000   0.6246830000  10.0439780000  -0.0040300000  -0.0105550000   0.0211280000   0.0039530000   0.0106430000  -0.0216270000  -0.0117850000  -0.0059500000   0.0156220000   0.0132640000   0.0251150000   0.0092040000  -0.0014010000  -0.0192530000  -0.0243270000
   6.1019375209   6.3140201899 1286  4.22E+00  -1.4661710000   1.0683410000   3.2763320000  -1.7455940000  -0.0902610000   2.5908910000   3.7479310000   1.4083360000   7.3963950000   3.1372490000   0.4305010000   7.2304850000   2.7072460000  -0.6603610000   7.0309420000  -0.0089850000  -0.0373470000  -0.0221050000   0.0089570000   0.0375600000   0.0220640000   0.0025100000  -0.0237330000  -0.0043950000  -0.0095120000   0.0476170000   0.0082570000   0.0070300000  -0.0240970000  -0.0038210000
   6.1036922312   6.3142374036 1618  1.87E+00  -0.2717660000  -1.4725950000   3.7763160000  -0.7330750000  -2.2637410000   4.8013040000   0.8469990000   3.4704360000   2.6818290000   1.3218410000   4.3925160000   3.2142230000   1.8389790000   5.3182410000   3.6896580000  -0.0150260000  -0.0258760000   0.0334390000   0.0149940000   0.0255830000  -0.0331850000   0.0132110000   0.0211900000   0.0063240000  -0.0061750000  -0.0036070000   0.0067930000  -0.0070040000  -0.0172900000  -0.0133710000
   6.1037171121   6.3108375950 1804  3.16E+00   0.5826000000  -1.1187810000   3.2408260000   2.0926210000  -0.8313900000   3.1130660000  -3.4706800000   1.0557860000   5.4184770000  -3.8529070000   1.8361760000   6.2156990000  -4.1247190000   2.4761240000   7.1650250000  -0.0314050000  -0.0060640000   0.0026220000   0.0318250000   0.0060100000  -0.0027150000   0.0055490000  -0.0087050000   0.0107740000  -0.0119330000   0.0156920000  -0.0242150000   0.0059650000  -0.0069330000   0.0135340000
   6.1011326598   6.3112444002 2111  5.54E+00   0.0728120000   0.4040450000   2.8683980000   0.3984910000  -0.6231290000   1.7182870000  -0.7186210000   1.1354490000   7.6757420000  -0.8147180000   1.3505590000   8.8299600000  -0.6645150000   1.6249680000   9.9345710000  -0.0084370000   0.0267440000   0.0297070000   0.0085500000  -0.0268860000  -0.0302800000   0.0165910000   0.0062370000   0.0065260000  -0.0271130000   0.0026940000   0.0500830000   0.0104090000  -0.0087880000  -0.0560360000
   6.1048555560   6.3147316136 2291  3.11E+00   0.2157770000  -1.1336390000   2.4459160000   0.3254060000   0.2545360000   1.8980630000  -1.1742610000  -1.0149350000   7.8993360000  -0.5420490000  -0.1717680000   8.4266990000  -0.0575790000   0.6317610000   9.1424770000  -0.0012100000  -0.0159650000   0.0063140000   0.0013550000   0.0161230000  -0.0062960000  -0.0098190000  -0.0023240000   0.0146990000   0.0165030000  -0.0002570000  -0.0325600000  -0.0068300000   0.0024240000   0.0178420000
   6.1021246879   6.3149742599 2512  1.83E+00  -0.2574970000   1.2560520000   2.4793370000   0.0042620000  -0.0195200000   1.8913320000   0.2917360000   1.3178630000   8.8719470000  -0.0171450000   0.2552640000   8.4940340000  -0.2839290000  -0.8034640000   8.1508270000   0.0022930000  -0.0110860000  -0.0050530000  -0.0022700000   0.0111850000   0.0051030000  -0.0007370000  -0.0128330000  -0.0009200000  -0.0179270000  -0.0492670000  -0.0235660000   0.0186420000   0.0620000000   0.0244350000
   6.1023177115   6.3149074901 2694  3.04E+00  -0.9582930000   0.2422410000   3.1210230000  -0.4872540000  -0.0424270000   1.6506460000   1.2634990000   0.1083320000  10.0078490000   0.9286740000   0.2926180000   8.9240480000   0.5331880000   0.5563040000   7.8537320000  -0.0119630000   0.0071390000   0.0368660000   0.0118720000  -0.0072610000  -0.0374030000  -0.0183870000   0.0134430000  -0.0445330000   0.0168290000  -0.0155050000   0.0271110000   0.0016490000   0.0021840000   0.0179580000
   6.1010971137   6.3130993655 2820  3.24E+00  -0.0789340000  -1.2367730000   3.2536980000  -0.6074900000  -0.8420040000   1.9088430000   0.2946730000   1.3450090000   7.7619020000   1.1834220000   1.7697560000   8.4103080000   1.8558590000   2.2972110000   9.1874860000   0.0063670000  -0.0047700000   0.0158800000  -0.0062280000   0.0046170000  -0.0162830000  -0.0109660000   0.0100680000   0.0140560000   0.0496320000   0.0012290000   0.0042170000  -0.0388050000  -0.0111450000  -0.0178700000
   6.1037549162   6.3110745989 3045  5.19E+00   0.0884310000   0.1445040000   1.7808550000   0.1664940000  -1.1991070000   2.4395780000  -0.2804660000   1.5367770000   8.3275360000  -0.3172570000   2.3686030000   7.4504780000  -0.3184520000   3.3523280000   6.7845670000  -0.0009450000   0.0161420000  -0.0078560000   0.0009200000  -0.0161090000   0.0080340000   0.0037000000  -0.0275930000   0.0533530000  -0.0056750000   0.0000420000  -0.0558160000   0.0019990000   0.0275180000   0.0022860000
   6.1011519270   6.3107836692 3099  5.94E+00   1.3751550000   0.5890250000   2.4052910000  -0.0185810000  -0.0056870000   1.9524190000  -0.8989970000   0.9378260000   8.1298490000   0.0110090000   0.2593160000   8.3428370000   0.8968890000  -0.4535280000   8.7060120000   0.0374590000   0.0159830000   0.0122600000  -0.0374280000  -0.0160130000  -0.0121200000   0.0307780000  -0.0265050000   0.0193020000  -0.0504510000   0.0460010000  -0.0395570000   0.0196410000  -0.0194650000   0.0201150000
   6.1015047993   6.3128942963 3556  8.23E+00  -0.7527750000  -1.0029890000   3.0396960000  -0.3061630000  -0.3209110000   1.8525620000  -0.5173000000   0.7206040000   8.0753670000   0.5343510000   0.8720490000   8.7014890000   1.6926430000   0.9783240000   8.9499910000   0.0021450000   0.0031560000  -0.0056700000  -0.0020000000  -0.0032300000   0.0053530000  -0.0614930000  -0.0120170000  -0.0607450000   0.0300740000   0.0123380000   0.0773410000   0.0312740000  -0.0002480000  -0.0162790000
   6.1002830781   6.3115433088 3556  2.45E+00  -0.4274680000  -1.2043730000   2.9879540000  -0.3105840000  -0.3201810000   1.8505010000  -0.4831890000   0.7230990000   8.0728280000   0.5287270000   0.8737440000   8.6430910000   1.6643440000   0.9836000000   9.0099200000   0.0003860000   0.0025200000  -0.0033210000  -0.0002570000  -0.0025630000   0.0031250000   0.0174970000  -0.0007690000  -0.0058650000  -0.0624290000  -0.0003080000   0.0064680000   0.0448040000   0.0011200000  -0.0004070000
   6.1026745302   6.3139677088 3556  5.64E+00  -0.0568200000  -1.4335080000   2.9269370000  -0.3158020000  -0.3201020000   1.8471000000  -0.4603450000   0.7271740000   8.0719300000   0.6094540000   0.8744430000   8.5369350000   1.5835990000   0.9930410000   9.1113480000   0.0067430000  -0.0285920000   0.0276970000  -0.0065030000   0.0285670000  -0.0278790000   0.0017320000  -0.0003390000   0.0139080000   0.0731670000   0.0105720000   0.0178450000  -0.0751390000  -0.0102070000  -0.0315700000
   6.1025573620   6.3128462011 3877  4.88E+00   1.3463200000  -0.7126360000   3.0165350000   0.3237560000  -0.7089220000   2.0376010000  -0.8052020000   0.6526920000   8.9410090000  -0.7038940000   1.6210610000   8.2693140000  -0.3681240000   2.4034800000   7.4861130000  -0.0140880000   0.0000190000  -0.0134750000   0.0140430000  -0.0001530000   0.0134210000   0.0159020000  -0.0168580000  -0.0040470000  -0.0188230000   0.0602070000  -0.0205370000   0.0029660000  -0.0432150000   0.0246390000
   6.1042787575   6.3129413207 3923  4.10E+00   1.1242170000  -0.6639790000   2.3572420000  -0.0162860000   0.0037440000   2.0341480000  -0.3946770000  -0.8401710000   8.2959580000  -0.0460750000   0.2763130000   8.2740390000   0.4397760000   1.3435500000   8.1863960000  -0.0456540000   0.0267300000  -0.0129030000   0.0456120000  -0.0267190000   0.0129490000   0.0127380000   0.0083010000  -0.0030890000  -0.0212780000  -0.0038660000   0.0057720000   0.0085820000  -0.0044460000  -0.0027290000
