   6.1084136258   6.2479867057  301  4.17E+00  -0.0259070000  -2.1426280000   4.4006770000   0.9820610000  -1.7076260000   5.2504300000  -2.0606280000   4.1914820000   3.1852280000  -1.8171210000   3.3493430000   2.4150980000  -1.4782820000   2.6451480000   1.5037770000   0.0258930000   0.0112160000   0.0219040000  -0.0259570000  -0.0111320000  -0.0217130000   0.0087020000  -0.0005840000  -0.0188490000  -0.0244090000   0.0116790000   0.0567410000   0.0157710000  -0.0111790000  -0.0380830000
   6.1086063007   6.2481403692  332  4.47E+00   0.1695060000  -1.5980380000   4.0332830000  -0.8632660000  -1.8800380000   2.8501860000   1.8821380000   4.1325720000   7.7685330000   1.5268590000   3.7137810000   6.7272100000   1.2723380000   3.2572300000   5.6939390000   0.0295250000   0.0079440000   0.0338770000  -0.0296440000  -0.0083090000  -0.0338960000   0.0087060000  -0.0001660000   0.0056470000  -0.0245820000  -0.0139410000  -0.0414190000   0.0159940000   0.0144720000   0.0357920000
   6.1063084148   6.2467557766  422  1.49E+00   0.4179150000  -0.6201610000   2.8854040000  -0.0010070000   0.0060490000   1.6515550000  -0.2876530000   0.6101480000   9.9933820000  -0.0504950000   0.2645180000   8.9091020000   0.3042610000  -0.1121850000   7.8897270000  -0.0012070000   0.0017870000  -0.0037130000   0.0011160000  -0.0017270000   0.0032610000   0.0139670000  -0.0099820000  -0.0188850000   0.0006090000  -0.0124770000  -0.0544600000  -0.0144850000   0.0224000000   0.0737980000
   6.1077469551   6.2486120156  477  1.95E+00   0.1204670000  -1.1914160000   2.6153000000   0.0003560000   0.0101690000   1.8639440000  -0.8882050000   0.7973470000   9.0735210000   0.0204620000   0.2971900000   8.5380210000   0.8634750000  -0.3084970000   8.0444480000  -0.0013950000   0.0134680000  -0.0084370000   0.0012450000  -0.0133580000   0.0083460000   0.0089900000  -0.0150520000  -0.0041120000   0.0384380000  -0.0082620000  -0.0259100000  -0.0472770000   0.0232030000   0.0301130000
   6.1057839100   6.2483726123  690  7.01E+00  -0.9945140000  -0.8535110000   2.5884350000  -0.3447670000  -2.0704500000   3.3265030000   0.6648980000   3.1167420000   6.6605360000   0.5472130000   4.0446030000   5.8917900000   0.7088220000   4.9287670000   5.1412670000  -0.0159680000   0.0299520000  -0.0181500000   0.0158890000  -0.0299190000   0.0179430000   0.0229010000  -0.0399280000   0.0344150000  -0.0396380000   0.0469610000  -0.0400530000   0.0168160000  -0.0070650000   0.0058460000
   6.1055733089   6.2453253294  748  7.40E+00   0.2063060000   0.4666580000   1.9560450000  -1.1767510000  -0.1876240000   2.3535650000   3.1657430000   0.1821210000   7.2435070000   2.1795740000   0.6489880000   7.7310770000   1.0620380000   0.9259990000   8.0764800000   0.0370670000   0.0175430000  -0.0106250000  -0.0370360000  -0.0175250000   0.0105760000   0.0206190000  -0.0246310000  -0.0212660000   0.0268080000   0.0259920000   0.0160850000  -0.0474580000  -0.0013780000   0.0052300000
   6.1072123964   6.2492962130  823  1.05E+01  -1.3326350000   1.8170020000   4.4098950000  -0.0902960000   2.3415750000   3.6367810000   0.2427770000  -4.7820750000   4.3007030000   0.1886890000  -4.0316430000   5.2913530000   0.1504960000  -3.3125810000   6.2874870000  -0.0285440000  -0.0120600000   0.0177000000   0.0285370000   0.0120660000  -0.0178770000   0.0057040000  -0.0694990000  -0.0881660000  -0.0038680000   0.0199610000   0.0144890000  -0.0018290000   0.0495320000   0.0738530000
   6.1068735001   6.2492640155  924  5.22E+00  -1.8026640000  -0.6588050000   3.0465480000  -0.9526830000   0.2467220000   2.1672570000   1.2192990000   0.6172320000   8.6647250000   1.8119920000  -0.1483910000   7.9422240000   2.2919480000  -1.0088450000   7.3585210000  -0.0145160000  -0.0154710000   0.0150850000   0.0145540000   0.0155490000  -0.0150010000  -0.0311310000   0.0250730000   0.0399650000   0.0638190000  -0.0655960000  -0.0824910000  -0.0327260000   0.0404450000   0.0424420000
   6.1093446525   6.2476369551 1043  3.31E+00   0.2911440000   1.3316910000   2.5137850000  -0.7457790000   0.3384030000   2.0079470000   2.1270280000  -1.2150670000   8.4903620000   1.3478750000  -0.4175580000   8.2711750000   0.5673870000   0.4422330000   8.1151380000   0.0179350000   0.0170780000   0.0086950000  -0.0178180000  -0.0172470000  -0.0088530000  -0.0558740000   0.0617470000  -0.0102850000   0.0448360000  -0.0542990000   0.0015430000   0.0109210000  -0.0072780000   0.0089010000
   6.1090179372   6.2482412894 1091  1.43E-01   0.4554360000   0.7019320000   2.8186170000  -0.0082740000  -0.0057200000   1.6684090000  -0.2626400000   0.7008410000   7.8713590000   0.0078680000   0.2182380000   8.8919870000   0.2693620000  -0.1926520000   9.9446280000  -0.0041610000  -0.0064770000  -0.0106230000   0.0042680000   0.0063280000   0.0101980000   0.0072680000  -0.0091680000   0.0349940000  -0.0005170000  -0.0055180000  -0.0123500000  -0.0068580000   0.0148340000  -0.0222190000
   6.1086836386   6.2496923401 1141  5.06E+00   0.9710850000  -0.4459230000   2.6270070000  -0.0084850000   0.0104180000   1.8052120000  -0.6530480000  -0.4162700000   9.4038410000  -0.0551500000   0.2225960000   8.6116490000   0.6756460000   0.9129080000   7.9514410000  -0.0408570000   0.0189460000  -0.0342690000   0.0406810000  -0.0191350000   0.0341010000   0.0010650000  -0.0043570000   0.0181840000  -0.0347590000  -0.0231350000  -0.0050920000   0.0338690000   0.0276820000  -0.0129240000
   6.1088281521   6.2464400794 1220 -1.66E-01   0.1223850000  -1.0399580000   3.3440770000  -0.0550520000  -1.1367940000   1.9168530000   0.1715160000   2.7347020000   9.5318070000   0.0745940000   2.2990950000   8.4593700000   0.0397180000   1.9699990000   7.3350510000  -0.0007480000  -0.0005710000  -0.0062230000   0.0007500000   0.0002160000   0.0058110000   0.0023830000  -0.0009740000  -0.0241490000  -0.0070540000  -0.0109230000   0.0135980000   0.0046680000   0.0122510000   0.0109640000
   6.1095081921   6.2465001156 1252  8.79E+00   0.9669460000   0.1547870000   2.2782610000   0.2418460000  -0.9927920000   2.2753470000  -0.3131610000   0.9806030000   8.1758930000  -0.4790720000   2.0826470000   7.8923930000  -0.5959580000   3.0921260000   7.3933300000  -0.0302680000  -0.0478770000  -0.0001140000   0.0302580000   0.0479280000   0.0000360000  -0.0057260000   0.0555600000  -0.0315570000  -0.0085240000   0.0424520000   0.0025280000   0.0142600000  -0.0980620000   0.0291060000
   6.1051477983   6.2455752364 1291  7.48E+00  -0.3308960000   0.7618250000   2.6674270000   0.9682380000   0.2646250000   1.9003120000  -2.0125220000  -0.3872540000   7.3498380000  -1.7283050000  -0.3650890000   8.5026770000  -1.5048170000  -0.0205930000   9.6097490000  -0.0358980000   0.0138340000   0.0211030000   0.0362090000  -0.0137570000  -0.0214280000  -0.0075800000   0.0206930000  -0.0119680000   0.0098470000  -0.0443760000   0.0069750000  -0.0025770000   0.0236070000   0.0053170000
   6.1064314009   6.2486006861 1293  3.24E+00  -1.0058260000   0.5455190000   2.3243320000  -0.3201000000  -0.6185720000   2.1096260000   1.6033300000   1.7071470000   7.5810480000   0.6123090000   1.3807020000   8.1529350000  -0.4009600000   0.9989670000   8.6173380000   0.0246060000  -0.0418040000  -0.0076750000  -0.0247040000   0.0417620000   0.0076970000   0.0195150000   0.0037530000  -0.0169700000  -0.0114930000   0.0020240000   0.0195290000  -0.0079230000  -0.0057360000  -0.0025820000
   6.1089600648   6.2498456740 1627  8.49E+00   0.9383120000   0.2728260000   2.6772490000  -0.0106620000  -0.0048010000   1.7560920000  -0.5690590000   0.9595550000   9.5649180000  -0.0407380000   0.2441470000   8.7071770000   0.5937730000  -0.4483700000   7.9608060000  -0.0430310000  -0.0125250000  -0.0417950000   0.0429000000   0.0126680000   0.0415920000  -0.0363710000   0.0581990000   0.0749330000   0.0070060000  -0.0335470000  -0.0547480000   0.0294960000  -0.0247960000  -0.0199820000
   6.1066454049   6.2454920240 1632  6.93E+00   0.2864350000   1.5557190000   3.4572240000   0.3916150000   1.4138910000   2.1013300000  -1.0615140000  -3.3667640000   8.6108260000  -0.6748950000  -2.4082220000   8.0019060000  -0.4057110000  -1.2970490000   7.6710020000   0.0038350000  -0.0051040000  -0.0494170000  -0.0038100000   0.0051310000   0.0490080000  -0.0204790000  -0.0231450000   0.0383540000   0.0240150000  -0.0021330000  -0.0521700000  -0.0035600000   0.0252510000   0.0142250000
   6.1059478565   6.2492468288 1758  3.30E+00   0.5588790000   0.8051650000   2.8692690000  -0.3397560000   0.8180990000   1.8335460000   0.8212620000  -2.2307960000   9.2437060000   0.6305500000  -1.2130520000   8.6315830000   0.3669980000  -0.3074100000   7.9398390000  -0.0307070000   0.0004180000  -0.0355320000   0.0307280000  -0.0004700000   0.0351800000   0.0033470000  -0.0491450000   0.0208040000  -0.0015810000   0.0657520000  -0.0244100000  -0.0017870000  -0.0165550000   0.0039580000
   6.1086637324   6.2470140643 1758  3.61E+00   0.5541000000   0.8064960000   2.8667550000  -0.3397930000   0.8183580000   1.8333170000   0.8205480000  -2.2289130000   9.2483290000   0.6326080000  -1.2134190000   8.6312630000   0.3666530000  -0.3103980000   7.9367610000  -0.0328500000   0.0004120000  -0.0381190000   0.0328720000  -0.0004630000   0.0377660000   0.0029540000  -0.0493030000   0.0212870000  -0.0008300000   0.0656910000  -0.0248960000  -0.0021460000  -0.0163360000   0.0039630000
   6.1064832489   6.2469064496 1865  3.33E+00   1.0048150000   0.3086820000   2.8413970000  -0.0169200000  -0.0034030000   1.6896370000  -0.5437530000   0.5438440000   7.8901860000  -0.0099060000   0.2342190000   8.8625210000   0.5723880000  -0.0344480000   9.8404690000   0.0260900000   0.0079070000   0.0292400000  -0.0259160000  -0.0080080000  -0.0295500000   0.0274910000  -0.0111150000   0.0470290000  -0.0260990000   0.0060270000  -0.0394410000  -0.0015670000   0.0051890000  -0.0072790000
   6.1051389053   6.2486380238 1965  6.91E-01   0.2065710000  -0.2522770000   2.2682240000  -0.9886770000  -1.1289160000   2.4258870000   1.5961060000   1.9442830000   8.6340410000   1.8180900000   2.3287580000   7.5610480000   1.9637380000   2.6491740000   6.4327260000   0.0120430000   0.0087780000  -0.0016430000  -0.0122070000  -0.0090320000   0.0015950000  -0.0002610000   0.0039920000  -0.0252330000   0.0038120000  -0.0025050000   0.0341190000  -0.0033880000  -0.0012340000  -0.0088390000
   6.1096212755   6.2454233777 2027  1.52E+00  -0.3681050000  -1.3511490000   2.4416870000   0.0042310000   0.0178400000   2.0278180000   0.0705810000   1.4086900000   8.1160400000   0.0110590000   0.2585550000   8.3232310000  -0.0768240000  -0.9190820000   8.3556790000  -0.0025450000  -0.0093510000   0.0028470000   0.0025530000   0.0093670000  -0.0028600000  -0.0024090000  -0.0124510000  -0.0081660000   0.0048700000   0.0224430000   0.0180010000  -0.0024690000  -0.0100080000  -0.0098220000
   6.1067032247   6.2499167874 2348  2.29E+00   0.6065450000  -1.3591370000   3.0718260000   0.0483870000  -0.6820990000   1.9779180000  -0.5289670000   0.7771370000   9.1281590000  -0.0733180000   1.5590370000   8.3929040000   0.3041360000   2.2323730000   7.5007710000  -0.0107820000   0.0130160000  -0.0210860000   0.0107310000  -0.0132260000   0.0210030000   0.0015400000   0.0048180000  -0.0209150000   0.0032900000   0.0008380000   0.0311360000  -0.0047800000  -0.0054450000  -0.0101380000
   6.1084067860   6.2459777373 2465  2.22E+00  -0.3006180000   0.7321510000   2.8643640000   0.0029990000  -0.0120930000   1.6536950000   0.4119720000  -0.0115320000   7.8862690000   0.0351940000   0.2935720000   8.9477440000  -0.4344290000   0.4930860000   9.9584640000   0.0000460000  -0.0002160000  -0.0006170000  -0.0001890000   0.0003260000   0.0001200000  -0.0158690000  -0.0006900000   0.0241840000  -0.0147670000   0.0245540000   0.0609140000   0.0307780000  -0.0239750000  -0.0846020000
   6.1069769790   6.2463337550 3114  2.39E+00  -0.1533120000   0.4588660000   2.9160480000   0.0045700000  -0.0030740000   1.6060840000   0.0490450000   0.3327930000  10.1787010000   0.0807840000   0.2724290000   9.0156880000  -0.1228560000   0.1368110000   7.8495510000   0.0033830000  -0.0098140000  -0.0281620000  -0.0033230000   0.0098560000   0.0275790000  -0.0151400000  -0.0058120000  -0.0160000000   0.0339940000   0.0129760000   0.0334670000  -0.0189130000  -0.0072060000  -0.0168840000
   6.1058567124   6.2478089662 3122  1.38E+00  -0.8497130000  -0.9519360000   2.7669530000   0.5256510000  -1.1811140000   2.2513860000  -0.1888750000   1.4931270000   7.8525470000  -0.9462360000   2.3965410000   7.8718400000  -1.6724840000   3.3542180000   7.8209870000  -0.0126530000   0.0021400000   0.0047180000   0.0125580000  -0.0021030000  -0.0048880000   0.0067530000  -0.0017470000  -0.0027030000   0.0220950000  -0.0423320000   0.0085580000  -0.0287530000   0.0440410000  -0.0056850000
   6.1077454501   6.2458424063 3150  2.65E+00  -0.8093090000  -1.0665610000   2.5824970000   0.0117600000   0.0196860000   1.8940220000  -0.3557050000   1.2294600000   8.0105540000   0.0237310000   0.2347990000   8.4915630000   0.3301450000  -0.7491710000   8.9941420000  -0.0147000000  -0.0195250000   0.0123990000   0.0147800000   0.0193540000  -0.0124160000   0.0013760000  -0.0161500000   0.0119650000   0.0193620000  -0.0347210000   0.0110910000  -0.0208180000   0.0510420000  -0.0230390000
   6.1078410456   6.2477090323 3345  4.80E+00   2.1825090000   0.7888060000   3.4123340000   1.2601160000   0.0106550000   2.4551660000  -1.4161160000   0.5983890000   8.1448390000  -2.3542280000   0.2298990000   7.4634280000  -3.2474020000  -0.1862110000   6.7769010000   0.0189510000   0.0160150000   0.0197030000  -0.0190110000  -0.0160170000  -0.0197010000   0.0559610000   0.0187230000   0.0404880000  -0.0207490000   0.0010710000  -0.0130140000  -0.0351520000  -0.0197930000  -0.0274770000
   6.1083879291   6.2472384517 3540  1.14E+00  -0.3904820000  -1.0185630000   2.7822280000   0.0074340000   0.0135200000   1.7496310000  -0.7295870000  -0.1258100000   9.5964220000  -0.0248200000   0.2344720000   8.7495220000   0.7356940000   0.6341170000   7.9231620000  -0.0061960000  -0.0159220000   0.0158630000   0.0059840000   0.0157820000  -0.0161030000   0.0191410000   0.0105570000  -0.0166040000  -0.0384710000  -0.0215470000   0.0303030000   0.0195420000   0.0111300000  -0.0134590000
   6.1082520485   6.2471755178 3612  3.45E+00   0.8035810000   1.0967600000   2.4367100000  -0.0040000000  -0.0146500000   1.9685960000  -1.1797450000   0.1466200000   8.5786770000   0.0127290000   0.2977400000   8.4406140000   1.1395390000   0.3216060000   8.1010060000  -0.0007810000  -0.0010180000  -0.0004330000   0.0006980000   0.0010390000   0.0003850000  -0.0589580000  -0.0148060000  -0.0048960000   0.0604850000   0.0225970000   0.0164530000  -0.0014440000  -0.0078110000  -0.0115100000
   6.1063150066   6.2470110635 3766  9.84E-01   0.7671990000  -0.2147610000   2.9968620000   0.0618120000  -0.5591590000   1.7000530000  -0.3627310000   1.7020660000   9.8909230000  -0.1544010000   1.2307730000   8.8575930000   0.1215990000   0.8677790000   7.7816170000   0.0111960000   0.0054090000   0.0202950000  -0.0112160000  -0.0055210000  -0.0208540000   0.0115490000  -0.0076190000  -0.0363140000  -0.0112780000  -0.0069320000   0.0183860000  -0.0002520000   0.0146620000   0.0184870000
   6.1080064517   6.2452912888 3767  4.93E+00  -0.9533530000   0.7548480000   2.8491810000  -0.5086530000  -0.2705750000   1.8576830000   0.1607890000   1.0758420000   9.3930130000   1.0279880000   0.7103360000   8.6267280000   1.6679020000   0.3823450000   7.6748960000  -0.0049600000   0.0113240000   0.0109160000   0.0047640000  -0.0113090000  -0.0111020000  -0.0584170000   0.0212990000   0.0295350000   0.0564990000  -0.0159840000   0.0022040000   0.0021140000  -0.0053290000  -0.0315530000
   6.1065624884   6.2469225245 3867  3.55E+00  -0.0078800000  -1.4251580000   2.5215180000  -0.0018370000   0.0127880000   1.9650350000  -0.2533140000  -0.8841280000   8.1421170000   0.0343790000   0.2440070000   8.3953760000   0.2371750000   1.4145490000   8.5839710000  -0.0001070000  -0.0299540000   0.0115800000   0.0001560000   0.0300690000  -0.0116180000  -0.0123360000  -0.0259500000  -0.0084340000   0.0088110000  -0.0258730000   0.0033080000   0.0034760000   0.0517080000   0.0051630000
