   6.1015622025   6.5350207399   94  2.29E+00  -0.1366350000  -1.2014470000   2.6915800000   0.0018470000   0.0142370000   1.8295030000   1.0292790000  -0.1521750000   8.9669540000  -0.0224470000   0.1931310000   8.6305340000  -1.0130440000   0.6994590000   8.2487680000  -0.0015780000  -0.0142040000   0.0101090000   0.0016910000   0.0141210000  -0.0100850000  -0.0295500000   0.0224220000  -0.0129040000   0.0211600000  -0.0316810000   0.0126210000   0.0082780000   0.0093410000   0.0002590000
   6.1016965092   6.5377933068  307  1.03E+00   1.3524370000  -0.7068410000   2.9504800000   0.1779310000  -0.8881110000   2.0456750000  -0.6183690000   2.7173820000   7.4409570000  -0.3347090000   1.8879220000   8.2089440000  -0.1042060000   1.0330090000   8.9953260000   0.0128200000   0.0019800000   0.0099430000  -0.0127980000  -0.0020360000  -0.0098520000   0.0009030000  -0.0146090000   0.0154140000  -0.0004300000   0.0277000000  -0.0286430000  -0.0004950000  -0.0130360000   0.0131380000
   6.1040822797   6.5368715670  332  3.25E+00  -0.7909140000  -0.8299130000   4.0031050000  -1.3848540000  -2.2252580000   4.2139150000   1.8835990000   3.4145560000   4.7042240000   2.5457710000   4.2782760000   4.1840990000   3.1714240000   5.2271980000   3.8584610000   0.0111150000   0.0261570000  -0.0040730000  -0.0113100000  -0.0265360000   0.0038960000  -0.0269600000  -0.0267050000   0.0323160000   0.0190520000   0.0062180000  -0.0387030000   0.0081050000   0.0208650000   0.0065650000
   6.1026181824   6.5395248504  842  8.45E+00  -0.6038350000   0.2974180000   2.5828010000  -0.1633130000  -0.7309330000   1.8775720000   1.2944650000   1.4621650000   9.1723140000   0.3169610000   1.4896560000   8.4965690000  -0.6787370000   1.7389540000   7.9107620000   0.0282340000  -0.0657970000  -0.0451160000  -0.0280600000   0.0656820000   0.0450690000   0.0183200000   0.0138900000   0.0199390000  -0.0114920000  -0.0300620000  -0.0240580000  -0.0070010000   0.0162870000   0.0041660000
   6.1043596111   6.5390895815  988  5.30E+00   0.7019440000  -0.2476270000   2.2879590000  -0.6581940000  -0.6943020000   2.0593040000   2.3092690000   1.6770580000   8.2542320000   1.1958970000   1.4902170000   8.1188350000   0.0359320000   1.3750330000   8.2233720000  -0.0019000000  -0.0006240000  -0.0002290000   0.0020700000   0.0006700000   0.0003200000  -0.0885090000  -0.0085760000   0.0087200000   0.0688570000   0.0003250000  -0.0266020000   0.0194820000   0.0082050000   0.0177920000
   6.1016577342   6.5388850020  988  5.48E+00   0.7127810000  -0.2526350000   2.2920290000  -0.6587490000  -0.6946530000   2.0585860000   2.3088610000   1.6775180000   8.2589780000   1.1970020000   1.4902890000   8.1193760000   0.0376000000   1.3765850000   8.2215470000   0.0023940000   0.0007720000   0.0004980000  -0.0022230000  -0.0007260000  -0.0004070000  -0.0909940000  -0.0088590000   0.0083140000   0.0693340000   0.0002600000  -0.0262940000   0.0214890000   0.0085530000   0.0178890000
   6.1042160472   6.5393000330 1165  4.20E+00  -1.2146730000  -0.0201320000   3.8756110000  -2.0759140000  -0.2811660000   2.5588530000   2.9416710000   1.1110070000   6.5146260000   3.8192850000   0.7421640000   7.2430470000   4.6353530000   0.4250090000   8.0255310000   0.0243420000   0.0073220000   0.0373930000  -0.0246860000  -0.0075370000  -0.0376220000  -0.0292420000   0.0150470000  -0.0179150000   0.0288620000  -0.0164540000   0.0104760000   0.0007240000   0.0016210000   0.0076670000
   6.1017772781   6.5375966331 1165  4.35E+00  -1.2073250000  -0.0165160000   3.8703080000  -2.0761290000  -0.2811220000   2.5590460000   2.9425170000   1.1095410000   6.5111870000   3.8217480000   0.7414780000   7.2415920000   4.6332700000   0.4265380000   8.0294320000   0.0245710000   0.0074280000   0.0372590000  -0.0249200000  -0.0076440000  -0.0374910000  -0.0320460000   0.0160980000  -0.0197660000   0.0321370000  -0.0176160000   0.0121840000   0.0002570000   0.0017350000   0.0078150000
   6.1001186450   6.5359264315 1165  4.46E+00  -1.2004610000  -0.0130470000   3.8642710000  -2.0763380000  -0.2810750000   2.5592480000   2.9434030000   1.1080560000   6.5077730000   3.8241570000   0.7408220000   7.2401180000   4.6311870000   0.4280650000   8.0333240000   0.0247000000   0.0075040000   0.0369740000  -0.0250520000  -0.0077200000  -0.0372090000  -0.0346850000   0.0170700000  -0.0214930000   0.0351250000  -0.0186540000   0.0136580000  -0.0000880000   0.0018000000   0.0080690000
   6.1045514452   6.5391293179 1165  5.45E+00  -0.7486020000   0.2326710000   3.2646020000  -2.0904060000  -0.2777300000   2.5757840000   3.1245510000   0.9550180000   6.3234190000   3.8824180000   0.7416240000   7.2092400000   4.4480890000   0.5483130000   8.1960550000   0.0375470000   0.0142910000   0.0192390000  -0.0379590000  -0.0144520000  -0.0195020000  -0.0165920000   0.0031740000   0.0023030000   0.0495570000  -0.0111450000   0.0249970000  -0.0325520000   0.0081330000  -0.0270370000
   6.1024706616   6.5368751209 1273  3.30E+00  -0.6956080000  -1.4534600000   3.6006700000  -0.0296940000  -1.5569780000   2.4155870000  -0.1723180000   2.6417880000   8.5761060000   0.1034220000   3.1349970000   7.5437350000   0.2868030000   3.5599530000   6.4711490000   0.0256110000  -0.0039860000  -0.0455270000  -0.0256210000   0.0038790000   0.0455950000  -0.0068750000  -0.0051860000   0.0008310000   0.0154630000   0.0143430000  -0.0141130000  -0.0085790000  -0.0090500000   0.0132150000
   6.1000022620   6.5369031764 1525  1.62E+00   1.0018310000   0.8079720000   2.4573410000  -0.0068500000  -0.0113380000   1.9305570000   1.0862760000   0.6667630000   8.3396410000  -0.0007130000   0.2571130000   8.4491260000  -1.1146470000  -0.1663810000   8.5223320000  -0.0195740000  -0.0158880000  -0.0101730000   0.0195370000   0.0158750000   0.0102350000  -0.0151720000  -0.0059310000   0.0006020000   0.0475170000   0.0184340000  -0.0017100000  -0.0323080000  -0.0124900000   0.0010460000
   6.1001742256   6.5381869435 1632  9.99E-01   0.4172240000   1.4888820000   3.5041030000   0.3586790000   1.3795600000   2.0496450000  -0.5351630000  -2.6997230000   7.0803890000  -0.6410070000  -2.2656250000   8.1940870000  -0.8012550000  -1.8954700000   9.3123380000   0.0001010000   0.0002480000   0.0025130000  -0.0000780000  -0.0000120000  -0.0025140000   0.0001230000  -0.0201310000  -0.0369370000   0.0073320000   0.0146170000   0.0074060000  -0.0074790000   0.0052790000   0.0295310000
   6.1018431042   6.5374057872 2335  2.79E+00   1.1600110000   0.5431860000   2.6106110000  -0.0153100000  -0.0028940000   1.8253750000  -0.5119580000  -0.7146600000   9.0392620000   0.0420180000   0.2001380000   8.5993420000   0.4837890000   1.2323220000   8.2255950000   0.0185290000   0.0085410000   0.0123880000  -0.0185790000  -0.0087260000  -0.0123910000   0.0098780000   0.0370850000  -0.0084980000  -0.0049860000  -0.0518160000   0.0044690000  -0.0048420000   0.0149160000   0.0040320000
   6.1032463125   6.5391270082 2460  6.49E+00   0.2803570000  -0.3357470000   3.1953240000   0.6221830000  -0.5875660000   1.6713930000  -1.1341250000   1.0129230000   7.7635190000  -1.1304740000   1.2157940000   8.9269810000  -1.1422320000   1.7176660000   9.9875630000  -0.0090710000   0.0066810000   0.0407110000   0.0092720000  -0.0068420000  -0.0411410000  -0.0016350000   0.0210010000  -0.0039560000   0.0025140000  -0.0390400000   0.0155730000  -0.0010800000   0.0181990000  -0.0111870000
   6.1006498254   6.5372586763 2797  5.05E+00  -0.5371640000  -1.5053560000   3.7629800000  -0.6665030000  -1.2804060000   2.2126780000   1.7032440000   2.7280430000   6.8009660000   1.2029210000   2.6409140000   7.8859010000   0.7562520000   2.4666060000   8.9925790000   0.0032710000  -0.0057720000   0.0397280000  -0.0034120000   0.0056560000  -0.0397050000   0.0206380000  -0.0009350000  -0.0341980000  -0.0025590000   0.0139110000  -0.0203450000  -0.0179370000  -0.0128600000   0.0545200000
   6.1025635019   6.5390239048 2843  5.63E+00  -0.6528620000   0.7442510000   3.0485310000  -2.2286410000   0.9456610000   3.1160610000   4.6569340000  -1.5680790000   7.3028910000   4.0342070000  -1.4366130000   6.2914460000   3.4861080000  -1.4355390000   5.2209040000   0.0438110000  -0.0055100000  -0.0018920000  -0.0441290000   0.0057140000   0.0019100000   0.0262660000  -0.0123890000   0.0315910000  -0.0116730000   0.0206210000   0.0109420000  -0.0142750000  -0.0084360000  -0.0425500000
   6.1039458142   6.5355006157 3309  6.33E+00  -1.5742690000   0.6665770000   4.6651980000  -2.4766770000   0.0234320000   3.6076250000   4.0264990000   0.0857030000   4.2538390000   4.4761860000   0.2449000000   5.3524660000   5.0815590000   0.2591000000   6.4179990000   0.0172460000   0.0122950000   0.0202640000  -0.0173440000  -0.0122550000  -0.0201060000  -0.0043210000  -0.0134220000  -0.0379580000  -0.0459990000   0.0205510000  -0.0326080000   0.0504180000  -0.0071680000   0.0704080000
   6.1033277903   6.5388542684 3309  6.21E+00  -1.5733790000   0.6668660000   4.6504230000  -2.4766420000   0.0235160000   3.6080160000   4.0302050000   0.0843160000   4.2513360000   4.4748580000   0.2461670000   5.3521720000   5.0786160000   0.2590980000   6.4197020000   0.0155430000   0.0110740000   0.0179890000  -0.0156380000  -0.0110330000  -0.0178310000  -0.0042700000  -0.0138100000  -0.0387270000  -0.0466370000   0.0212110000  -0.0328960000   0.0510030000  -0.0074420000   0.0714650000
   6.1032128185   6.5394896280 3424  2.03E+00  -0.5598420000  -1.1087580000   2.8586060000  -0.8986050000  -2.1006050000   3.7599020000   1.6787810000   4.6922790000   4.1021740000   1.6419890000   4.1164030000   5.1166670000   1.6117050000   3.4660140000   6.0999920000  -0.0096650000  -0.0282730000   0.0257150000   0.0096500000   0.0283130000  -0.0258230000   0.0004050000  -0.0107590000   0.0101650000  -0.0013680000   0.0167670000  -0.0125770000   0.0009780000  -0.0060490000   0.0025200000
   6.1031818622   6.5374758621 3905  1.29E+00   0.7081060000   0.0196360000   2.9007920000  -0.0056540000  -0.0004310000   1.6265780000  -0.7003220000  -0.0240140000   9.8710050000  -0.0501790000   0.2951910000   8.9504120000   0.7216160000   0.4910010000   8.1048620000   0.0012890000   0.0000080000   0.0022920000  -0.0014660000  -0.0000670000  -0.0025550000   0.0128420000  -0.0064080000  -0.0003770000   0.0013010000   0.0206200000  -0.0313690000  -0.0139660000  -0.0141540000   0.0320090000
