   6.1109286393   6.2938402621   69  3.10E+00  -1.2782770000  -0.0791100000   2.6050650000   0.0187320000  -0.0037290000   1.8409260000  -0.7127480000   1.0316510000   9.1374020000   0.0023720000   0.3090510000   8.5676750000   0.6979490000  -0.5523750000   8.0739090000  -0.0183030000  -0.0010000000   0.0107970000   0.0181660000   0.0011850000  -0.0108800000   0.0068770000  -0.0166710000  -0.0008700000  -0.0382060000   0.0652680000   0.0171950000   0.0314660000  -0.0487820000  -0.0162430000
   6.1144431162   6.2910954757  172  1.45E-01   0.7198040000   0.3625170000   2.8798930000   0.0538450000   0.1216790000   1.6445210000  -0.2706790000  -0.5060470000   9.9840260000  -0.1030300000   0.0041120000   8.9281080000   0.0337560000   0.5601020000   7.9202890000  -0.0070110000  -0.0025970000  -0.0132020000   0.0070210000   0.0024540000   0.0128120000  -0.0048860000  -0.0054690000   0.0213710000   0.0111330000   0.0190400000  -0.0564550000  -0.0062560000  -0.0134280000   0.0354730000
   6.1107375578   6.2944353114  172  6.10E-04   0.7248310000   0.3683920000   2.8868520000   0.0538330000   0.1217610000   1.6430500000  -0.2712060000  -0.5030580000   9.9871980000  -0.1011370000   0.0017450000   8.9303990000   0.0326090000   0.5581060000   7.9223070000  -0.0044320000  -0.0016920000  -0.0084160000   0.0044430000   0.0015480000   0.0080230000  -0.0049960000  -0.0040870000   0.0195510000   0.0115390000   0.0173390000  -0.0548090000  -0.0065550000  -0.0131080000   0.0356510000
   6.1138945444   6.2941310900  358  3.63E+00   0.8613270000  -0.4688250000   2.7274180000  -0.0073580000   0.0067340000   1.7460120000  -0.8864840000   0.1258720000   9.5837800000  -0.0145630000   0.2209210000   8.7388050000   0.8798960000   0.3918680000   7.9653800000  -0.0199950000   0.0108810000  -0.0226050000   0.0198090000  -0.0109520000   0.0223880000  -0.0526520000  -0.0015480000   0.0569340000   0.0245410000  -0.0079860000  -0.0394840000   0.0282980000   0.0096050000  -0.0172330000
   6.1102467716   6.2942391104  393  6.43E+00  -1.8702060000  -0.1742920000   3.2130810000  -0.9356820000   0.4151650000   2.0907810000   1.0433390000  -0.0858320000   9.0176380000   1.7310490000  -0.5040780000   8.1382530000   2.4480230000  -0.9105400000   7.2298950000  -0.0243300000  -0.0153180000   0.0292610000   0.0241690000   0.0153990000  -0.0292230000  -0.0200810000   0.0140310000   0.0274810000  -0.0302760000   0.0126460000   0.0331960000   0.0505180000  -0.0267580000  -0.0607150000
   6.1119152763   6.2927667630  471  5.45E+00   1.2413950000   0.4162800000   2.2880190000  -0.0112750000  -0.0093400000   2.0166090000  -1.1561030000   0.5555480000   8.3795540000  -0.0186620000   0.2048420000   8.2648960000   1.1482130000  -0.0012270000   8.2016260000  -0.0573820000  -0.0194870000  -0.0124010000   0.0573070000   0.0194680000   0.0124840000  -0.0330460000   0.0196260000   0.0080120000   0.0109390000  -0.0248930000  -0.0118230000   0.0221820000   0.0052860000   0.0037280000
   6.1118840555   6.2921346310  508  5.37E+00  -0.1414550000   0.6313700000   2.8225640000   0.5587630000   0.2630870000   1.7142420000  -1.7545940000  -0.2816110000   9.7112320000  -0.9892660000  -0.1651670000   8.8227200000  -0.2844520000  -0.2604270000   7.9276050000   0.0275100000  -0.0144520000  -0.0437220000  -0.0275860000   0.0145490000   0.0433660000  -0.0058220000  -0.0154820000   0.0016900000   0.0562590000   0.0246690000  -0.0611570000  -0.0503620000  -0.0092830000   0.0598230000
   6.1107822563   6.2904874541  653  4.25E+00  -0.8530400000  -0.1850440000   2.9537620000   0.0080060000   0.0024290000   1.6398270000  -0.0682130000  -0.2966360000   7.9227390000   0.0356140000   0.2057000000   8.9869430000   0.0552380000   0.8294200000   9.9561950000  -0.0231980000  -0.0049910000   0.0351070000   0.0231770000   0.0051120000  -0.0356280000  -0.0059070000   0.0073280000  -0.0064050000   0.0124380000   0.0064850000   0.0478000000  -0.0065100000  -0.0139340000  -0.0408740000
   6.1136681628   6.2912733919  814  9.56E-01   1.0927960000  -0.5620540000   5.1573880000   0.5646850000  -1.6354000000   6.0730640000  -1.4008150000   3.5758430000  -0.1971940000  -1.0508330000   3.2149980000   0.8544040000  -0.6993520000   2.9013430000   1.9016980000   0.0073720000   0.0146980000  -0.0125920000  -0.0072760000  -0.0150820000   0.0127930000   0.0051980000  -0.0016500000   0.0150180000   0.0137650000  -0.0195330000   0.0419480000  -0.0190590000   0.0215680000  -0.0571670000
   6.1120622133   6.2901280687  942  2.88E+00   1.1533480000   0.7656240000   2.4509690000  -0.0189820000  -0.0121540000   1.9495070000   1.1502760000   0.5287280000   8.6410710000   0.0147760000   0.2354610000   8.4325980000  -1.1392330000  -0.0053490000   8.1390710000   0.0127800000   0.0084590000   0.0055070000  -0.0126830000  -0.0084530000  -0.0054970000   0.0311080000   0.0113290000   0.0021880000   0.0327300000  -0.0012350000   0.0169460000  -0.0639350000  -0.0101000000  -0.0191440000
   6.1148670918   6.2903690447 1099  1.63E+01   0.7026920000   0.0047190000   2.3581680000   0.8082700000  -1.7086800000   2.7489260000  -1.8547580000   3.0439710000   5.8936570000  -1.5133330000   3.3841540000   6.9473130000  -1.0901530000   3.6364960000   8.0148380000  -0.0040460000   0.0673940000  -0.0154210000   0.0042780000  -0.0675970000   0.0153720000   0.0155940000   0.0062560000   0.0357900000  -0.0217580000  -0.0008530000  -0.0386040000   0.0059320000  -0.0052000000   0.0028630000
   6.1146241239   6.2929271313 1099  1.61E+01   0.7016810000   0.0023920000   2.3637440000   0.8085310000  -1.7091280000   2.7485540000  -1.8554690000   3.0447150000   5.8957770000  -1.5143130000   3.3873550000   6.9485040000  -1.0899500000   3.6357330000   8.0133270000  -0.0040810000   0.0671080000  -0.0151400000   0.0043160000  -0.0673130000   0.0150890000   0.0160170000   0.0061330000   0.0365350000  -0.0203120000   0.0009570000  -0.0341550000   0.0040600000  -0.0068850000  -0.0023300000
   6.1112910499   6.2924944193 1165  1.88E+00  -1.1719540000  -0.3727310000   3.5870590000  -1.6487830000  -0.4496890000   2.2957140000   3.8131240000   0.7946590000   8.5493110000   3.0327400000   1.1163840000   7.7644940000   2.2184670000   1.3242860000   6.9317550000  -0.0146210000  -0.0024490000  -0.0393970000   0.0143240000   0.0021960000   0.0390520000  -0.0293160000   0.0035430000  -0.0304000000   0.0351200000   0.0026570000   0.0371520000  -0.0055080000  -0.0059470000  -0.0064070000
   6.1108333627   6.2925852450 1306  2.68E+00   0.8095310000  -0.6705360000   2.8503800000  -0.0120130000   0.0101500000   1.7037780000  -0.3272700000  -0.4624830000   7.9706640000  -0.0030810000   0.2360300000   8.8387090000   0.3385780000   0.9645260000   9.7066770000   0.0203940000  -0.0167960000   0.0282690000  -0.0202830000   0.0169360000  -0.0285650000   0.0097180000   0.0208680000   0.0256130000  -0.0160900000  -0.0339760000  -0.0389750000   0.0062610000   0.0129680000   0.0136580000
   6.1103510143   6.2905683449 1315  6.19E+00   0.0014560000   1.1789060000   2.5107530000  -0.0042950000  -0.0158250000   1.8660170000   0.8314170000   0.9056610000   9.0181140000   0.0299260000   0.2112520000   8.5439300000  -0.8325260000  -0.3718130000   8.0916540000  -0.0002000000  -0.0497460000  -0.0268100000   0.0003350000   0.0498040000   0.0268040000  -0.0267750000  -0.0108250000  -0.0103380000  -0.0389030000  -0.0450190000  -0.0301620000   0.0655440000   0.0557860000   0.0405050000
   6.1113491428   6.2918219916 1632  1.22E+00   0.5073060000   1.2881910000   3.3914880000   0.3320730000   1.3482260000   2.0142870000  -0.2921210000  -1.2672570000   7.7025780000  -0.6248810000  -2.2223650000   8.2641400000  -0.9291970000  -3.1912760000   8.8212420000  -0.0043890000   0.0015790000  -0.0347970000   0.0043990000  -0.0014810000   0.0343590000  -0.0105720000  -0.0374290000   0.0224860000   0.0004610000   0.0126750000  -0.0072760000   0.0101010000   0.0246560000  -0.0147720000
   6.1138420277   6.2903094717 1664  8.85E+00   0.0329010000   1.0201850000   3.0033470000  -1.1164110000   0.5533490000   1.8988760000   1.8136770000  -0.3622110000   7.3892610000   2.0197700000  -0.8295290000   8.4814830000   2.2436440000  -1.1552200000   9.5722430000   0.0394730000   0.0161590000   0.0377920000  -0.0397840000  -0.0160820000  -0.0383140000  -0.0056220000   0.0260420000  -0.0389920000   0.0086750000  -0.0408610000   0.0587950000  -0.0027420000   0.0147420000  -0.0192800000
   6.1113540238   6.2920286750 1758  3.69E+00   1.1101770000   0.4080970000   2.5125610000  -0.3112910000   0.7234770000   1.9358850000   0.6616070000  -1.8818820000   7.5799260000   0.4877060000  -1.0625210000   8.4115830000   0.4569960000  -0.2717430000   9.2801410000   0.0351560000  -0.0077230000   0.0142630000  -0.0352220000   0.0079530000  -0.0143080000   0.0102770000  -0.0061960000   0.0007060000  -0.0195880000   0.0068840000  -0.0051710000   0.0093770000  -0.0009180000   0.0045100000
   6.1105400039   6.2901509928 1824  1.86E+01  -1.5265160000  -0.4482300000   2.8738810000  -0.6520030000  -1.3414990000   2.5645980000   0.3102720000   2.0852440000   7.7508740000   1.3209890000   2.6452050000   7.3079620000   2.0505010000   3.3446980000   6.7749670000   0.0795200000  -0.0811810000  -0.0281550000  -0.0793430000   0.0811800000   0.0279760000  -0.0844020000  -0.0271160000   0.0252320000   0.1434510000   0.0576050000  -0.0503610000  -0.0592260000  -0.0304870000   0.0253070000
   6.1107937710   6.2923277219 1824  1.69E+01  -0.5530820000  -0.5766480000   2.1279550000  -0.9026800000  -1.4908760000   2.9491600000   2.5375930000   3.2702210000   5.8386780000   1.6768610000   2.8969230000   6.6338910000   0.7466410000   2.7248720000   7.3195830000  -0.0348880000  -0.0912490000   0.0820170000   0.0349330000   0.0912650000  -0.0819110000   0.0534650000   0.0377740000  -0.0582560000  -0.0581340000  -0.0523010000   0.0698510000   0.0046240000   0.0145110000  -0.0117010000
   6.1124242645   6.2922531064 1824  1.65E+01  -0.5437390000  -0.5839160000   2.1235890000  -0.9028150000  -1.4907640000   2.9493560000   2.5373980000   3.2703440000   5.8401580000   1.6774770000   2.8967640000   6.6305610000   0.7464580000   2.7247670000   7.3198990000  -0.0357310000  -0.0902560000   0.0822400000   0.0357820000   0.0902750000  -0.0821380000   0.0504460000   0.0365830000  -0.0548250000  -0.0510660000  -0.0504330000   0.0630140000   0.0005700000   0.0138300000  -0.0082910000
   6.1140023662   6.2921779326 1824  1.57E+01  -0.5336920000  -0.5894070000   2.1176040000  -0.9029590000  -1.4906740000   2.9495730000   2.5371410000   3.2704210000   5.8417050000   1.6781780000   2.8966880000   6.6271270000   0.7462750000   2.7246460000   7.3202260000  -0.0357550000  -0.0872860000   0.0806300000   0.0358110000   0.0873080000  -0.0805330000   0.0470980000   0.0352370000  -0.0511160000  -0.0435350000  -0.0483770000   0.0557670000  -0.0036200000   0.0131190000  -0.0047480000
   6.1134829015   6.2906304846 1925  3.09E+00   0.0844270000  -1.0249190000   2.7036830000   0.0010930000   0.0155220000   1.7676990000   0.2914390000   1.1163370000   7.9544540000   0.0006120000   0.2004200000   8.6925220000  -0.3026790000  -0.5920640000   9.5226370000  -0.0016420000   0.0201560000  -0.0181740000   0.0015770000  -0.0203900000   0.0180370000   0.0132380000   0.0514910000  -0.0278730000  -0.0053150000  -0.0399840000   0.0024180000  -0.0078590000  -0.0112730000   0.0255910000
   6.1123197127   6.2925407769 2235  1.51E+00  -1.7495170000   0.9474320000   2.9729470000  -1.2984200000  -0.3221000000   2.5050900000   1.4362750000   0.9854210000   8.0194260000   2.4316880000   0.8051620000   7.4291490000   3.3331170000   0.6467740000   6.7063950000   0.0043840000  -0.0122690000  -0.0045210000  -0.0043550000   0.0122510000   0.0045050000   0.0040270000  -0.0000080000  -0.0134120000   0.0166430000  -0.0043300000   0.0092190000  -0.0206990000   0.0043560000   0.0042080000
   6.1149808810   6.2920253625 2389  4.07E+00   0.2313910000  -1.3322810000   2.6053540000   0.0018610000   0.0188710000   1.8946580000   1.0584040000   0.0591690000   8.0972120000  -0.0141800000   0.2759150000   8.4999610000  -1.0716330000   0.4110660000   8.8965630000   0.0048020000  -0.0286570000   0.0150700000  -0.0050010000   0.0286970000  -0.0151310000  -0.0228730000  -0.0009580000   0.0107200000  -0.0526210000   0.0163860000   0.0167710000   0.0756930000  -0.0154680000  -0.0274300000
   6.1101305362   6.2948123857 2463  1.00E+01  -1.4482140000  -0.8919690000   2.6321940000  -0.0111650000  -1.1580780000   2.3292260000  -0.5359330000   1.7809360000   8.4964840000   0.0411600000   2.2585710000   7.6511140000   0.6520360000   3.0511620000   6.9624890000  -0.0152990000   0.0028400000   0.0033380000   0.0152190000  -0.0029350000  -0.0031080000   0.0551530000   0.0662480000  -0.0653260000  -0.0810880000  -0.1198200000   0.0788310000   0.0260150000   0.0536670000  -0.0137350000
   6.1105256300   6.2905693196 2740  6.06E-01  -0.2195830000   0.2516260000   2.8018970000   0.5147170000  -0.3274210000   1.7147630000  -0.2187450000   0.7656950000   7.8660550000  -0.9225590000   0.8063250000   8.8464530000  -1.6454790000   0.9360440000   9.7536630000   0.0049740000  -0.0039940000  -0.0076290000  -0.0050590000   0.0038940000   0.0071300000   0.0275910000   0.0041710000  -0.0427190000  -0.0301650000  -0.0089460000   0.0522920000   0.0026590000   0.0048750000  -0.0090740000
   6.1101040849   6.2904010958 2830  1.55E+00   0.0588280000  -1.8107570000   3.2564190000   0.7948330000  -1.0071250000   2.3120120000  -0.5844440000   1.3871860000   7.9630310000  -1.4494120000   2.0970440000   7.7047530000  -2.3007840000   2.8701550000   7.5023170000   0.0029050000   0.0032610000  -0.0038050000  -0.0030260000  -0.0031840000   0.0037110000  -0.0442080000   0.0421840000  -0.0076430000   0.0315040000  -0.0362980000  -0.0000100000   0.0128240000  -0.0059630000   0.0077470000
   6.1123549424   6.2938977280 2838  7.89E+00   0.6388930000  -1.7744100000   3.0037890000   0.9460860000  -0.4418170000   2.3044090000  -0.6685450000   1.0916780000   8.1912170000  -1.7782660000   1.0364370000   7.8635590000  -2.7617520000   1.1362840000   7.2088020000  -0.0061070000  -0.0264690000   0.0139160000   0.0061400000   0.0264040000  -0.0139300000  -0.0336610000   0.0094330000  -0.0344740000   0.0290800000  -0.0213020000   0.0590040000   0.0045480000   0.0119340000  -0.0245160000
   6.1112677362   6.2921097577 2838  7.50E+00   0.6461810000  -1.7667660000   3.0021330000   0.9463540000  -0.4420450000   2.3042740000  -0.6676200000   1.0925340000   8.1890680000  -1.7774840000   1.0352970000   7.8623680000  -2.7650600000   1.1369400000   7.2126230000  -0.0054670000  -0.0240990000   0.0127210000   0.0054980000   0.0240350000  -0.0127330000  -0.0337390000   0.0096060000  -0.0340060000   0.0308490000  -0.0218570000   0.0590590000   0.0028600000   0.0123150000  -0.0250410000
   6.1101863753   6.2903468383 2838  7.11E+00   0.6535760000  -1.7586490000   3.0002250000   0.9466200000  -0.4422790000   2.3041420000  -0.6666530000   1.0933780000   8.1869620000  -1.7767540000   1.0341940000   7.8610790000  -2.7683720000   1.1375810000   7.2164750000  -0.0047850000  -0.0214630000   0.0113760000   0.0048130000   0.0214000000  -0.0113860000  -0.0335480000   0.0097860000  -0.0334460000   0.0322510000  -0.0224020000   0.0589230000   0.0012690000   0.0126810000  -0.0254660000
   6.1105678429   6.2902248860 2935  2.85E+00   1.3163610000  -0.3294000000   2.4163000000  -0.0169520000   0.0032690000   1.9655180000   1.0030500000   0.8860130000   8.5902590000   0.0169750000   0.2232290000   8.3614860000  -1.0140680000  -0.3614890000   8.1654890000  -0.0034660000   0.0008720000  -0.0011050000   0.0035240000  -0.0008460000   0.0011800000   0.0476210000   0.0382970000   0.0147610000  -0.0038620000  -0.0195100000  -0.0104990000  -0.0438160000  -0.0188130000  -0.0043370000
   6.1120528642   6.2939144947 3288  2.83E+00   0.5509710000   1.3642310000   2.6616680000   0.2936380000   0.2163220000   1.9047470000   0.0399570000   0.7808690000   8.1681560000  -0.5768400000  -0.1757470000   8.4680180000  -1.1081350000  -1.1275800000   8.7956640000  -0.0054010000  -0.0240080000  -0.0158700000   0.0052900000   0.0238360000   0.0157370000   0.0033350000  -0.0037530000   0.0054200000  -0.0448110000  -0.0600560000   0.0137660000   0.0415870000   0.0639820000  -0.0190510000
   6.1129758633   6.2936288298 3464  3.54E+00  -1.1463810000  -0.8151130000   2.3900930000   0.0188450000   0.0104160000   1.9886880000  -1.0273060000   0.8730400000   8.4994350000   0.0103900000   0.2689340000   8.2939220000   0.9976140000  -0.3879210000   8.1929690000  -0.0096830000  -0.0068530000   0.0033970000   0.0096700000   0.0069020000  -0.0032890000  -0.0637410000   0.0325540000   0.0193990000   0.0416420000  -0.0131190000  -0.0245220000   0.0221110000  -0.0194850000   0.0050140000
   6.1131724740   6.2925598797 3641  3.15E+00  -0.1849950000   0.8762320000   3.0713260000   0.5222820000   1.3081210000   1.9785050000  -0.6479410000  -1.2368340000   7.6132270000  -0.9059490000  -2.1791760000   8.3168560000  -1.2687180000  -3.0278690000   9.0698950000   0.0241420000   0.0147750000  -0.0374790000  -0.0240840000  -0.0146790000   0.0369980000   0.0034350000   0.0410580000  -0.0223480000   0.0137740000  -0.0207940000  -0.0032520000  -0.0172670000  -0.0203600000   0.0260800000
   6.1103689200   6.2928850917 3641 -2.65E-01   0.1871140000   1.5042360000   3.7891850000   0.8933160000   1.8937580000   2.5684790000  -1.9838260000  -3.7377530000   8.2420260000  -1.6279740000  -3.1848310000   7.2611750000  -1.2672850000  -2.7363910000   6.2418870000  -0.0018320000  -0.0008720000   0.0032070000   0.0019630000   0.0012750000  -0.0033450000  -0.0041420000  -0.0138970000   0.0096270000   0.0083020000   0.0269030000  -0.0191960000  -0.0042910000  -0.0134100000   0.0097070000
   6.1130712063   6.2929762294 3886  7.35E+00  -0.7901840000   0.3339220000   2.8444640000  -0.1977060000   1.1624430000   1.9553410000   0.7915750000  -2.9140000000   8.7957370000   0.2995580000  -1.8615270000   8.4446520000   0.0207280000  -0.8274450000   7.9214270000   0.0265930000   0.0371650000  -0.0400140000  -0.0266000000  -0.0371950000   0.0396790000   0.0389170000  -0.0574440000   0.0090740000  -0.0454500000   0.0360210000   0.0113180000   0.0065400000   0.0214530000  -0.0200570000
