   6.1138912776   6.7631403919  160  3.37E+00  -1.1266180000  -1.1302500000   3.3302960000  -0.5006220000  -0.7244230000   1.9608600000   0.3005060000   0.8766390000   9.0488010000   0.9271930000   1.6171360000   8.3912640000   1.5746610000   2.2862090000   7.6502680000  -0.0148820000  -0.0096370000   0.0325980000   0.0148360000   0.0096040000  -0.0325390000   0.0037240000  -0.0016840000  -0.0065300000  -0.0187100000  -0.0080360000   0.0255810000   0.0150330000   0.0097530000  -0.0191090000
   6.1147231936   6.7638914461  237  3.44E+00  -1.1010400000  -0.4893600000   3.2327370000  -0.5670650000  -1.1386860000   2.0973590000   1.1816210000   2.9967020000   7.1561030000   1.1416620000   2.3593570000   8.1566520000   0.8627640000   1.6375170000   9.0435270000   0.0079690000  -0.0097380000  -0.0169300000  -0.0079850000   0.0095920000   0.0169340000  -0.0147430000   0.0029510000  -0.0180580000   0.0305080000   0.0030600000   0.0238600000  -0.0157490000  -0.0058650000  -0.0058070000
   6.1100125767   6.7627966075  694  5.84E+00   0.2922300000   1.1411040000   2.7443660000  -0.0050280000  -0.0175700000   1.7552130000   0.7806430000   1.1389860000   9.0202190000  -0.0428290000   0.2683360000   8.7824340000  -0.7417910000  -0.6368960000   8.4491680000   0.0067230000   0.0262250000   0.0224220000  -0.0067100000  -0.0261780000  -0.0223900000   0.0587190000   0.0525820000   0.0105930000  -0.0471210000  -0.0264140000   0.0022530000  -0.0116110000  -0.0262140000  -0.0128780000
   6.1111069040   6.7639849433 1148  1.04E+01  -0.6567740000  -1.0567360000   3.0449580000   0.6386700000  -1.4746620000   2.4205540000  -1.4267440000   1.8955070000   7.9094080000  -1.0230320000   2.9475530000   7.6468220000  -0.9535690000   4.0108490000   7.0706630000  -0.0153020000   0.0049640000   0.0073830000   0.0153930000  -0.0049370000  -0.0073930000  -0.0062460000   0.0461610000  -0.0315260000   0.0269490000  -0.0847780000   0.0724040000  -0.0207950000   0.0385890000  -0.0408670000
   6.1104729440   6.7622432007 1548  3.42E+00   0.0089240000   0.0566240000   2.8076050000   0.9961880000  -0.8036540000   1.9487980000  -1.2720820000   1.8433670000   9.4536110000  -1.8247920000   1.7118200000   8.3964950000  -2.3338190000   1.5693240000   7.3347020000  -0.0242750000   0.0212150000   0.0211620000   0.0244920000  -0.0212900000  -0.0212530000   0.0245550000   0.0048210000   0.0426770000  -0.0178600000  -0.0022360000  -0.0256610000  -0.0069120000  -0.0025100000  -0.0169240000
   6.1126185883   6.7607616200 1620  4.14E+00   1.4188630000  -0.9513170000   3.6602220000   1.5556250000  -0.2001440000   2.3494980000  -3.5020180000   0.1544270000   6.8219050000  -2.8918990000   0.5953680000   7.7085800000  -2.1856040000   1.1458130000   8.4279150000  -0.0022040000  -0.0121180000   0.0212030000   0.0022760000   0.0121310000  -0.0211430000   0.0232410000   0.0208790000   0.0139600000   0.0069400000  -0.0006740000   0.0348170000  -0.0302530000  -0.0202180000  -0.0488380000
   6.1140504753   6.7604334309 2467  5.36E+00  -0.4721200000   1.0543700000   2.6896800000  -0.8267960000  -0.2017200000   1.9178550000   0.4057140000   0.8544860000   8.4805380000   1.4981840000   0.5412660000   8.4547680000   2.6285710000   0.3678760000   8.4259970000   0.0057320000   0.0200910000   0.0123800000  -0.0056190000  -0.0201490000  -0.0123610000   0.0910880000  -0.0139740000  -0.0005720000  -0.0233970000  -0.0079740000  -0.0021130000  -0.0678040000   0.0220070000   0.0026650000
   6.1145240693   6.7627766276 2585  5.49E+00  -0.7215650000   0.5067750000   2.5075250000  -1.0384350000  -0.8666010000   2.1676750000   3.0423300000   2.0956810000   7.8781560000   1.8888080000   1.7728580000   7.8899400000   0.7714060000   1.5572050000   8.2162110000  -0.0003600000  -0.0019080000  -0.0004230000   0.0005430000   0.0019580000   0.0004750000   0.0351490000   0.0162200000   0.0205580000  -0.0304430000  -0.0221170000  -0.0444230000  -0.0048890000   0.0058480000   0.0238130000
   6.1103237661   6.7602899247 2585  5.35E+00  -0.7075440000   0.5128750000   2.5079200000  -1.0389290000  -0.8669560000   2.1673190000   3.0440150000   2.0967320000   7.8807870000   1.8917470000   1.7743110000   7.8920190000   0.7690980000   1.5564490000   8.2137780000   0.0006090000   0.0022010000   0.0005890000  -0.0004250000  -0.0021530000  -0.0005460000   0.0335200000   0.0156570000   0.0201550000  -0.0214370000  -0.0199760000  -0.0455540000  -0.0122670000   0.0042710000   0.0253560000
   6.1122434781   6.7614117667 2593  4.38E+00  -0.1401750000   0.1105560000   2.8721930000  -0.5652600000  -0.5477950000   1.7460560000   1.6870340000   1.3754690000   7.8242890000   1.0023410000   1.3006760000   8.7575810000   0.3923920000   1.0646470000   9.7014360000  -0.0144840000  -0.0223160000  -0.0381430000   0.0142670000   0.0222440000   0.0380420000  -0.0174280000  -0.0139950000   0.0347460000  -0.0182920000   0.0141260000   0.0106980000   0.0359360000  -0.0000590000  -0.0453430000
   6.1137470843   6.7608594105 2606  3.01E+00   0.1026110000  -0.0354650000   2.9747900000  -0.0701980000   0.2623730000   1.5761410000  -0.5080050000   0.4568720000   8.3200060000   0.1809260000  -0.1608250000   9.0867500000   0.7163010000  -0.9565920000   9.8007430000  -0.0007240000   0.0013190000  -0.0064650000   0.0008670000  -0.0014110000   0.0062760000  -0.0332040000   0.0107830000  -0.0279280000   0.0248990000   0.0258290000   0.0075100000   0.0081620000  -0.0365200000   0.0206060000
   6.1111337375   6.7615731168 3659  8.93E+00  -0.1800200000  -1.1706530000   3.2745290000   0.4648380000  -1.0040810000   1.8745610000  -0.1198170000   1.2136180000   8.2352890000  -0.8823970000   2.1095890000   8.3826240000  -1.5279410000   2.9787730000   8.9047830000  -0.0144510000  -0.0036620000   0.0311560000   0.0143110000   0.0037660000  -0.0313100000   0.0123640000  -0.0068530000   0.0247340000   0.0013330000  -0.0200410000  -0.0660750000  -0.0135580000   0.0267900000   0.0414960000
