   6.1285486123   6.8713553988  270  4.69E+00  -0.0775080000   1.3344850000   2.5523790000   0.0004640000  -0.0184610000   1.8312540000  -0.6446770000  -0.7540970000   8.6325890000  -0.0358160000   0.2629770000   8.5863860000   0.6741300000   1.2524770000   8.6162990000  -0.0015580000   0.0265850000   0.0142470000   0.0015130000  -0.0266240000  -0.0141350000  -0.0067400000  -0.0226860000   0.0065860000  -0.0400230000  -0.0326850000  -0.0142780000   0.0468080000   0.0554110000   0.0075800000
   6.1297228755   6.8725332682  535  4.16E+00  -0.2326440000  -0.3728500000   2.7006210000   0.8698210000  -0.2667010000   1.8860000000  -2.4793640000   0.4122610000   7.8486910000  -1.6297210000   0.7684740000   8.5588680000  -0.6266490000   1.0539810000   9.1380960000   0.0356730000   0.0034490000  -0.0263270000  -0.0355880000  -0.0034200000   0.0263180000   0.0282930000   0.0034090000   0.0084660000  -0.0618770000  -0.0056690000  -0.0144360000   0.0334990000   0.0022320000   0.0059780000
   6.1261627501   6.8714913419  749  6.13E+00   0.5800200000   1.2138740000   2.6056020000  -0.0061860000  -0.0107850000   1.7929170000   0.6158760000   1.2506300000   8.5189310000  -0.0024790000   0.2295240000   8.6240420000  -0.6196630000  -0.7578750000   8.8898010000   0.0157800000   0.0329790000   0.0219620000  -0.0158320000  -0.0330680000  -0.0218530000   0.0205320000   0.0358380000   0.0077180000  -0.0020350000  -0.0081700000  -0.0265040000  -0.0184440000  -0.0275790000   0.0186760000
   6.1290900696   6.8703829216  826  5.78E+00  -0.9865720000   0.3731950000   2.6182260000   0.0103370000  -0.0038000000   1.7727700000   1.0916070000  -0.2333280000   8.5536500000  -0.0153450000   0.2375400000   8.6683550000  -1.0695570000   0.7381510000   8.9216410000   0.0399480000  -0.0151040000  -0.0337820000  -0.0399870000   0.0151180000   0.0339210000   0.0545560000  -0.0201010000   0.0042040000  -0.0254120000   0.0030170000  -0.0213440000  -0.0291050000   0.0170700000   0.0170010000
   6.1276853726   6.8745307522 1058  4.51E+00  -0.1421140000   0.6891020000   2.6839010000   1.0390810000   0.3999290000   1.9668760000  -2.0038810000   0.6101100000   8.7482690000  -1.8975270000  -0.5396550000   8.4247380000  -1.7521190000  -1.5580750000   7.9363480000   0.0181100000  -0.0044360000  -0.0109730000  -0.0181090000   0.0044500000   0.0109920000  -0.0007610000   0.0414720000  -0.0010880000   0.0085790000  -0.1202570000  -0.0224230000  -0.0078190000   0.0787700000   0.0234920000
   6.1287763335   6.8730694094 1200  6.18E+00   0.5658590000  -1.2398420000   2.9748860000   1.0973670000  -0.1130700000   2.0910720000  -2.9647270000   0.0898860000   7.6315850000  -2.0584910000   0.5275850000   8.2237800000  -1.0061380000   0.8445430000   8.5652940000  -0.0096850000  -0.0205570000   0.0161360000   0.0097210000   0.0205780000  -0.0161560000   0.0309600000   0.0012850000  -0.0037980000   0.0126390000   0.0237020000   0.0388030000  -0.0436340000  -0.0250080000  -0.0349840000
   6.1272174639   6.8734590355 1200  6.23E+00   0.5595770000  -1.2472340000   2.9754160000   1.0978810000  -0.1130470000   2.0905380000  -2.9682300000   0.0901070000   7.6359470000  -2.0588610000   0.5269970000   8.2231470000  -1.0045280000   0.8451150000   8.5640410000  -0.0106630000  -0.0224880000   0.0175570000   0.0106940000   0.0225080000  -0.0175760000   0.0310070000   0.0015130000  -0.0034290000   0.0086390000   0.0220720000   0.0366140000  -0.0396770000  -0.0236040000  -0.0331650000
   6.1258726373   6.8725475263 1200  6.29E+00   0.5535050000  -1.2541830000   2.9756000000   1.0983920000  -0.1130300000   2.0900080000  -2.9717710000   0.0903270000   7.6403140000  -2.0592450000   0.5263720000   8.2224540000  -1.0028700000   0.8457170000   8.5628290000  -0.0115530000  -0.0242130000   0.0188030000   0.0115800000   0.0242320000  -0.0188220000   0.0310370000   0.0017380000  -0.0030620000   0.0044840000   0.0203820000   0.0343720000  -0.0355490000  -0.0221380000  -0.0312910000
   6.1294487113   6.8705953394 2534  4.08E+00   1.5809510000   0.2588890000   3.7610790000   2.0980610000  -1.1713820000   3.4844550000  -3.0743690000   2.2174770000   6.4788970000  -3.8465900000   2.4338030000   5.6000160000  -4.6158390000   2.4770050000   4.6792100000  -0.0111780000   0.0308620000   0.0059160000   0.0111640000  -0.0308560000  -0.0060370000   0.0154710000  -0.0144090000   0.0169860000   0.0143700000   0.0228240000   0.0203970000  -0.0298270000  -0.0084210000  -0.0372610000
   6.1273907981   6.8721611187 2534  4.36E+00   1.5775800000   0.2630180000   3.7629320000   2.0992190000  -1.1721580000   3.4841270000  -3.0742310000   2.2190990000   6.4776850000  -3.8494780000   2.4324970000   5.6028560000  -4.6193800000   2.4799760000   4.6798100000  -0.0118320000   0.0324980000   0.0062610000   0.0118180000  -0.0324930000  -0.0063790000   0.0142580000  -0.0134950000   0.0149150000   0.0176890000   0.0211470000   0.0255810000  -0.0319330000  -0.0076580000  -0.0403780000
   6.1258067226   6.8737329889 2534  4.63E+00   1.5744420000   0.2665090000   3.7646630000   2.1003740000  -1.1729250000   3.4838010000  -3.0741100000   2.2207380000   6.4764540000  -3.8523950000   2.4311560000   5.6056550000  -4.6228820000   2.4829560000   4.6804600000  -0.0124070000   0.0339020000   0.0065640000   0.0123920000  -0.0338980000  -0.0066790000   0.0130490000  -0.0125920000   0.0128790000   0.0208610000   0.0194640000   0.0305630000  -0.0338950000  -0.0068760000  -0.0433270000
   6.1298553573   6.8703799424 2593  2.42E+00  -0.1932210000   0.1521070000   2.9148060000  -0.5722540000  -0.5550810000   1.7271180000   1.7348520000   1.4172390000   7.8906670000   1.0392780000   1.3060490000   8.8075550000   0.3551150000   1.0526110000   9.6894380000  -0.0027720000  -0.0050380000  -0.0084290000   0.0025780000   0.0049690000   0.0083460000  -0.0269640000  -0.0147330000   0.0366140000  -0.0130050000   0.0108130000   0.0158210000   0.0401630000   0.0039890000  -0.0523520000
   6.1282773473   6.8740339700 2796  4.67E+00   0.8594340000   0.8330230000   2.7466110000  -0.0092990000  -0.0107090000   1.7318330000   0.9868160000   0.8549640000   9.0580420000   0.0098110000   0.2207930000   8.7847480000  -1.0018880000  -0.3320380000   8.5262320000   0.0231910000   0.0225040000   0.0271460000  -0.0231460000  -0.0224990000  -0.0270630000   0.0291630000   0.0253400000   0.0108580000  -0.0157480000  -0.0241750000  -0.0104700000  -0.0134590000  -0.0011710000  -0.0004700000
   6.1273834900   6.8715206043 2919  2.52E+00  -0.8888580000   0.7123120000   2.7172500000   0.0090580000  -0.0122080000   1.7889320000   1.1773530000   0.1098450000   8.7724010000  -0.0077430000   0.2260760000   8.7614240000  -1.1607780000   0.4242090000   8.5460630000  -0.0068430000   0.0055370000   0.0071080000   0.0068960000  -0.0055610000  -0.0071170000   0.0291230000   0.0024480000  -0.0113560000  -0.0081330000  -0.0114900000   0.0269470000  -0.0210440000   0.0090660000  -0.0155820000
   6.1273014723   6.8723838422 2968  4.38E+00  -0.0572380000   0.2429330000   2.6309830000  -0.3266210000  -0.9486150000   1.9477310000   1.0504590000   2.6975250000   7.6080290000   0.5725160000   2.0501080000   8.4517520000   0.1545870000   1.1734480000   9.1552570000  -0.0055520000  -0.0244300000  -0.0139820000   0.0054850000   0.0243640000   0.0139760000  -0.0046910000  -0.0263620000   0.0078620000   0.0134060000   0.0677040000  -0.0209770000  -0.0086480000  -0.0412750000   0.0131200000
   6.1289182715   6.8740105151 3373  5.24E+00   0.9025240000  -0.9370270000   3.3955700000   0.2920980000  -1.0975340000   1.9344470000  -0.5564670000   2.9458990000   7.4283170000  -0.5529880000   2.2750910000   8.4082960000  -0.5440770000   1.5742600000   9.3857660000   0.0171860000   0.0044900000   0.0411940000  -0.0171780000  -0.0046010000  -0.0411420000  -0.0000310000   0.0127420000  -0.0187010000  -0.0005290000   0.0185440000  -0.0235420000   0.0005530000  -0.0311740000   0.0421900000
