   6.1278108741   6.9004459090  166  1.23E+01  -0.2852060000  -1.6871200000   4.7502090000   1.1370870000  -2.1708670000   4.0172460000  -1.6068800000   4.8329540000   5.5185090000  -2.0163240000   4.1884750000   4.5750520000  -2.5403950000   3.6585790000   3.6858260000  -0.0501200000   0.0171250000   0.0258610000   0.0501410000  -0.0170010000  -0.0258000000   0.0130690000   0.0407010000   0.0510540000  -0.0179500000  -0.0622530000  -0.0760200000   0.0048600000   0.0214280000   0.0249060000
   6.1259694386   6.9037478093  605  2.33E+00  -0.7140650000  -0.1348310000   2.9054150000   0.0105540000   0.0025280000   1.6508110000   0.5908440000   1.1583570000   9.3327290000  -0.0212110000   0.2255990000   8.9813960000  -0.5826400000  -0.6441680000   8.4985580000  -0.0001950000   0.0000040000   0.0003700000   0.0002510000   0.0000870000  -0.0004190000  -0.0042850000  -0.0075910000  -0.0132380000  -0.0357780000  -0.0532960000  -0.0100530000   0.0400070000   0.0607950000   0.0233400000
   6.1255026705   6.9007874458  848  2.73E+00   0.8327670000   0.4939090000   2.7011680000   0.0394160000  -0.3224040000   1.7885790000   0.6402890000   1.6604170000   8.3709980000  -0.1165150000   0.8768510000   8.7405390000  -0.8021410000  -0.0519460000   8.9659200000   0.0011050000   0.0011540000   0.0013170000  -0.0011600000  -0.0011780000  -0.0013100000  -0.0314370000  -0.0478120000   0.0090650000   0.0239070000   0.0544930000   0.0008550000   0.0075840000  -0.0066570000  -0.0099270000
   6.1283057165   6.9005675329 1240  3.32E+00   0.7650790000   0.2683160000   2.7852880000  -0.0055770000  -0.0065000000   1.6925950000  -1.0432100000   0.6529770000   9.2064030000  -0.0196450000   0.2525440000   8.8631240000   1.0376100000  -0.1393280000   8.5125620000  -0.0289780000  -0.0102890000  -0.0409900000   0.0288330000   0.0103390000   0.0409830000   0.0427230000  -0.0152160000  -0.0131290000  -0.0496950000   0.0163520000   0.0134230000   0.0071180000  -0.0011860000  -0.0002860000
   6.1279268096   6.9007300094 1257  4.27E+00   0.2112380000  -0.5227900000   3.1618470000   0.5832150000  -0.4552560000   1.6285880000  -1.6892490000   0.9985330000   7.9801610000  -1.0298680000   1.0403760000   8.9556070000  -0.4636590000   1.2147350000   9.9653210000  -0.0097600000  -0.0018300000   0.0406680000   0.0099840000   0.0017530000  -0.0407760000  -0.0067210000   0.0093120000   0.0042200000   0.0159920000  -0.0172430000  -0.0013750000  -0.0094950000   0.0080080000  -0.0027370000
   6.1253412250   6.9041719673 2038  5.10E+00   1.5795440000   0.0740820000   3.5640090000   1.2574390000  -0.2268120000   2.0281730000  -1.1478760000   0.7308730000   8.4285550000  -2.3298970000   0.6495130000   8.2442820000  -3.4825500000   0.5973030000   8.0299540000   0.0092440000   0.0086640000   0.0442310000  -0.0093510000  -0.0086940000  -0.0443560000   0.0399120000   0.0047080000   0.0057320000  -0.0388470000  -0.0064830000  -0.0040000000  -0.0009570000   0.0018040000  -0.0016060000
   6.1251086982   6.9012338689 2038  5.06E+00   1.5760040000   0.0875970000   3.5619370000   1.2578100000  -0.2269830000   2.0280180000  -1.1489360000   0.7311180000   8.4246300000  -2.3310180000   0.6501010000   8.2454960000  -3.4822800000   0.5966160000   8.0338730000   0.0091320000   0.0090600000   0.0441750000  -0.0092380000  -0.0090890000  -0.0443040000   0.0386070000   0.0045100000   0.0051930000  -0.0410900000  -0.0063520000  -0.0039300000   0.0025900000   0.0018710000  -0.0011340000
   6.1281108543   6.9033932384 2400  5.69E+00  -0.4877200000   0.1373790000   3.0708530000  -1.0159110000  -0.2922100000   1.7545180000   2.8118130000   0.3233810000   9.3082890000   1.9154140000   0.8310320000   8.6652730000   0.8547240000   1.1911510000   8.2319560000   0.0042540000   0.0033600000   0.0103820000  -0.0041370000  -0.0034490000  -0.0105440000   0.0384790000  -0.0355860000   0.0470780000   0.0060870000   0.0318430000  -0.0462250000  -0.0446830000   0.0038320000  -0.0006920000
   6.1292110850   6.9010478651 2401  2.97E+00  -0.1059310000  -0.4150450000   3.1027940000  -0.6655930000  -0.7027670000   1.7598070000   1.9712630000   0.9682240000   9.4725830000   1.1764670000   1.5350310000   8.7702350000   0.4763740000   2.1030480000   7.9604340000   0.0046440000   0.0022940000   0.0110490000  -0.0045940000  -0.0024720000  -0.0111450000   0.0407180000  -0.0248340000   0.0256240000  -0.0112080000  -0.0042980000   0.0197470000  -0.0295600000   0.0293100000  -0.0452750000
   6.1256720278   6.9025646948 2559  9.94E+00   0.1618050000   0.5293330000   2.8301730000   0.2115230000  -0.0215700000   1.6568150000  -1.3433870000   0.6807790000   8.3451900000  -0.3967290000   0.2316530000   8.9230610000   0.5746190000  -0.0926260000   9.5046480000   0.0041790000  -0.0457620000  -0.0973780000  -0.0040430000   0.0456820000   0.0973700000  -0.0263520000   0.0209590000  -0.0149190000   0.0176560000  -0.0263050000   0.0096100000   0.0085600000   0.0054270000   0.0053170000
