   6.1274653229   6.1775686031 1172  8.22E+00   1.4740070000   0.8227250000   4.5368740000   2.5060990000  -0.3505060000   4.5485780000  -5.7552990000   0.6071060000   3.6425060000  -4.5694550000   0.8170100000   3.5257530000  -3.4233650000   1.1659220000   3.7093780000  -0.0247260000   0.0283090000  -0.0002400000   0.0252140000  -0.0285070000   0.0003010000  -0.0619760000  -0.0024460000   0.0230940000   0.0142750000  -0.0214540000  -0.0484000000   0.0472130000   0.0240980000   0.0252450000
   6.1268235700   6.1785265194 1404  7.93E+00   0.6010500000  -1.3550590000   2.4142090000   0.3655230000  -2.0080800000   3.7076620000  -0.0907430000   3.8893550000   6.2837910000  -0.6313390000   3.9813280000   5.1605080000  -1.2986950000   3.9237630000   4.1743600000   0.0009840000   0.0027140000  -0.0052890000  -0.0009360000  -0.0026830000   0.0052970000   0.0404570000  -0.0148780000   0.1064780000  -0.0140890000   0.0231260000  -0.0857650000  -0.0264170000  -0.0082790000  -0.0207210000
   6.1266676697   6.1779318413 1408  4.24E+00   2.2711430000  -0.2477410000   4.2653880000   1.6431620000  -0.6761090000   2.8881980000  -3.9687950000   1.4672180000   5.9526990000  -3.0693830000   1.5044590000   6.7035500000  -2.0764660000   1.4833250000   7.3230660000   0.0161650000   0.0109930000   0.0353460000  -0.0161770000  -0.0110370000  -0.0355040000   0.0104620000  -0.0033950000  -0.0041710000  -0.0041620000   0.0065160000   0.0190820000  -0.0062880000  -0.0030760000  -0.0147540000
   6.1263842652   6.1758691122 1438  3.42E+00   1.9203060000  -1.4746170000   4.0055510000   1.1195330000  -1.0655480000   2.7934790000  -1.1312910000   2.1716330000   7.5469840000  -2.0471180000   2.2751260000   6.7861190000  -3.0441520000   2.2226200000   6.1562210000   0.0115550000  -0.0059050000   0.0175060000  -0.0116300000   0.0059860000  -0.0175390000   0.0180550000  -0.0115580000   0.0293950000  -0.0041100000   0.0209490000  -0.0334280000  -0.0138710000  -0.0094720000   0.0040670000
   6.1257725550   6.1790021267 1632  4.22E+00   0.1755480000  -0.0231240000   2.6230480000   0.2140260000   1.1562590000   1.9536350000  -0.1085150000  -0.8683780000   7.7826040000  -0.3629380000  -1.8401920000   8.4482850000  -0.6989900000  -2.8357030000   8.9543030000   0.0016170000   0.0497410000  -0.0283810000  -0.0016260000  -0.0497420000   0.0278990000   0.0041160000   0.0337600000  -0.0325770000  -0.0019550000  -0.0411000000   0.0472970000  -0.0021520000   0.0073400000  -0.0142370000
   6.1265787869   6.1779758704 1947  4.06E+00  -0.3652460000   1.0856660000   2.5769450000   0.0108820000  -0.0137240000   1.8469240000   0.6324410000   0.9370250000   7.9195780000   0.0368160000   0.2581000000   8.6340440000  -0.6914180000  -0.4429670000   9.2137220000   0.0126260000  -0.0370690000  -0.0246500000  -0.0127490000   0.0369270000   0.0244410000  -0.0380810000  -0.0341230000   0.0267080000   0.0338080000   0.0223950000  -0.0064260000   0.0043950000   0.0118690000  -0.0200730000
   6.1261614589   6.1786872223 2383  6.30E+00  -0.8875160000   0.7942820000   2.4895580000   0.2985550000   0.2246910000   1.9076990000  -0.1190600000   0.8866940000   8.0366080000  -0.5549650000  -0.1394000000   8.5350110000  -0.8994670000  -1.2665780000   8.8730190000   0.0060910000  -0.0029840000  -0.0030270000  -0.0061540000   0.0028390000   0.0028580000   0.0316790000   0.0580090000  -0.0374120000  -0.0121600000   0.0268410000   0.0214880000  -0.0194570000  -0.0847040000   0.0160930000
   6.1297452131   6.1761436715 2393  3.64E+00   1.2908620000  -0.0232670000   3.3122340000   1.4000910000   0.6555620000   2.1591010000  -2.8163430000  -1.1830880000   9.1213970000  -2.5525010000  -0.9401000000   7.9985710000  -2.3412260000  -0.6960800000   6.8835440000   0.0056590000   0.0343940000  -0.0584640000  -0.0052910000  -0.0343210000   0.0582130000  -0.0060330000  -0.0020530000   0.0102720000   0.0164200000   0.0090160000  -0.0427450000  -0.0107540000  -0.0070360000   0.0327240000
   6.1269053785   6.1795934723 2556  5.69E+00  -0.3408710000   0.4855380000   2.5509990000  -0.0362090000  -0.6152880000   1.8170320000  -0.5161520000   1.4321990000   7.6277830000   0.1420080000   1.2842800000   8.6063940000   0.6118550000   1.3336800000   9.6772050000   0.0127440000  -0.0459170000  -0.0307240000  -0.0125550000   0.0457040000   0.0303520000  -0.0199020000   0.0154030000  -0.0024680000   0.0357070000  -0.0280620000   0.0041950000  -0.0159940000   0.0128720000  -0.0013540000
   6.1252727004   6.1779621435 2558  2.49E+00  -0.8094510000   0.0913830000   2.7861860000  -0.4310140000  -0.9746540000   1.9446950000   0.4640730000   2.0461700000   7.2588890000   0.7906880000   1.9472620000   8.3999400000   1.1459490000   2.0416050000   9.5486800000   0.0060810000  -0.0173390000  -0.0137530000  -0.0061390000   0.0170220000   0.0134140000  -0.0049970000   0.0145790000  -0.0223980000  -0.0135410000  -0.0303680000  -0.0324830000   0.0185950000   0.0161060000   0.0552210000
   6.1281942917   6.1778721656 2633  5.56E+00   0.8568040000   1.0055850000   2.2869120000  -0.0105570000  -0.0130190000   1.9865840000  -1.0728960000  -0.1950180000   8.6736970000   0.0126140000   0.2228410000   8.3060000000   1.0621710000   0.7170730000   8.0266440000  -0.0297600000  -0.0349250000  -0.0102920000   0.0296480000   0.0348570000   0.0103310000  -0.0691790000  -0.0215050000   0.0288530000   0.0407520000   0.0028310000  -0.0275710000   0.0285390000   0.0187430000  -0.0013220000
   6.1281271382   6.1785278950 2756  2.89E+00   1.0919150000   1.0297940000   2.2195970000  -0.0103760000  -0.0166270000   2.0573870000   0.7957990000  -0.5776550000   8.1573490000   0.0198320000   0.2853020000   8.2071100000  -0.8276600000   1.0693100000   8.2678660000   0.0203220000   0.0193150000   0.0030490000  -0.0203520000  -0.0192590000  -0.0029630000  -0.0260410000   0.0175080000   0.0039210000   0.0013680000   0.0157570000  -0.0041520000   0.0247030000  -0.0333210000   0.0001450000
   6.1299135358   6.1797123510 2833  3.42E+00  -1.1422540000   0.4657720000   2.2212610000  -0.3057730000  -0.6095950000   2.1512940000  -0.0594130000   0.3705420000   8.2478080000   0.5663460000   1.3655310000   8.0390750000   1.2333320000   2.3071540000   7.8344480000   0.0317890000  -0.0408070000  -0.0026170000  -0.0317270000   0.0409140000   0.0026250000  -0.0134580000  -0.0289690000   0.0074850000   0.0122080000   0.0342550000  -0.0094550000   0.0011880000  -0.0053930000   0.0019620000
   6.1279014188   6.1758671202 3012  6.48E-01  -0.6581740000  -0.3925790000   2.8784100000   0.0051770000   0.0018710000   1.6510490000   0.2162510000   0.5447900000  10.0367200000  -0.0170010000   0.2080140000   8.9430090000  -0.1878770000   0.0021220000   7.8238980000   0.0009690000   0.0005770000  -0.0020330000  -0.0009530000  -0.0005680000   0.0015110000   0.0017540000   0.0054630000  -0.0141010000  -0.0147220000  -0.0250970000  -0.0412590000   0.0129520000   0.0196250000   0.0558820000
   6.1273165468   6.1758716195 3317  7.12E-01  -1.5575500000  -0.7112250000   3.1161150000  -0.4664990000  -1.3399790000   2.4200850000   0.5770410000   2.3252870000   8.6025930000   0.8840220000   2.7481670000   7.5450360000   1.1872670000   3.0363370000   6.4517480000   0.0055380000  -0.0032290000  -0.0035090000  -0.0056470000   0.0030490000   0.0035270000  -0.0023150000  -0.0115780000   0.0063620000   0.0051200000   0.0222830000  -0.0164720000  -0.0026960000  -0.0105240000   0.0100920000
   6.1271521124   6.1761687894 3337  2.66E+00  -0.8738240000  -1.1994390000   3.7218150000  -1.5369070000  -0.8965700000   2.4430940000   3.1346350000   2.0802550000   8.5995000000   2.9015240000   1.8619220000   7.4523390000   2.4179390000   1.7629390000   6.3713590000   0.0033660000  -0.0016940000   0.0066430000  -0.0036730000   0.0013960000  -0.0068290000  -0.0099530000   0.0130020000   0.0321010000   0.0313780000  -0.0199210000  -0.0225390000  -0.0211190000   0.0072180000  -0.0093760000
   6.1295641103   6.1778570522 3337  2.75E+00  -0.8711830000  -1.1924410000   3.7089600000  -1.5371410000  -0.8966910000   2.4433820000   3.1309270000   2.0801450000   8.6014670000   2.9028680000   1.8610590000   7.4511830000   2.4216410000   1.7638600000   6.3696310000   0.0011440000  -0.0006600000   0.0023180000  -0.0014460000   0.0003650000  -0.0025020000  -0.0095610000   0.0137690000   0.0355280000   0.0307290000  -0.0209190000  -0.0268940000  -0.0208660000   0.0074440000  -0.0084510000
   6.1280081394   6.1785796587 3696  1.32E+00   0.7387990000  -1.8784260000   3.3984540000  -0.4669750000  -1.5265040000   2.6529530000   1.7972320000   2.8556920000   7.7356510000   0.8504460000   3.0322100000   7.0625600000  -0.1500190000   3.2977950000   6.5000980000   0.0024130000  -0.0006270000   0.0015130000  -0.0022750000   0.0005990000  -0.0014440000  -0.0033660000   0.0066880000   0.0080120000   0.0078890000  -0.0143970000  -0.0158550000  -0.0046620000   0.0077370000   0.0077730000
   6.1269175945   6.1797868405 3820  5.66E+00   0.3589940000   0.9340370000   2.4824330000  -0.1674830000  -0.4182010000   1.8827310000  -0.7029990000   0.7544640000   7.9265580000   0.2547200000   0.9923150000   8.6081860000   1.3256170000   1.2180310000   9.0532810000   0.0134090000   0.0342920000   0.0151630000  -0.0132310000  -0.0343100000  -0.0154230000  -0.0213270000  -0.0075370000  -0.0329960000   0.0020270000   0.0056970000   0.0424110000   0.0191220000   0.0018580000  -0.0091540000
   6.1264887397   6.1793953264 3892  2.15E+00  -0.1395910000  -0.9964830000   2.9378910000  -0.7429970000  -0.3305690000   1.8242050000   0.6093270000   0.5435660000   7.7901110000   1.4167100000   0.8901350000   8.5550490000   2.0466520000   1.1896110000   9.4932180000  -0.0047350000   0.0052320000  -0.0089630000   0.0047950000  -0.0052820000   0.0084950000   0.0089040000   0.0061240000   0.0341790000   0.0104670000   0.0005120000  -0.0357290000  -0.0194320000  -0.0065860000   0.0020180000
   6.1265517395   6.1785740002 3957  3.88E+00  -0.9448560000  -0.5507770000   3.1484220000  -0.7447060000   0.0457630000   1.7521510000   0.8834010000   0.4423970000   7.6991440000   1.4223690000   0.2649540000   8.7399750000   1.8276010000  -0.1474760000   9.7919540000  -0.0038580000  -0.0113810000   0.0262960000   0.0037460000   0.0112760000  -0.0267830000  -0.0136110000  -0.0123540000  -0.0088280000   0.0066510000   0.0424910000  -0.0312870000   0.0070720000  -0.0300320000   0.0406010000
