   6.1254478530   6.5797854272   27  3.63E+00  -0.8711610000  -0.7149820000   2.7695260000   0.0089160000   0.0068080000   1.7845550000   0.7676340000   1.1109900000   9.0440390000  -0.0084820000   0.2262500000   8.7604340000  -0.7509110000  -0.5821130000   8.2937340000  -0.0119210000  -0.0097690000   0.0133250000   0.0120030000   0.0098500000  -0.0134280000   0.0411200000   0.0491250000   0.0044220000  -0.0238280000  -0.0326580000   0.0169030000  -0.0173740000  -0.0165480000  -0.0212220000
   6.1262512715   6.5760278066   27  3.32E+00  -0.8651020000  -0.7100690000   2.7649780000   0.0088310000   0.0067360000   1.7863450000   0.7673640000   1.1106840000   9.0390600000  -0.0079720000   0.2266940000   8.7582040000  -0.7509790000  -0.5820920000   8.2917360000  -0.0097790000  -0.0080140000   0.0109340000   0.0098620000   0.0080950000  -0.0110380000   0.0394590000   0.0472670000   0.0035400000  -0.0216660000  -0.0302860000   0.0182150000  -0.0178750000  -0.0170630000  -0.0216510000
   6.1288885749   6.5754885179  690  5.04E+00  -1.2303670000  -1.1998420000   3.3661320000  -0.3038110000  -2.2155560000   3.7457160000   0.6039910000   4.2266600000   6.3099350000   0.5383560000   4.4026040000   5.1118390000   0.5866900000   4.2966120000   3.9347270000   0.0089100000  -0.0097760000   0.0036830000  -0.0089480000   0.0097400000  -0.0036340000   0.0103320000  -0.0246000000   0.0588440000  -0.0180400000   0.0414800000  -0.0490020000   0.0077450000  -0.0168430000  -0.0098910000
   6.1286392089   6.5799211944  690  4.94E+00  -1.2416030000  -1.1968760000   3.3666370000  -0.3036300000  -2.2156300000   3.7460140000   0.6042240000   4.2225420000   6.3088850000   0.5376270000   4.4024540000   5.1107880000   0.5868070000   4.3010220000   3.9350420000   0.0057620000  -0.0062650000   0.0023620000  -0.0058000000   0.0062320000  -0.0023160000   0.0105450000  -0.0248820000   0.0595510000  -0.0182670000   0.0414770000  -0.0527750000   0.0077600000  -0.0165610000  -0.0068220000
   6.1263507546   6.5793630010  906  6.51E+00  -0.4036660000  -0.7613430000   2.5907480000   0.6714380000  -0.2518170000   1.9151230000  -2.1366980000   0.4966190000   7.8178540000  -1.2178720000   0.6286780000   8.5015080000  -0.2769430000   1.0247130000   9.0734690000   0.0385840000   0.0182440000  -0.0241990000  -0.0384420000  -0.0182840000   0.0242090000   0.0449990000   0.0258770000   0.0262700000  -0.0320200000  -0.0391680000  -0.0103040000  -0.0131210000   0.0133310000  -0.0159760000
   6.1298768738   6.5763838670 1259  5.34E+00  -0.3975040000   0.3992360000   3.0264450000   0.0078800000  -0.0087230000   1.5686100000  -0.4010560000   0.9111180000   9.9906350000   0.0339920000   0.2152370000   9.1383470000   0.3612260000  -0.3666100000   8.1257350000  -0.0101420000   0.0102270000   0.0361310000   0.0100450000  -0.0100880000  -0.0364850000  -0.0140030000   0.0189220000   0.0056470000   0.0048900000   0.0018340000   0.0503790000   0.0092100000  -0.0208950000  -0.0556720000
   6.1270727884   6.5773451562 2315  5.09E+00  -0.2156920000   0.0036840000   2.9847880000  -0.9428280000  -0.7161250000   1.8491360000   2.6822740000   1.7916540000   9.2558560000   1.7279790000   1.5770160000   8.5783370000   0.7428380000   1.2884300000   7.8825230000   0.0134240000   0.0132100000   0.0207210000  -0.0133790000  -0.0133190000  -0.0211400000   0.0293360000   0.0030500000   0.0212600000   0.0494030000   0.0232340000   0.0331260000  -0.0787840000  -0.0261750000  -0.0539670000
   6.1254445246   6.5760959145 2341  4.10E+00   0.3247050000  -0.0925370000   2.9948600000   0.0812770000   0.4948360000   1.5578090000  -0.5923270000  -0.7701220000  10.1709360000  -0.2115810000  -0.6746870000   9.0689500000   0.3247890000  -0.5012200000   8.0534700000   0.0061380000  -0.0149450000   0.0363690000  -0.0062640000   0.0149740000  -0.0367700000   0.0141730000   0.0062210000  -0.0030900000  -0.0089620000  -0.0062710000  -0.0349840000  -0.0050850000   0.0000210000   0.0384750000
   6.1291961857   6.5758132895 2529  2.93E+00  -0.2943130000   0.5224710000   2.9076930000   0.7136150000   1.1691110000   1.9435090000  -1.8729900000  -2.8179520000   8.7592620000  -1.2880940000  -1.8807680000   8.4578180000  -0.7054670000  -0.9542280000   8.0031260000  -0.0202710000  -0.0130090000   0.0192220000   0.0202480000   0.0129960000  -0.0195920000   0.0295590000   0.0468510000  -0.0255660000  -0.0335560000  -0.0526360000   0.0382090000   0.0040200000   0.0057980000  -0.0122730000
   6.1265959401   6.5773530447 3201  3.05E+00   0.0113700000  -0.2640500000   3.0508180000  -0.0039710000   0.0053370000   1.5351440000   0.4462740000  -0.0995580000  10.1969290000   0.0157240000   0.3053420000   9.1508960000  -0.4389640000   0.5479930000   8.0756240000   0.0003760000  -0.0055580000   0.0307890000  -0.0002560000   0.0054630000  -0.0311420000   0.0165980000  -0.0266130000   0.0425420000  -0.0041010000   0.0302740000  -0.0162680000  -0.0126170000  -0.0035660000  -0.0259200000
   6.1279998230   6.5782685884 3315  4.31E+00   0.1549520000   0.1293850000   2.1867320000   0.2391610000  -1.3999850000   2.3746180000   0.2512010000   3.3816800000   6.8922670000  -0.4944770000   2.8570240000   7.6356410000  -1.0841860000   2.1449500000   8.3796880000  -0.0018230000   0.0322370000  -0.0039520000   0.0017270000  -0.0323070000   0.0039640000   0.0087900000  -0.0121370000   0.0027030000  -0.0097280000   0.0347810000  -0.0150520000   0.0010340000  -0.0225740000   0.0123370000
   6.1285016896   6.5792007044 3520  4.82E+00   1.4917400000  -0.1060310000   2.8738630000   0.3085800000  -0.3889110000   1.8504670000  -1.6121450000   0.9969630000   7.9885490000  -0.5806170000   0.9688410000   8.5403010000   0.4129040000   0.9124010000   9.1787280000   0.0330530000   0.0079090000   0.0286550000  -0.0329610000  -0.0078990000  -0.0285700000   0.0067510000  -0.0017940000   0.0125500000  -0.0152630000   0.0040760000  -0.0265490000   0.0084190000  -0.0022910000   0.0139140000
   6.1291740109   6.5788843392 3533  3.09E+00  -1.1527440000   0.2930970000   2.9925070000  -0.5136020000   0.2524040000   1.7426480000   1.3368200000  -1.1575350000   9.3450460000   0.9327650000  -0.2221570000   8.7328850000   0.6006400000   0.7329500000   8.2086560000   0.0117870000  -0.0008190000  -0.0230540000  -0.0117770000   0.0006600000   0.0229790000   0.0124210000  -0.0153120000   0.0178580000  -0.0408960000   0.0801650000  -0.0620800000   0.0284650000  -0.0646930000   0.0442960000
   6.1269415058   6.5771344862 3568  3.76E+00   1.4118840000  -0.2163450000   2.5173850000  -0.0123860000   0.0011990000   1.9315320000   0.9336600000  -0.4479260000   8.4754000000  -0.0027370000   0.2403670000   8.4612620000  -0.9586990000   0.9628020000   8.3688070000   0.0329060000  -0.0050220000   0.0135830000  -0.0329000000   0.0050100000  -0.0135310000  -0.0193170000   0.0154290000  -0.0038390000   0.0556320000  -0.0440790000   0.0106700000  -0.0363200000   0.0286610000  -0.0068820000
   6.1250512533   6.5777050477 3575  4.96E+00  -0.8270020000  -0.2900160000   3.1312160000  -0.4044430000  -0.5086310000   1.6594080000   0.9121540000   0.4208750000   8.0366170000   0.6673180000   1.1700190000   8.8889550000   0.6588840000   1.9469690000   9.8069090000  -0.0092570000   0.0047900000   0.0318630000   0.0090920000  -0.0047140000  -0.0320970000   0.0090350000   0.0231140000   0.0300770000  -0.0240670000  -0.0541260000  -0.0689370000   0.0151970000   0.0309370000   0.0390950000
   6.1289146067   6.5791881679 3575  5.19E+00  -0.8414960000  -0.2820710000   3.1321110000  -0.4044560000  -0.5090950000   1.6582550000   0.9118930000   0.4216860000   8.0368590000   0.6663550000   1.1707570000   8.8922560000   0.6608480000   1.9474220000   9.8098890000  -0.0100860000   0.0052390000   0.0336370000   0.0099190000  -0.0051640000  -0.0338750000   0.0101900000   0.0200390000   0.0264410000  -0.0255040000  -0.0507370000  -0.0647110000   0.0154810000   0.0306230000   0.0385070000
   6.1255716702   6.5777625574 3668  6.51E+00  -0.6525400000  -0.4981650000   3.0868810000  -0.5108620000   0.0471060000   1.6055680000   0.4585360000   0.7211760000   8.0764920000   0.9771020000   0.0988610000   8.9614410000   1.4004360000  -0.3115850000   9.9843000000  -0.0038550000  -0.0149880000   0.0402880000   0.0038760000   0.0147750000  -0.0406030000  -0.0205050000   0.0314940000  -0.0147380000   0.0218490000  -0.0402380000  -0.0049790000  -0.0013660000   0.0089570000   0.0200320000
   6.1271119113   6.5797070314 3814  1.29E+00  -0.2036640000  -1.2494540000   3.7205420000  -0.8978570000  -2.3749760000   4.3467270000   2.1039530000   5.4013070000   4.7116770000   1.6280880000   4.5875430000   4.0606170000   1.1707970000   3.7824440000   3.2982070000   0.0018110000   0.0028160000  -0.0015640000  -0.0018740000  -0.0031510000   0.0017860000  -0.0209920000  -0.0372540000  -0.0380730000   0.0321560000   0.0578300000   0.0671730000  -0.0111020000  -0.0202410000  -0.0293230000
   6.1258248540   6.5756669814 3912  5.60E+00  -0.9409970000  -1.3053660000   2.5887760000   0.2670600000  -0.5021630000   2.0334780000   0.5523100000   0.7102800000   8.5559850000  -0.4882950000   1.1184570000   8.1964380000  -1.4602250000   1.7279410000   7.9733870000  -0.0275370000  -0.0183010000   0.0127540000   0.0275360000   0.0183120000  -0.0125750000  -0.0025190000   0.0171020000   0.0082850000  -0.0175150000  -0.0218000000  -0.0228760000   0.0200350000   0.0046860000   0.0144130000
   6.1276095431   6.5796217846 3912  5.84E+00  -0.9479360000  -1.3059980000   2.5929020000   0.2673870000  -0.5026910000   2.0318150000   0.5507990000   0.7114500000   8.5585230000  -0.4871680000   1.1198090000   8.2009990000  -1.4607560000   1.7284320000   7.9754700000  -0.0291740000  -0.0192780000   0.0135650000   0.0291780000   0.0192870000  -0.0133870000  -0.0073530000   0.0188650000   0.0064290000  -0.0103410000  -0.0248500000  -0.0203020000   0.0176900000   0.0059760000   0.0136950000
