   6.1480881180   6.0582535095   74  3.34E+00  -0.4055990000   1.1455760000   2.7110360000  -0.3203010000   0.0449990000   1.8326340000   0.2467210000   0.9204900000   9.4317510000   0.6328390000   0.0943320000   8.6789100000   0.9034200000  -0.6005410000   7.7307880000   0.0013060000  -0.0172560000  -0.0138620000  -0.0014530000   0.0174410000   0.0135320000  -0.0125070000   0.0197830000  -0.0007200000   0.0089980000  -0.0011740000   0.0472770000   0.0036560000  -0.0187940000  -0.0462260000
   6.1496363833   6.0585955564  678  1.39E+00  -0.2357090000  -0.9445910000   2.9437620000  -1.4444870000  -0.6601210000   2.2777400000   3.1402210000   1.5300610000   8.8565940000   2.5866980000   1.5290810000   7.8154140000   2.1469280000   1.3660510000   6.7165400000  -0.0200040000   0.0045720000  -0.0110930000   0.0196420000  -0.0048350000   0.0107200000   0.0133640000  -0.0100690000   0.0079590000  -0.0109540000   0.0235630000   0.0205000000  -0.0020480000  -0.0132310000  -0.0280860000
   6.1479196674   6.0558314165  893  5.97E+00   0.8361320000   0.7381460000   2.8340060000   0.2207970000  -0.1104980000   1.7010880000  -0.2413990000   0.4728600000   7.7110100000  -0.3929340000   0.3184260000   8.8431780000  -0.6190230000   0.4811250000   9.9774430000   0.0130460000   0.0179180000   0.0237040000  -0.0129680000  -0.0180010000  -0.0242660000  -0.0137410000   0.0154530000   0.0618210000   0.0152180000  -0.0359380000  -0.0417600000  -0.0015550000   0.0205680000  -0.0194990000
   6.1486338576   6.0557835973 1248  6.00E+00  -0.6427110000  -1.3662610000   2.4117560000   0.0077630000   0.0205530000   2.0380230000   0.6502690000  -0.7112640000   8.5019540000   0.0485100000   0.2990480000   8.2900770000  -0.6849660000   1.1578720000   7.9455730000  -0.0170580000  -0.0363920000   0.0098250000   0.0171430000   0.0363530000  -0.0098540000   0.0079900000  -0.0367800000  -0.0013890000   0.0050740000   0.0405360000   0.0103330000  -0.0131490000  -0.0037170000  -0.0089150000
   6.1454209209   6.0580161041 1569  2.79E+00  -1.1587110000   0.7439330000   2.0859340000  -0.3459250000  -0.3919970000   2.1874330000   1.8163710000   0.8136230000   7.7164940000   0.6507770000   0.9575960000   7.9550310000  -0.5042730000   1.0660450000   8.2568950000   0.0163930000  -0.0228770000   0.0020910000  -0.0164040000   0.0229030000  -0.0020030000   0.0424460000  -0.0069100000  -0.0031760000  -0.0012100000   0.0047540000  -0.0130850000  -0.0412260000   0.0021310000   0.0161720000
   6.1495277808   6.0579303525 2073  3.78E+00  -1.9150150000   0.8251260000   3.0124380000  -0.8719260000   0.0777760000   2.1395700000   0.5734170000   0.5975580000   7.9995470000   1.6377180000   0.0951130000   7.9785090000   2.6724130000  -0.4217040000   8.1368840000  -0.0234840000   0.0168130000   0.0195730000   0.0236430000  -0.0169070000  -0.0197250000   0.0014580000  -0.0021890000   0.0141180000   0.0129910000  -0.0032250000  -0.0249390000  -0.0146080000   0.0055080000   0.0109720000
   6.1477667613   6.0565612582 2114  1.47E+01   1.5589260000   0.6609650000   2.2636010000   0.3005400000  -0.5047410000   2.2037670000  -1.3025550000   1.9536450000   7.5017250000  -0.6342240000   1.1149260000   7.9889000000   0.1794800000   0.3762170000   8.3534650000   0.0472940000   0.0437970000   0.0022660000  -0.0472850000  -0.0438800000  -0.0022410000   0.0106600000   0.0061980000  -0.0061230000   0.0056800000  -0.0371360000   0.0249540000  -0.0163490000   0.0310210000  -0.0188560000
   6.1456631278   6.0599123148 2642  5.32E+00  -1.4662060000  -0.5049200000   2.2618540000   0.0137710000   0.0110400000   2.0905560000   1.1262440000  -0.0510690000   8.0471560000   0.0319260000   0.2983110000   8.1677490000  -1.1266110000   0.4914740000   8.2392860000  -0.0387800000  -0.0135230000   0.0045090000   0.0387960000   0.0135690000  -0.0044820000  -0.0451240000   0.0022190000   0.0027310000   0.0471170000   0.0089040000  -0.0008240000  -0.0020090000  -0.0111690000  -0.0019350000
   6.1475260191   6.0573873808 3036  2.89E+00  -1.4253510000   0.3967130000   2.1641690000   0.0181520000  -0.0053450000   2.0844860000  -0.6342310000  -0.6917850000   8.3466150000  -0.0248400000   0.2666840000   8.1486270000   0.6520230000   1.1809590000   7.9906550000  -0.0181080000   0.0050420000   0.0010590000   0.0180680000  -0.0050800000  -0.0009610000   0.0312890000   0.0378970000  -0.0039760000  -0.0010210000   0.0131430000  -0.0092310000  -0.0302280000  -0.0510020000   0.0131080000
   6.1465323493   6.0556239166 3106  1.16E+00   0.8547890000   0.5410020000   2.7151160000  -0.0081190000  -0.0111520000   1.7411350000  -0.6134350000   0.4091070000   9.7723300000  -0.0188450000   0.2206100000   8.7908030000   0.6142790000   0.1345700000   7.7629260000  -0.0126820000  -0.0080730000  -0.0144790000   0.0125080000   0.0080940000   0.0139180000   0.0097120000   0.0040630000  -0.0146000000  -0.0397790000  -0.0066850000   0.0607390000   0.0302410000   0.0026020000  -0.0455790000
   6.1467823509   6.0576521678 3289  5.61E+00  -0.0578050000   2.4286670000   3.3938180000  -0.8099500000   1.4496930000   2.7351060000   1.2640340000  -1.8995340000   7.9883100000   1.3871880000  -2.3935110000   6.9210730000   1.7433430000  -3.0091250000   5.9436550000  -0.0155340000  -0.0202650000  -0.0135430000   0.0154890000   0.0202570000   0.0137330000   0.0133390000  -0.0028690000   0.0179800000  -0.0430680000   0.0372820000   0.0157710000   0.0297740000  -0.0344050000  -0.0339420000
   6.1483861921   6.0558573412 3392  4.66E+00   0.1708800000  -1.3187390000   2.2720980000   0.0020460000   0.0163620000   2.0728940000   0.7109260000  -0.6443870000   8.0507120000  -0.0328270000   0.2203150000   8.2212550000  -0.7072690000   1.1680420000   8.2831260000  -0.0067960000   0.0535510000  -0.0079840000   0.0067170000  -0.0535000000   0.0079780000  -0.0266190000   0.0428660000   0.0013460000   0.0077260000  -0.0293320000   0.0063550000   0.0189720000  -0.0135840000  -0.0076950000
   6.1483548122   6.0587398278 3435  6.30E+00   1.2169540000  -1.6828720000   2.9333540000   0.5420450000  -0.4827780000   2.1733800000   0.0228080000   0.6683300000   8.0990590000  -1.0278830000   1.1128400000   7.9280480000  -2.0349540000   1.7010780000   7.9113820000   0.0172660000  -0.0307850000   0.0194860000  -0.0174460000   0.0308390000  -0.0194800000  -0.0440520000   0.0307690000   0.0054840000   0.0219140000  -0.0301870000  -0.0180730000   0.0223170000  -0.0006360000   0.0125820000
   6.1455537888   6.0560479250 3834  1.41E+00   1.4422320000   0.1161720000   3.2992590000   0.9280660000  -0.2240580000   1.8665350000  -2.0929020000   0.6650920000   9.6475480000  -1.7338020000   0.6604470000   8.5322700000  -1.3313890000   0.6384700000   7.4187080000   0.0123640000   0.0080520000   0.0338700000  -0.0120720000  -0.0081560000  -0.0343910000   0.0024210000  -0.0010770000   0.0011570000  -0.0086760000   0.0022310000   0.0087810000   0.0059630000  -0.0010500000  -0.0094170000
   6.1492458833   6.0565010000 3848  3.74E+00  -1.1339170000   0.3853820000   2.5146790000   0.0148130000  -0.0054430000   1.8634470000  -0.8151170000   0.6898050000   9.2475670000  -0.0132610000   0.2061920000   8.5582910000   0.8225330000  -0.1540110000   7.8640070000   0.0357250000  -0.0121590000  -0.0202670000  -0.0359250000   0.0122160000   0.0201080000   0.0211520000  -0.0021210000  -0.0154390000   0.0273510000  -0.0290000000  -0.0287510000  -0.0483030000   0.0310630000   0.0443490000
