   6.1511307883   6.1590318901   20  6.66E+00  -0.4857420000  -0.9832540000   3.0956640000  -0.0409950000  -0.4582850000   1.6963480000  -0.2392590000   0.7829890000   7.7257430000   0.1132140000   1.1822100000   8.8217820000   0.3896090000   1.3679370000   9.9859580000  -0.0105210000  -0.0125130000   0.0329070000   0.0105880000   0.0123900000  -0.0334510000  -0.0238460000  -0.0335020000  -0.0552920000   0.0127260000   0.0351000000  -0.0124350000   0.0110540000  -0.0014740000   0.0682710000
   6.1503794553   6.1588574816  115  4.56E+00   1.5234480000   0.0467860000   2.6057800000   0.3359860000  -0.7234150000   2.0569880000  -1.7110690000   1.9705230000   8.5319190000  -0.6788080000   1.4782850000   8.1670790000   0.4466700000   1.2173760000   7.9010110000   0.0193480000   0.0125680000   0.0088910000  -0.0195440000  -0.0125980000  -0.0090230000  -0.0310260000   0.0320810000   0.0198460000   0.0124210000  -0.0439370000  -0.0246530000   0.0188010000   0.0118860000   0.0049380000
   6.1517500166   6.1583715670  336  4.04E+00   1.8174410000  -0.6562480000   3.1222220000   0.5651450000  -1.1528510000   2.3402460000  -1.6200310000   3.3606130000   7.5083460000  -1.0216930000   2.3801310000   7.6569490000  -0.5499660000   1.3392670000   7.8603380000   0.0293990000   0.0117160000   0.0183110000  -0.0294230000  -0.0115900000  -0.0185170000   0.0086800000  -0.0334190000   0.0091510000   0.0155780000   0.0045660000  -0.0084580000  -0.0242340000   0.0287260000  -0.0004870000
   6.1512769858   6.1551129604  569  8.40E-01   1.0548920000  -0.7310930000   2.4313210000  -0.3779730000  -0.7867320000   2.1130240000   1.7408220000   2.1059470000   8.3279100000   0.6623000000   1.6996250000   8.0683140000  -0.4167790000   1.2810160000   7.9102930000   0.0063000000   0.0002910000   0.0014360000  -0.0061520000  -0.0002420000  -0.0014710000   0.0108910000   0.0036970000   0.0103000000  -0.0254920000  -0.0093040000  -0.0209560000   0.0144530000   0.0055590000   0.0106920000
   6.1535318971   6.1583306288  758  4.88E+00  -0.8843620000   0.7284920000   2.5241330000   0.0119390000  -0.0153250000   1.8372110000  -0.5769280000  -0.5062700000   7.9476320000   0.0500830000   0.2281980000   8.5856900000   0.5354180000   1.0532790000   9.2738090000   0.0401740000  -0.0332590000  -0.0307780000  -0.0400280000   0.0334060000   0.0306190000   0.0120890000   0.0317120000   0.0278610000  -0.0047140000  -0.0418360000  -0.0351050000  -0.0075220000   0.0099780000   0.0074030000
   6.1527720572   6.1583427223 1715  4.30E+00   1.3672060000  -0.5461690000   2.4566610000   0.0562730000  -0.8189510000   2.2079400000   0.8703640000   1.3699870000   8.3571080000  -0.1374010000   1.7695390000   7.9548660000  -1.1343950000   2.1137480000   7.4906260000  -0.0514420000  -0.0106900000  -0.0097140000   0.0514970000   0.0106770000   0.0097540000  -0.0350850000   0.0106790000  -0.0174910000  -0.0093030000   0.0077480000  -0.0000500000   0.0443330000  -0.0184140000   0.0175000000
   6.1521937389   6.1594880602 1729  4.69E+00   1.2626970000  -0.7257540000   3.5678340000   1.1752790000  -0.8290330000   2.1412200000  -1.4842250000   1.6073420000   7.1342560000  -2.2194740000   1.7464180000   7.9964160000  -2.7988030000   1.9554190000   8.9455000000  -0.0005380000  -0.0008670000  -0.0104210000   0.0007370000   0.0005620000   0.0099980000  -0.0439430000   0.0171560000   0.0738840000  -0.0191870000  -0.0044350000   0.0019750000   0.0629310000  -0.0124170000  -0.0754370000
   6.1504203901   6.1578460249 1890  7.37E+00   1.5182660000  -0.1323870000   2.7203640000   0.2860580000  -0.7984550000   2.0032030000  -0.2145780000   1.3392830000   9.3512230000  -0.5352520000   1.5951370000   8.2544760000  -0.9079100000   2.1469490000   7.2774900000   0.0318800000   0.0171380000   0.0185690000  -0.0317330000  -0.0174150000  -0.0186060000  -0.0069410000   0.0230110000  -0.0023060000   0.0110540000  -0.0440860000  -0.0073710000  -0.0042600000   0.0213530000   0.0097140000
   6.1535081731   6.1576906971 1982  6.82E+00  -1.1434380000   0.5543810000   2.6766890000   0.0123980000  -0.0091810000   1.7553680000   0.3262040000   0.9922590000   9.6469130000   0.0507530000   0.2630370000   8.7061740000  -0.3541830000  -0.4911190000   7.8832150000  -0.0311040000   0.0152510000   0.0247420000   0.0311890000  -0.0150660000  -0.0249990000   0.0103460000   0.0455630000   0.0680200000   0.0046030000  -0.0299030000  -0.0610720000  -0.0150330000  -0.0158450000  -0.0066910000
   6.1540445774   6.1581764122 2405  1.25E+01   0.8875430000   0.6645300000   2.4316360000   0.1589880000  -0.2617550000   1.9136780000   0.2133820000   1.6752570000   8.9418220000  -0.2995270000   0.7235860000   8.4698180000  -0.8384690000  -0.2653750000   7.9905360000  -0.0664740000  -0.0844950000  -0.0472610000   0.0666070000   0.0846730000   0.0471280000   0.0058630000   0.0117690000   0.0072450000   0.0296010000   0.0521050000   0.0212740000  -0.0355980000  -0.0640520000  -0.0283860000
   6.1514476720   6.1595517996 2415  4.38E+00   1.9229560000  -0.0973300000   3.6198330000   1.3783750000   0.3541120000   2.2152960000  -3.3592660000  -1.1455080000   8.2991190000  -2.5494630000  -0.4226040000   7.8307680000  -1.7319560000   0.3880420000   7.5317580000   0.0140130000  -0.0116640000   0.0359600000  -0.0139310000   0.0114750000  -0.0362790000  -0.0112240000  -0.0046320000   0.0177300000  -0.0020890000  -0.0146590000  -0.0247950000   0.0132310000   0.0194800000   0.0073830000
   6.1517021539   6.1559770802 2440  4.00E+00  -0.5985750000   0.6082490000   1.9535520000   0.4794160000  -0.4554600000   2.0979160000  -1.8804710000   1.1431380000   7.5542400000  -0.8296070000   1.0881460000   8.0821540000   0.1466460000   0.9640230000   8.7791280000  -0.0182840000   0.0180960000  -0.0024400000   0.0184290000  -0.0180810000   0.0025200000  -0.0077150000  -0.0037280000   0.0108680000  -0.0292960000   0.0130370000  -0.0521530000   0.0368670000  -0.0093240000   0.0412050000
   6.1542388401   6.1555289307 2716  4.99E+00   0.6880500000   1.2263050000   2.5274010000  -0.0078190000  -0.0153750000   1.8503390000  -0.5172280000  -0.5069120000   9.2788710000   0.0285120000   0.2117060000   8.5614920000   0.4915230000   1.0351860000   7.8949660000   0.0181570000   0.0323950000   0.0175570000  -0.0182470000  -0.0325930000  -0.0177800000   0.0158240000   0.0365440000  -0.0242880000   0.0089450000  -0.0110030000  -0.0083510000  -0.0246790000  -0.0253430000   0.0328630000
   6.1544548908   6.1567329804 2872  3.70E+00  -0.4008990000  -1.0938620000   2.9983280000   0.8360960000  -0.9842910000   2.1036570000  -1.5889920000   1.9491850000   6.9429780000  -1.5921050000   2.0830610000   8.1330630000  -1.3662250000   2.1594480000   9.2576740000  -0.0231830000  -0.0022170000   0.0166960000   0.0234250000   0.0018490000  -0.0170470000   0.0148270000  -0.0058030000  -0.0300720000  -0.0210000000   0.0130900000   0.0816640000   0.0059320000  -0.0069190000  -0.0512420000
   6.1543253653   6.1557949499 3660 -4.20E-01   0.3754420000   1.0391370000   3.0916330000  -0.3416030000   1.1221790000   1.8697450000   0.7817440000  -2.3152140000   9.5873920000   0.6057930000  -1.8332900000   8.5296310000   0.4458840000  -1.2907690000   7.4778960000  -0.0089010000   0.0011390000  -0.0153800000   0.0088630000  -0.0008990000   0.0148430000   0.0024320000  -0.0001660000   0.0090490000   0.0004110000  -0.0165150000   0.0154450000  -0.0028040000   0.0164410000  -0.0239560000
   6.1511293866   6.1583855065 3956  3.46E+00  -1.3153440000  -1.5316750000   3.1294090000  -0.7088210000  -0.6541650000   2.2608610000   2.0834330000   1.9601350000   7.0872950000   1.2846990000   1.5103430000   7.8008430000   0.5750440000   0.9572860000   8.5693810000   0.0193940000   0.0280770000  -0.0277030000  -0.0194270000  -0.0280420000   0.0277920000  -0.0127180000  -0.0171330000   0.0224430000   0.0134610000   0.0290880000  -0.0352080000  -0.0007110000  -0.0119900000   0.0126770000
