   6.1568842669   6.7666692671   90  6.12E+00  -0.2981980000   1.2242900000   2.6353460000   0.0067150000  -0.0186820000   1.7427010000   0.8899720000  -0.4729370000   8.4360800000  -0.0257670000   0.2681920000   8.7114370000  -0.8853790000   0.9754500000   9.1559600000  -0.0073220000   0.0297350000   0.0214330000   0.0072310000  -0.0296730000  -0.0213340000   0.0466450000  -0.0371280000  -0.0016520000  -0.0182160000   0.0130740000  -0.0255470000  -0.0283380000   0.0239930000   0.0271000000
   6.1592694766   6.7667788755  324  3.30E+00  -0.6745540000  -0.7977380000   3.2693490000  -0.2697030000  -1.3711430000   2.0686180000  -0.2574300000   3.6044630000   8.5535940000   0.4987570000   2.7288210000   8.1808990000   1.2724750000   1.9327770000   7.7690650000   0.0098570000  -0.0140140000  -0.0294020000  -0.0099980000   0.0140310000   0.0293280000  -0.0423720000   0.0554550000   0.0197790000   0.0290760000  -0.0486300000  -0.0124270000   0.0134370000  -0.0068420000  -0.0072780000
   6.1570143378   6.7696148038 1200  9.49E+00   0.6800220000  -1.0990790000   2.9544380000   1.0885340000  -0.1136460000   2.1002980000  -2.9111250000   0.0860100000   7.5583700000  -2.0586980000   0.5301610000   8.2226270000  -1.0226630000   0.8404940000   8.5945860000   0.0150090000   0.0361560000  -0.0313380000  -0.0149390000  -0.0361300000   0.0313000000   0.0357490000   0.0015740000  -0.0037210000   0.0217760000   0.0298250000   0.0507000000  -0.0575950000  -0.0314240000  -0.0469410000
   6.1565935018   6.7660398212 2117  4.32E+00  -1.1781530000  -1.1578420000   5.4569360000  -1.1277710000  -2.0330620000   4.2180700000   2.8082310000   3.7685330000   5.1066380000   2.0762450000   3.9228690000   4.2326350000   1.3397290000   4.2008100000   3.3072580000  -0.0007590000   0.0143240000   0.0202010000   0.0008860000  -0.0142560000  -0.0201360000  -0.0287700000   0.0149760000  -0.0380430000   0.0647590000  -0.0381780000   0.0874100000  -0.0361160000   0.0231340000  -0.0494320000
   6.1595828300   6.7689952543 2117  4.04E+00  -1.1806610000  -1.1613950000   5.4349550000  -1.1280710000  -2.0336800000   4.2184480000   2.8071860000   3.7678050000   5.1046630000   2.0782560000   3.9255090000   4.2335690000   1.3409180000   4.2028680000   3.3080310000  -0.0005650000   0.0104540000   0.0145100000   0.0006920000  -0.0103880000  -0.0144410000  -0.0341370000   0.0160420000  -0.0444010000   0.0705420000  -0.0390790000   0.0941580000  -0.0365330000   0.0229720000  -0.0498260000
   6.1556532002   6.7679077847 2231  6.09E+00  -0.6009840000   0.1252490000   2.3177930000   0.9068190000  -0.2069200000   1.9606620000  -0.7274490000   0.4726300000   9.0814030000  -1.6213190000   0.6515540000   8.3654360000  -2.5464460000   0.7514420000   7.7018360000  -0.0410620000   0.0090570000   0.0097670000   0.0411610000  -0.0090520000  -0.0096880000  -0.0304390000  -0.0002010000  -0.0172920000  -0.0257260000   0.0122440000  -0.0306880000   0.0560660000  -0.0120480000   0.0479010000
   6.1599341891   6.7662066825 2335  3.47E+00   0.7065980000   0.6634790000   2.6978260000  -0.1091350000  -0.0348580000   1.6743500000   1.1131580000  -0.1054470000   8.3288650000   0.1348490000   0.3227320000   8.8216960000  -0.7138590000   0.6831330000   9.5178320000   0.0067110000   0.0058550000   0.0085270000  -0.0069050000  -0.0057700000  -0.0085430000   0.0017350000  -0.0015360000   0.0201440000  -0.0418190000   0.0194480000  -0.0097870000   0.0402780000  -0.0179980000  -0.0103400000
   6.1551593450   6.7669729256 2466  5.42E+00  -1.3620490000  -0.8852830000   3.2061050000  -0.4729350000  -0.6814800000   1.9647070000   0.1635530000   0.7800300000   8.9678670000   0.8622650000   1.5551660000   8.4005850000   1.6369160000   2.1994370000   7.7128170000  -0.0183680000  -0.0041970000   0.0256730000   0.0183100000   0.0041770000  -0.0256290000  -0.0109680000  -0.0245990000   0.0067410000  -0.0390440000  -0.0059660000   0.0390280000   0.0500710000   0.0305850000  -0.0458130000
   6.1568337433   6.7692716861 2559  1.55E+01  -1.0464840000  -0.4294820000   2.8058650000   0.2169380000  -0.0071950000   1.7183610000  -1.3332690000   0.6145760000   8.2783380000  -0.3803370000   0.3256580000   8.8797940000   0.6012790000  -0.1083820000   9.2981340000  -0.0475760000  -0.0159580000   0.0409440000   0.0477160000   0.0159110000  -0.0410500000   0.0293410000  -0.0187780000   0.0056450000   0.0122060000   0.0100770000   0.0256930000  -0.0416870000   0.0087470000  -0.0312310000
   6.1590863579   6.7674779732 2622  5.81E+00  -1.0662210000   0.1885080000   2.9720260000  -0.3541370000   0.1780680000   1.6469460000   0.4650340000   0.9368410000   8.3216730000   0.5982340000  -0.1311050000   8.8933250000   0.9216990000  -1.0519370000   9.5908390000  -0.0095530000   0.0000460000   0.0177470000   0.0095280000  -0.0002520000  -0.0178330000   0.0040120000   0.0665830000  -0.0220630000  -0.0273140000  -0.0397990000  -0.0122140000   0.0233270000  -0.0265790000   0.0343630000
   6.1595283635   6.7673327911 2843  2.53E+00  -1.3547840000   0.0814420000   3.8442880000  -2.2115870000   0.9593500000   3.1221640000   4.3952780000  -1.2360320000   7.3568600000   4.0873320000  -1.5202550000   6.2438150000   3.6669330000  -1.7314030000   5.1220750000  -0.0092430000   0.0094520000  -0.0076880000   0.0090520000  -0.0093190000   0.0077660000   0.0024850000   0.0118230000   0.0302650000   0.0255130000  -0.0040620000   0.0306460000  -0.0278070000  -0.0078940000  -0.0609900000
   6.1578628370   6.7672678079 3659  1.74E+01  -0.2266000000  -1.3714460000   3.3979500000   0.4680910000  -1.0086250000   1.8629550000  -0.1377430000   1.2314420000   8.2199180000  -0.8761520000   2.1285810000   8.4226060000  -1.5280140000   2.9820380000   8.9403290000  -0.0263910000  -0.0137120000   0.0580560000   0.0262580000   0.0137890000  -0.0582450000   0.0046600000  -0.0009950000   0.0225440000   0.0040440000  -0.0150300000  -0.0546950000  -0.0085710000   0.0159480000   0.0323400000
   6.1586414213   6.7655627765 3726  6.83E+00  -1.5823080000   0.1183870000   2.8923470000  -0.4263200000  -0.0882110000   1.9001000000  -0.2753540000   0.8177240000   8.6550590000   0.8465470000   0.5059600000   8.5385240000   1.8686900000  -0.0767870000   8.2645040000  -0.0231970000   0.0041680000   0.0199390000   0.0232030000  -0.0041110000  -0.0199440000   0.0064400000  -0.0208000000  -0.0101380000  -0.0401530000   0.0607330000   0.0295880000   0.0337070000  -0.0399900000  -0.0194450000
   6.1568646731   6.7675175167 3808  4.73E+00   0.0915110000   0.8801130000   2.5389980000  -0.4706400000  -0.3450390000   1.8226330000   1.3471290000  -0.1519730000   8.3385930000   0.8323230000   0.8135140000   8.6507690000   0.3727770000   1.8967050000   8.9058590000   0.0101490000   0.0221320000   0.0129920000  -0.0101780000  -0.0221110000  -0.0129260000  -0.0313460000   0.0743640000   0.0190700000   0.0441830000  -0.1219110000  -0.0257700000  -0.0128090000   0.0475250000   0.0066340000
