   6.1571768945   6.9736905669  107  1.22E+01  -0.1731190000  -0.1562450000   3.1177060000   0.0149690000  -0.6491910000   1.5392660000  -0.5378500000   1.3414310000  10.1690060000  -0.1086690000   1.4023860000   9.0739920000   0.5555770000   1.5455400000   8.1364820000  -0.0066320000   0.0170510000   0.0547640000   0.0064590000  -0.0171850000  -0.0549120000   0.0170550000   0.0060300000   0.0106200000  -0.0079210000  -0.0067610000  -0.0598330000  -0.0089610000   0.0008650000   0.0493610000
   6.1573161340   6.9746274158  801  5.90E+00   0.3050520000   0.8695040000   2.7122870000  -0.0043740000  -0.0106660000   1.7367750000   0.8666480000  -0.5692980000   8.6342150000   0.0031420000   0.2577340000   8.8316930000  -0.8663790000   1.0619800000   8.8922960000  -0.0143030000  -0.0406320000  -0.0450130000   0.0142580000   0.0406760000   0.0450420000   0.0429960000  -0.0429090000  -0.0165450000  -0.0251270000   0.0280930000   0.0222820000  -0.0178230000   0.0147720000  -0.0057670000
   6.1562909595   6.9742846003  935  3.60E+00  -0.0370110000   1.1422060000   2.7391750000   0.0005610000  -0.0142200000   1.7311480000   0.8572100000  -0.5095220000   8.6348770000   0.0087340000   0.2304130000   8.8273980000  -0.8642380000   1.0232810000   8.9212670000  -0.0007300000   0.0226300000   0.0197810000   0.0007300000  -0.0226420000  -0.0197230000  -0.0534550000   0.0487860000   0.0061940000   0.0619070000  -0.0585520000  -0.0013870000  -0.0084530000   0.0097780000  -0.0048650000
   6.1572939350   6.9743596439 1012  1.93E+00   0.2981760000  -0.9074300000   2.7917620000  -0.0039160000   0.0078810000   1.7268620000  -0.1644370000   1.4192510000   8.5550360000  -0.0141180000   0.2575180000   8.8297780000   0.1758090000  -0.9070840000   9.0174160000  -0.0018100000   0.0054630000  -0.0063170000   0.0018070000  -0.0055010000   0.0063710000  -0.0038980000   0.0478030000  -0.0150140000  -0.0044750000  -0.0104420000   0.0129200000   0.0083760000  -0.0373220000   0.0020410000
   6.1599994601   6.9747971856 1511  4.40E+00   0.1053100000  -0.1118200000   2.8023550000  -0.3132680000  -1.1185040000   1.9319390000   0.7146920000   2.9981920000   7.4676330000   0.5091170000   2.3147130000   8.4498740000   0.4610220000   1.5449620000   9.3651390000  -0.0094730000  -0.0227790000  -0.0196240000   0.0094120000   0.0226300000   0.0196350000   0.0199210000   0.0313480000  -0.0534380000  -0.0272850000   0.0008320000   0.0240130000   0.0074240000  -0.0320300000   0.0294140000
   6.1558686179   6.9734290465 1664  1.95E+00   0.4196430000   0.5909830000   2.4354600000  -1.0060400000   0.4954170000   2.0023290000   1.0289930000   0.1083940000   8.6609750000   1.7910420000  -0.6705250000   8.3025360000   2.6244500000  -1.4288270000   7.9539730000   0.0153650000   0.0010180000   0.0047330000  -0.0153430000  -0.0010460000  -0.0046260000   0.0440550000  -0.0382680000  -0.0161700000  -0.0521560000   0.0395070000   0.0151940000   0.0080790000  -0.0012110000   0.0008690000
   6.1586230133   6.9713797789 1712  3.77E+00  -0.4197700000  -0.8142990000   3.5181610000  -1.0815880000  -1.4623530000   2.2470260000   2.9853310000   3.4788910000   8.0097850000   1.9927980000   2.9018370000   7.7958340000   0.9468420000   2.3850340000   7.6952570000   0.0170600000   0.0166150000   0.0325490000  -0.0169550000  -0.0166890000  -0.0327550000  -0.0140640000  -0.0017260000   0.0058820000   0.0049680000  -0.0093640000  -0.0160260000   0.0089910000   0.0111640000   0.0103490000
   6.1566193788   6.9741330546 1721  4.34E+00  -0.3341620000   0.8532260000   3.3872680000  -0.2177220000   1.8097650000   2.1352170000   0.3680320000  -2.8381000000   9.1824230000   0.4401200000  -3.0907550000   8.0509000000   0.4099810000  -3.2461660000   6.8977880000  -0.0031130000  -0.0253810000   0.0333700000   0.0030950000   0.0256080000  -0.0333910000  -0.0054940000   0.0006430000  -0.0268170000   0.0117880000  -0.0101550000  -0.0008330000  -0.0062770000   0.0092850000   0.0276710000
   6.1594379768   6.9728273454 1883  2.59E+00   0.2286400000  -0.0957100000   3.0014010000  -0.1038490000   0.0202830000   1.5567130000   0.8953270000   0.9771790000   9.6719130000   0.1195660000   0.2257620000   9.1514770000  -0.4808380000  -0.5542510000   8.4955970000   0.0031070000  -0.0010180000   0.0133170000  -0.0030410000   0.0011270000  -0.0134210000   0.0376330000   0.0241270000   0.0102630000  -0.0426690000  -0.0147870000   0.0030050000   0.0049700000  -0.0094490000  -0.0131630000
   6.1596181584   6.9739722513 2705  7.22E+00  -0.3229500000  -0.7752340000   2.9369150000   0.0799700000  -0.0314750000   1.6015220000  -0.0531690000  -0.7621080000   8.5358380000  -0.2040820000   0.3182910000   8.9975230000  -0.1726680000   1.4168790000   9.5275240000  -0.0108060000  -0.0198330000   0.0357260000   0.0107640000   0.0199660000  -0.0357560000   0.0129470000  -0.0153200000  -0.0013830000  -0.0254500000  -0.0525190000  -0.0355050000   0.0125440000   0.0677060000   0.0369170000
   6.1572132551   6.9703155188 2998  5.68E+00  -0.1527740000  -0.5390880000   2.7548290000  -1.2386500000   0.0288370000   2.0083690000   1.1241340000   0.4788040000   8.5505460000   2.2765540000   0.2962120000   8.3505340000   3.3626100000  -0.1235550000   7.9780830000  -0.0070300000   0.0037020000  -0.0048300000   0.0070640000  -0.0036710000   0.0048140000  -0.0178310000  -0.0117440000  -0.0065490000  -0.0427520000   0.0505080000   0.0378140000   0.0605490000  -0.0387950000  -0.0312490000
   6.1589685447   6.9700224281 3682  8.56E-01  -0.0411300000  -0.9374170000   2.7982040000   0.0043270000   0.0117810000   1.7039580000  -0.9211800000  -0.4370070000   9.1254840000  -0.0174340000   0.2469080000   8.8421850000   0.9152490000   0.9395490000   8.5516350000   0.0000460000   0.0015000000  -0.0016810000  -0.0001230000  -0.0015460000   0.0017470000   0.0089490000   0.0060460000  -0.0016370000  -0.0397600000  -0.0282830000   0.0094980000   0.0308890000   0.0222840000  -0.0079270000
   6.1572045642   6.9733898711 3719  2.95E+00  -1.2682800000  -0.2928590000   2.9448090000  -0.3520000000   0.0214830000   1.7575020000   1.0468920000  -0.8905850000   8.5279820000   0.6780760000   0.2075490000   8.7648140000   0.2819560000   1.3336140000   8.9305710000  -0.0175630000  -0.0060130000   0.0228120000   0.0175680000   0.0060470000  -0.0227540000   0.0037060000  -0.0132820000  -0.0061510000   0.0149040000  -0.0374580000   0.0020120000  -0.0186150000   0.0507050000   0.0040810000
