   6.1542498703   6.0894473344    8  4.22E+00   1.6492500000  -0.9347870000   3.3455740000   0.5741480000  -1.2263980000   2.3414020000  -0.5933310000   1.3819150000   7.7186750000  -1.1003650000   2.4998990000   7.6487520000  -1.5519710000   3.6129170000   7.6363160000   0.0132810000   0.0036100000   0.0122810000  -0.0132780000  -0.0035680000  -0.0126400000   0.0376960000  -0.0770560000   0.0097460000  -0.0199700000   0.0263160000  -0.0124040000  -0.0177280000   0.0506980000   0.0030180000
   6.1510047559   6.0898594484  169  4.55E+00  -1.1798540000  -1.6989860000   3.1868260000  -0.7119900000  -0.5715760000   2.2379720000   0.2013200000   0.9650030000   8.0595850000   1.3130210000   1.3436550000   7.9157550000   2.4431860000   1.6756250000   7.6215200000  -0.0100720000  -0.0243440000   0.0204590000   0.0101470000   0.0243500000  -0.0205480000  -0.0139450000  -0.0074430000  -0.0052970000  -0.0485880000  -0.0081140000   0.0291550000   0.0624580000   0.0155510000  -0.0237690000
   6.1522239922   6.0898486552  169  4.19E+00  -1.1777500000  -1.6924170000   3.1840140000  -0.7125170000  -0.5721090000   2.2370290000   0.2038960000   0.9658750000   8.0577720000   1.3132780000   1.3450560000   7.9188210000   2.4429180000   1.6759490000   7.6259210000  -0.0094420000  -0.0228080000   0.0192510000   0.0095160000   0.0228140000  -0.0193400000  -0.0092530000  -0.0060210000  -0.0062280000  -0.0515460000  -0.0088230000   0.0298340000   0.0607260000   0.0148370000  -0.0235170000
   6.1534521750   6.0898486641  169  3.83E+00  -1.1754600000  -1.6853990000   3.1808240000  -0.7130470000  -0.5726480000   2.2360900000   0.2064830000   0.9667560000   8.0559660000   1.3136210000   1.3464710000   7.9218380000   2.4425740000   1.6762540000   7.6303510000  -0.0087320000  -0.0210810000   0.0178700000   0.0088040000   0.0210880000  -0.0179590000  -0.0046400000  -0.0046150000  -0.0071110000  -0.0541650000  -0.0094410000   0.0304020000   0.0587320000   0.0140500000  -0.0232020000
   6.1546953187   6.0898584388  169  3.48E+00  -1.1729980000  -1.6779660000   3.1772820000  -0.7135790000  -0.5731920000   2.2351560000   0.2090770000   0.9676420000   8.0541690000   1.3140530000   1.3479020000   7.9248050000   2.4421570000   1.6765430000   7.6348090000  -0.0079380000  -0.0191560000   0.0163070000   0.0080090000   0.0191620000  -0.0163970000  -0.0001280000  -0.0032340000  -0.0079440000  -0.0564120000  -0.0099580000   0.0308570000   0.0564690000   0.0131860000  -0.0228220000
   6.1531962728   6.0851274833  654  4.74E+00   0.3887680000   0.0743280000   2.6203430000  -0.7131400000  -0.6960670000   1.8905380000   1.3688990000   2.1025360000   9.5513140000   1.3063250000   1.4540850000   8.5462340000   1.1875480000   0.9652100000   7.4273530000   0.0204900000   0.0143340000   0.0133630000  -0.0206790000  -0.0144470000  -0.0139370000  -0.0005060000   0.0353570000   0.0348710000   0.0108940000  -0.0132240000   0.0418910000  -0.0101990000  -0.0220200000  -0.0761880000
   6.1505852122   6.0861662771  873  4.01E+00   0.6846850000   0.4533190000   2.6459560000   2.2058440000   0.5329210000   3.0438320000  -4.8121100000  -1.0724980000   7.1740350000  -4.0393830000  -0.6715220000   6.4205570000  -3.2151990000  -0.4258200000   5.6389290000  -0.0391430000  -0.0020190000  -0.0104300000   0.0396800000   0.0021140000   0.0101780000   0.0347140000   0.0049000000  -0.0323840000  -0.0117240000   0.0141970000   0.0096010000  -0.0235260000  -0.0191920000   0.0230340000
   6.1511845539   6.0899846523 1127  2.22E+00   0.3872150000   1.5894120000   2.5093240000   0.7694660000   0.2928420000   2.1194450000  -2.0540260000  -1.2862220000   8.1831680000  -1.4551830000  -0.2804560000   8.0722580000  -0.7208660000   0.6217700000   8.0150900000   0.0066130000  -0.0225840000  -0.0068070000  -0.0067240000   0.0224640000   0.0067090000   0.0092030000  -0.0066920000   0.0046040000  -0.0018580000   0.0335670000  -0.0113880000  -0.0072330000  -0.0267550000   0.0068820000
   6.1526555917   6.0879172821 1162  5.36E+00   1.4755140000  -0.4299090000   2.3473190000  -0.0180160000   0.0001020000   2.0547870000   0.0450620000  -0.8987610000   8.0756510000  -0.0431210000   0.2465750000   8.2711090000  -0.0156760000   1.4279110000   8.3064510000   0.0401310000  -0.0115330000   0.0078640000  -0.0401590000   0.0116000000  -0.0078910000   0.0059850000   0.0244160000  -0.0052750000  -0.0138810000  -0.0364030000   0.0144530000   0.0079250000   0.0119190000  -0.0091510000
   6.1511082382   6.0893775527 1617  8.71E-01  -0.4978760000  -0.8424790000   2.7061360000   0.2226420000  -0.0659490000   1.7557590000  -0.9565940000   0.0408140000   9.7154530000  -0.4484570000   0.4039010000   8.7294430000   0.2126920000   0.7260960000   7.7933980000   0.0077090000   0.0083260000  -0.0103230000  -0.0078770000  -0.0084900000   0.0099320000   0.0144790000   0.0006390000  -0.0050320000  -0.0357900000  -0.0037870000   0.0161070000   0.0214780000   0.0033130000  -0.0106830000
   6.1521543657   6.0899895845 1668  3.55E+00   0.6600850000  -0.3791360000   2.4347160000  -0.5543190000  -0.8526630000   2.0543580000   1.2999150000   2.0039320000   7.1030860000   0.9771870000   1.7623930000   8.1933880000   0.6933340000   1.6430160000   9.3340040000  -0.0505270000  -0.0197680000  -0.0158840000   0.0503460000   0.0194960000   0.0157090000  -0.0049690000   0.0031350000   0.0327950000   0.0054870000  -0.0100240000  -0.0489540000  -0.0003370000   0.0071620000   0.0163340000
   6.1535435488   6.0858366767 2081  8.60E+00   0.3376380000  -1.0263750000   2.7405710000  -0.4042240000   0.0404980000   1.7704260000   0.9566440000  -0.4410650000   9.6761570000   0.8015450000   0.2725720000   8.7375390000   0.4391560000   0.7865250000   7.7511920000   0.0233060000  -0.0335530000   0.0303690000  -0.0232830000   0.0333740000  -0.0307380000  -0.0108040000  -0.0267500000   0.0151610000   0.0186650000   0.0479320000  -0.0292630000  -0.0078840000  -0.0210020000   0.0144710000
   6.1519125097   6.0879501961 2415  2.85E+00   1.7703020000  -0.0893350000   3.4734670000   1.3883370000   0.3580790000   2.2166380000  -3.3276890000  -1.1038600000   8.4270240000  -2.5487140000  -0.4578510000   7.8388220000  -1.8042270000   0.3525400000   7.4003280000  -0.0098810000   0.0115490000  -0.0327390000   0.0100290000  -0.0117510000   0.0323760000   0.0018430000   0.0145330000   0.0069790000  -0.0039000000  -0.0312650000  -0.0151680000   0.0019090000   0.0169330000   0.0085530000
   6.1528163364   6.0857188487 2415  3.19E+00   1.7644510000  -0.0883180000   3.4664730000   1.3886690000   0.3581980000   2.2167110000  -3.3268170000  -1.1028600000   8.4310540000  -2.5481650000  -0.4578600000   7.8393360000  -1.8068030000   0.3508880000   7.3959850000  -0.0112580000   0.0133530000  -0.0376650000   0.0114070000  -0.0135540000   0.0373040000   0.0004670000   0.0135100000   0.0077780000  -0.0010020000  -0.0287590000  -0.0166340000   0.0003860000   0.0154500000   0.0092180000
   6.1533116875   6.0850565862 2590  6.92E+00   0.9596240000   0.5666320000   2.9731060000   0.3997960000   0.3845520000   1.7301840000  -1.2211460000  -0.3756820000   9.8791530000  -0.8278600000  -0.5526060000   8.7537160000  -0.2145160000  -0.4780450000   7.7223840000  -0.0179850000  -0.0058130000  -0.0401630000   0.0179680000   0.0059090000   0.0396240000  -0.0037110000   0.0225880000   0.0541370000  -0.0286260000  -0.0397780000  -0.0285900000   0.0323540000   0.0170940000  -0.0250070000
   6.1508060488   6.0861430032 2590  6.66E+00   0.9620150000   0.5710630000   2.9786130000   0.4000200000   0.3847450000   1.7293480000  -1.2199840000  -0.3730420000   9.8825940000  -0.8274080000  -0.5531680000   8.7549860000  -0.2172870000  -0.4815090000   7.7218160000  -0.0160300000  -0.0052780000  -0.0358680000   0.0160140000   0.0053740000   0.0353320000  -0.0050080000   0.0231690000   0.0573980000  -0.0270130000  -0.0402040000  -0.0317670000   0.0320370000   0.0169390000  -0.0250960000
   6.1527180973   6.0887301091 2928  3.32E+00  -1.1480050000   0.3657590000   2.5154160000   0.0135300000  -0.0101030000   1.8830620000  -0.0278170000  -0.7679260000   7.9243060000  -0.0237760000   0.2328070000   8.5630910000   0.0504230000   1.3082460000   9.0856550000   0.0374980000  -0.0120830000  -0.0204280000  -0.0375140000   0.0122680000   0.0202450000   0.0043130000  -0.0130150000  -0.0161620000  -0.0112740000  -0.0301780000   0.0039150000   0.0069770000   0.0430070000   0.0124300000
   6.1536810169   6.0897277521 3002  2.07E+00   1.6317750000   0.5056290000   3.0592850000   0.8014320000  -0.1029950000   1.9429610000  -1.1377700000   0.8981060000   9.3989730000  -1.4480470000   0.4466380000   8.3864800000  -1.8805430000  -0.0631960000   7.4101550000   0.0137820000   0.0100960000   0.0184600000  -0.0134730000  -0.0099760000  -0.0186370000  -0.0207790000  -0.0216020000  -0.0364160000   0.0323870000   0.0283330000   0.0374220000  -0.0119170000  -0.0068500000  -0.0008300000
   6.1517582848   6.0855978813 3101  2.94E+00  -0.6113450000  -1.4236150000   3.6224680000  -1.0545890000  -0.9900640000   2.1682720000   1.2127010000   1.5923600000   7.1907200000   1.9250150000   2.1193080000   7.9651290000   2.6475900000   2.5386700000   8.7739750000   0.0117970000  -0.0117470000   0.0387280000  -0.0119550000   0.0114520000  -0.0392170000   0.0036880000  -0.0045570000   0.0064810000   0.0072570000   0.0187040000   0.0044090000  -0.0107870000  -0.0138520000  -0.0104010000
   6.1507542429   6.0856572609 3304  6.79E+00   1.2349920000  -2.1148310000   3.9285200000  -0.1712930000  -2.0146570000   4.6292660000   0.4928720000   3.8661470000   2.3347480000   0.2108680000   3.9336770000   3.4829880000   0.1265010000   4.0634580000   4.6845930000   0.0364340000  -0.0025550000  -0.0181740000  -0.0364780000   0.0026120000   0.0180710000   0.0162270000   0.0040080000  -0.0148990000  -0.0240060000  -0.0157330000  -0.0453590000   0.0078230000   0.0116660000   0.0603600000
   6.1527945073   6.0865319198 3323  3.99E+00   0.1797430000  -1.9494840000   3.1213830000  -1.0503580000  -1.3706010000   2.9126280000   2.5697750000   2.6402670000   5.7150280000   1.9121740000   2.7950630000   6.6349050000   1.2291800000   2.9171010000   7.5623380000  -0.0394280000   0.0185400000  -0.0066570000   0.0393140000  -0.0185550000   0.0067460000  -0.0448320000   0.0093240000   0.0631020000   0.0243990000  -0.0037970000  -0.0347200000   0.0205470000  -0.0055110000  -0.0284710000
   6.1527395002   6.0866955878 3459  1.73E+00  -0.8292350000   0.8791930000   2.6562880000   0.0057650000  -0.0141180000   1.7617450000  -0.5230990000  -0.2028210000   7.8224840000  -0.0070600000   0.2886260000   8.7251810000   0.5518510000   0.6889410000   9.6628120000  -0.0131120000   0.0141380000   0.0139850000   0.0132400000  -0.0139790000  -0.0143530000   0.0291070000   0.0180470000   0.0504710000  -0.0206810000  -0.0032430000  -0.0336660000  -0.0085530000  -0.0149630000  -0.0164380000
   6.1505329682   6.0884880983 3493  6.66E+00  -0.6555320000   0.6081260000   2.8099400000  -0.8149010000  -0.3381280000   1.8525890000   1.7803240000   1.2269500000   9.6043160000   1.5148250000   0.8380460000   8.5602220000   1.1936170000   0.4819850000   7.5414340000  -0.0069010000  -0.0405760000  -0.0412300000   0.0067170000   0.0405870000   0.0407440000  -0.0192640000  -0.0192550000  -0.0564060000  -0.0109620000  -0.0213140000  -0.0553560000   0.0304090000   0.0405580000   0.1122490000
   6.1521706803   6.0850032410 3582  5.16E+00  -0.8927660000  -0.1097100000   2.1996940000   0.1344430000  -0.9881730000   2.2203070000  -0.3036420000   3.2287950000   7.8117840000  -0.2674530000   2.0540860000   7.9247420000  -0.1107750000   0.8589720000   8.0129910000   0.0462460000  -0.0394940000   0.0009370000  -0.0462810000   0.0396350000  -0.0011000000   0.0067590000   0.0149220000  -0.0021540000  -0.0209670000   0.0387840000  -0.0020510000   0.0142420000  -0.0538470000   0.0043680000
   6.1522238518   6.0896744129 3640  2.78E+00   1.0715250000  -1.6149470000   3.4521120000   0.6668460000  -1.0248100000   2.2866570000  -0.5000230000   1.2368490000   7.8190570000  -1.2194930000   2.1490090000   7.7455640000  -1.9824070000   3.0574700000   7.7299550000  -0.0146390000   0.0213350000  -0.0422470000   0.0145770000  -0.0212830000   0.0420110000  -0.0178600000   0.0190580000   0.0041520000   0.0350850000  -0.0360270000  -0.0081270000  -0.0171620000   0.0169170000   0.0042110000
   6.1540902489   6.0879453738 3718  5.14E+00   0.0446560000   0.0011240000   2.4455920000  -0.1944560000  -1.5745680000   2.3147100000  -0.0166530000   2.5506300000   6.7884340000   0.3590330000   3.0605720000   7.7760490000   0.7154740000   3.7031900000   8.6610030000   0.0069640000   0.0455200000   0.0035920000  -0.0068910000  -0.0459280000  -0.0040300000   0.0030130000   0.0167840000   0.0060190000   0.0129210000   0.0004310000   0.0378100000  -0.0160060000  -0.0168080000  -0.0433920000
