   6.1505539459   6.9830432630  166  1.28E+01  -0.3546200000  -1.7235700000   4.6222920000   1.1450130000  -2.1839700000   4.0190700000  -1.5980350000   4.8441060000   5.5115510000  -2.0087200000   4.2003170000   4.5934850000  -2.5901620000   3.7062730000   3.6778980000  -0.0536490000   0.0165510000   0.0216340000   0.0536960000  -0.0164240000  -0.0215390000   0.0005560000   0.0280230000   0.0257450000   0.0235240000  -0.0278200000  -0.0055750000  -0.0241260000  -0.0003290000  -0.0202650000
   6.1511615123   6.9813097218  250  2.48E+00   1.1236090000  -0.5654600000   2.6577090000  -0.0102770000   0.0055940000   1.7966890000   1.0912460000  -0.1611130000   8.6885350000   0.0049410000   0.2804690000   8.6468470000  -1.1144200000   0.6459260000   8.6809570000   0.0220370000  -0.0110900000   0.0168170000  -0.0220750000   0.0111300000  -0.0167070000  -0.0064200000  -0.0032200000   0.0063130000   0.0129080000   0.0067330000  -0.0128350000  -0.0064510000  -0.0035530000   0.0064130000
   6.1513897245   6.9837009489  335  7.25E+00  -0.5914750000  -0.8210910000   3.0806340000  -0.4316130000  -0.1495660000   1.6662110000   1.7210180000  -0.0988900000   9.2889240000   0.8611810000   0.6099060000   8.8842220000  -0.1746630000   1.1274080000   8.5273620000  -0.0040670000  -0.0173880000   0.0365770000   0.0042080000   0.0173320000  -0.0366160000   0.0044580000  -0.0237270000   0.0107000000   0.0532760000   0.0112900000   0.0011960000  -0.0578760000   0.0124920000  -0.0118570000
   6.1527851662   6.9808185100 1511  4.04E+00   0.1070670000  -0.1066650000   2.8100130000  -0.3134460000  -1.1191560000   1.9312900000   0.7158720000   3.0017360000   7.4711980000   0.5095090000   2.3167250000   8.4511110000   0.4603220000   1.5428390000   9.3634020000  -0.0076700000  -0.0184640000  -0.0159520000   0.0076100000   0.0183170000   0.0159640000   0.0197500000   0.0305880000  -0.0523860000  -0.0270480000   0.0022430000   0.0226910000   0.0073580000  -0.0326830000   0.0296840000
   6.1531290597   6.9840223205 1513  8.04E-01  -0.1783620000   0.4856340000   3.0920850000  -0.1702790000   0.7895660000   1.6207380000   0.4240710000  -1.8783780000   8.0476650000   0.2975500000  -1.2009070000   8.9903970000   0.2142130000  -0.5063100000   9.9152960000  -0.0001250000  -0.0038510000   0.0190580000   0.0000800000   0.0040420000  -0.0191250000   0.0010980000   0.0116160000   0.0159370000  -0.0061710000   0.0043600000   0.0075300000   0.0051170000  -0.0161670000  -0.0233990000
   6.1525665101   6.9801759848 1632  3.96E+00   0.3367050000   1.5103370000   3.4410320000   0.3775840000   1.3991610000   2.0794010000  -0.8788950000  -3.4317130000   7.8034410000  -0.6864920000  -2.3407690000   8.1289020000  -0.5127160000  -1.2063100000   8.4935840000   0.0014880000  -0.0041340000  -0.0498690000  -0.0015040000   0.0039980000   0.0497880000   0.0046160000   0.0360630000   0.0133270000  -0.0096860000  -0.0805650000  -0.0309880000   0.0050860000   0.0446390000   0.0177420000
   6.1545579827   6.9839741025 1767  1.44E+01  -0.7720790000   1.3317320000   3.3822780000   0.3942320000   1.6510440000   2.2372070000  -1.4311750000  -2.1788760000   8.5684230000  -0.6550240000  -2.7928370000   7.9487660000   0.0026520000  -3.3664940000   7.0794040000  -0.0406600000  -0.0111110000   0.0399520000   0.0406240000   0.0112230000  -0.0399060000   0.0001370000  -0.0039560000  -0.0201980000  -0.0363870000   0.0404210000   0.0915280000   0.0362870000  -0.0365760000  -0.0713750000
   6.1541789092   6.9837725020 2219  4.72E+00   0.7023430000  -0.2539090000   3.0340080000   0.3956890000  -0.7913570000   1.8208220000  -0.6136710000   2.5687300000   7.8593720000  -0.7478660000   1.7478580000   8.6699410000  -0.8453250000   0.7750580000   9.3485450000  -0.0120400000  -0.0211320000  -0.0476110000   0.0120400000   0.0210440000   0.0476120000  -0.0012560000  -0.0304420000   0.0132520000   0.0009060000   0.0594850000  -0.0187010000   0.0003500000  -0.0289560000   0.0054480000
   6.1534229539   6.9844425717 2478  2.47E+00   0.3847000000  -0.6442730000   2.9385020000  -0.0024240000   0.0042730000   1.6390930000   0.7786310000  -0.5106770000   8.5605970000  -0.0119470000   0.2353970000   9.0157930000  -0.7817940000   1.0408900000   9.3013040000   0.0050050000  -0.0084380000   0.0169510000  -0.0051170000   0.0085240000  -0.0170390000   0.0003420000   0.0053350000  -0.0094920000  -0.0357300000   0.0259710000   0.0332920000   0.0355000000  -0.0313920000  -0.0237120000
   6.1513663296   6.9831397233 2637  1.99E+00   0.7337540000   0.1891270000   2.8547230000  -0.0120920000  -0.0059660000   1.6044220000   0.9221950000   0.7519990000   9.5549420000   0.0262210000   0.2485010000   8.9649750000  -0.9277160000  -0.2329920000   8.5235500000   0.0033130000   0.0008770000   0.0055610000  -0.0032090000  -0.0008280000  -0.0054840000   0.0074310000   0.0079350000   0.0185790000  -0.0371380000  -0.0264910000  -0.0460160000   0.0296030000   0.0185070000   0.0273600000
   6.1514952365   6.9849074498 2955  4.55E+00   1.1921710000  -0.9674710000   3.3189680000   0.7576390000  -0.4725650000   1.8917250000  -0.2766910000   1.5003960000   8.5118850000  -1.4086010000   1.1683430000   8.4682570000  -2.5248210000   0.7312650000   8.4753800000   0.0110620000  -0.0126530000   0.0365280000  -0.0111580000   0.0126650000  -0.0364920000   0.0108190000  -0.0029980000   0.0048840000   0.0276930000   0.0244280000  -0.0092720000  -0.0384160000  -0.0214420000   0.0043520000
   6.1537479901   6.9836384284 3276  1.05E+01   0.1559460000   0.1151040000   2.9453980000   0.5036450000  -0.1628580000   1.6759030000  -1.0300200000   1.7110320000   9.1736090000  -0.9048900000   0.5051380000   8.9944570000  -0.8158330000  -0.5964630000   8.5200370000   0.0170260000  -0.0135720000  -0.0621510000  -0.0170010000   0.0136480000   0.0620790000  -0.0102620000   0.0836420000  -0.0043780000   0.0091790000  -0.0479600000   0.0377370000   0.0010580000  -0.0357580000  -0.0332880000
