   6.1562666380   6.0129624898   67  8.89E+00  -0.2316120000  -0.2492980000   1.7878460000   0.2789260000  -1.4420520000   2.6698420000  -0.2686590000   1.8975990000   7.6400130000  -0.5321900000   2.8665760000   7.0888460000  -0.7102600000   3.8558110000   6.5931310000  -0.0128570000   0.0300680000  -0.0221200000   0.0128090000  -0.0299480000   0.0220610000  -0.0101750000   0.0652170000  -0.0292300000  -0.0169880000   0.0453870000  -0.0329710000   0.0272110000  -0.1107250000   0.0622600000
   6.1566997098   6.0114368013  425  3.64E+00   1.1470340000   0.6466710000   2.9751190000   0.7636340000  -0.2740380000   1.8514590000  -0.7449240000   0.7761080000   7.5749910000  -1.3597650000   0.7880000000   8.5965900000  -2.1203470000   0.6478840000   9.5386910000   0.0050230000   0.0118990000   0.0143360000  -0.0049010000  -0.0119780000  -0.0148560000   0.0059500000  -0.0087800000  -0.0274480000   0.0495480000   0.0262420000  -0.0261630000  -0.0556190000  -0.0173830000   0.0541310000
   6.1584835768   6.0125521323  528  2.20E+00   1.1105140000   0.1204460000   1.9684790000   0.1274560000  -0.8690680000   2.3376090000   0.0101510000   0.7700490000   8.1212340000  -0.2207360000   1.8555730000   7.7255640000  -0.5509590000   2.8573990000   7.2817960000  -0.0036720000  -0.0036650000   0.0014190000   0.0036730000   0.0037580000  -0.0014320000  -0.0074210000  -0.0043360000  -0.0019780000  -0.0040590000   0.0663020000  -0.0210560000   0.0114790000  -0.0620590000   0.0230470000
   6.1564299197   6.0139585109  530  5.99E+00  -0.9853370000   0.3332250000   2.8038900000   0.1042880000   0.4894400000   1.7376150000  -0.1388040000  -0.8062790000   7.6052990000  -0.2049250000  -0.7686860000   8.8104180000  -0.1661190000  -0.3943710000   9.9272160000  -0.0209390000  -0.0029200000   0.0202270000   0.0208900000   0.0031060000  -0.0208310000   0.0090270000   0.0195770000  -0.0452150000  -0.0158570000  -0.0431970000   0.0448310000   0.0068790000   0.0234340000   0.0009880000
   6.1590203234   6.0149743682  613  3.63E+00  -1.0147500000   1.1145860000   2.2415840000   0.0099800000  -0.0076520000   2.0634760000   0.2702630000   1.3255960000   7.9230510000   0.0005700000   0.2621530000   8.2562340000  -0.2566020000  -0.8667270000   8.4334890000  -0.0192200000   0.0210050000   0.0033410000   0.0191890000  -0.0210930000  -0.0033740000  -0.0139190000  -0.0635310000   0.0091090000   0.0102240000   0.0561900000   0.0027260000   0.0037260000   0.0074290000  -0.0118020000
   6.1575417094   6.0110501872  830  2.83E+00   1.5138310000   1.6059120000   5.1879540000   1.5524030000   1.6583850000   3.6771500000  -2.5242760000  -2.7424830000   4.0589530000  -2.7983150000  -2.7894380000   5.2281430000  -3.2234970000  -2.8593750000   6.3260500000  -0.0006230000  -0.0008180000   0.0229570000   0.0006750000   0.0008980000  -0.0227460000  -0.0012620000  -0.0013310000  -0.0449800000   0.0154360000   0.0040290000   0.0380210000  -0.0142260000  -0.0027770000   0.0067480000
   6.1585464917   6.0143553238  893  3.25E+00   0.4201280000   1.3822800000   2.0291910000  -0.0050150000  -0.0173460000   2.0983230000   0.9276740000   0.9131880000   8.3085890000   0.0101500000   0.2625800000   8.0712010000  -0.9367170000  -0.4230900000   8.0262040000   0.0013020000   0.0042760000  -0.0001320000  -0.0012250000  -0.0042240000   0.0002850000  -0.0471220000  -0.0344570000   0.0037010000   0.0342870000   0.0261600000  -0.0203840000   0.0127570000   0.0082450000   0.0165300000
   6.1552758627   6.0108652719 1295  5.58E+00   0.0177760000  -1.0585270000   5.6770980000   0.5753740000  -2.2676090000   4.9150330000  -0.8069220000   3.2609530000   3.0032900000  -1.1384950000   4.3735220000   3.0231760000  -1.2130890000   5.5352170000   2.8238670000  -0.0108670000   0.0234720000   0.0149820000   0.0109320000  -0.0238980000  -0.0146800000   0.0059480000   0.0446320000  -0.0156370000  -0.0236950000  -0.0526550000   0.0316890000   0.0176810000   0.0084490000  -0.0163530000
   6.1584864764   6.0138303887 1404  9.20E+00  -0.9236730000   0.6738340000   2.8890750000  -1.0688520000  -0.5246250000   2.0065640000   1.2280700000   0.9624380000   7.3618370000   1.8481400000   1.2223440000   8.3611080000   2.7808450000   1.3852770000   9.1594080000   0.0015600000   0.0135310000   0.0097820000  -0.0017690000  -0.0136140000  -0.0102720000  -0.0046170000  -0.0145720000  -0.0460770000  -0.0850890000   0.0073210000  -0.0045500000   0.0899150000   0.0073350000   0.0511170000
   6.1586983546   6.0146149098 1407  1.06E+01   1.6420430000   0.5018700000   3.0412590000   0.6664220000  -0.1216440000   1.8709760000  -0.6383570000   0.9282020000   7.6477370000  -1.2023770000   0.3920540000   8.5026490000  -1.8907500000   0.0410600000   9.4348300000   0.0326820000   0.0207900000   0.0390000000  -0.0326150000  -0.0209900000  -0.0393510000  -0.0289810000  -0.0070940000   0.0378790000   0.0699450000   0.0120900000  -0.0875390000  -0.0410300000  -0.0047960000   0.0500110000
   6.1566042478   6.0133935724 1563  5.18E+00   0.6160360000   1.1536010000   2.6383300000  -0.0072430000  -0.0170110000   1.7845210000  -0.4062990000   0.8174070000   7.7263560000  -0.0284970000   0.1850920000   8.6840180000   0.4250550000  -0.2564010000   9.6772210000   0.0164550000   0.0307370000   0.0222870000  -0.0163050000  -0.0309310000  -0.0227510000  -0.0110460000   0.0376710000  -0.0346910000   0.0019490000  -0.0449250000   0.0230520000   0.0089480000   0.0074480000   0.0121020000
   6.1554752584   6.0135845205 1636  4.00E+00   0.6634600000   0.0847800000   2.5892780000  -0.4042640000   0.2600710000   1.7629180000   0.4139160000   0.2556060000   7.7205820000   0.7967510000  -0.1901200000   8.7371670000   0.9651550000  -0.7294100000   9.7540760000  -0.0421250000   0.0068810000  -0.0327780000   0.0421560000  -0.0069770000   0.0322290000  -0.0107880000  -0.0109880000   0.0126880000   0.0287550000   0.0073660000   0.0066890000  -0.0179990000   0.0037190000  -0.0188280000
   6.1555475991   6.0123823208 1636  4.12E+00   0.6585950000   0.0899550000   2.5914760000  -0.4044580000   0.2602020000   1.7621770000   0.4156460000   0.2536630000   7.7183610000   0.7977940000  -0.1917160000   8.7390000000   0.9639200000  -0.7272500000   9.7584870000  -0.0434390000   0.0069220000  -0.0340650000   0.0434690000  -0.0070180000   0.0335100000  -0.0127450000  -0.0084060000   0.0073730000   0.0305240000   0.0049900000   0.0113640000  -0.0178100000   0.0035120000  -0.0181810000
   6.1558513518   6.0126995071 1758  3.98E+00   1.1198150000   0.3572560000   2.4068520000  -0.3061330000   0.7092660000   1.9516760000   0.5738810000  -1.6923370000   7.3932230000   0.5718120000  -0.9932960000   8.3876720000   0.4552130000  -0.4390820000   9.4125930000   0.0287270000  -0.0069780000   0.0091090000  -0.0287580000   0.0073460000  -0.0093630000  -0.0067030000  -0.0443480000  -0.0453330000   0.0136000000   0.0532330000   0.0437530000  -0.0068670000  -0.0092530000   0.0018330000
   6.1598792197   6.0122318146 1875  5.83E+00  -1.2864990000  -0.3257930000   2.1852860000   0.0169370000   0.0067300000   2.0695850000   0.9291760000   0.8777540000   7.9480260000   0.0259910000   0.2102740000   8.1797930000  -0.9522200000  -0.3610130000   8.4389350000   0.0599930000   0.0152950000  -0.0052670000  -0.0600220000  -0.0153570000   0.0053420000  -0.0552620000  -0.0297070000   0.0166970000   0.0348680000   0.0075560000  -0.0134310000   0.0204220000   0.0222140000  -0.0033410000
   6.1587797413   6.0131135784 1902  3.51E+00   0.6327460000  -1.9310050000   4.2138380000   0.3915160000  -1.7090950000   2.7304290000  -0.2946470000   4.4538970000   6.9649500000  -0.7191510000   3.4099850000   6.9664310000  -1.1606810000   2.3312080000   6.9046560000   0.0040920000  -0.0037410000   0.0245100000  -0.0038290000   0.0035760000  -0.0248560000  -0.0405280000  -0.0983330000  -0.0042620000   0.0321450000   0.0747290000   0.0064080000   0.0081200000   0.0237690000  -0.0018000000
   6.1576881241   6.0105139704 2181  3.99E+00  -0.9829520000  -0.8140170000   2.8428370000  -0.0442780000  -0.2022990000   1.7503870000   0.5326590000   0.4368100000   7.6989130000   0.0657540000   0.6806010000   8.7236070000  -0.2989570000   0.8015550000   9.8325360000  -0.0231630000  -0.0150520000   0.0267550000   0.0229550000   0.0150190000  -0.0271780000  -0.0142510000   0.0030920000   0.0561990000   0.0060670000   0.0059010000  -0.0588300000   0.0083920000  -0.0089610000   0.0030540000
   6.1561202923   6.0146022146 2408  2.24E+00  -1.0655210000   0.2623050000   2.6868660000   0.1225550000  -0.0542080000   1.7415660000  -0.5880790000  -0.0364330000   7.7140130000  -0.2129270000   0.3754130000   8.7826110000   0.2029850000   0.6964890000   9.8270200000  -0.0265660000   0.0071290000   0.0209240000   0.0266760000  -0.0070200000  -0.0215090000  -0.0119190000  -0.0214020000  -0.0400200000   0.0101040000   0.0275310000   0.0437970000   0.0017050000  -0.0062370000  -0.0031920000
   6.1562269203   6.0142903597 2590  6.32E+00  -1.1373200000  -0.9968020000   2.2406620000   0.0100760000   0.0122190000   2.0863440000  -0.7471370000   1.0876450000   8.2857220000  -0.0171660000   0.2294810000   8.1686140000   0.7813590000  -0.5704610000   8.0224450000  -0.0227250000  -0.0199530000   0.0031010000   0.0226440000   0.0200190000  -0.0030510000   0.0688890000  -0.0696430000  -0.0110040000  -0.0153160000   0.0055540000   0.0004370000  -0.0534920000   0.0640220000   0.0105170000
   6.1588628510   6.0142176045 2717  3.99E+00  -1.4711110000  -0.0010980000   2.3523950000   0.0143380000   0.0034540000   1.9907640000  -0.2571040000   1.3168830000   7.8535310000   0.0563290000   0.2358640000   8.3141370000   0.2358940000  -0.8234510000   8.8157020000  -0.0274720000  -0.0001420000   0.0066870000   0.0275470000  -0.0000840000  -0.0067640000  -0.0245030000   0.0594410000  -0.0202080000   0.0283270000  -0.0378110000   0.0062490000  -0.0038990000  -0.0214030000   0.0140370000
   6.1591422893   6.0103996716 2774  5.21E+00   1.4290130000  -1.1304460000   2.6316560000   0.4742080000  -0.2620900000   2.2126400000  -1.9045660000   0.1646890000   7.7807260000  -0.9191630000   0.7784170000   7.9961080000   0.1362350000   1.3187920000   8.0015510000  -0.0401520000   0.0365020000  -0.0176130000   0.0401330000  -0.0365200000   0.0175540000  -0.0025890000  -0.0086240000  -0.0136200000  -0.0154400000   0.0058900000   0.0255960000   0.0180490000   0.0027520000  -0.0119180000
   6.1582436400   6.0139806567 3003  7.69E-01  -1.4165350000  -0.2837770000   3.2046500000  -1.1069990000   0.4127320000   2.0082500000   1.7774450000  -0.6832590000   7.1702990000   2.0839890000  -0.4985760000   8.2666810000   2.2759780000  -0.2981920000   9.3935370000   0.0037850000   0.0088280000  -0.0152100000  -0.0041100000  -0.0086780000   0.0148100000   0.0067050000   0.0090510000   0.0532880000   0.0062200000  -0.0055140000  -0.0286980000  -0.0126010000  -0.0036880000  -0.0241900000
   6.1561104042   6.0102622024 3054  5.75E+00   0.3170500000  -1.9677920000   3.2283420000   0.3631740000  -0.8562560000   2.1516090000  -0.2232510000   0.7645370000   7.9094200000  -0.7363210000   1.8483220000   7.9427220000  -1.0577460000   2.9359380000   8.1801470000  -0.0010240000  -0.0243720000   0.0234670000   0.0009230000   0.0244870000  -0.0238060000   0.0255110000  -0.0264520000   0.0149040000  -0.0467990000   0.0554210000  -0.0222730000   0.0213890000  -0.0290850000   0.0077090000
   6.1592901321   6.0106127031 3323  1.55E+00  -2.2604410000  -0.6958150000   3.5779240000  -1.0931990000  -1.4060850000   3.1487080000   1.2849490000   2.9831960000   7.0668890000   2.0409960000   2.8351530000   6.2173860000   2.7849990000   2.6423050000   5.3160990000   0.0087330000  -0.0052690000  -0.0031680000  -0.0087970000   0.0052830000   0.0032540000   0.0374140000  -0.0095130000  -0.0449700000  -0.0451650000   0.0132490000   0.0566340000   0.0078150000  -0.0037500000  -0.0117490000
   6.1573054865   6.0146773327 3329  3.73E+00   1.3095600000  -0.6815420000   3.2707380000   0.6374040000  -0.7536240000   1.9271130000  -1.2420320000   1.9077080000   9.5869590000  -1.1162420000   1.6963350000   8.4062610000  -1.1858670000   1.3132500000   7.2731450000   0.0090920000   0.0009060000   0.0178410000  -0.0088000000  -0.0010850000  -0.0182500000  -0.0175020000  -0.0002050000   0.0579310000   0.0316190000   0.0210310000  -0.0288140000  -0.0144090000  -0.0206480000  -0.0287080000
   6.1599930123   6.0117457508 3493  7.73E+00  -1.0684820000   0.9787090000   2.0275760000  -0.5613200000  -0.2614240000   2.2352290000   2.1143490000   0.3950540000   7.5785350000   1.0447870000   0.7628030000   7.8097030000  -0.0279790000   0.9639360000   8.2689250000   0.0216870000  -0.0529340000   0.0089220000  -0.0216190000   0.0530060000  -0.0087700000  -0.0441470000   0.0038240000   0.0271810000   0.0496280000   0.0064720000  -0.0473970000  -0.0055490000  -0.0103680000   0.0200640000
   6.1577140679   6.0106287482 3879  5.26E+00  -0.4441860000  -1.4771710000   2.2754620000   0.1000740000   0.0051410000   2.0818220000  -0.4755920000  -0.8540810000   8.0028020000  -0.1998440000   0.2691270000   8.1753080000   0.1538040000   1.4071130000   8.3207320000  -0.0152510000  -0.0415160000   0.0054100000   0.0152570000   0.0416070000  -0.0054100000   0.0070660000   0.0101920000   0.0015530000  -0.0248840000  -0.0530460000  -0.0065020000   0.0178110000   0.0427640000   0.0049500000
