   6.1605179951   6.0535897546  314  2.15E+00   0.4189020000  -1.2946210000   2.5479970000  -0.0068500000   0.0219080000   1.9054660000  -0.4895500000  -0.6062000000   9.0981590000   0.0220670000   0.2474080000   8.4991860000   0.4807990000   1.0802970000   7.8458330000   0.0075960000  -0.0236040000   0.0115260000  -0.0076820000   0.0234250000  -0.0116450000   0.0082870000   0.0188410000  -0.0171240000   0.0148750000   0.0175040000  -0.0085210000  -0.0230760000  -0.0361660000   0.0257640000
   6.1609783884   6.0502750171  580  6.86E+00  -1.2115960000  -0.5655170000   3.2096530000  -0.6832140000  -1.3145920000   2.2373470000   1.8210870000   3.2076700000   8.7152440000   1.3445470000   2.5909930000   7.8421720000   0.6580360000   2.1359790000   7.0227870000   0.0288420000  -0.0410540000  -0.0532960000  -0.0288900000   0.0407110000   0.0528650000  -0.0194370000   0.0055830000  -0.0044870000   0.0116220000  -0.0326570000  -0.0271220000   0.0078620000   0.0274170000   0.0320410000
   6.1614474785   6.0518109475  678  2.40E+00  -0.2432970000  -0.9277500000   2.9255760000  -1.4437550000  -0.6601410000   2.2780120000   3.1487390000   1.5287490000   8.8554710000   2.5833800000   1.5297070000   7.8178390000   2.1377220000   1.3659330000   6.7156310000  -0.0300390000   0.0065650000  -0.0162770000   0.0296740000  -0.0068290000   0.0158980000   0.0161050000  -0.0100830000   0.0119190000  -0.0105440000   0.0247790000   0.0250030000  -0.0051970000  -0.0144330000  -0.0365440000
   6.1605856296   6.0527365964  705  4.60E+00  -0.6755350000   1.2657890000   2.4969020000   0.0093200000  -0.0126550000   1.8817930000  -0.1786260000   1.1454780000   7.8197240000   0.0321170000   0.2432770000   8.5306830000   0.1505290000  -0.6569800000   9.2220720000  -0.0178090000   0.0332100000   0.0158530000   0.0178560000  -0.0334430000  -0.0161530000  -0.0025410000  -0.0175890000   0.0150780000   0.0163960000  -0.0368500000   0.0278050000  -0.0139020000   0.0546720000  -0.0425830000
   6.1645009172   6.0514271025  973  2.74E+00   1.4294940000  -0.4976420000   2.1460310000  -0.0224180000   0.0037250000   2.1253240000   0.9662320000   0.9280310000   8.0834080000  -0.0046360000   0.2523250000   8.0942990000  -0.9408510000  -0.4170280000   8.0918320000   0.0288110000  -0.0099700000   0.0004360000  -0.0288580000   0.0099500000  -0.0003760000   0.0109070000   0.0065600000   0.0007760000  -0.0525120000  -0.0352040000  -0.0016130000   0.0416520000   0.0286650000   0.0007770000
   6.1622561382   6.0535031718 1257  5.10E+00  -0.1393590000   1.2423600000   2.3816670000  -0.0016620000  -0.0178610000   1.9167700000   0.9035730000   0.7820270000   9.0185200000  -0.0355490000   0.2865360000   8.4684580000  -0.8598050000  -0.2985270000   7.9025630000   0.0063570000  -0.0578280000  -0.0213180000  -0.0062260000   0.0579390000   0.0212290000   0.0352020000   0.0086890000   0.0161490000  -0.0673440000  -0.0202520000  -0.0339640000   0.0320100000   0.0114520000   0.0179050000
   6.1632207531   6.0524490665 1266  6.01E+00  -0.8313340000  -1.3044870000   2.2516870000   0.0117240000   0.0155780000   2.0885500000   1.0615160000   0.6607530000   8.0142420000  -0.0186600000   0.2808500000   8.1518190000  -1.0536850000  -0.1795240000   8.2948200000  -0.0218860000  -0.0342650000   0.0042800000   0.0218300000   0.0342810000  -0.0042150000  -0.0442100000  -0.0226810000   0.0083410000  -0.0265390000  -0.0013680000  -0.0010860000   0.0708050000   0.0240330000  -0.0073200000
   6.1641399364   6.0526618539 1407  3.96E+00   1.3609910000   0.5758150000   2.9034150000   0.6628400000  -0.1265400000   1.8839780000  -0.6129030000   1.0057030000   7.6913200000  -1.2154400000   0.3825450000   8.4999560000  -1.8708020000  -0.0095080000   9.3370200000  -0.0080570000  -0.0082100000  -0.0119980000   0.0081060000   0.0079420000   0.0115180000  -0.0026260000   0.0190760000   0.0019570000  -0.0449220000  -0.0664120000   0.0617530000   0.0474980000   0.0476040000  -0.0632300000
   6.1645230620   6.0541477939 1505  1.92E+00  -0.1798090000  -1.6021040000   2.8829950000   0.3131100000  -0.5610240000   2.0325030000  -0.8157600000   2.4238150000   8.4227460000  -0.5475440000   1.2916550000   8.3136740000  -0.3256180000   0.1970450000   8.0049450000   0.0037520000   0.0079380000  -0.0065690000  -0.0037520000  -0.0078370000   0.0062960000   0.0001110000  -0.0118590000  -0.0147550000   0.0110250000  -0.0290360000   0.0164800000  -0.0111370000   0.0407940000  -0.0014530000
   6.1644105056   6.0528043579 1617  1.89E+01  -0.8919100000  -1.0308940000   2.6823480000   0.2252350000  -0.0635580000   1.7718300000  -0.9362870000  -0.0061780000   9.7135020000  -0.4763290000   0.4052660000   8.6627070000   0.2251820000   0.7719910000   7.7666860000  -0.0430380000  -0.0372480000   0.0350100000   0.0428660000   0.0371050000  -0.0352830000  -0.0130780000  -0.0267540000   0.0714800000  -0.0195960000   0.0193060000  -0.0583940000   0.0328470000   0.0075920000  -0.0128130000
   6.1647649730   6.0530280663 1758  1.81E+00   1.0514660000   0.3808640000   2.3986130000  -0.3060550000   0.7111810000   1.9496320000   0.5867760000  -1.7249000000   7.4184080000   0.5602810000  -1.0001920000   8.3865800000   0.4548900000  -0.4123960000   9.3989530000   0.0053950000  -0.0012120000   0.0017410000  -0.0054320000   0.0015560000  -0.0019480000  -0.0034710000  -0.0408380000  -0.0375090000   0.0089170000   0.0453760000   0.0282280000  -0.0054080000  -0.0048830000   0.0094870000
   6.1633435878   6.0526069816 1987  4.85E+00  -1.1696250000  -1.1273150000   3.3318360000  -0.3330180000  -0.9946530000   2.0052970000   1.0650290000   2.8811230000   8.9750270000   0.6011020000   2.1117890000   8.2673740000   0.2205890000   1.2598020000   7.5950200000  -0.0216430000  -0.0034960000   0.0340400000   0.0215970000   0.0033750000  -0.0345800000  -0.0201350000  -0.0500830000  -0.0373840000  -0.0069900000   0.0096570000  -0.0031380000   0.0271710000   0.0405460000   0.0410610000
   6.1644623545   6.0516327923 2021  9.19E+00   0.9438930000  -1.2927380000   2.3161560000  -0.6049030000  -0.9971740000   2.4602700000   0.3843830000   1.5131230000   8.3060830000   1.0854680000   2.1002030000   7.4609110000   1.7623250000   2.6595140000   6.6611180000   0.0419690000  -0.0080110000  -0.0038710000  -0.0419920000   0.0080130000   0.0039410000  -0.0614910000  -0.0514430000   0.0764380000   0.0456050000   0.0381340000  -0.0603670000   0.0159080000   0.0133070000  -0.0161410000
   6.1649348380   6.0508501184 2035  8.40E+00  -1.4898100000  -0.4536000000   3.1439860000  -0.8109780000  -0.2834900000   1.9495370000   1.0601470000   0.9685180000   9.5112300000   1.5314650000   0.8384200000   8.3602110000   1.9342690000   0.5341530000   7.2794400000   0.0186430000   0.0046990000  -0.0329120000  -0.0188930000  -0.0046900000   0.0327370000  -0.0466420000   0.0028080000   0.1099800000   0.0379430000   0.0149270000  -0.0839680000   0.0089490000  -0.0177440000  -0.0258370000
   6.1641474274   6.0506253100 2171  3.57E+00  -0.8842390000  -0.7164080000   2.6042480000   0.0123370000   0.0040780000   1.8025420000   0.6366540000  -0.1918140000   7.8176830000  -0.0562430000   0.2007640000   8.6432820000  -0.6003350000   0.7535460000   9.5286200000   0.0173440000   0.0140160000  -0.0156030000  -0.0175590000  -0.0139520000   0.0153400000  -0.0288610000   0.0340790000   0.0539960000   0.0180640000  -0.0453310000  -0.0581970000   0.0110120000   0.0111870000   0.0044640000
   6.1641974279   6.0518725400 2378  3.61E-01   1.4692050000   0.0921770000   3.3066080000   1.0845880000  -0.6325540000   2.0327830000  -1.6247910000   1.0202870000   7.1856990000  -2.0093610000   1.4394150000   8.2139350000  -2.3760510000   1.7401450000   9.2887860000   0.0061990000   0.0113930000   0.0199170000  -0.0058680000  -0.0114950000  -0.0203730000  -0.0017130000  -0.0053820000   0.0095820000   0.0016820000   0.0121340000  -0.0163330000  -0.0003000000  -0.0066500000   0.0072070000
   6.1631260230   6.0532060362 2741  5.85E+00  -0.5342750000  -1.2393270000   2.1847740000   0.0055360000   0.0134220000   2.0886470000   0.8783400000   0.9736930000   8.0011250000   0.0406940000   0.2119870000   8.1469230000  -0.9028760000  -0.4341070000   8.3153430000   0.0195640000   0.0453650000  -0.0034250000  -0.0195500000  -0.0454000000   0.0035180000  -0.0643760000  -0.0423630000   0.0133200000   0.0347570000   0.0077410000  -0.0100590000   0.0296040000   0.0346570000  -0.0033530000
   6.1615480980   6.0523609128 2948  3.48E+00   1.0897110000   1.0287570000   2.8542680000  -0.0300170000   2.0509570000   2.7591590000   0.1502050000  -4.6923700000   6.9068740000  -0.0067500000  -3.5056760000   6.8793600000  -0.0638790000  -2.2960510000   6.9702690000   0.0186130000  -0.0169830000   0.0014760000  -0.0185810000   0.0171120000  -0.0018820000   0.0117440000  -0.0451360000   0.0081410000  -0.0143640000  -0.0171400000  -0.0207080000   0.0025880000   0.0621480000   0.0129720000
   6.1606547955   6.0547428186 3458  4.95E-01  -0.4271390000  -0.8599680000   2.6650190000   0.7850610000  -0.5676380000   1.9883030000  -1.7097820000   0.7169720000   7.3535100000  -1.4239950000   1.2964780000   8.3491800000  -1.1151070000   1.8865430000   9.2820100000   0.0153510000   0.0036450000  -0.0086890000  -0.0150230000  -0.0037020000   0.0082390000  -0.0025400000  -0.0052710000  -0.0134290000   0.0150390000   0.0317390000   0.0608570000  -0.0128270000  -0.0264110000  -0.0469770000
   6.1642316244   6.0542277925 3696  4.64E+00   0.8219080000  -1.7075910000   3.4203780000  -0.2986990000  -1.4945490000   2.4712530000  -0.4464550000   2.7941250000   6.7419810000   0.5834370000   3.0042020000   7.3877310000   1.4484600000   3.2100300000   8.1557380000   0.0096060000  -0.0018200000   0.0080800000  -0.0093580000   0.0015800000  -0.0082310000  -0.0807740000  -0.0131250000  -0.0360200000   0.0841620000   0.0117820000   0.0234720000  -0.0036360000   0.0015830000   0.0126990000
   6.1601651991   6.0543025961 3760  3.73E+00  -1.0674710000  -0.6451160000   2.2055580000   0.1454540000  -1.3863040000   2.5616830000  -0.2798570000   3.3894910000   6.2583670000  -0.2822300000   2.7356410000   7.2949110000  -0.1674500000   2.2087310000   8.3339360000  -0.0040670000   0.0024180000  -0.0011620000   0.0040520000  -0.0026560000   0.0012790000   0.0070580000   0.0494030000  -0.0623130000  -0.0137980000  -0.0580720000   0.0629600000   0.0067550000   0.0089060000  -0.0007640000
   6.1608137472   6.0503241262 3824  8.16E-01   0.0739540000  -1.2868630000   2.5354030000  -0.0003130000   0.0143310000   1.8907610000   0.2761380000  -0.6894250000   7.8936540000  -0.0200260000   0.2603940000   8.4980190000  -0.2641990000   1.1911250000   9.1254460000  -0.0000240000   0.0002090000  -0.0002050000  -0.0000570000  -0.0000030000  -0.0000560000  -0.0035980000   0.0223190000   0.0191060000  -0.0112000000   0.0212440000   0.0073320000   0.0148790000  -0.0437700000  -0.0261780000
   6.1616177297   6.0536146278 3893  3.96E+00  -0.5558370000  -1.6202880000   3.6197250000  -0.9385640000  -1.0569470000   2.2018740000   2.4535180000   2.9321790000   8.5035930000   1.7589880000   2.1745610000   7.8866020000   0.9484520000   1.5037950000   7.3524100000   0.0098200000  -0.0145800000   0.0362760000  -0.0098580000   0.0143710000  -0.0367250000   0.0191280000   0.0340910000   0.0286850000  -0.0084180000  -0.0368740000  -0.0324040000  -0.0106720000   0.0029920000   0.0041680000
