   6.1618290689   6.0831073100   74  5.00E+00  -0.4603330000   1.0890910000   2.7095850000  -0.3209400000   0.0461020000   1.8278270000   0.2436970000   0.9265370000   9.4291270000   0.6265900000   0.0896320000   8.6918770000   0.9177760000  -0.6050090000   7.7477790000   0.0046070000  -0.0347020000  -0.0294280000  -0.0047600000   0.0348830000   0.0291020000  -0.0090850000   0.0164220000  -0.0054640000   0.0029590000   0.0023890000   0.0539350000   0.0062790000  -0.0189920000  -0.0481450000
   6.1636891670   6.0847237654  301  4.65E+00   1.9678620000  -0.9910440000   5.3562670000   0.8856830000  -1.8626090000   4.7188220000  -1.8383860000   4.1810610000   4.3300330000  -1.6141190000   3.5965560000   3.3278680000  -1.4971990000   3.1714570000   2.2685330000   0.0199600000   0.0161780000   0.0117680000  -0.0200350000  -0.0160340000  -0.0117250000  -0.0092170000   0.0150360000   0.0001320000   0.0239490000  -0.0507110000  -0.0522880000  -0.0146580000   0.0355320000   0.0521130000
   6.1630070815   6.0813283910  301  3.23E+00  -0.0338210000  -2.1650350000   4.7309300000   0.9721380000  -1.4913330000   5.4965680000  -1.8067370000   2.6210940000   0.7753380000  -1.7396840000   3.0465900000   1.9181640000  -1.7402530000   3.3639960000   3.0366350000   0.0073870000   0.0049790000   0.0055960000  -0.0073560000  -0.0050050000  -0.0056680000  -0.0086150000  -0.0312830000  -0.0709960000   0.0133710000   0.0422670000   0.0936870000  -0.0047880000  -0.0109580000  -0.0226190000
   6.1612585544   6.0823162583  506  1.49E+00   1.2730140000   0.6323150000   2.4499580000  -0.0116990000  -0.0055030000   1.9180490000   1.0281500000   0.2699840000   7.9044830000   0.0034610000   0.2384560000   8.4661210000  -1.0525240000   0.2263270000   9.0076680000   0.0239190000   0.0119000000   0.0098410000  -0.0241040000  -0.0119080000  -0.0100000000  -0.0134160000   0.0009380000   0.0070900000   0.0364490000  -0.0019680000  -0.0171720000  -0.0228490000   0.0010380000   0.0102420000
   6.1632704796   6.0813175037  631  8.11E+00  -0.0227220000  -1.5838470000   3.3547010000  -0.4655360000  -1.1034060000   2.1673270000   0.9958010000   1.9414660000   9.0978360000   0.7431970000   2.3682420000   8.0216340000   0.7727160000   2.5788380000   6.8460270000  -0.0190600000   0.0205740000  -0.0510270000   0.0189330000  -0.0209060000   0.0508710000   0.0213960000  -0.0187540000   0.0069120000  -0.0404880000   0.0278050000   0.0201700000   0.0192190000  -0.0087190000  -0.0269250000
   6.1604814589   6.0802975869  715  1.14E+00   0.9540970000   1.0168920000   2.3871840000  -0.0138840000  -0.0059840000   1.9422280000  -0.0280990000  -0.8211500000   8.9481630000   0.0093580000   0.2261980000   8.4232260000   0.0303010000   1.3048390000   7.8793830000   0.0063820000   0.0066690000   0.0028680000  -0.0063710000  -0.0069130000  -0.0030250000  -0.0010820000   0.0004510000   0.0003920000   0.0012390000  -0.0495700000   0.0225900000  -0.0001680000   0.0493620000  -0.0228250000
   6.1626892319   6.0816151584  971  4.88E+00   0.7866010000  -1.3100560000   2.3486040000  -0.0158110000   0.0174350000   2.0401430000   1.1814530000   0.2385600000   8.4507000000  -0.0047050000   0.2264430000   8.2639860000  -1.1485140000   0.2745860000   8.0098080000   0.0215670000  -0.0356830000   0.0083380000  -0.0215200000   0.0356760000  -0.0083090000   0.0463210000   0.0043540000   0.0040430000  -0.0515880000  -0.0081590000  -0.0021560000   0.0052190000   0.0038120000  -0.0019160000
   6.1601768631   6.0812977705 1277  2.50E+00  -0.0134710000   1.1394680000   2.9427240000   0.1826710000   0.5447720000   1.7213120000  -0.1470350000  -0.4188770000   7.7167150000  -0.3773950000  -0.7598670000   8.7914730000  -0.4811090000  -1.1155320000   9.9026990000   0.0065690000  -0.0198940000  -0.0411500000  -0.0065910000   0.0199870000   0.0406240000  -0.0023130000  -0.0180530000   0.0569650000  -0.0071570000   0.0171680000  -0.0534450000   0.0094920000   0.0007930000  -0.0029940000
   6.1634473603   6.0821377710 1297  5.79E+00   1.7097900000  -0.0464520000   2.5814250000   0.4466800000  -0.0512870000   2.0508130000   0.1368420000   0.5827980000   8.7760740000  -0.8541900000   0.3935970000   8.1689510000  -1.8341530000   0.0684690000   7.6878210000  -0.0440290000  -0.0001440000  -0.0184130000   0.0440710000   0.0002080000   0.0185160000  -0.0019820000  -0.0102120000   0.0089700000  -0.0679500000  -0.0032330000  -0.0541910000   0.0698900000   0.0133800000   0.0451180000
   6.1619936903   6.0808527017 1491  2.13E+00  -1.1442610000  -1.5524220000   3.5457970000  -0.4076930000  -1.1760250000   2.2545360000   1.4723100000   3.3759370000   7.9149300000   0.7785420000   2.4168240000   7.8490610000   0.0514520000   1.4685970000   7.7109020000  -0.0142520000  -0.0073380000   0.0248090000   0.0143190000   0.0072780000  -0.0251760000   0.0134480000   0.0221680000  -0.0023720000   0.0157350000   0.0121400000   0.0104880000  -0.0292490000  -0.0342480000  -0.0077480000
   6.1618129452   6.0846543649 1865  8.00E+00  -1.0457850000  -0.9993530000   2.5650040000   0.2210920000  -1.8957090000   3.0727270000  -1.3266360000   4.3425540000   6.0779340000  -0.3479310000   3.7746130000   6.3977820000   0.5495260000   3.0421250000   6.6129170000  -0.0410630000   0.0290600000  -0.0164560000   0.0409470000  -0.0291330000   0.0163050000  -0.0060520000  -0.0097040000  -0.0065960000   0.0110650000   0.0194070000   0.0124340000  -0.0048970000  -0.0096300000  -0.0056870000
   6.1629971623   6.0801153944 2032  4.67E+00   0.5495200000  -1.4263860000   2.3404510000  -0.0072280000   0.0109470000   2.0515890000  -0.1929990000   1.3954400000   8.3565410000   0.0471110000   0.2766870000   8.2421170000   0.1591090000  -0.8802790000   8.0637310000   0.0139390000  -0.0359320000   0.0071900000  -0.0139250000   0.0360840000  -0.0072330000   0.0017600000  -0.0529040000  -0.0084400000   0.0077870000   0.0500360000   0.0101290000  -0.0095620000   0.0027150000  -0.0016450000
   6.1649591028   6.0842118659 2228  2.15E+00   0.6841070000   0.6362070000   2.6933890000  -0.0081090000  -0.0127060000   1.7184820000   0.4473830000  -0.0932610000   7.7850850000  -0.0022600000   0.2598590000   8.8084510000  -0.4482910000   0.6092350000   9.8514280000  -0.0277870000  -0.0259750000  -0.0392340000   0.0276750000   0.0260800000   0.0387890000  -0.0026000000   0.0019330000   0.0100960000   0.0123610000  -0.0095320000  -0.0344870000  -0.0096490000   0.0074940000   0.0248350000
   6.1608718567   6.0810461297 2447  3.11E+00   0.2869590000  -1.3369490000   2.1926600000  -0.0082830000   0.0149750000   2.1044270000  -0.2832430000  -0.8668430000   8.2179700000   0.0384460000   0.2565090000   8.1387070000   0.2776670000   1.3713980000   8.0253620000  -0.0078170000   0.0358700000  -0.0023150000   0.0078460000  -0.0358350000   0.0023660000  -0.0024310000   0.0117410000  -0.0015340000   0.0212600000   0.0490280000  -0.0038380000  -0.0188580000  -0.0608040000   0.0053210000
   6.1615273001   6.0827668368 2555  2.27E+00  -1.1613880000  -0.2050660000   2.6694160000   0.0171150000  -0.0002340000   1.7689680000   0.7400840000   0.4106210000   7.7946270000  -0.0479990000   0.2781970000   8.7102140000  -0.7163550000   0.0822990000   9.6650030000  -0.0139860000  -0.0024330000   0.0105910000   0.0137330000   0.0023710000  -0.0109200000   0.0479430000   0.0032390000  -0.0425830000  -0.0431590000   0.0039410000   0.0234690000  -0.0045310000  -0.0071180000   0.0194420000
   6.1628466110   6.0820468865 2748  3.59E+00  -0.4416080000   1.3749180000   2.5814250000   0.5847900000   0.4414250000   1.9478970000  -0.6251180000  -0.0205990000   9.3502970000  -1.1168210000  -0.5276380000   8.4042290000  -1.4292470000  -1.1868400000   7.4509600000  -0.0182640000   0.0167180000   0.0112970000   0.0184210000  -0.0164610000  -0.0114600000   0.0164980000  -0.0039980000   0.0107140000  -0.0175430000   0.0343700000   0.0175500000   0.0008880000  -0.0306300000  -0.0281010000
   6.1625210176   6.0803544469 2899  6.27E+00   1.2450580000  -1.4140780000   2.6165190000   0.0588830000  -0.6600110000   2.2135130000  -0.3909480000   2.5317610000   7.3691850000  -0.1960430000   1.4477060000   7.8805560000   0.1656020000   0.4544750000   8.4964330000   0.0028340000  -0.0017910000   0.0010080000  -0.0028790000   0.0017770000  -0.0009010000  -0.0017840000   0.0648940000  -0.0208660000  -0.0304450000  -0.0061090000  -0.0259700000   0.0322740000  -0.0587710000   0.0467280000
   6.1622135381   6.0819615528 3063  3.50E+00   1.2373310000   0.8511600000   2.1625720000  -0.0205630000  -0.0156520000   2.0620030000   0.5202650000   1.2870050000   8.3501350000   0.0538210000   0.2506420000   8.1801760000  -0.5359280000  -0.7629430000   8.0758380000   0.0237740000   0.0163810000   0.0019790000  -0.0237140000  -0.0163140000  -0.0018910000  -0.0307800000  -0.0473340000  -0.0020100000   0.0383200000   0.0436580000  -0.0047850000  -0.0075990000   0.0036080000   0.0067060000
   6.1634949730   6.0844030560 3078  5.32E+00  -2.1101160000  -0.1803800000   3.5041710000  -1.1344260000  -0.6930750000   2.3938460000   3.2219840000   1.1416630000   7.5881980000   2.1029030000   1.5194510000   7.6694700000   0.9979170000   1.8781130000   7.4793220000  -0.0239090000   0.0124930000   0.0271160000   0.0239240000  -0.0126760000  -0.0273150000   0.0141860000  -0.0052940000  -0.0181710000  -0.0189370000   0.0068980000   0.0341790000   0.0047360000  -0.0014210000  -0.0158090000
   6.1631817805   6.0822409320 3078  5.53E+00  -2.1142660000  -0.1829400000   3.5093010000  -1.1347090000  -0.6931510000   2.3936990000   3.2212190000   1.1415960000   7.5930310000   2.1025600000   1.5206900000   7.6687280000   1.0006170000   1.8777910000   7.4754600000  -0.0247630000   0.0128270000   0.0281100000   0.0247770000  -0.0130090000  -0.0283070000   0.0134630000  -0.0052010000  -0.0180110000  -0.0233740000   0.0086120000   0.0331030000   0.0098960000  -0.0032300000  -0.0148950000
   6.1629725791   6.0800896947 3078  5.74E+00  -2.1179280000  -0.1857540000   3.5138780000  -1.1349990000  -0.6932230000   2.3935590000   3.2204380000   1.1415350000   7.5978860000   2.1022560000   1.5219140000   7.6679300000   1.0033040000   1.8774730000   7.4716170000  -0.0254760000   0.0130820000   0.0289450000   0.0254890000  -0.0132630000  -0.0291410000   0.0126810000  -0.0050870000  -0.0178420000  -0.0277440000   0.0103000000   0.0319720000   0.0150500000  -0.0050320000  -0.0139350000
   6.1611740130   6.0802991739 3182  7.06E-01  -1.8629870000  -0.5211190000   4.4408280000  -2.0562950000  -0.3337130000   3.0453550000   3.9754700000   1.3203230000   7.4352480000   3.8231460000   0.8620900000   6.3681810000   3.5415170000   0.4196590000   5.2963480000  -0.0022900000   0.0021770000  -0.0160570000   0.0019220000  -0.0021590000   0.0160990000  -0.0079390000   0.0003130000  -0.0019490000   0.0210360000   0.0085400000   0.0262160000  -0.0127290000  -0.0088710000  -0.0243090000
   6.1630117551   6.0847507040 3207  3.18E+00   0.6978860000   1.0616860000   2.3693600000  -0.0054130000  -0.0122210000   1.9310800000   1.0339780000   0.0855720000   7.9256020000  -0.0001710000   0.2478050000   8.4383820000  -1.0507860000   0.4102230000   8.9473670000  -0.0298120000  -0.0454310000  -0.0185620000   0.0296180000   0.0454610000   0.0184590000  -0.0191440000   0.0028210000   0.0108710000   0.0276590000  -0.0039730000  -0.0149620000  -0.0083210000   0.0011210000   0.0041930000
   6.1646330406   6.0801427261 3487  1.08E+00  -1.2402200000  -0.7081390000   3.4194880000  -1.2503290000  -0.3857610000   2.0633190000   1.6627460000   1.0389200000   7.2065100000   2.3338620000   0.9762860000   8.1514380000   2.9078160000   0.8870570000   9.1552710000  -0.0003250000   0.0073460000  -0.0314060000   0.0000760000  -0.0075670000   0.0309690000   0.0150690000  -0.0031930000   0.0353370000   0.0056130000   0.0030670000  -0.0153710000  -0.0204330000   0.0003480000  -0.0195290000
   6.1605069067   6.0821462264 3942  6.87E+00  -0.0914840000  -1.1064060000   2.3911250000  -0.3152520000   0.1581080000   1.9583230000  -0.2561540000  -0.5844800000   8.9593520000   0.6504700000  -0.0658910000   8.4176230000   1.3480560000   0.6016960000   7.7917730000  -0.0096560000   0.0544180000  -0.0186090000   0.0095500000  -0.0545460000   0.0185380000  -0.0112010000   0.0128630000  -0.0071830000   0.0612890000   0.0102170000  -0.0204130000  -0.0499830000  -0.0229520000   0.0276670000
   6.1619552608   6.0834292735 3985  2.93E+00  -1.3804810000   0.4591590000   2.4695440000   0.0120780000  -0.0021350000   1.9165920000  -0.9983710000   0.4294670000   7.8999710000  -0.0008360000   0.2452960000   8.4712550000   1.0256510000   0.0557970000   9.0143660000  -0.0347050000   0.0114990000   0.0136940000   0.0348830000  -0.0115390000  -0.0138690000   0.0224230000  -0.0040690000   0.0120050000  -0.0285090000   0.0051680000  -0.0128900000   0.0059070000  -0.0010590000   0.0010600000
