   6.1623666958   6.1575704757   20  6.69E+00  -0.4949010000  -0.9927620000   3.0850740000  -0.0408340000  -0.4579800000   1.6968160000  -0.2409760000   0.7810050000   7.7251270000   0.1143600000   1.1799690000   8.8194270000   0.3902420000   1.3706790000   9.9866750000  -0.0104690000  -0.0124230000   0.0318190000   0.0105360000   0.0123030000  -0.0323530000  -0.0239770000  -0.0329150000  -0.0544070000   0.0119090000   0.0330800000  -0.0185260000   0.0120010000  -0.0000450000   0.0734670000
   6.1637100016   6.1552083099  197  5.98E+00   1.2343690000   0.5342740000   2.1273200000  -0.0144220000  -0.0039760000   2.0691410000  -0.1711330000  -0.8859840000   8.1588120000   0.0205850000   0.2354760000   8.1629450000   0.1499350000   1.3830830000   8.2466690000  -0.0495830000  -0.0213790000  -0.0022520000   0.0495900000   0.0213830000   0.0023810000   0.0094020000   0.0850580000   0.0080610000   0.0000040000  -0.0461780000  -0.0129010000  -0.0094120000  -0.0388840000   0.0047100000
   6.1603602055   6.1564361512  248  1.02E+01   0.1459550000  -1.6772280000   4.5675600000  -0.0175630000  -2.1261470000   3.0106360000  -0.6170640000   3.3348570000   5.7890780000   0.0154950000   4.1938930000   6.4284620000   0.6839510000   4.9286420000   7.0626730000   0.0053180000   0.0141990000   0.0497950000  -0.0051170000  -0.0146750000  -0.0499390000  -0.0490840000  -0.0739600000  -0.0508760000   0.0361490000   0.0691770000   0.0409640000   0.0127340000   0.0052590000   0.0100560000
   6.1645804610   6.1564880288  578  3.03E+00   1.2192320000   0.2702840000   2.4546140000  -0.0154820000  -0.0061600000   1.8957950000   0.3809950000  -0.7188590000   7.9980250000   0.0259470000   0.2752640000   8.5025970000  -0.3999690000   1.2136270000   8.9975890000  -0.0347580000  -0.0077110000  -0.0157350000   0.0346950000   0.0079340000   0.0155940000  -0.0106090000   0.0110650000   0.0092770000  -0.0084790000   0.0463000000   0.0189340000   0.0191510000  -0.0575880000  -0.0280710000
   6.1606837913   6.1557625518  996  4.90E+00  -0.0062850000   1.2696650000   2.2284360000  -0.3514230000  -0.0710130000   2.0171880000   1.7474630000   0.2736910000   7.7938020000   0.6433630000   0.3528610000   8.2857830000  -0.4749470000   0.4237540000   8.7725580000  -0.0069860000  -0.0270140000  -0.0042270000   0.0068570000   0.0270190000   0.0042510000   0.0581440000  -0.0046370000  -0.0246410000   0.0166170000   0.0003770000  -0.0083850000  -0.0746320000   0.0042540000   0.0330030000
   6.1611830290   6.1585728576 1428  7.53E+00  -1.5774120000   0.5926830000   3.5616270000  -1.8295110000  -0.3596710000   2.5747030000   3.6051960000   1.1194380000   8.3792360000   3.3878220000   0.8663640000   7.1991710000   3.0879800000   0.6768050000   6.1344810000  -0.0058110000  -0.0217180000  -0.0225000000   0.0055660000   0.0216930000   0.0224520000   0.0087570000   0.0201640000   0.0820780000  -0.0359470000  -0.0443400000  -0.2017500000   0.0274360000   0.0242010000   0.1197210000
   6.1623804780   6.1575086029 1451  1.74E+00  -1.2511470000  -0.3674780000   2.8110210000  -0.3155740000   0.0099930000   1.8203490000   0.6119510000   1.1809550000   9.3615690000   0.6202960000   0.2039480000   8.6544880000   0.5772710000  -0.6731370000   7.8743620000   0.0134900000   0.0055090000  -0.0143770000  -0.0135550000  -0.0053400000   0.0141340000  -0.0034000000   0.0507460000   0.0284890000   0.0061700000  -0.0577540000  -0.0264840000  -0.0027040000   0.0068390000  -0.0017620000
   6.1637505058   6.1590906024 1512  5.87E+00   0.5545410000   0.5536190000   1.8984850000  -0.9191330000   0.1967960000   2.2247310000   2.5543940000  -0.8959990000   7.6970230000   1.6197100000  -0.1629580000   7.9270630000   0.7851330000   0.6882830000   8.1228930000   0.0330390000   0.0079820000  -0.0072730000  -0.0330010000  -0.0080660000   0.0072980000   0.0534270000  -0.0305970000  -0.0124040000  -0.0201520000  -0.0161660000   0.0034700000  -0.0333130000   0.0468470000   0.0089100000
   6.1640639752   6.1594280816 2055  1.38E+00  -1.3829380000  -0.5077720000   2.5087850000  -0.1796810000  -1.3144920000   2.4461750000   0.4713820000   3.7314960000   7.1172470000   0.3665760000   2.6590430000   7.4993930000   0.2379310000   1.5569250000   7.8793250000   0.0016430000  -0.0010350000  -0.0000840000  -0.0016210000   0.0011620000  -0.0000540000  -0.0075010000  -0.0625130000   0.0224510000   0.0076810000   0.0530110000  -0.0203350000  -0.0002010000   0.0093740000  -0.0019780000
   6.1611057980   6.1567338334 2078  1.65E+00  -0.8138300000  -0.6533960000   2.9447850000   0.3021600000  -0.9893290000   1.9175460000  -0.2156330000   1.2874670000   7.6143400000  -0.5288310000   2.0463560000   8.4755480000  -0.8451650000   2.8461330000   9.2620650000  -0.0255070000   0.0076150000   0.0232340000   0.0254500000  -0.0077520000  -0.0237660000   0.0053040000  -0.0098990000  -0.0179720000  -0.0081150000   0.0150460000   0.0307010000   0.0028680000  -0.0050100000  -0.0121970000
   6.1643786149   6.1550712821 2096  6.16E+00  -0.5120180000   0.7678760000   2.8487100000   0.3515570000   1.0054400000   1.8666160000  -0.5988780000  -0.8434310000   7.6599960000  -0.5687780000  -1.6181270000   8.5323120000  -0.6976460000  -2.3239640000   9.4342110000   0.0512740000   0.0141300000  -0.0584810000  -0.0511770000  -0.0140650000   0.0579510000  -0.0110030000  -0.0127840000   0.0234710000   0.0174260000  -0.0190180000   0.0089870000  -0.0065210000   0.0317370000  -0.0319280000
   6.1612394529   6.1599848349 2145  5.44E+00   0.1847800000  -1.2911120000   2.4004030000  -0.0056090000   0.0122520000   2.0210730000   1.0182890000   0.7951500000   8.3860720000   0.0064030000   0.2516580000   8.3626940000  -1.0067230000  -0.2762420000   8.0923130000  -0.0065300000   0.0449300000  -0.0130750000   0.0066410000  -0.0448870000   0.0130020000  -0.0512640000  -0.0262360000  -0.0178090000   0.0406830000   0.0193720000   0.0310090000   0.0104700000   0.0068200000  -0.0131270000
   6.1633644765   6.1554644302 2369  3.57E+00  -0.9385750000   0.2049760000   2.8391740000  -0.3243400000  -0.7283900000   1.8037630000   0.2171790000   1.1196250000   7.6502440000   0.5506310000   1.6553570000   8.6413910000   1.0484320000   1.9502190000   9.6765840000  -0.0107250000   0.0162260000   0.0178010000   0.0106720000  -0.0162970000  -0.0183270000   0.0139010000  -0.0110700000   0.0130430000  -0.0324840000   0.0224340000  -0.0317900000   0.0186360000  -0.0112930000   0.0192730000
   6.1622245617   6.1579232563 2369  3.90E+00  -0.9444890000   0.2071240000   2.8448900000  -0.3245810000  -0.7290830000   1.8024800000   0.2193470000   1.1219050000   7.6503860000   0.5505910000   1.6575450000   8.6443750000   1.0478690000   1.9496200000   9.6802480000  -0.0118730000   0.0178580000   0.0196820000   0.0118180000  -0.0179300000  -0.0202110000   0.0130910000  -0.0126210000   0.0102860000  -0.0315740000   0.0242630000  -0.0285290000   0.0185390000  -0.0115710000   0.0187730000
   6.1636711186   6.1577939165 2399  1.16E+00   0.4122470000   0.3102220000   2.1509860000  -0.7521310000  -0.5779280000   2.0600450000   0.7245350000   1.3378100000   9.2013080000   1.3076700000   1.2798770000   8.1716860000   2.0241560000   1.2558340000   7.2415480000   0.0044210000   0.0034100000   0.0002860000  -0.0046870000  -0.0034830000  -0.0003790000  -0.0003290000   0.0033090000   0.0234180000  -0.0053620000  -0.0061230000  -0.0362820000   0.0059570000   0.0028870000   0.0129560000
   6.1601340517   6.1579758693 2577  4.13E+00   0.7503910000   1.2986650000   2.1984990000  -0.0125370000  -0.0158030000   2.0287980000  -1.1544050000   0.1522870000   8.0776450000   0.0309350000   0.1937030000   8.2158650000   1.1465170000   0.3870790000   8.4851040000   0.0141950000   0.0244130000   0.0032190000  -0.0140720000  -0.0244520000  -0.0031140000  -0.0316360000   0.0090040000   0.0073410000   0.0575590000  -0.0151990000  -0.0121560000  -0.0260470000   0.0062330000   0.0047110000
   6.1601638345   6.1550089456 2590  3.02E+00   1.0074100000   0.7075220000   3.0858770000   0.4086000000   0.3919920000   1.7004930000  -1.1680780000  -0.2991210000   9.9479520000  -0.7926860000  -0.5297710000   8.8457710000  -0.3409720000  -0.6177860000   7.7256590000   0.0125250000   0.0066630000   0.0286600000  -0.0124720000  -0.0064910000  -0.0292030000  -0.0050250000   0.0141690000   0.0270270000  -0.0201190000  -0.0182260000   0.0245120000   0.0250910000   0.0038840000  -0.0509960000
   6.1638244546   6.1572633759 3078  9.23E+00  -1.9504060000  -0.1280040000   3.3111440000  -1.1270380000  -0.6906850000   2.3986180000   3.2332070000   1.1465400000   7.4625920000   2.1033270000   1.4890120000   7.6637570000   0.9394160000   1.8808510000   7.5975470000   0.0371160000  -0.0254120000  -0.0412050000  -0.0370650000   0.0252440000   0.0410210000   0.0394610000  -0.0093760000  -0.0216530000   0.0392500000  -0.0200770000   0.0397250000  -0.0787620000   0.0296210000  -0.0178880000
   6.1610638101   6.1585850665 3232  6.65E+00  -0.7403230000  -1.5191850000   2.4525740000  -0.2073980000  -0.1332000000   2.0397220000  -0.0034860000   1.6242300000   8.4433940000   0.4281920000   0.5378470000   8.1413260000   0.7644820000  -0.5793690000   8.1047490000  -0.0110600000  -0.0287110000   0.0085870000   0.0110730000   0.0288420000  -0.0084630000  -0.0232280000   0.0417200000   0.0303260000   0.0344710000  -0.0580670000  -0.0497890000  -0.0112550000   0.0162150000   0.0193390000
   6.1605550142   6.1596865831 3411  6.47E+00   1.0490240000   0.6009750000   2.5079360000  -0.0099650000  -0.0122690000   1.8653180000   0.0783830000  -0.7174320000   7.9838700000  -0.0458920000   0.2520500000   8.5603610000  -0.0602520000   1.2393030000   9.1172310000  -0.0303120000  -0.0174870000  -0.0183840000   0.0302750000   0.0176910000   0.0182410000  -0.0019780000   0.0853890000   0.0507080000  -0.0080440000  -0.0042900000  -0.0032560000   0.0100580000  -0.0813020000  -0.0473090000
   6.1632095620   6.1588630583 3494  4.62E+00  -1.3597690000  -0.3116280000   3.1785830000  -0.6958290000  -0.9527720000   2.0449670000   0.9465420000   2.1707910000   9.3661880000   1.3298390000   2.0336170000   8.2036190000   1.6159580000   1.7682610000   7.0632550000  -0.0016250000   0.0014530000   0.0025990000   0.0013740000  -0.0016140000  -0.0028130000  -0.0345090000   0.0038870000   0.0910550000   0.0265350000   0.0140320000  -0.0433040000   0.0082250000  -0.0177570000  -0.0475370000
   6.1603077093   6.1561738065 3535  4.12E+00  -0.7038750000  -1.0948270000   2.3947840000   0.0088180000   0.0127970000   2.0082190000  -1.1320790000   0.5180650000   8.0366130000  -0.0002150000   0.2736940000   8.3597990000   1.1325470000  -0.0307890000   8.5084960000   0.0238770000   0.0370480000  -0.0129340000  -0.0237480000  -0.0370740000   0.0128780000  -0.0413710000   0.0054320000  -0.0206910000   0.0259620000   0.0022670000   0.0283270000   0.0152800000  -0.0076730000  -0.0075800000
   6.1638572172   6.1555443326 3536  6.69E+00  -0.9135310000   1.3507730000   2.6257960000  -0.3173180000   0.0828900000   1.9582050000   1.1341420000  -0.8085930000   7.8733760000   0.6799840000   0.0740440000   8.4416200000  -0.0022860000   0.9416070000   8.8455370000  -0.0134530000   0.0286580000   0.0150950000   0.0134260000  -0.0285620000  -0.0151550000  -0.0457590000   0.0557790000   0.0265040000   0.0567150000  -0.0475180000  -0.0122510000  -0.0109290000  -0.0083580000  -0.0141920000
   6.1639097430   6.1586868942 3660  1.22E-01   0.3586880000   1.0260760000   3.0763350000  -0.3416050000   1.1229910000   1.8692450000   0.7814170000  -2.3069850000   9.5926650000   0.6044080000  -1.8355500000   8.5301870000   0.4483180000  -1.3005350000   7.4756670000  -0.0146290000   0.0021290000  -0.0254190000   0.0145880000  -0.0018910000   0.0248880000   0.0027560000   0.0001000000   0.0092480000  -0.0006320000  -0.0157240000   0.0130840000  -0.0020830000   0.0153860000  -0.0218010000
