   6.1688761312   6.7907700202  533  8.47E+00  -1.5358330000   0.1457600000   2.5984040000  -0.4352310000  -0.9101260000   2.1078980000   0.2175760000   1.0297950000   8.5828580000   0.7756650000   1.9100500000   8.0389270000   1.4705470000   2.7602180000   7.6924800000  -0.0322810000   0.0310580000   0.0144810000   0.0323410000  -0.0309350000  -0.0143520000   0.0141760000   0.0047520000   0.0116310000   0.0078260000   0.0361420000  -0.0430600000  -0.0220610000  -0.0410180000   0.0313000000
   6.1660501145   6.7929891217  563  3.53E+00   0.5976160000   0.3154740000   2.8452480000  -0.0086280000   0.0006350000   1.6486860000  -0.4740620000   1.1134720000   8.3337190000   0.0261810000   0.2716630000   8.9846060000   0.4598460000  -0.6527820000   9.5095640000  -0.0186370000  -0.0097560000  -0.0368820000   0.0187350000   0.0096160000   0.0367770000  -0.0018810000  -0.0107320000  -0.0031800000   0.0272980000  -0.0275260000   0.0365540000  -0.0255160000   0.0383970000  -0.0332700000
   6.1697225421   6.7924148030  564  1.99E+00   0.8477280000  -0.6146480000   3.2300430000   1.6264970000  -0.1184220000   2.2045670000  -2.5940130000   0.7007880000   9.0059550000  -2.9996680000   0.5010860000   7.9223940000  -3.3306750000   0.2408730000   6.8342810000   0.0232280000   0.0147700000  -0.0304780000  -0.0230480000  -0.0147440000   0.0304940000   0.0042190000  -0.0041510000  -0.0005460000  -0.0136840000   0.0036920000  -0.0185820000   0.0092860000   0.0004330000   0.0191120000
   6.1665651501   6.7907929917  873  6.85E+00   0.7765750000   0.6566800000   3.0893210000   2.3518400000   0.5849400000   3.0348640000  -3.3352000000  -0.1858440000   6.6650620000  -4.2468300000  -0.8681070000   6.3245880000  -5.2713080000  -1.4375020000   6.2368000000  -0.0415740000   0.0018410000   0.0013350000   0.0416350000  -0.0019400000  -0.0015730000   0.0015130000   0.0150540000   0.0217190000   0.0054040000  -0.0228210000  -0.0385260000  -0.0069770000   0.0078660000   0.0170450000
   6.1659508369   6.7901726740  926  7.25E+00  -0.3295480000   0.0972200000   5.5825150000  -1.2905940000   0.8592540000   6.4207600000   2.9885960000  -0.7620790000  -0.5638370000   2.2991600000  -1.2481370000   0.1696730000   1.7517390000  -1.9107240000   1.0191050000   0.0084680000  -0.0065960000  -0.0073290000  -0.0085530000   0.0069120000   0.0075090000  -0.0677750000  -0.0678210000   0.0909900000   0.0747030000   0.1025610000  -0.1254560000  -0.0068430000  -0.0350560000   0.0342850000
   6.1658527158   6.7909569498 1494  2.15E+00  -0.4309180000  -0.8488510000   3.3226890000  -0.4560360000  -0.9016840000   1.7848200000   0.5440080000   0.8357750000   8.2731360000   0.8724230000   1.9124000000   8.6794170000   1.1057680000   2.9729760000   9.0892830000   0.0005040000   0.0011030000   0.0310950000  -0.0005080000  -0.0010330000  -0.0314130000  -0.0147090000  -0.0295740000  -0.0089030000   0.0251850000   0.0504160000   0.0162600000  -0.0104720000  -0.0209130000  -0.0070400000
   6.1691438401   6.7907807867 2261  6.13E+00  -0.3942910000   1.1692960000   2.5316900000  -0.0292750000  -0.1509180000   1.8162490000   0.2353900000  -0.6440280000   8.9110070000   0.1575630000   0.5296540000   8.6427170000  -0.1826250000   1.6141430000   8.3718380000  -0.0078040000   0.0283090000   0.0153840000   0.0078730000  -0.0283510000  -0.0153300000  -0.0136660000  -0.0517610000   0.0115550000   0.0258050000   0.0718050000  -0.0165520000  -0.0122070000  -0.0200020000   0.0049420000
   6.1670370822   6.7945758718 2585  1.10E+01  -0.9112560000   0.4620680000   2.5121150000  -1.0316090000  -0.8621520000   2.1725420000   3.0137580000   2.0786940000   7.8384420000   1.8589470000   1.7576890000   7.8674570000   0.8002570000   1.5661780000   8.2482100000  -0.0039670000  -0.0444800000  -0.0113370000   0.0041380000   0.0445480000   0.0114650000   0.0310600000   0.0162400000   0.0256170000  -0.1154330000  -0.0399800000  -0.0248130000   0.0842020000   0.0236720000  -0.0009330000
   6.1682709713   6.7924111165 3371  4.25E+00   0.5755340000   0.2709030000   2.6873250000  -0.2093580000  -0.2381630000   1.7120140000   0.0116120000   1.7219110000   9.2083840000   0.3661880000   0.6880460000   8.8379130000   0.7228180000  -0.3783750000   8.4386950000  -0.0355180000  -0.0229600000  -0.0441010000   0.0354540000   0.0231150000   0.0440400000   0.0117380000  -0.0358060000  -0.0131580000  -0.0200800000   0.0621120000   0.0224070000   0.0084060000  -0.0264610000  -0.0091880000
   6.1692221496   6.7914928506 3763  1.65E+00  -0.3753980000  -1.4826260000   3.7121070000  -0.3597930000  -1.4695670000   2.2308880000   0.1857940000   1.8888500000   8.1086210000   0.6649430000   2.9435060000   7.8818010000   1.1355790000   4.0219300000   7.6002580000  -0.0000990000  -0.0000800000   0.0114500000   0.0001450000   0.0001310000  -0.0115760000  -0.0051380000  -0.0082060000   0.0003730000  -0.0183380000  -0.0483690000   0.0166300000   0.0234290000   0.0565240000  -0.0168760000
   6.1696246860   6.7916158557 3897  7.64E+00  -1.3276490000   0.3641640000   5.2068240000  -1.8664000000   1.8012180000   4.8690290000   4.6074920000  -2.8344160000   3.1000070000   3.3930980000  -3.0097660000   3.1103000000   2.2502230000  -3.2371510000   2.9211330000   0.0137910000  -0.0366110000   0.0086600000  -0.0137120000   0.0367280000  -0.0085730000   0.0864440000   0.0083000000  -0.0125140000  -0.0816360000  -0.0022070000   0.0262750000  -0.0048880000  -0.0062110000  -0.0138480000
