   6.1682101694   6.6134847710  114  6.46E+00   0.7471530000  -0.4486220000   3.2124940000   0.7208370000  -0.0936290000   1.6580250000  -0.6286310000   0.7993920000   8.0704840000  -1.3252310000   0.5107000000   8.9423930000  -2.0236320000   0.0007690000   9.7347080000   0.0007550000  -0.0101830000   0.0441070000  -0.0007540000   0.0100590000  -0.0444340000  -0.0330970000  -0.0289400000   0.0368980000   0.0287090000   0.0414070000  -0.0261130000   0.0043880000  -0.0123430000  -0.0104600000
   6.1699857151   6.6105757782  599  4.99E+00   0.6148760000  -0.9407000000   2.7901860000  -0.5876700000  -0.6550260000   1.9356120000   0.1595850000   1.8555500000   9.0108840000   1.0530010000   1.3995860000   8.4822710000   1.9461590000   1.1120880000   7.7799880000   0.0155420000  -0.0037430000   0.0110590000  -0.0157590000   0.0036900000  -0.0111460000   0.0728650000  -0.0241660000  -0.0553460000  -0.0580100000   0.0060120000   0.0547460000  -0.0146380000   0.0182070000   0.0006870000
   6.1680041181   6.6140694498  788  6.93E+00  -0.9204630000  -1.1654180000   3.3358760000  -0.2167660000  -1.0559600000   1.9353550000   0.3441570000   3.3019690000   8.7120360000   0.3375900000   2.2113990000   8.3417410000   0.5429940000   1.0727610000   8.1512400000  -0.0179730000  -0.0027310000   0.0355690000   0.0178640000   0.0028590000  -0.0357960000   0.0151620000  -0.0517390000  -0.0028710000  -0.0275180000   0.0362550000  -0.0148580000   0.0124650000   0.0153560000   0.0179560000
   6.1660408615   6.6143180456  788  7.32E+00  -0.9297190000  -1.1590360000   3.3372630000  -0.2167640000  -1.0566080000   1.9347240000   0.3441840000   3.3017850000   8.7162860000   0.3361890000   2.2127370000   8.3421290000   0.5445890000   1.0747760000   8.1497660000  -0.0187490000  -0.0026290000   0.0366820000   0.0186390000   0.0027570000  -0.0369090000   0.0154340000  -0.0523210000  -0.0030840000  -0.0280930000   0.0369650000  -0.0148270000   0.0127700000   0.0152270000   0.0181390000
   6.1692929964   6.6105705212 1553  4.41E+00  -2.2149090000  -0.2581080000   3.5436510000  -1.2382530000  -0.1977610000   2.3136950000   1.3385040000   0.8694150000   8.3429000000   2.2719670000   0.5797370000   7.6940890000   3.2796200000   0.3869810000   7.1039500000  -0.0248860000  -0.0015460000   0.0314460000   0.0249790000   0.0015380000  -0.0313600000   0.0094210000   0.0053870000   0.0024820000  -0.0269460000  -0.0096330000  -0.0006350000   0.0174320000   0.0042550000  -0.0019340000
   6.1668165091   6.6148403578 1804  5.24E+00   1.5880600000   0.0813230000   4.1612730000   2.1606560000  -0.8702440000   3.0636550000  -3.6950990000   1.0613610000   5.4584720000  -3.9035680000   1.8081350000   6.3725550000  -4.2654020000   2.6100420000   7.1960530000  -0.0137240000   0.0229480000   0.0264790000   0.0139600000  -0.0229050000  -0.0264130000  -0.0038510000  -0.0206750000  -0.0345280000   0.0296260000  -0.0194190000   0.0018940000  -0.0260120000   0.0400500000   0.0325680000
   6.1694688108   6.6104510132 2767  2.27E+00   0.6957910000  -0.6508590000   3.1500580000   0.8213060000  -0.2077390000   1.7356800000  -2.4532220000   0.3652810000   9.4548650000  -1.5098340000   0.6818120000   8.7555510000  -0.5589910000   0.8890620000   8.1066980000  -0.0012110000  -0.0041940000   0.0131490000   0.0011370000   0.0041020000  -0.0133640000  -0.0538400000  -0.0246520000   0.0437440000   0.0613490000   0.0325940000  -0.0534140000  -0.0074350000  -0.0078500000   0.0098850000
   6.1656815756   6.6121467038 2924  1.77E+00  -0.0040410000  -0.2406460000   2.8974400000  -0.0692860000   0.3964450000   1.5755110000   0.6503220000  -0.9177550000   9.9831410000   0.1261260000  -0.5017520000   9.0562150000  -0.3987180000   0.0173110000   8.1685540000   0.0003460000  -0.0028230000   0.0056230000  -0.0002160000   0.0027230000  -0.0059410000  -0.0305180000   0.0318930000  -0.0503790000   0.0072240000  -0.0164320000   0.0061450000   0.0231640000  -0.0153600000   0.0445520000
   6.1650342138   6.6138248232 3038  6.09E+00   1.1940010000  -1.1120040000   2.8097380000   2.0362860000  -0.0921210000   3.1180280000  -3.1272750000   1.1159730000   7.0703470000  -3.6828570000   0.4188230000   6.2565440000  -4.3529510000  -0.2125700000   5.4848690000   0.0347650000   0.0421830000   0.0127920000  -0.0348830000  -0.0421800000  -0.0127280000   0.0177610000   0.0360320000   0.0405660000   0.0166520000  -0.0149520000  -0.0131120000  -0.0342950000  -0.0210840000  -0.0275180000
   6.1695812917   6.6122032798 3065  4.68E+00   1.2288290000  -0.4475110000   2.3863080000  -0.0122460000   0.0079010000   1.9255240000   1.0037970000   0.8857650000   8.4926930000  -0.0332320000   0.2841300000   8.3809420000  -0.9951110000  -0.4226540000   8.4500800000  -0.0252760000   0.0092740000  -0.0093140000   0.0252390000  -0.0092400000   0.0094620000   0.0459290000   0.0179520000   0.0166400000  -0.0214740000   0.0093400000  -0.0309940000  -0.0244180000  -0.0273260000   0.0142050000
   6.1678275515   6.6115705679 3471  4.70E+00  -0.6971940000  -0.7062270000   3.4562430000  -0.6501380000  -1.2157760000   1.9418170000   1.2304710000   2.6420920000   9.5530580000   1.2421130000   2.4366890000   8.3962090000   1.1279500000   2.3327440000   7.2294700000  -0.0014390000   0.0145860000   0.0437070000   0.0012960000  -0.0148860000  -0.0439200000  -0.0082150000   0.0074420000   0.0025770000   0.0158400000  -0.0151770000  -0.0054010000  -0.0074830000   0.0080350000   0.0030360000
   6.1686331165   6.6136672326 3608  4.11E+00  -1.1051330000   0.4248090000   2.4275400000   0.2468410000   0.7960300000   1.9805600000   0.3568540000  -2.0042490000   7.9711300000  -0.5091100000  -1.2706070000   8.3285870000  -1.1378220000  -0.3565670000   8.7334830000  -0.0069670000  -0.0019250000   0.0023590000   0.0068810000   0.0019170000  -0.0022940000   0.0295040000  -0.0006910000  -0.0012430000  -0.0414360000  -0.0156050000  -0.0052400000   0.0120180000   0.0163030000   0.0064170000
   6.1666002416   6.6138440501 3655  6.36E+00  -1.4857940000  -1.4205830000   4.0822460000  -1.3517330000  -1.1413540000   2.6772420000   2.3430060000   3.0778090000   6.1830230000   2.4290850000   2.3229830000   7.0295150000   2.6779850000   1.6557110000   7.9131490000   0.0007520000   0.0014760000  -0.0071460000  -0.0006750000  -0.0014530000   0.0072920000   0.0212800000  -0.0532960000   0.0728920000  -0.0142900000  -0.0109850000  -0.0020610000  -0.0070670000   0.0642580000  -0.0709780000
   6.1671184867   6.6131526498 3659  8.69E+00   0.0715490000   0.1166300000   2.6432780000   0.4410620000  -0.9646530000   1.9627310000  -0.0847060000   1.1088610000   8.2203580000  -0.7837930000   2.0199740000   8.4466410000  -1.5341830000   2.8727900000   8.4710780000   0.0216760000  -0.0634860000  -0.0400210000  -0.0217500000   0.0635420000   0.0398030000  -0.0167010000   0.0127580000  -0.0091350000  -0.0356380000   0.0553240000   0.0255550000   0.0524130000  -0.0681370000  -0.0162020000
   6.1658074709   6.6140763734 3719  6.74E+00  -1.3686110000  -0.5973610000   3.0674400000  -0.7768670000   0.2829140000   1.9350350000   1.4747560000  -1.3162690000   7.9449280000   1.4846490000  -0.2942240000   8.5249300000   1.3768120000   0.8495130000   8.7993320000  -0.0133490000  -0.0197740000   0.0254690000   0.0132900000   0.0198740000  -0.0255510000  -0.0073250000   0.0169560000  -0.0143890000   0.0153470000  -0.0283000000   0.0337420000  -0.0079630000   0.0112440000  -0.0192710000
   6.1699279340   6.6103821354 3808  2.42E+00  -0.9632070000  -0.7903290000   2.6224830000   0.0083490000   0.0115900000   1.8035580000   1.0527830000   0.6474810000   9.0269840000   0.0424430000   0.2061240000   8.6277940000  -1.0656580000  -0.1226330000   8.3247270000  -0.0125360000  -0.0103950000   0.0106100000   0.0127100000   0.0104240000  -0.0106130000  -0.0084190000   0.0062780000   0.0061750000   0.0424500000  -0.0053080000  -0.0065170000  -0.0342060000  -0.0009980000   0.0003450000
