   6.1793780902   6.6919149537   29  3.21E+00  -1.0968830000   0.3390950000   2.7610660000   0.0146230000  -0.0094140000   1.7194100000   0.2209530000   1.3368540000   9.2447770000   0.0041110000   0.2528450000   8.8409580000  -0.2279610000  -0.8133370000   8.3584300000  -0.0269460000   0.0085130000   0.0252650000   0.0269770000  -0.0083640000  -0.0253250000   0.0005080000   0.0081620000  -0.0014600000   0.0061240000   0.0173140000   0.0167430000  -0.0066630000  -0.0256250000  -0.0152230000
   6.1756948983   6.6902481869  114  4.60E+00   0.6336610000   0.9550030000   2.8335270000   0.6600260000  -0.1066910000   1.7732430000  -0.3071380000   0.9754700000   8.3041650000  -1.1793890000   0.3791330000   8.7089360000  -2.1437520000  -0.0997330000   9.1247320000  -0.0003730000   0.0132810000   0.0132550000   0.0002790000  -0.0133990000  -0.0133540000  -0.0875140000  -0.0453650000   0.0398800000   0.0545010000   0.0161830000  -0.0240280000   0.0331070000   0.0293000000  -0.0157520000
   6.1798211479   6.6939643746  146  6.16E+00   1.7002960000  -0.0785580000   2.9949010000   0.5628210000  -0.5228560000   1.9606860000   0.0965300000   0.9489830000   8.4741660000  -1.0458620000   1.2396680000   8.3718040000  -2.2293960000   1.4242940000   8.2615130000   0.0330920000   0.0129640000   0.0301190000  -0.0331830000  -0.0129220000  -0.0301300000   0.0127020000  -0.0100230000   0.0024350000   0.0386250000   0.0085850000   0.0015790000  -0.0512360000   0.0013960000  -0.0040020000
   6.1765827175   6.6930119659  146  6.46E+00   1.6989880000  -0.0862630000   3.0019220000   0.5632170000  -0.5230680000   1.9598710000   0.0972480000   0.9478470000   8.4726040000  -1.0457400000   1.2411070000   8.3735820000  -2.2320980000   1.4258960000   8.2653660000   0.0332720000   0.0128340000   0.0305580000  -0.0333620000  -0.0127910000  -0.0305700000   0.0144240000  -0.0106190000   0.0024700000   0.0410810000   0.0086500000   0.0018970000  -0.0554140000   0.0019260000  -0.0043540000
   6.1782211898   6.6910312635  289  4.53E+00   0.3788200000   1.2895390000   2.5252380000  -0.0049620000  -0.0131960000   1.8583500000   0.5440390000   1.2508660000   8.6168040000  -0.0346400000   0.2531410000   8.6018610000  -0.5171190000  -0.7685650000   8.4868500000   0.0058510000   0.0199130000   0.0102430000  -0.0058810000  -0.0199240000  -0.0101950000  -0.0186540000  -0.0468250000  -0.0068740000  -0.0270190000  -0.0323810000   0.0039570000   0.0457020000   0.0792170000   0.0028690000
   6.1776221098   6.6923285894  581  3.80E+00   0.0336670000  -0.3366470000   2.9159900000  -0.0045630000   0.0045440000   1.5995190000   0.8495430000   0.5274320000   9.7829470000  -0.0347130000   0.2894950000   9.0614180000  -0.8028160000  -0.0585650000   8.2437700000  -0.0014630000   0.0136900000  -0.0528080000   0.0016180000  -0.0136300000   0.0525860000  -0.0051410000  -0.0110110000  -0.0165940000  -0.0078910000   0.0161080000   0.0160030000   0.0128760000  -0.0051570000   0.0008130000
   6.1760776586   6.6907336980  676  6.59E+00  -0.3234530000  -0.4566820000   3.1847440000  -0.4548300000  -1.0747550000   1.8270710000   1.4833990000   2.9335170000   9.2216780000   0.7413440000   2.3157540000   8.5998840000   0.2519920000   1.4120830000   7.9981290000   0.0015510000   0.0072610000   0.0157740000  -0.0015380000  -0.0072890000  -0.0162020000  -0.0205410000  -0.0526260000  -0.0306650000   0.0056500000   0.0788990000   0.0320440000   0.0148790000  -0.0262460000  -0.0009510000
   6.1754059770   6.6916972794 1119  3.82E+00   0.7419110000  -0.3865420000   3.3453680000   1.0482740000  -0.6012220000   1.8234240000  -1.7856230000   1.3401920000   9.7791240000  -1.9265220000   1.4237900000   8.6120370000  -2.0502230000   1.3056460000   7.4396490000  -0.0074910000   0.0052840000   0.0377910000   0.0077570000  -0.0054010000  -0.0379980000   0.0019870000  -0.0135580000   0.0090230000  -0.0011720000   0.0273300000   0.0016980000  -0.0010820000  -0.0136560000  -0.0105130000
   6.1790686124   6.6907474892 1758  3.81E+00  -0.1913980000   1.1624100000   3.2773780000  -0.3659110000   0.9138770000   1.7401060000   0.6527770000  -0.8841820000   9.8081890000   0.6569050000  -1.4889830000   8.7938430000   0.6935920000  -1.9477280000   7.6944970000   0.0043180000   0.0062780000   0.0382250000  -0.0043830000  -0.0060540000  -0.0383600000   0.0020860000   0.0163880000   0.0076660000  -0.0051520000  -0.0150550000   0.0199220000   0.0031310000  -0.0015570000  -0.0274540000
   6.1790805874   6.6947665240 1758  3.98E+00  -0.1935860000   1.1631110000   3.2793620000  -0.3659770000   0.9141290000   1.7398590000   0.6527550000  -0.8807230000   9.8065730000   0.6552670000  -1.4888100000   8.7955020000   0.6953130000  -1.9526170000   7.6959760000   0.0043150000   0.0063620000   0.0387300000  -0.0043810000  -0.0061360000  -0.0388650000   0.0024160000   0.0153870000   0.0059090000  -0.0059800000  -0.0124410000   0.0251330000   0.0036300000  -0.0031720000  -0.0309060000
   6.1767250004   6.6945787583 1769  2.87E+00  -0.1802760000  -0.7759470000   2.8287930000   0.0064110000   0.0072480000   1.6339970000  -0.3197040000   1.1124920000   9.6824130000   0.0167110000   0.2937820000   8.9089910000   0.2864960000  -0.6326690000   8.2920330000   0.0008100000   0.0035750000  -0.0053960000  -0.0008580000  -0.0034040000   0.0052940000  -0.0035970000  -0.0105720000   0.0093070000   0.0245360000  -0.0374190000  -0.0594280000  -0.0208900000   0.0478200000   0.0502240000
   6.1754028975   6.6928300287 1819  5.92E+00   0.5927260000  -0.7331930000   2.9015360000  -0.0110420000   0.0123660000   1.6458250000   0.9529840000   0.3347740000   9.5959400000  -0.0213450000   0.2877550000   8.9609240000  -0.9191570000   0.1213180000   8.2758650000   0.0161960000  -0.0199120000   0.0335490000  -0.0160510000   0.0199400000  -0.0336400000  -0.0162010000  -0.0098410000  -0.0170800000  -0.0501020000   0.0072750000  -0.0273230000   0.0661580000   0.0025380000   0.0444930000
   6.1768941796   6.6907724491 1944  1.19E+01  -0.2482870000  -1.5208540000   3.1288750000   0.4971900000  -0.7668980000   1.9433380000  -1.6318960000   2.1986160000   7.5504010000  -0.8874650000   1.6569000000   8.3869500000  -0.1693350000   1.1711200000   9.2521100000  -0.0208560000  -0.0211400000   0.0332760000   0.0209600000   0.0210580000  -0.0332130000  -0.0656130000   0.0500430000  -0.0690900000   0.0152740000  -0.0181160000   0.0046390000   0.0502350000  -0.0318450000   0.0643880000
   6.1790425432   6.6917435443 2117  1.97E+01  -1.1157340000  -1.2199010000   5.7346740000  -1.1209440000  -2.0170330000   4.2122590000   2.8282480000   3.7822390000   5.1487500000   2.0239940000   3.8756670000   4.1991410000   1.3209110000   4.1463970000   3.3018160000   0.0002260000   0.0301110000   0.0573290000  -0.0001560000  -0.0299700000  -0.0573760000   0.0741770000   0.0032900000   0.0828770000  -0.0812440000  -0.0142800000  -0.0865220000   0.0069980000   0.0108490000   0.0036920000
   6.1757461419   6.6913142936 2215  1.22E+01  -0.0549960000  -1.0895820000   3.2482320000  -0.8124110000  -2.3789340000   3.6051520000   1.6586830000   5.3706810000   6.1993420000   1.4917930000   4.4671360000   5.4550780000   1.2822760000   3.9131580000   4.4970890000   0.0151660000   0.0257380000  -0.0070980000  -0.0152050000  -0.0259450000   0.0072400000  -0.0040240000   0.0232300000  -0.0204790000  -0.0168000000  -0.1147610000  -0.0712980000   0.0208620000   0.0917390000   0.0916350000
   6.1767721564   6.6910534739 2552  5.67E+00  -0.0794330000  -1.3031670000   2.6859970000  -0.0012730000   0.0194680000   1.8214260000   0.5205410000   1.2613390000   8.3754830000  -0.0486560000   0.2862840000   8.6546830000  -0.4726520000  -0.8037020000   8.8627990000  -0.0021180000  -0.0356190000   0.0233370000   0.0020770000   0.0356310000  -0.0232910000  -0.0027670000  -0.0288470000   0.0028260000  -0.0001670000   0.0536120000  -0.0027370000   0.0029760000  -0.0247770000  -0.0001350000
   6.1792042249   6.6920079616 2773  3.18E+00  -0.6575090000   0.1323420000   2.8426720000   0.0081630000  -0.0023220000   1.6338170000  -0.4095580000   1.1289040000   9.6376590000   0.0591580000   0.2830180000   8.9783260000   0.3658050000  -0.6504320000   8.2847580000   0.0176240000  -0.0034970000  -0.0320770000  -0.0176790000   0.0036790000   0.0319190000  -0.0083590000  -0.0087980000  -0.0040650000   0.0078450000   0.0466200000   0.0285480000   0.0005690000  -0.0380030000  -0.0243250000
   6.1772008301   6.6904896826 2916  3.28E+00  -0.5799620000  -0.6177120000   2.8523190000  -0.7132130000   0.4791720000   1.7582110000   2.0696280000  -1.4193420000   9.1601320000   1.3073170000  -0.6218190000   8.7341530000   0.5474730000   0.2196300000   8.3237240000   0.0031170000  -0.0253760000   0.0252200000  -0.0030440000   0.0252400000  -0.0253850000   0.0137220000  -0.0114260000   0.0090540000   0.0174670000  -0.0263030000   0.0055630000  -0.0312620000   0.0378640000  -0.0144510000
   6.1770174675   6.6928181162 3315  3.30E+00  -0.3119920000  -0.8887350000   3.4410060000  -0.2662820000  -2.2687630000   2.9832620000   0.4460660000   4.8533440000   7.5567670000   0.5196180000   4.4311970000   6.4679340000   0.5133940000   3.8945900000   5.4730410000  -0.0000270000  -0.0000210000   0.0000380000  -0.0000180000  -0.0002550000  -0.0000420000  -0.0049860000  -0.0133880000  -0.0064750000   0.0101950000  -0.0292330000  -0.0935050000  -0.0051630000   0.0428970000   0.0999840000
   6.1776622078   6.6937959045 3567  2.40E-01  -0.5155100000  -0.3825390000   3.1602870000  -0.5654970000  -0.8619180000   1.7625890000   0.6345940000   2.1380520000   9.7643980000   1.0245580000   1.8084250000   8.7272770000   1.4529820000   1.5207720000   7.6833520000   0.0002380000   0.0033020000   0.0096880000  -0.0004730000  -0.0034210000  -0.0099060000   0.0148690000  -0.0069940000  -0.0319470000  -0.0080390000  -0.0032980000   0.0065190000  -0.0065940000   0.0104100000   0.0256450000
   6.1782123163   6.6933063420 3653  5.69E+00   1.3255120000  -0.0828340000   2.4727780000  -0.0991940000  -0.2330990000   1.8793290000  -1.0081860000   0.6071150000   8.7420820000   0.1273900000   0.7442290000   8.4770080000   1.3244440000   0.6912400000   8.3538330000   0.0317720000   0.0033720000   0.0132740000  -0.0318980000  -0.0033230000  -0.0132020000   0.0052750000  -0.0116240000   0.0096590000  -0.0530430000   0.0252400000  -0.0157950000   0.0478940000  -0.0136650000   0.0060640000
   6.1777914184   6.6924276210 3680  4.08E+00   0.6433560000   1.1881630000   2.4954430000  -0.0085440000  -0.0174160000   1.8391960000   0.9651440000   0.8579310000   8.7670130000  -0.0208050000   0.3090890000   8.5741950000  -0.9473890000  -0.3901670000   8.4549510000   0.0108690000   0.0201130000   0.0110330000  -0.0108460000  -0.0200600000  -0.0109150000  -0.0534100000  -0.0432100000  -0.0045840000   0.0300190000   0.0398490000  -0.0050140000   0.0233670000   0.0033080000   0.0094800000
   6.1779606424   6.6941886496 3819  1.21E+01   1.1457890000  -0.2027440000   2.8082030000  -0.0298400000   0.0489380000   1.7272940000  -0.6209110000  -0.6841520000   9.2292030000  -0.0216790000   0.2618370000   8.8570360000   0.7140270000   0.9436280000   8.3195890000   0.0362630000  -0.0078010000   0.0333390000  -0.0363540000   0.0077530000  -0.0334090000   0.0126310000  -0.0158820000  -0.0129100000   0.0358690000   0.0898780000  -0.0191510000  -0.0484080000  -0.0739480000   0.0321310000
   6.1771349896   6.6949745098 3874  5.59E+00   0.6813750000  -0.5437090000   2.7491400000  -0.0056090000   0.0110010000   1.6814530000  -0.0591400000  -0.7427830000   9.5252180000   0.0908220000   0.2090940000   8.8517240000  -0.0239580000   1.2528060000   8.2602270000  -0.0185350000   0.0149130000  -0.0287910000   0.0185810000  -0.0151030000   0.0287640000  -0.0169030000   0.0049680000   0.0065740000   0.0377060000  -0.0476220000   0.0072770000  -0.0208490000   0.0428450000  -0.0138240000
