   6.1768612511   6.6336505600   19  9.90E+00  -0.0706300000   1.3786740000   2.4976570000  -0.6304410000  -0.0642220000   1.9304440000   1.9554390000  -0.4085650000   8.0296220000   1.1989500000   0.3931140000   8.4617540000   0.2975370000   1.0350080000   8.8208960000   0.0188410000   0.0485720000   0.0191380000  -0.0188720000  -0.0484950000  -0.0190980000  -0.0033610000  -0.0172880000  -0.0068100000  -0.0063510000   0.0418110000   0.0182540000   0.0097420000  -0.0246000000  -0.0114840000
   6.1758776476   6.6322254977  217  6.86E+00  -0.3988940000   0.3658300000   2.5656200000   0.3891050000  -0.7753220000   1.8013450000   0.1464210000   1.0039100000   8.1858460000  -0.6932740000   1.6944810000   8.5896960000  -1.5441340000   2.2608190000   9.2090970000  -0.0214550000   0.0310380000   0.0207620000   0.0213270000  -0.0309520000  -0.0208640000  -0.0265830000   0.0133710000   0.0286100000   0.0497770000  -0.0201970000  -0.0598060000  -0.0230660000   0.0067400000   0.0312980000
   6.1783874780   6.6317855656 1041  5.67E+00   0.2035110000  -2.1843500000   3.8611420000   1.5128600000  -1.4482560000   3.3884850000  -2.2444160000   2.8185840000   6.8027980000  -2.7966590000   2.8711440000   5.7620450000  -3.2245530000   3.0842960000   4.7066670000  -0.0340650000  -0.0190720000   0.0122950000   0.0339590000   0.0191280000  -0.0122800000   0.0084440000   0.0121340000   0.0010240000  -0.0292600000  -0.0177210000  -0.0329890000   0.0209220000   0.0055310000   0.0319510000
   6.1787812242   6.6313281713 1127  6.45E+00   0.9970730000  -0.7272780000   2.9743600000   0.9517870000   0.4230100000   1.8883740000  -1.6485410000   0.3418100000   9.3612730000  -1.7254390000  -0.5258530000   8.5173460000  -1.8724540000  -1.3261740000   7.6275840000   0.0012910000  -0.0309920000   0.0292910000  -0.0011530000   0.0311440000  -0.0293600000   0.0001520000   0.0527380000   0.0457710000   0.0109310000  -0.0209350000  -0.0053180000  -0.0112200000  -0.0319550000  -0.0403840000
   6.1786652421   6.6311672837 1404  5.73E+00  -0.2894510000  -1.8637120000   4.3903240000  -0.1840940000  -1.9514350000   2.9310410000  -0.3013040000   4.6329650000   5.9529950000   0.2860260000   3.8643080000   6.6340970000   1.0242350000   3.0171480000   7.1530670000  -0.0004180000   0.0003090000   0.0049770000   0.0002820000  -0.0003030000  -0.0050990000  -0.0015920000   0.0096280000  -0.0205960000  -0.0619670000   0.0563920000  -0.0096340000   0.0636960000  -0.0660250000   0.0303520000
   6.1783751472   6.6301400708 1568  2.69E+00  -0.0606030000   0.1648900000   3.0304600000  -0.0005900000   0.0017330000   1.5081620000   0.1444820000   0.7310450000   8.0964710000  -0.0092380000   0.2624050000   9.2078520000  -0.1307820000  -0.2593990000  10.2693640000  -0.0011670000   0.0030370000   0.0288340000   0.0011210000  -0.0031830000  -0.0292420000   0.0101880000   0.0223970000  -0.0607950000  -0.0084480000  -0.0039890000   0.0327410000  -0.0016930000  -0.0182630000   0.0284620000
   6.1753874848   6.6342406912 1693  4.10E+00   0.0641570000   0.0111420000   2.9146900000  -0.7511260000  -0.1783390000   1.6587060000   1.0679080000   0.3297420000  10.0692850000   1.4065990000   0.5396530000   8.9191830000   1.6234240000   0.8427860000   7.7686950000   0.0117040000   0.0026750000   0.0180370000  -0.0118920000  -0.0028060000  -0.0183050000  -0.0276520000  -0.0078900000   0.0719700000   0.0235460000  -0.0119160000  -0.0182580000   0.0042940000   0.0199360000  -0.0534440000
   6.1767763311   6.6339457745 2263  5.84E+00   0.8682830000   0.0514970000   2.9351120000   0.1604130000  -0.3388480000   1.6579830000  -0.3846470000   1.8681170000   9.5362110000  -0.2128530000   0.8665710000   8.9616670000  -0.3114130000  -0.1419300000   8.2721980000   0.0106400000   0.0059280000   0.0190400000  -0.0105540000  -0.0057590000  -0.0193130000  -0.0150590000  -0.0094630000  -0.0117580000   0.0374790000   0.0679410000   0.0569990000  -0.0225050000  -0.0586470000  -0.0449690000
   6.1772648504   6.6331089666 2335  4.45E+00   1.1919990000   0.5508780000   2.5987310000  -0.0157320000  -0.0032450000   1.7896520000  -0.4984660000  -0.7462240000   9.1160470000   0.0453170000   0.2064500000   8.6588540000   0.4679150000   1.2604190000   8.2832930000   0.0279620000   0.0127670000   0.0187470000  -0.0280000000  -0.0129260000  -0.0187330000  -0.0194550000  -0.0147860000   0.0159960000   0.0149220000  -0.0214620000  -0.0120670000   0.0045710000   0.0364070000  -0.0039430000
   6.1758387458   6.6336038724 2461  6.00E+00  -0.4378950000   0.9290350000   2.6449740000   0.0045150000  -0.0167340000   1.7880320000   1.0361560000   0.7686400000   8.9839720000  -0.0164180000   0.2436870000   8.7681790000  -1.0187880000  -0.2388590000   8.3384680000   0.0202190000  -0.0431440000  -0.0391040000  -0.0201280000   0.0431850000   0.0390530000   0.0354250000   0.0187050000  -0.0054800000  -0.0143050000  -0.0096130000   0.0273960000  -0.0212100000  -0.0091320000  -0.0218650000
   6.1761143703   6.6333976686 2529  6.78E+00   0.9852400000  -0.3551870000   2.5701280000   0.5345980000   0.9551500000   1.9819500000  -0.7919870000  -0.6570110000   9.2097890000  -0.9604600000  -1.4443790000   8.3296680000  -1.2189860000  -2.3188990000   7.4780860000   0.0061730000  -0.0177670000   0.0080200000  -0.0060880000   0.0179590000  -0.0079880000   0.0008490000   0.0222930000   0.0325140000   0.0265530000   0.0579100000   0.0374890000  -0.0274870000  -0.0803950000  -0.0700350000
   6.1778682076   6.6332404856 2875  2.99E+00  -0.9480330000  -0.5795170000   2.7810610000  -0.1006110000  -0.1070040000   1.7811660000   0.8445440000  -0.4140990000   9.1081660000   0.2273430000   0.4910020000   8.7508630000  -0.4530050000   1.3040920000   8.2529900000   0.0198330000   0.0110030000  -0.0233660000  -0.0197440000  -0.0111140000   0.0233120000  -0.0299100000   0.0309490000  -0.0238140000   0.0254710000  -0.0141280000   0.0256850000   0.0043490000  -0.0167110000  -0.0018160000
   6.1794827095   6.6337162852 3443  1.94E+00  -0.1683990000  -1.3497460000   4.1450850000  -0.4041460000  -2.2271610000   3.0769460000   0.3721530000   3.2648380000   6.7158330000   0.7184530000   4.3591230000   6.3378720000   1.1175200000   5.3584760000   5.8993710000  -0.0045690000  -0.0171070000  -0.0208430000   0.0045730000   0.0169140000   0.0205460000  -0.0109880000  -0.0502090000   0.0130610000   0.0138170000   0.0714940000  -0.0160190000  -0.0028340000  -0.0210920000   0.0032550000
   6.1795751067   6.6305159171 3574  6.89E+00  -1.3021350000  -0.0081020000   2.7010410000  -0.1001130000  -0.5193340000   1.8089740000  -0.6301520000   0.4170800000   8.3515980000   0.2189930000   1.2109770000   8.5650980000   1.0477800000   1.9557080000   9.0151820000  -0.0322790000   0.0138080000   0.0239830000   0.0324090000  -0.0136840000  -0.0240120000  -0.0075960000  -0.0087570000   0.0148510000  -0.0221200000  -0.0161480000  -0.0470270000   0.0295860000   0.0247810000   0.0322050000
   6.1792647010   6.6339421613 3574  6.99E+00  -1.2995130000  -0.0092110000   2.7033240000  -0.1002740000  -0.5198240000   1.8074040000  -0.6294820000   0.4177810000   8.3533970000   0.2180470000   1.2117250000   8.5675920000   1.0484610000   1.9569640000   9.0192050000  -0.0321850000   0.0137820000   0.0240740000   0.0323130000  -0.0136600000  -0.0240990000  -0.0062750000  -0.0076870000   0.0151320000  -0.0257170000  -0.0190790000  -0.0484830000   0.0318630000   0.0266430000   0.0333760000
   6.1768861146   6.6326172799 3668  7.60E-01   0.1846740000   0.6690470000   2.8091250000  -0.4945390000   0.0308010000   1.6760260000   0.3101230000   0.9389850000   8.1967110000   0.9099990000   0.2207470000   8.9268740000   1.4649570000  -0.6130070000   9.5556410000   0.0026570000   0.0024040000   0.0042750000  -0.0025900000  -0.0025390000  -0.0045080000  -0.0116920000   0.0036460000  -0.0155470000   0.0063880000   0.0157980000   0.0125330000   0.0052370000  -0.0193090000   0.0032470000
