   6.1730912553   6.1043913185   56  3.12E+00   1.0267490000   1.0430800000   2.4211110000  -0.0114330000  -0.0136950000   1.9221400000   0.9829180000  -0.1403280000   7.9436700000   0.0102350000   0.2489720000   8.4579270000  -0.9981940000   0.6437770000   8.9560140000   0.0251990000   0.0257300000   0.0121160000  -0.0253650000  -0.0256580000  -0.0122160000  -0.0153700000   0.0055220000   0.0079490000   0.0446530000  -0.0164230000  -0.0209910000  -0.0291170000   0.0108300000   0.0131410000
   6.1717099808   6.1000838900  169  6.53E+00  -1.1676170000  -1.5937830000   3.2529110000  -0.7352000000  -0.5936130000   2.1921420000   0.2832440000   0.9985850000   7.9920300000   1.3634990000   1.4054170000   8.0161300000   2.4385120000   1.6991040000   7.8384440000  -0.0072770000  -0.0169140000   0.0178390000   0.0073870000   0.0168960000  -0.0180810000   0.0529770000   0.0116150000  -0.0128820000   0.0504500000   0.0253380000   0.0112160000  -0.1035380000  -0.0369350000   0.0019080000
   6.1703555139   6.1004843264  169  6.56E+00  -1.1699160000  -1.5975250000   3.2600680000  -0.7356730000  -0.5940150000   2.1910750000   0.2837650000   0.9990590000   7.9909690000   1.3631410000   1.4059540000   8.0178010000   2.4407650000   1.7004760000   7.8431300000  -0.0080280000  -0.0186360000   0.0197520000   0.0081370000   0.0186180000  -0.0199910000   0.0543450000   0.0121400000  -0.0126450000   0.0434910000   0.0232750000   0.0120840000  -0.0979450000  -0.0353980000   0.0008010000
   6.1739874434   6.1043580850  690  4.50E+00  -1.1957020000  -2.0746450000   3.5583670000  -0.2971970000  -1.4042260000   2.7544590000   0.7061390000   3.6414650000   6.0404150000   0.5741380000   2.8221520000   6.8760720000   0.4224650000   2.0713840000   7.8183110000   0.0269550000   0.0201410000  -0.0241090000  -0.0269180000  -0.0200260000   0.0241500000   0.0000400000   0.0111140000   0.0013010000   0.0087360000   0.0227550000  -0.0581490000  -0.0088120000  -0.0339840000   0.0568070000
   6.1744518051   6.1024593878 1120  2.10E+00   1.1392470000   0.6954560000   2.7071500000   0.6399890000  -0.3811300000   1.9382490000  -0.2023050000   1.1082070000   7.7959300000  -1.1680980000   0.8461790000   8.4322960000  -2.1888430000   0.8038850000   9.0245230000  -0.0072120000  -0.0155920000  -0.0112440000   0.0071230000   0.0154280000   0.0108920000   0.0065070000   0.0174380000  -0.0076420000   0.0079440000  -0.0310950000   0.0040940000  -0.0143620000   0.0138200000   0.0038990000
   6.1735029722   6.1009491513 1162  4.74E+00   1.4656710000  -0.4258360000   2.3375620000  -0.0178970000   0.0001160000   2.0479990000   0.0465290000  -0.9035100000   8.0813140000  -0.0444970000   0.2491890000   8.2853240000  -0.0160850000   1.4303670000   8.3246360000   0.0376380000  -0.0107820000   0.0073470000  -0.0376660000   0.0108620000  -0.0073820000   0.0073730000   0.0069020000  -0.0082090000  -0.0154000000  -0.0195680000   0.0174520000   0.0080560000   0.0125870000  -0.0092080000
   6.1724928528   6.1023892109 1279  7.74E+00  -0.8181860000  -1.5990390000   3.5142710000   0.3552290000  -1.5667600000   2.4272370000  -0.0518970000   3.7620810000   8.3263830000  -0.6586370000   3.0858770000   7.5299620000  -1.1762180000   2.5345620000   6.6784700000  -0.0340780000  -0.0010470000   0.0315670000   0.0342500000   0.0007940000  -0.0317200000   0.0326500000   0.0386480000   0.0319580000  -0.0739900000  -0.0861930000  -0.0881540000   0.0411690000   0.0477980000   0.0563490000
   6.1710068579   6.1004507011 1297  5.24E+00   1.7292780000  -0.0289480000   2.5869420000   0.4476280000  -0.0515880000   2.0479460000   0.1372820000   0.5875420000   8.7713930000  -0.8580670000   0.3902030000   8.1736480000  -1.8376460000   0.0666710000   7.7029470000  -0.0315980000  -0.0005360000  -0.0132050000   0.0316260000   0.0005950000   0.0133140000  -0.0020000000  -0.0096990000   0.0089910000  -0.0791730000  -0.0078310000  -0.0588740000   0.0811450000   0.0174700000   0.0497760000
   6.1726843875   6.1012322257 1316  1.05E+01  -0.5274600000   1.8045720000   4.1467930000  -0.9989470000   1.7447660000   2.5573570000   1.3606590000  -1.9671700000   6.7856930000   1.8976140000  -2.9155680000   7.2997800000   2.2370220000  -3.9839300000   7.7022580000   0.0161030000   0.0022490000   0.0544480000  -0.0163090000  -0.0018690000  -0.0548600000  -0.0309910000   0.0265500000  -0.0244280000   0.0334560000   0.0104160000   0.0200870000  -0.0022590000  -0.0373460000   0.0047530000
   6.1714692813   6.1036986047 1404  1.02E+00  -1.4298350000   0.1248830000   3.2398500000  -1.0537090000  -0.5140930000   2.0060600000   1.0831250000   1.0175370000   7.5145250000   1.9686220000   1.1465430000   8.2889820000   2.7916000000   1.3690690000   9.0412890000   0.0017820000  -0.0032230000  -0.0063380000  -0.0019280000   0.0030550000   0.0057580000  -0.0070750000   0.0066630000  -0.0025640000   0.0658960000   0.0015040000   0.0541280000  -0.0586760000  -0.0080000000  -0.0509850000
   6.1717530257   6.1005716724 1404  1.08E+00  -1.4200670000   0.1363190000   3.2337000000  -1.0539960000  -0.5143050000   2.0060610000   1.0850360000   1.0163770000   7.5104710000   1.9674450000   1.1481540000   8.2925030000   2.7913880000   1.3693580000   9.0430810000   0.0020670000  -0.0038780000  -0.0074370000  -0.0022170000   0.0037090000   0.0068490000  -0.0106850000   0.0057330000  -0.0067280000   0.0701180000   0.0029090000   0.0596170000  -0.0592830000  -0.0084730000  -0.0523010000
   6.1724122601   6.1034137023 1438  8.24E+00   2.0640210000  -1.3921650000   4.0422620000   1.1211670000  -1.0685840000   2.7957610000  -1.0931990000   2.1369840000   7.4939070000  -2.0551560000   2.2964150000   6.7855140000  -3.0934220000   2.2512550000   6.1960420000   0.0269870000  -0.0092720000   0.0356570000  -0.0270560000   0.0093290000  -0.0357370000   0.0329540000  -0.0175810000   0.0365610000   0.0027300000   0.0303590000  -0.0271200000  -0.0356150000  -0.0128350000  -0.0093600000
   6.1742483429   6.1021926419 1539  6.50E+00   1.2668820000   1.2392180000   2.3607490000   0.2587680000   0.0208570000   2.0608430000  -0.4078370000  -0.9528440000   8.4652330000  -0.5391250000   0.1678130000   8.1669330000  -0.5596090000   1.3323040000   7.9639880000   0.0303780000   0.0366620000   0.0090310000  -0.0304010000  -0.0368130000  -0.0089860000   0.0054720000   0.0174080000   0.0036870000  -0.0123270000  -0.0285420000  -0.0105630000   0.0068790000   0.0112840000   0.0068310000
   6.1726190166   6.1005568928 1617  7.80E+00  -0.3642720000  -0.7672100000   2.6886190000   0.2216010000  -0.0668980000   1.7517440000  -0.9627530000   0.0546230000   9.7131750000  -0.4353270000   0.4027970000   8.7489210000   0.2057730000   0.7131130000   7.8022090000   0.0434810000   0.0519920000  -0.0697030000  -0.0436390000  -0.0521570000   0.0692840000   0.0258370000   0.0094490000  -0.0314470000  -0.0386870000  -0.0096250000   0.0360860000   0.0130080000   0.0003410000  -0.0042190000
   6.1722753903   6.1022343592 1617  8.98E+00  -0.3478760000  -0.7595950000   2.6902430000   0.2214870000  -0.0669940000   1.7511190000  -0.9637470000   0.0565600000   9.7129710000  -0.4331980000   0.4026940000   8.7514960000   0.2047070000   0.7112520000   7.8035000000   0.0466390000   0.0567520000  -0.0771020000  -0.0467960000  -0.0569170000   0.0766800000   0.0271100000   0.0103950000  -0.0344360000  -0.0383840000  -0.0099980000   0.0376260000   0.0114300000  -0.0002330000  -0.0027680000
   6.1706183521   6.1039345972 1617  9.95E+00  -0.3323980000  -0.7530980000   2.6933860000   0.2213840000  -0.0670750000   1.7504740000  -0.9647730000   0.0584840000   9.7128090000  -0.4310050000   0.4026080000   8.7540090000   0.2036260000   0.7093910000   7.8047950000   0.0487900000   0.0604600000  -0.0832520000  -0.0489460000  -0.0606240000   0.0828280000   0.0282520000   0.0112410000  -0.0371600000  -0.0378560000  -0.0102320000   0.0387580000   0.0097590000  -0.0008450000  -0.0011740000
   6.1748892812   6.1000640495 1758  2.51E+00   0.9703890000   0.4083220000   2.3881290000  -0.3059140000   0.7133190000   1.9473520000   0.6016060000  -1.7577680000   7.4501620000   0.5461930000  -1.0134330000   8.3821200000   0.4550380000  -0.3819920000   9.3825940000  -0.0352420000   0.0085040000  -0.0121910000   0.0352010000  -0.0082060000   0.0120520000  -0.0006060000  -0.0266060000  -0.0174060000   0.0047550000   0.0198050000  -0.0088950000  -0.0041080000   0.0065030000   0.0264400000
   6.1712150833   6.1010842856 1832  7.33E+00   0.5425950000  -0.8787140000   2.7008950000  -0.0084290000   0.0148960000   1.7579540000  -0.7474420000  -0.0697280000   7.8135240000   0.0065740000   0.2702100000   8.7404770000   0.7504180000   0.5355200000   9.6764090000  -0.0085100000   0.0139370000  -0.0147780000   0.0087270000  -0.0138870000   0.0144170000  -0.0636150000  -0.0319320000  -0.0748100000   0.0090870000   0.0159840000   0.0052830000   0.0543100000   0.0158980000   0.0698880000
   6.1728817461   6.1043791659 2043  2.78E+00  -0.3383380000   1.1012160000   2.8530760000   0.7071590000   0.5864990000   1.8151060000  -0.8871670000  -0.4742420000   7.6113460000  -1.2603690000  -0.8020690000   8.6523720000  -1.6770850000  -1.2344740000   9.6497070000  -0.0249760000   0.0123660000   0.0245970000   0.0250600000  -0.0122470000  -0.0251280000  -0.0200390000  -0.0224510000   0.0449730000   0.0160580000   0.0225270000  -0.0247080000   0.0038970000  -0.0001950000  -0.0197350000
   6.1710283601   6.1028048021 2138  3.20E+00  -0.8183770000   0.5816590000   2.8987440000  -0.3545440000   0.1338140000   1.6866450000   0.3453130000   0.2450690000   7.7481670000   0.6592520000  -0.0732010000   8.8543600000   0.9820280000  -0.2073850000   9.9999460000   0.0154480000  -0.0149560000  -0.0406630000  -0.0155060000   0.0148950000   0.0401220000  -0.0066460000   0.0186620000  -0.0219150000  -0.0059860000  -0.0246320000  -0.0232290000   0.0126910000   0.0060300000   0.0456850000
   6.1731058553   6.1016959041 2234  3.48E+00  -0.2535470000   1.1045040000   2.6079730000  -0.6711690000  -0.1566260000   1.8554400000   1.6372910000   0.6712790000   7.4425930000   1.2051920000   0.4782280000   8.5734650000   0.8259290000   0.3700310000   9.6917000000   0.0074380000   0.0228080000   0.0134780000  -0.0077710000  -0.0228910000  -0.0138490000   0.0314080000   0.0172800000  -0.0709650000  -0.0246080000  -0.0192900000   0.0434360000  -0.0064680000   0.0020920000   0.0279000000
   6.1720993374   6.1048321694 2354  1.05E+01   1.2297980000   0.2522280000   6.1715560000   2.0843400000   0.7633090000   4.9548600000  -3.7787560000  -0.5153360000   3.8331880000  -3.8013090000  -1.2763850000   2.9395110000  -3.8547970000  -1.6668470000   1.8267200000  -0.0218170000  -0.0131410000   0.0311430000   0.0220440000   0.0130040000  -0.0312070000  -0.0045190000   0.0129090000  -0.0310630000   0.0071060000  -0.0396000000   0.0441900000  -0.0028150000   0.0268290000  -0.0130640000
   6.1722483785   6.1000937699 2438  6.19E+00   0.8442070000   1.3058330000   2.2030140000  -0.0103040000  -0.0165320000   2.0534250000   0.0250340000   1.3929000000   8.3473710000  -0.0511820000   0.2616920000   8.2200480000   0.0116640000  -0.9013860000   8.0889610000   0.0229470000   0.0355410000   0.0040720000  -0.0229920000  -0.0354470000  -0.0040270000   0.0050960000  -0.0756610000  -0.0071170000  -0.0143580000   0.0645970000   0.0039310000   0.0093060000   0.0109710000   0.0031400000
   6.1723073430   6.1026681514 2555  3.32E+00  -1.1988780000  -0.2109340000   2.6852150000   0.0175220000  -0.0001470000   1.7600480000   0.7348530000   0.4062220000   7.8067710000  -0.0429590000   0.2759530000   8.7287380000  -0.7145790000   0.0883160000   9.6825050000  -0.0257120000  -0.0044580000   0.0194610000   0.0254640000   0.0043970000  -0.0197840000   0.0450210000   0.0032000000  -0.0414310000  -0.0397090000   0.0034060000   0.0231710000  -0.0050640000  -0.0065460000   0.0185830000
   6.1725819949   6.1006732305 2917  9.61E+00   1.5081370000  -1.7046450000   3.1736640000   0.3692280000  -0.9655900000   2.3463780000   0.0032010000   1.5100460000   8.4281430000  -0.7415580000   1.9301570000   7.6265120000  -1.3855460000   2.6584610000   6.9295250000   0.0317610000  -0.0206040000   0.0231820000  -0.0317750000   0.0205680000  -0.0230080000  -0.0010090000   0.0251700000   0.0000500000   0.0088240000  -0.0622900000   0.0065240000  -0.0078020000   0.0371570000  -0.0067490000
   6.1712653581   6.1015986509 3902  3.77E+00  -1.4197450000  -0.5119130000   2.3515600000   0.0165360000  -0.0004400000   2.0311670000  -0.1365040000  -0.8915250000   8.0654070000  -0.0263220000   0.2578400000   8.3139730000   0.1631290000   1.4200900000   8.4022150000  -0.0337920000  -0.0119920000   0.0075390000   0.0337860000   0.0121100000  -0.0075880000   0.0044870000  -0.0070280000  -0.0102340000  -0.0113650000  -0.0043050000   0.0186810000   0.0068840000   0.0112150000  -0.0083990000
   6.1742804677   6.1031791345 3939  6.79E+00  -1.0440110000   0.6594980000   2.4286700000  -0.3121310000  -0.6707540000   1.9640760000   0.2287090000   1.0067750000   9.4298680000   0.5241770000   1.4568990000   8.3470040000   1.0024300000   1.8955700000   7.3431750000  -0.0203300000   0.0367560000   0.0128330000   0.0201270000  -0.0369710000  -0.0129730000  -0.0041200000  -0.0232010000   0.0598700000  -0.0203530000   0.0110090000  -0.0379590000   0.0246770000   0.0124070000  -0.0217700000
