   6.1876662672   6.6552950072  100  4.83E+00   1.3382610000  -0.7501590000   3.2825900000   0.7391000000  -0.6840780000   1.9515760000  -2.0821490000   1.6703370000   7.5004710000  -1.3327770000   1.5837540000   8.3526610000  -0.6929010000   1.2921300000   9.2769520000   0.0012970000  -0.0001150000   0.0028810000  -0.0011760000   0.0001240000  -0.0028260000   0.0494380000  -0.0218130000   0.0736840000  -0.0207730000   0.0280260000  -0.0512230000  -0.0287860000  -0.0062210000  -0.0225170000
   6.1861751740   6.6560015531  146  4.63E+00   1.3747580000  -0.5273710000   3.0659200000   0.5836240000  -0.5308230000   1.9278560000   0.0775960000   0.9226330000   8.4034840000  -1.0906820000   1.2781070000   8.4446390000  -2.2601990000   1.4898550000   8.4370020000  -0.0212420000  -0.0000850000  -0.0305480000   0.0211180000   0.0001160000   0.0304320000   0.0702680000  -0.0293080000  -0.0036500000  -0.0398530000   0.0318570000   0.0059900000  -0.0302900000  -0.0025800000  -0.0022250000
   6.1891822775   6.6585594550  897  1.01E+01  -1.0799290000   0.2569720000   5.7749650000  -0.3814960000   1.7414350000   6.1168880000   1.4975280000  -2.6926450000  -0.1067440000   0.7354600000  -2.8987170000   0.7697710000  -0.0763150000  -3.1569650000   1.6170040000  -0.0247280000  -0.0525130000  -0.0120680000   0.0248320000   0.0527290000   0.0121170000   0.0065150000  -0.0010570000  -0.0131400000   0.0252270000   0.0145500000  -0.0140570000  -0.0318460000  -0.0137090000   0.0271480000
   6.1878770201   6.6574175050  897  9.65E+00  -1.0690130000   0.2605470000   5.7746550000  -0.3817700000   1.7416640000   6.1172550000   1.4967670000  -2.6960580000  -0.1086920000   0.7375450000  -2.8993760000   0.7705510000  -0.0764360000  -3.1544250000   1.6165560000  -0.0240120000  -0.0517080000  -0.0119340000   0.0241180000   0.0519240000   0.0119830000   0.0058050000  -0.0011640000  -0.0129970000   0.0262030000   0.0144820000  -0.0137810000  -0.0321130000  -0.0135340000   0.0267290000
   6.1871422180   6.6562773435  897  9.08E+00  -1.0576240000   0.2651410000   5.7745790000  -0.3820510000   1.7418800000   6.1176190000   1.4959990000  -2.6994700000  -0.1106250000   0.7395870000  -2.9000590000   0.7713530000  -0.0765180000  -3.1518690000   1.6160750000  -0.0232170000  -0.0507120000  -0.0117530000   0.0233250000   0.0509280000   0.0118030000   0.0051520000  -0.0012520000  -0.0129120000   0.0270170000   0.0143620000  -0.0133440000  -0.0322770000  -0.0133260000   0.0262060000
   6.1869727480   6.6551390759  897  8.45E+00  -1.0457780000   0.2707330000   5.7747340000  -0.3823370000   1.7420840000   6.1179790000   1.4952240000  -2.7028810000  -0.1125420000   0.7415830000  -2.9007660000   0.7721780000  -0.0765590000  -3.1492970000   1.6155610000  -0.0223380000  -0.0495060000  -0.0115230000   0.0224470000   0.0497220000   0.0115730000   0.0045570000  -0.0013210000  -0.0128870000   0.0276700000   0.0141910000  -0.0127430000  -0.0323360000  -0.0130850000   0.0255810000
   6.1893126647   6.6560276564 1074  3.73E+00   0.8237720000   0.8623760000   2.7033970000  -0.0103990000  -0.0107090000   1.7156010000   0.0143930000  -0.7835450000   9.4086010000   0.0196800000   0.2325790000   8.8078530000  -0.0291300000   1.2957760000   8.2421200000   0.0199000000   0.0207290000   0.0235020000  -0.0198740000  -0.0209220000  -0.0235890000  -0.0033650000  -0.0109900000   0.0110380000   0.0087080000  -0.0354150000   0.0082770000  -0.0053680000   0.0465990000  -0.0192280000
   6.1887887700   6.6558687958 1379  1.31E+01  -1.0585720000   0.5177910000   2.2544040000  -0.2988010000  -0.9373370000   2.0766850000   1.4189000000   2.4465880000   7.5446960000   0.4910260000   1.9255540000   8.0783250000  -0.2285290000   1.4442490000   8.8786290000  -0.0257400000   0.0492600000   0.0061180000   0.0256520000  -0.0492570000  -0.0059320000   0.0272740000   0.0106710000   0.0115160000  -0.0405340000  -0.0132960000  -0.0308800000   0.0133480000   0.0026220000   0.0191790000
   6.1891660344   6.6556108840 1525  2.78E+00   1.0608700000   0.8657710000   2.4450430000  -0.0079560000  -0.0120710000   1.8828120000   1.0710930000   0.6472770000   8.4171880000  -0.0117240000   0.2237410000   8.5066530000  -1.0893940000  -0.1218250000   8.6408260000   0.0114230000   0.0093980000   0.0060550000  -0.0115170000  -0.0094480000  -0.0059760000  -0.0225180000  -0.0031920000   0.0069510000  -0.0501780000  -0.0257380000  -0.0025530000   0.0727890000   0.0289790000  -0.0044760000
   6.1863257260   6.6580771792 2016  3.72E+00   0.5693200000   0.4877210000   2.9475480000   0.7133670000  -0.0710330000   1.7060570000  -0.8729680000   0.9272270000   9.7682500000  -1.2670270000   0.3063950000   8.8522560000  -1.7744800000  -0.1455330000   7.8814160000   0.0051750000  -0.0197320000  -0.0439350000  -0.0049580000   0.0198020000   0.0437990000  -0.0073960000   0.0113910000  -0.0025000000   0.0203160000  -0.0179910000   0.0140250000  -0.0131370000   0.0065310000  -0.0113890000
   6.1883292658   6.6560508603 2520  4.45E+00  -0.4387990000  -0.3683540000   2.8914580000  -0.0174240000  -0.1199930000   1.6120330000   0.8090780000   0.6390970000   8.1728020000   0.0489780000   0.4803850000   9.0018700000  -0.7311810000   0.3104370000   9.8376660000   0.0146790000   0.0086680000  -0.0447940000  -0.0148410000  -0.0087290000   0.0446510000  -0.0619050000  -0.0132550000   0.0686250000   0.0357470000   0.0080320000  -0.0399570000   0.0263200000   0.0052850000  -0.0285240000
   6.1876196365   6.6584751974 2623  4.85E+00   0.0320240000   0.3464220000   2.2111710000   1.4089220000  -0.0801420000   2.2449630000  -2.4881060000  -0.6665820000   8.4549150000  -2.5963400000   0.3532910000   7.8128040000  -2.6013470000   1.4674650000   7.3300340000   0.0055990000  -0.0017960000   0.0001650000  -0.0056140000   0.0016520000  -0.0001250000   0.0108010000  -0.0466960000   0.0424280000  -0.0154010000  -0.0174560000  -0.0272620000   0.0046140000   0.0642960000  -0.0152060000
   6.1875518791   6.6592453452 2623  2.71E+00   0.4118080000   0.8361280000   2.6386630000   1.4322510000  -0.0896220000   2.2020400000  -2.5641560000  -0.5805800000   8.5485930000  -2.6565880000   0.4190820000   7.9956040000  -2.6205040000   1.3485650000   7.2865600000   0.0030470000  -0.0027760000  -0.0013260000  -0.0029290000   0.0026270000   0.0012470000   0.0038930000   0.0492360000  -0.0407520000  -0.0116800000  -0.0275650000   0.0380480000   0.0076700000  -0.0215230000   0.0027830000
   6.1864825372   6.6583409518 2690  4.02E+00  -0.3092660000   1.0319600000   3.0628350000  -0.9044700000   0.5050830000   1.7651760000   2.3432070000  -1.4037350000   9.3535720000   1.6140410000  -0.7631270000   8.6620420000   0.9817690000   0.0767660000   8.1363730000   0.0101740000   0.0089580000   0.0220340000  -0.0101650000  -0.0090780000  -0.0223010000   0.0234210000  -0.0020190000   0.0273800000  -0.0338350000  -0.0058560000  -0.0427390000   0.0104050000   0.0079960000   0.0156250000
   6.1858474627   6.6560083004 3328  5.69E+00  -0.6539480000  -1.7329980000   3.1647980000   0.1302210000  -0.9510060000   2.0943130000  -0.5698520000   3.0631420000   7.8222360000  -0.1953520000   2.0172300000   8.0627760000   0.1073480000   0.9689440000   8.4673590000  -0.0161520000  -0.0160300000   0.0220410000   0.0161330000   0.0161980000  -0.0220100000   0.0229630000  -0.0789050000   0.0316380000  -0.0090000000   0.0485070000  -0.0342630000  -0.0139440000   0.0302300000   0.0025950000
   6.1866823555   6.6568109212 3462  3.04E+00   1.2954190000   0.0484200000   3.2563500000   1.0929840000  -0.4031260000   1.9683030000  -1.3722080000   1.0307350000   9.3536490000  -2.0583000000   0.9862040000   8.3698780000  -2.6228730000   0.9268600000   7.3289630000  -0.0059900000  -0.0134530000  -0.0383420000   0.0061500000   0.0134260000   0.0383260000   0.0333740000   0.0009560000   0.0350660000  -0.0309030000   0.0006080000  -0.0162950000  -0.0026300000  -0.0015370000  -0.0187540000
   6.1883297233   6.6574847265 3563  5.41E+00  -1.1181200000  -1.1315810000   2.7934360000  -0.3926720000  -0.2685960000   1.9686020000  -0.2145340000   1.4977020000   8.3850310000   0.7024570000   0.7248790000   8.4089930000   1.7187500000   0.0585360000   8.2958890000   0.0157460000   0.0187330000  -0.0178540000  -0.0157650000  -0.0187380000   0.0179110000  -0.0285260000   0.0352720000  -0.0073830000  -0.0388530000  -0.0012260000   0.0205940000   0.0673990000  -0.0340420000  -0.0132680000
   6.1897363848   6.6572195109 3574  6.45E+00  -1.2638930000  -0.0243870000   2.7062250000  -0.1016220000  -0.5231630000   1.7965830000  -0.6246520000   0.4228940000   8.3654480000   0.2128940000   1.2180630000   8.5874030000   1.0519850000   1.9647250000   9.0461410000  -0.0272750000   0.0117810000   0.0213830000   0.0273940000  -0.0116630000  -0.0213960000   0.0003200000  -0.0025390000   0.0162460000  -0.0430900000  -0.0325980000  -0.0547690000   0.0426510000   0.0350200000   0.0385350000
   6.1858595371   6.6580095211 3709  4.99E+00  -1.0569730000  -0.4730350000   2.7500810000   0.0131110000   0.0074330000   1.6958470000   0.8259000000  -0.3609670000   8.2937820000  -0.0491570000   0.2271270000   8.8129960000  -0.7878830000   0.8708190000   9.4487930000  -0.0282210000  -0.0126070000   0.0277930000   0.0280640000   0.0126970000  -0.0278010000   0.0048800000   0.0069180000   0.0125380000  -0.0229270000  -0.0030910000  -0.0136440000   0.0182040000  -0.0039160000   0.0011130000
   6.1852187779   6.6550179622 3912  4.71E+00  -0.9490360000  -1.2309480000   2.6097460000   0.2721920000  -0.5143550000   1.9993740000   0.5298670000   0.7272550000   8.6104220000  -0.4753060000   1.1612210000   8.2939380000  -1.4726590000   1.7350650000   8.0147600000  -0.0254810000  -0.0149700000   0.0128170000   0.0255390000   0.0149480000  -0.0126810000  -0.0659320000   0.0389690000  -0.0170340000   0.0727300000  -0.0535820000   0.0146960000  -0.0068570000   0.0146350000   0.0022020000
   6.1891616320   6.6586061968 3912  4.21E+00  -0.9424690000  -1.2231400000   2.6073450000   0.2723490000  -0.5149900000   1.9977930000   0.5295850000   0.7275600000   8.6131920000  -0.4758110000   1.1642090000   8.2984360000  -1.4731930000   1.7351930000   8.0166630000  -0.0233110000  -0.0136060000   0.0117760000   0.0233680000   0.0135850000  -0.0116430000  -0.0642960000   0.0380360000  -0.0167130000   0.0702070000  -0.0517250000   0.0144620000  -0.0059670000   0.0137100000   0.0021180000
   6.1888474011   6.6570119825 3991  7.27E+00   0.2223670000  -0.4216310000   3.0253430000  -0.0019710000   0.0078970000   1.5306380000   0.1571090000   0.8916860000   8.1268050000  -0.0473480000   0.2628780000   9.1703030000  -0.1257300000  -0.4142290000  10.1552920000   0.0056950000  -0.0110420000   0.0379340000  -0.0057400000   0.0108490000  -0.0382550000   0.0220090000   0.0444050000  -0.0788260000  -0.0255200000  -0.0135290000   0.0410330000   0.0035560000  -0.0306820000   0.0381150000
