   6.1894493924   6.4947924602  239  2.35E+00  -0.9124760000   0.4981280000   2.6354510000  -0.0268410000  -0.3363360000   1.7488630000  -0.5297560000   1.4648690000   7.9685950000   0.0735210000   0.7951370000   8.7386370000   0.6661060000   0.2742590000   9.5722490000  -0.0120440000   0.0112990000   0.0119820000   0.0121630000  -0.0115180000  -0.0121700000  -0.0057130000   0.0162690000   0.0001500000   0.0337820000  -0.0505930000   0.0336470000  -0.0281860000   0.0345430000  -0.0336100000
   6.1890338247   6.4905058163  395  6.06E+00   0.1483340000   1.2399000000   2.4259850000  -0.6852530000   0.2652790000   2.0141140000   2.0936450000  -1.0682020000   8.1179300000   1.2785590000  -0.2165880000   8.3340620000   0.3595170000   0.5154830000   8.4150920000  -0.0398970000  -0.0466860000  -0.0197010000   0.0399540000   0.0466710000   0.0197000000   0.0200960000  -0.0351690000  -0.0142810000  -0.0107960000   0.0403330000   0.0209910000  -0.0093580000  -0.0051490000  -0.0067090000
   6.1882660785   6.4929238835  727  1.75E+00  -0.9700040000  -0.3191770000   2.7849170000   0.0097170000  -0.0007470000   1.7028840000  -0.1952300000  -0.6498110000   8.1600330000  -0.0262430000   0.2401800000   8.8751610000   0.2275150000   1.1810210000   9.4985330000  -0.0107570000  -0.0034240000   0.0117890000   0.0107620000   0.0035930000  -0.0120040000   0.0135420000   0.0419170000   0.0261230000  -0.0114780000  -0.0150850000   0.0004230000  -0.0020690000  -0.0270010000  -0.0263310000
   6.1887587904   6.4938493590  921  2.51E+00   0.7771270000   0.8927220000   2.6559160000  -0.0095900000  -0.0120060000   1.7857130000   0.2154020000  -0.8241160000   8.2246520000   0.0170430000   0.2292930000   8.7618860000  -0.2292620000   1.3433770000   9.1134050000   0.0061610000   0.0071300000   0.0068290000  -0.0061790000  -0.0069990000  -0.0069170000   0.0035830000  -0.0311290000  -0.0271190000   0.0067090000  -0.0058360000   0.0270310000  -0.0102740000   0.0368350000   0.0001770000
   6.1881916558   6.4912590434 1250  4.26E+00   2.0767870000   0.0955360000   3.1582150000   0.9330460000   0.3255550000   2.1413070000  -0.9787480000   0.3173810000   8.6029130000  -1.7048600000  -0.3876480000   8.0325760000  -2.5321220000  -0.9706200000   7.4750660000   0.0249670000  -0.0050500000   0.0222910000  -0.0249940000   0.0050210000  -0.0221850000  -0.0276930000  -0.0104300000  -0.0132530000   0.0040490000  -0.0205580000  -0.0105410000   0.0236710000   0.0310180000   0.0236870000
   6.1854489036   6.4929438015 1273  4.29E+00  -0.6971330000  -1.5695790000   3.5996240000  -0.0300440000  -1.5517270000   2.4165810000  -0.1689350000   2.6662690000   8.5845940000   0.0868190000   3.1396680000   7.5325860000   0.2977290000   3.5130570000   6.4661300000   0.0275260000   0.0007360000  -0.0487780000  -0.0275450000  -0.0008290000   0.0488330000  -0.0050770000  -0.0099400000   0.0081170000   0.0180910000   0.0333420000  -0.0590040000  -0.0129950000  -0.0233090000   0.0508320000
   6.1864325545   6.4919583937 1293  2.46E+00  -0.8848600000  -0.2711030000   3.0164570000  -0.4392810000  -0.7752710000   1.8001120000   1.6281230000   2.2294130000   9.3390470000   0.8443730000   1.6480500000   8.6377160000  -0.0123680000   1.1100470000   7.9975990000   0.0111310000  -0.0125760000  -0.0304450000  -0.0110280000   0.0125380000   0.0301190000   0.0298270000   0.0279190000   0.0344770000   0.0012640000  -0.0139290000  -0.0193070000  -0.0311950000  -0.0139530000  -0.0148450000
   6.1871159404   6.4901737221 1359  1.67E+00   0.5695410000   0.1361280000   2.9515560000   1.2263870000  -0.8468930000   2.0462850000  -2.4664130000   1.9763180000   9.3197020000  -2.2250870000   1.7760090000   8.2223480000  -2.0239820000   1.5991270000   7.1034030000  -0.0062380000   0.0094690000   0.0086370000   0.0065330000  -0.0096570000  -0.0089380000   0.0115410000  -0.0103610000  -0.0686060000   0.0027770000  -0.0011730000   0.0107100000  -0.0146140000   0.0117210000   0.0581960000
   6.1872462765   6.4906334689 1364 -8.68E-01  -0.0928440000   0.1444400000   2.9783870000  -0.0003330000   0.0016370000   1.5275420000  -0.0710030000   0.4663810000   8.0011300000  -0.0063270000   0.2632720000   9.1638870000   0.0832660000   0.0063800000  10.3042040000  -0.0001730000   0.0002360000   0.0025560000   0.0001860000  -0.0003180000  -0.0030330000   0.0011280000  -0.0018340000  -0.0080560000  -0.0028340000   0.0056070000   0.0086870000   0.0016930000  -0.0036910000  -0.0001540000
   6.1858710452   6.4947781428 1458  6.08E+00  -1.3328750000  -0.9740370000   3.3291420000  -0.4201030000  -1.1491530000   2.1653870000   1.3973810000   3.3860630000   7.7689800000   0.7821280000   2.3705020000   8.0837000000   0.1975520000   1.3226010000   8.1395880000  -0.0089700000   0.0017330000   0.0113690000   0.0089890000  -0.0017090000  -0.0115400000   0.0445560000   0.0690450000  -0.0355730000  -0.0246830000  -0.0287210000   0.0466460000  -0.0198910000  -0.0403480000  -0.0109030000
   6.1863261782   6.4919119422 1458  6.10E+00  -1.3231070000  -0.9666060000   3.3205470000  -0.4203900000  -1.1496710000   2.1652750000   1.3976960000   3.3884330000   7.7723830000   0.7817780000   2.3710910000   8.0849850000   0.1983140000   1.3219050000   8.1363250000  -0.0060970000   0.0012490000   0.0077370000   0.0061160000  -0.0012250000  -0.0079070000   0.0454630000   0.0704720000  -0.0359040000  -0.0254140000  -0.0295750000   0.0472090000  -0.0200680000  -0.0409210000  -0.0111340000
   6.1866951879   6.4941551784 1604  6.85E+00   1.0025570000   1.3574350000   2.5673830000  -0.0305340000   0.3374190000   1.9298790000  -0.2609650000   0.7390890000   8.7370940000   0.0427410000  -0.3868470000   8.4249790000   0.3182090000  -1.5316840000   8.1394590000   0.0283050000   0.0279440000   0.0175300000  -0.0283200000  -0.0279110000  -0.0174420000  -0.0164700000   0.0537280000   0.0179330000   0.0035800000   0.0079850000  -0.0059080000   0.0129060000  -0.0617450000  -0.0121130000
   6.1889108228   6.4946215925 1630  1.28E+01   0.8572360000  -1.2013030000   2.8120640000   1.4237340000   0.3157090000   2.2379180000  -2.5740570000   0.5583000000   8.6616720000  -2.6103960000  -0.2729460000   7.8535220000  -2.6308110000  -1.1667670000   7.0900350000  -0.0212250000  -0.0570100000   0.0215490000   0.0213700000   0.0571870000  -0.0216010000  -0.0002320000  -0.0239300000  -0.0153910000   0.0001720000   0.0249960000   0.0080540000  -0.0000860000  -0.0012430000   0.0073880000
   6.1897604936   6.4927825896 1664  1.12E+01   0.6689510000   0.4739880000   2.2925860000  -0.9698330000   0.4759260000   2.0383590000   1.0773850000  -0.1199430000   9.0878960000   1.8249880000  -0.6074290000   8.2765020000   2.3540370000  -1.1431400000   7.3756560000   0.0562520000  -0.0000110000   0.0087160000  -0.0563540000   0.0001250000  -0.0087560000  -0.0447930000   0.0173210000   0.0293600000   0.0597550000  -0.0159020000  -0.0284420000  -0.0148590000  -0.0015330000  -0.0008780000
   6.1859879528   6.4923046438 1978  3.33E+00   0.9925880000   0.9905440000   2.2130100000  -0.0118160000  -0.0174910000   1.9860910000   1.0323060000  -0.3234240000   8.3865780000  -0.0195210000   0.2560240000   8.2712740000  -1.0211740000   0.8438470000   8.3469560000  -0.0044180000  -0.0044030000  -0.0009300000   0.0043500000   0.0044230000   0.0010940000   0.0450260000  -0.0225620000   0.0183570000  -0.0660090000   0.0325270000  -0.0306650000   0.0210510000  -0.0099850000   0.0121440000
   6.1882401936   6.4917045302 2304  2.38E+00  -1.7002960000  -0.5450970000   4.7107600000  -1.5586990000  -1.8547700000   3.9555580000   3.5288180000   4.0917270000   3.8163820000   2.8654960000   3.6319620000   4.7045780000   2.2117110000   3.1669630000   5.6012900000  -0.0023700000   0.0214490000   0.0123210000   0.0022920000  -0.0215810000  -0.0125220000   0.0286550000   0.0193780000  -0.0364880000  -0.0038990000  -0.0015460000  -0.0004090000  -0.0246780000  -0.0177010000   0.0370980000
   6.1870460167   6.4919423347 2326  1.75E+00   0.0378250000   0.9825540000   3.0591950000   0.0240950000   0.8054810000   1.6930530000  -0.0107320000  -2.0928690000   9.6494140000  -0.0626110000  -1.2620840000   8.8238330000  -0.0649830000  -0.3566880000   8.0795030000  -0.0004220000  -0.0054940000  -0.0424620000   0.0004270000   0.0054330000   0.0420860000   0.0032200000   0.0062660000   0.0045200000  -0.0065300000  -0.0023980000  -0.0184910000   0.0033040000  -0.0038070000   0.0143460000
   6.1859275463   6.4945792168 2756  3.11E+00  -0.0535180000  -0.9565770000   2.9547440000  -0.2014620000  -0.2378280000   1.6748800000  -0.2109160000   1.3823230000   9.7078380000   0.4124240000   0.7227240000   8.8901080000   0.9108320000   0.0108410000   8.0686680000   0.0008490000  -0.0043930000   0.0077410000  -0.0009800000   0.0044660000  -0.0079870000  -0.0478860000   0.0404690000   0.0540570000   0.0389690000  -0.0152850000  -0.0294230000   0.0090490000  -0.0252580000  -0.0243880000
   6.1868682328   6.4911265285 2810  1.23E+00   0.0463440000   0.8543550000   2.6759610000  -0.6813200000  -0.0151610000   1.7702830000   0.6874640000   0.5972000000   9.6804010000   1.2039470000   0.2177400000   8.7201330000   1.8084990000  -0.0510900000   7.7648000000  -0.0008300000  -0.0008530000  -0.0009700000   0.0005860000   0.0009120000   0.0008170000   0.0250450000  -0.0056530000  -0.0334320000  -0.0143300000  -0.0100590000   0.0035650000  -0.0104710000   0.0156540000   0.0300200000
   6.1870848639   6.4908732331 2883  4.13E+00   1.7133860000  -0.8262710000   4.4763750000   1.8931640000  -0.9921120000   3.0857620000  -4.5162280000   2.2119120000   5.6895910000  -3.4657640000   2.0503700000   6.2600120000  -2.4449050000   1.9434640000   6.9191660000   0.0027540000  -0.0025720000  -0.0213300000  -0.0027820000   0.0024970000   0.0211240000  -0.0544390000   0.0113530000  -0.0232030000  -0.0037260000  -0.0087230000  -0.0218720000   0.0581930000  -0.0025550000   0.0452810000
   6.1861570545   6.4945358374 3168  6.54E+00   0.4696310000  -0.2783800000   2.9010760000  -0.1597340000  -0.1249160000   1.6085140000   0.6322660000  -0.0146700000   9.9886820000   0.3474030000   0.6001910000   9.0233070000  -0.1248990000   0.8931770000   8.0226600000  -0.0016780000   0.0003750000  -0.0036580000   0.0017910000  -0.0004800000   0.0033680000  -0.0150840000  -0.0214570000  -0.0058750000  -0.0034530000   0.0653290000  -0.0619540000   0.0184250000  -0.0437670000   0.0681190000
   6.1897119164   6.4936365232 3275  6.94E+00   0.2581560000  -0.2898280000   2.9266110000  -0.3971870000   0.1175210000   1.5504320000   0.9590450000   0.0090980000  10.2593920000   0.8313450000   0.0303840000   9.0814020000   0.3842470000   0.0870980000   7.9968070000   0.0172960000  -0.0107550000   0.0360240000  -0.0172420000   0.0107200000  -0.0364760000  -0.0198800000   0.0021280000   0.0209380000   0.0363880000  -0.0039360000  -0.0403920000  -0.0165620000   0.0018430000   0.0199060000
   6.1859524501   6.4900682271 3329  8.65E+00   1.1346220000  -0.2357940000   3.2601200000   0.6849940000  -0.8040160000   1.8593640000  -0.8587180000   1.8379830000   9.6405800000  -1.3476140000   1.6490060000   8.6035310000  -1.6221400000   1.6420980000   7.4104580000   0.0119380000   0.0148510000   0.0367400000  -0.0116650000  -0.0150710000  -0.0369900000   0.0040440000   0.0079710000  -0.0290650000  -0.0019820000  -0.0195270000   0.1023800000  -0.0023350000   0.0117750000  -0.0730660000
   6.1877315628   6.4940813726 3329  8.60E+00   1.1325210000  -0.2332570000   3.2579090000   0.6853910000  -0.8044150000   1.8588350000  -0.8558780000   1.8368460000   9.6414650000  -1.3484170000   1.6501500000   8.6044730000  -1.6262310000   1.6442100000   7.4116480000   0.0118030000   0.0148410000   0.0364810000  -0.0115310000  -0.0150590000  -0.0367280000   0.0049490000   0.0082680000  -0.0268910000  -0.0024810000  -0.0197430000   0.1009840000  -0.0027390000   0.0116920000  -0.0738460000
   6.1871894118   6.4912477389 3598  2.69E+00   0.2193230000  -0.0150820000   2.8515900000  -0.7199230000   0.2341410000   1.6501060000   1.2470780000  -0.1779860000  10.0859160000   1.2702110000  -0.1659650000   8.9470130000   1.3810310000  -0.1781590000   7.7780990000   0.0200040000  -0.0053120000   0.0254560000  -0.0202310000   0.0053540000  -0.0259190000   0.0078660000  -0.0010120000  -0.0731960000  -0.0135150000   0.0027220000   0.0622790000   0.0058760000  -0.0017510000   0.0113800000
   6.1878472258   6.4947863696 3755  3.11E+00  -0.3363980000   0.3333710000   2.8525780000   0.4372550000   0.1239370000   1.5875360000  -1.1876100000  -0.3911120000  10.0987720000  -0.8598690000   0.0234020000   9.0104470000  -0.3294490000   0.4212410000   8.0300530000  -0.0091850000   0.0024350000   0.0147940000   0.0091130000  -0.0025220000  -0.0151480000  -0.0041560000  -0.0216510000   0.0611520000  -0.0134930000   0.0184550000  -0.0588560000   0.0177210000   0.0032830000  -0.0019420000
   6.1891419419   6.4943325560 3839  4.85E+00  -0.5964150000   0.0540980000   2.9766300000   0.0076460000   0.0033520000   1.5426650000  -0.0366460000   0.6407480000   8.0054910000   0.0672900000   0.2709210000   9.1262610000  -0.0144830000  -0.1766040000  10.2526710000  -0.0140960000   0.0011240000   0.0332370000   0.0140960000  -0.0012410000  -0.0336140000  -0.0123350000   0.0007420000  -0.0133090000   0.0279200000   0.0292860000  -0.0508630000  -0.0155860000  -0.0299110000   0.0645500000
   6.1863718317   6.4922429120 3892  9.15E+00  -0.0525770000  -0.8867400000   3.1165390000  -0.7588510000  -0.4467340000   1.7391550000   0.7395200000   1.2162120000   7.8333090000   1.3822380000   1.1249020000   8.7880290000   2.0160370000   0.9139670000   9.6886260000   0.0212730000  -0.0133560000   0.0412930000  -0.0212720000   0.0131390000  -0.0416990000   0.0307370000  -0.0132090000   0.0438300000   0.0385430000  -0.0000410000   0.0580460000  -0.0692820000   0.0134670000  -0.1014700000
   6.1895740502   6.4908976876 3991  4.41E+00   0.1949380000  -0.3484610000   2.8855710000  -0.0015090000   0.0074300000   1.5942850000   0.1332610000   0.8247500000   8.0321090000  -0.0617270000   0.2766360000   9.0381480000  -0.0916660000  -0.3599020000  10.0401320000  -0.0086420000   0.0155540000  -0.0567780000   0.0085920000  -0.0157120000   0.0564970000   0.0060170000  -0.0196930000   0.0275630000  -0.0164160000   0.0375560000  -0.0462290000   0.0104500000  -0.0177050000   0.0189470000
