   6.1876646011   6.9091738412    6  8.77E+00  -0.5324380000  -0.3539060000   2.3609020000   0.9139920000   0.0561500000   1.9328300000  -1.0217480000   1.0106290000   8.8707070000  -1.5542390000   0.0772670000   8.4483650000  -2.3426450000  -0.6390850000   7.9865600000  -0.0351090000  -0.0099460000   0.0104400000   0.0352010000   0.0099710000  -0.0103400000  -0.0440420000  -0.0263810000  -0.0212520000   0.0348010000  -0.0163440000   0.0055700000   0.0091480000   0.0427000000   0.0155820000
   6.1869583741   6.9060473288   17  4.13E+00   0.8035910000   0.0189670000   2.9324410000  -0.0070880000  -0.0032230000   1.6114060000   0.9762630000   0.0091670000   8.4470740000   0.0205460000   0.2256360000   9.0661660000  -1.0069200000   0.5240280000   9.5156730000   0.0179700000   0.0005040000   0.0293160000  -0.0181030000  -0.0004860000  -0.0294520000  -0.0378440000   0.0133550000   0.0107620000   0.0148870000  -0.0110960000   0.0132030000   0.0230900000  -0.0022770000  -0.0238290000
   6.1887754584   6.9064765947  270  2.47E+00  -0.0733010000   1.2627470000   2.5039610000   0.0004200000  -0.0175400000   1.8182540000  -0.6466450000  -0.7576240000   8.6544080000  -0.0228830000   0.2668930000   8.6118800000   0.6663430000   1.2529820000   8.6433180000  -0.0000110000  -0.0000570000   0.0000440000  -0.0000110000   0.0000430000   0.0000700000  -0.0201880000  -0.0416620000   0.0071950000  -0.0125820000   0.0024710000  -0.0142740000   0.0327920000   0.0392050000   0.0069640000
   6.1873504355   6.9052440310  317  2.43E+00  -0.0592080000   0.1885430000   2.9768910000   0.4925040000  -0.0764380000   1.5531340000  -1.0213970000   1.0813520000   8.1901530000  -0.9138990000   0.3698820000   9.1022420000  -0.7484960000  -0.3014730000  10.0337360000  -0.0121920000   0.0057810000   0.0314890000   0.0122740000  -0.0059610000  -0.0316710000   0.0066750000  -0.0164880000   0.0284100000  -0.0067070000  -0.0025890000  -0.0074840000  -0.0000500000   0.0192570000  -0.0207440000
   6.1882814504   6.9090307351  563  4.38E+00   0.6877590000   0.3406970000   2.9367390000  -0.0095970000  -0.0001310000   1.5922770000  -0.4649510000   1.1105670000   8.3962250000   0.0280210000   0.3012680000   9.0896260000   0.4485150000  -0.6698660000   9.6441760000   0.0158410000   0.0076750000   0.0304430000  -0.0157570000  -0.0077740000  -0.0305230000  -0.0027500000  -0.0136070000  -0.0043610000  -0.0043250000   0.0510560000  -0.0028580000   0.0069910000  -0.0373490000   0.0072990000
   6.1892294980   6.9052445242  563  4.04E+00   0.6842600000   0.3395190000   2.9324820000  -0.0095580000  -0.0001030000   1.5940570000  -0.4653090000   1.1104400000   8.3941590000   0.0281940000   0.3008690000   9.0867200000   0.4487670000  -0.6695070000   9.6398010000   0.0149470000   0.0072490000   0.0287360000  -0.0148630000  -0.0073490000  -0.0288170000  -0.0026490000  -0.0138110000  -0.0042300000  -0.0036500000   0.0495150000  -0.0019120000   0.0062150000  -0.0356040000   0.0062240000
   6.1868004607   6.9088672112  749  5.90E+00   0.5658560000   1.1836710000   2.5724110000  -0.0060430000  -0.0104990000   1.7779590000   0.6195810000   1.2652570000   8.5391340000  -0.0071270000   0.2220380000   8.6571010000  -0.6197030000  -0.7664080000   8.9215770000   0.0121210000   0.0253230000   0.0169120000  -0.0121820000  -0.0254260000  -0.0168220000   0.0396510000   0.0678050000   0.0025480000  -0.0218960000  -0.0409820000  -0.0199120000  -0.0176950000  -0.0267210000   0.0172730000
   6.1899373739   6.9061815946 1251  3.95E+00   0.4141400000  -0.6810880000   3.0970060000   0.2177020000  -0.7438560000   1.7375500000  -1.4640480000   1.8322420000   9.2467670000  -0.3866920000   1.6915700000   8.7577910000   0.6409880000   1.3434810000   8.3071160000  -0.0063990000  -0.0020140000  -0.0438930000   0.0062670000   0.0020310000   0.0437960000  -0.0286880000  -0.0097850000   0.0147400000   0.0355640000   0.0213720000  -0.0202820000  -0.0067450000  -0.0116040000   0.0056400000
   6.1873007914   6.9092000607 1472  4.33E+00  -1.5566370000  -0.2401810000   3.3223360000  -1.1544410000  -0.2594840000   2.0109890000   3.2412670000   0.3934060000   8.1553010000   2.1085800000   0.6943820000   8.2188110000   1.0394620000   1.0840570000   8.4233780000   0.0137180000  -0.0006720000  -0.0444830000  -0.0135730000   0.0006310000   0.0445140000  -0.0014650000   0.0080820000   0.0111390000  -0.0435530000  -0.0000960000  -0.0149540000   0.0448720000  -0.0079460000   0.0037840000
   6.1878182496   6.9055529953 1632  5.21E+00   0.3845540000   1.4993250000   3.5388890000   0.3661070000   1.3872960000   2.0606830000  -0.6476170000  -3.0595510000   7.2457170000  -0.7289560000  -2.3720180000   8.2358980000  -0.6578090000  -1.4950630000   9.0583040000   0.0001410000   0.0009240000   0.0120250000  -0.0001500000  -0.0008320000  -0.0120240000   0.0122400000  -0.0195940000  -0.0516430000  -0.0239440000  -0.0270760000   0.0269600000   0.0117140000   0.0465770000   0.0246820000
   6.1876688418   6.9077989347 1639  4.50E+00   0.7691910000   0.6351130000   2.5884640000   0.5169760000  -0.7106220000   1.8961620000  -1.6372590000   2.2016600000   7.7779620000  -0.8991490000   1.5347970000   8.4786640000  -0.3181210000   0.8428510000   9.2253530000   0.0049670000   0.0262330000   0.0135660000  -0.0048580000  -0.0263120000  -0.0134760000  -0.0490920000   0.0343350000  -0.0328240000   0.0589670000  -0.0333090000   0.0294870000  -0.0099850000  -0.0009470000   0.0032460000
   6.1872078663   6.9065836006 1652  6.20E-01   0.2812300000  -0.7059340000   2.8314610000  -0.2992460000  -0.1369260000   1.6749450000  -0.1824820000   1.3072060000   9.3793190000   0.5435750000   0.5153920000   8.8912530000   1.2512110000  -0.2781160000   8.4037670000  -0.0085250000   0.0083550000  -0.0169000000   0.0084240000  -0.0082610000   0.0168740000  -0.0075870000   0.0070420000   0.0052570000   0.0158080000  -0.0151840000  -0.0119130000  -0.0081190000   0.0080470000   0.0066820000
   6.1893537112   6.9054732766 1738  2.98E+00  -0.6480240000   0.0779570000   2.8896010000  -2.1692600000   0.0387680000   2.6989780000   3.9298050000   0.1004750000   8.2225520000   3.9600150000   0.1293720000   7.0213600000   3.9720640000   0.2915550000   5.8463260000   0.0293850000   0.0007370000   0.0037200000  -0.0295630000  -0.0007810000  -0.0036640000  -0.0017680000   0.0068690000   0.0511780000   0.0013640000  -0.0176300000  -0.0341090000   0.0005820000   0.0108050000  -0.0171250000
   6.1858834871   6.9070086545 1749  4.64E+00  -0.6163570000  -0.8917480000   2.8266710000   0.0069860000   0.0115480000   1.6876340000  -0.7735280000   1.0250600000   8.4751490000  -0.0096870000   0.2603130000   8.8739730000   0.7847440000  -0.5342930000   9.2578420000  -0.0167550000  -0.0243300000   0.0307100000   0.0168110000   0.0242850000  -0.0306550000   0.0329460000  -0.0327160000   0.0166760000  -0.0486520000   0.0482130000  -0.0233590000   0.0156500000  -0.0154510000   0.0066280000
   6.1892407286   6.9061772746 2272  2.68E+00  -0.3002910000   0.6023180000   2.8283400000   0.0080490000  -0.0080780000   1.5985730000  -0.9703830000   0.0298170000   9.6676440000  -0.0222600000   0.1851130000   8.9972410000   0.9658140000   0.5212920000   8.4174980000   0.0052530000  -0.0105700000  -0.0212220000  -0.0054210000   0.0104940000   0.0211800000   0.0065670000   0.0123090000   0.0037790000  -0.0315830000  -0.0315600000   0.0017810000   0.0251850000   0.0193280000  -0.0055190000
   6.1884430536   6.9083977134 2393  5.42E+00   0.9088430000   1.0649910000   4.3564420000   1.1383810000   2.4854640000   3.8445820000  -2.2563170000  -5.1244680000   4.0966460000  -2.0677640000  -4.3236310000   4.9884160000  -1.9340350000  -3.4222330000   5.6845100000  -0.0041340000  -0.0258170000   0.0092520000   0.0042200000   0.0258690000  -0.0093610000  -0.0130550000  -0.0327910000  -0.0557680000   0.0243190000   0.0745480000   0.1045910000  -0.0113500000  -0.0418090000  -0.0487140000
   6.1863676901   6.9081372767 2900  5.13E+00  -1.4917960000   1.4357690000   4.5969030000  -2.3924980000   0.4362450000   3.8057630000   4.5837110000  -1.2858500000   4.0876310000   4.3665880000  -0.5204570000   4.9485590000   4.1810100000   0.0950560000   5.9021750000   0.0216380000   0.0239260000   0.0189210000  -0.0215300000  -0.0239570000  -0.0189800000   0.0013820000  -0.0036710000   0.0149870000  -0.0142580000   0.0445020000   0.0243380000   0.0127680000  -0.0408000000  -0.0392660000
   6.1895982389   6.9057280778 3350  5.83E+00  -0.7413180000   0.8165740000   2.5538170000   0.0082140000  -0.0061600000   1.7905430000   0.8961160000  -0.5358780000   8.6184350000  -0.0398480000   0.1940180000   8.6719450000  -0.8605170000   1.0572240000   8.7694530000   0.0347560000  -0.0381760000  -0.0353280000  -0.0347750000   0.0381450000   0.0354360000   0.0255170000  -0.0061590000   0.0029950000  -0.0090570000  -0.0267920000  -0.0099260000  -0.0164420000   0.0329810000   0.0068230000
   6.1895730751   6.9063941900 3551  3.73E+00   0.0966490000  -1.5434040000   3.0096300000  -0.6188310000  -0.7585490000   2.0552010000   0.1694800000   1.0908030000   8.6625260000   1.1151910000   1.6551220000   8.2099010000   2.0778540000   2.2399970000   7.7217320000  -0.0064540000   0.0071090000  -0.0085710000   0.0064550000  -0.0070840000   0.0086530000  -0.0257080000  -0.0144060000   0.0120090000  -0.0422650000  -0.0278570000   0.0225510000   0.0679730000   0.0422390000  -0.0346420000
   6.1888317956   6.9097322730 3892  5.18E+00  -0.1301280000  -0.1793810000   3.0534310000  -0.7714500000  -0.5588900000   1.6761350000   0.9875670000   1.8227090000   7.9193910000   1.3295850000   1.2262700000   8.9010820000   1.8753280000   0.7469470000   9.8363910000   0.0158240000   0.0092540000   0.0339520000  -0.0158670000  -0.0094880000  -0.0341090000   0.0031760000   0.0252170000  -0.0296760000  -0.0248140000  -0.0245860000   0.0169860000   0.0216810000  -0.0003970000   0.0128470000
   6.1871169493   6.9096020355 3933  8.96E-01   0.2953140000   1.0410280000   2.9411150000  -0.1806660000   0.5221710000   1.6763360000   0.5341340000  -1.6632050000   8.1921470000   0.3464470000  -0.7065870000   8.8760660000   0.0894710000   0.2078760000   9.5884850000  -0.0010270000  -0.0010740000  -0.0026630000   0.0010090000   0.0012000000   0.0027010000   0.0001370000  -0.0249980000  -0.0123290000   0.0096530000   0.0079310000  -0.0056920000  -0.0097720000   0.0169410000   0.0179820000
