   6.1902236540   6.1310807604   45  2.73E+00  -1.3636920000   0.0727370000   3.2201400000  -1.3166770000  -1.2128820000   2.4523670000   1.5574720000   1.9874920000   6.8212370000   2.3648690000   2.5339810000   7.5048780000   3.3289560000   2.8507750000   8.0954760000  -0.0006850000   0.0152610000   0.0089830000   0.0004140000  -0.0155250000  -0.0094310000  -0.0004720000  -0.0220580000  -0.0145750000  -0.0092910000   0.0373600000   0.0211490000   0.0100340000  -0.0150370000  -0.0061250000
   6.1944049200   6.1323744537  441  3.23E+00   1.6657610000   1.3381210000   3.0857590000   1.2728580000   0.0311980000   2.3428340000  -1.2142330000   0.4037140000   7.9358320000  -2.3530370000   0.1541090000   7.6484370000  -3.4812610000  -0.0718440000   7.4286140000   0.0089500000   0.0298680000   0.0169160000  -0.0090850000  -0.0299110000  -0.0171030000   0.0386230000   0.0099920000   0.0158590000  -0.0400070000  -0.0116770000  -0.0208900000   0.0015190000   0.0017280000   0.0052190000
   6.1908331663   6.1348043422  894  7.50E+00  -0.3294300000  -1.7283900000   2.9449420000  -0.0870650000  -0.7239020000   2.1120150000   0.8632030000   2.5703890000   8.0778780000   0.1345550000   1.6075180000   8.1394440000  -0.5086310000   0.6347650000   8.0796050000   0.0147180000   0.0609330000  -0.0505520000  -0.0146570000  -0.0608670000   0.0504520000   0.0395230000   0.0449660000  -0.0094380000  -0.0521700000  -0.0560660000   0.0146780000   0.0125860000   0.0110330000  -0.0051400000
   6.1916365652   6.1333834814  973  7.01E+00   1.2636730000  -0.4386760000   2.1172050000  -0.0202050000   0.0030760000   2.0933330000   0.9466470000   0.9029710000   8.1594620000  -0.0088000000   0.2700780000   8.1350820000  -0.9187490000  -0.4057690000   8.1467500000  -0.0532600000   0.0183180000  -0.0009560000   0.0532330000  -0.0183030000   0.0010570000  -0.0526480000  -0.0404510000   0.0031710000  -0.0276610000  -0.0133590000  -0.0068450000   0.0803370000   0.0537940000   0.0035730000
   6.1921752419   6.1303719004 1165  1.19E+00  -0.2009480000  -0.0745460000   2.5228060000  -1.5017610000  -0.4732130000   2.2674640000   2.4182880000   1.1661180000   6.6864310000   2.7448950000   1.1301490000   7.8344680000   3.0339510000   1.0411950000   8.9502440000  -0.0361270000  -0.0111020000  -0.0072140000   0.0357280000   0.0108950000   0.0068590000  -0.0085130000  -0.0020680000  -0.0265260000   0.0186790000   0.0033560000   0.0577340000  -0.0097670000  -0.0010810000  -0.0308530000
   6.1947134172   6.1324610870 1467 -4.40E-01  -1.0757720000  -0.2650210000   2.5860670000   0.1210100000  -0.8495210000   1.9719200000  -0.4397190000   1.3882190000   9.4274170000  -0.1964290000   1.7957540000   8.3613970000   0.0506020000   2.2108020000   7.2857270000  -0.0045070000   0.0020920000   0.0022550000   0.0044350000  -0.0024110000  -0.0024630000   0.0025220000   0.0045240000  -0.0099760000  -0.0034440000  -0.0068140000   0.0116140000   0.0009940000   0.0026090000  -0.0014290000
   6.1926562439   6.1329582454 2627  6.03E+00  -0.9896440000   0.8984390000   2.5918870000   0.0134840000  -0.0138890000   1.7871240000   0.5812310000  -0.4136000000   7.8806510000  -0.0639670000   0.2397950000   8.6794400000  -0.5382030000   0.9340200000   9.5162890000  -0.0264320000   0.0240350000   0.0211590000   0.0262450000  -0.0238780000  -0.0214080000   0.0446710000  -0.0326710000  -0.0382790000  -0.0436870000   0.0143090000   0.0166110000  -0.0007980000   0.0182060000   0.0219180000
   6.1948449921   6.1348523675 2645  6.98E+00   1.1068020000  -1.0482270000   2.7940700000   0.0332040000  -0.3330600000   1.8996330000   0.9336900000   0.8844470000   7.8446490000  -0.0784280000   0.9323600000   8.5428620000  -1.1103740000   0.8327280000   9.0801830000   0.0270500000  -0.0181080000   0.0224650000  -0.0272720000   0.0180070000  -0.0227880000   0.0650780000  -0.0114020000  -0.0531380000  -0.0693510000   0.0196070000   0.0654280000   0.0044950000  -0.0081040000  -0.0119670000
   6.1915455471   6.1329013562 2775  4.46E+00  -1.0225880000  -0.2599590000   2.6283140000   0.0158000000   0.0052250000   1.7848230000   0.3526580000   0.9809420000   7.8302330000   0.0628870000   0.2165910000   8.7053100000  -0.4143510000  -0.4655760000   9.5564830000   0.0395960000   0.0100520000  -0.0322170000  -0.0396710000  -0.0102720000   0.0319470000  -0.0027520000   0.0276190000  -0.0249120000   0.0268390000  -0.0143780000   0.0034810000  -0.0240110000  -0.0130200000   0.0217020000
   6.1940179335   6.1328059945 2928  6.14E+00  -1.1278810000   0.3634880000   2.4907250000   0.0132930000  -0.0099220000   1.8679430000  -0.0305560000  -0.7770370000   7.9524250000  -0.0237880000   0.2275800000   8.5840300000   0.0530880000   1.3205210000   9.1188820000   0.0508110000  -0.0165820000  -0.0277350000  -0.0508240000   0.0167430000   0.0275880000   0.0040280000  -0.0140920000  -0.0156660000  -0.0128270000  -0.0581190000  -0.0121920000   0.0088130000   0.0720500000   0.0280050000
   6.1917487912   6.1322670523 2952  6.39E+00   1.2819750000  -0.7816900000   2.4166610000  -0.0151310000   0.0109690000   1.9810350000  -0.9328560000  -0.4308230000   8.6937030000  -0.0135590000   0.2940790000   8.3750220000   0.9378330000   0.8921990000   7.9743640000   0.0347920000  -0.0213030000   0.0116900000  -0.0349080000   0.0212440000  -0.0117320000  -0.0480140000  -0.0465320000   0.0135900000   0.0197320000   0.0370250000   0.0005920000   0.0283980000   0.0095660000  -0.0141390000
   6.1921648437   6.1321880415 3151  5.76E+00  -0.5975280000  -1.5337180000   2.9487220000  -1.2090610000  -0.5272540000   2.2681980000   3.3738590000   1.2748330000   7.9896000000   2.2263610000   1.2178490000   7.7233880000   1.0308120000   1.2284720000   7.6999680000  -0.0245050000   0.0404450000  -0.0273790000   0.0246660000  -0.0405300000   0.0271380000   0.0060300000   0.0049620000   0.0180240000   0.0246170000  -0.0101660000  -0.0345110000  -0.0308080000   0.0052880000   0.0167270000
   6.1928243575   6.1318853890 3494  4.48E+00  -1.3240650000  -0.3150090000   3.1187620000  -0.6936570000  -0.9493500000   2.0492010000   0.9604880000   2.1807320000   9.3529050000   1.3318390000   2.0310500000   8.1974680000   1.5874140000   1.7433700000   7.0637790000   0.0143770000  -0.0145850000  -0.0245700000  -0.0146310000   0.0144170000   0.0243320000  -0.0311240000   0.0024800000   0.0788770000   0.0287050000   0.0139740000  -0.0444720000   0.0026730000  -0.0162860000  -0.0341680000
   6.1922664912   6.1300072724 3660  5.30E-01   0.5179410000   1.2694140000   3.1179870000  -0.3394450000   1.1072530000   1.8823330000   0.7860500000  -2.4614330000   9.4753600000   0.6272350000  -1.7787860000   8.5069290000   0.4057230000  -1.1254340000   7.5424410000   0.0130570000   0.0025540000   0.0185980000  -0.0130600000  -0.0023690000  -0.0190990000   0.0018820000  -0.0262410000   0.0350580000   0.0051560000   0.0187580000  -0.0220690000  -0.0070350000   0.0072990000  -0.0124880000
   6.1945750360   6.1342246696 3841  1.20E+00   0.7522600000   0.9154160000   2.8891970000   0.3472110000   0.1036990000   1.6856010000  -0.2680780000  -0.1050110000   7.7853200000  -0.6962010000   0.0707200000   8.8525190000  -0.9907350000   0.1640200000   9.9699880000   0.0056920000   0.0114440000   0.0166800000  -0.0056860000  -0.0113280000  -0.0172110000  -0.0026120000  -0.0012350000   0.0352430000  -0.0142810000   0.0093590000  -0.0103660000   0.0168860000  -0.0082390000  -0.0243460000
   6.1947529038   6.1344310279 3912  5.28E+00  -0.6339760000  -1.4586680000   2.3611080000   0.2409150000  -0.4504140000   2.1859810000   0.5885210000   0.5643230000   8.2270440000  -0.4244570000   1.1325910000   7.9839580000  -1.4331290000   1.6144940000   7.7145410000   0.0422440000   0.0487040000  -0.0084330000  -0.0422780000  -0.0486500000   0.0084670000   0.0143160000  -0.0133150000   0.0032780000  -0.0588630000   0.0399010000  -0.0148700000   0.0445810000  -0.0266400000   0.0115580000
