   6.1953527537   6.6146092336  166  1.53E+01   0.0966450000  -1.5651910000   5.2859980000   1.1091240000  -2.1279880000   4.0097480000  -1.6303210000   4.7719800000   5.5142440000  -2.0635870000   4.1962680000   4.5639290000  -2.3658760000   3.4918700000   3.7021340000  -0.0383820000   0.0213590000   0.0484180000   0.0384500000  -0.0213810000  -0.0483480000   0.0181470000   0.0051200000   0.0272590000  -0.0385190000  -0.0263040000  -0.0679780000   0.0203040000   0.0212050000   0.0406480000
   6.1950910365   6.6101461675  170  2.38E+00  -0.3928970000  -0.3603990000   2.9096690000   0.0038240000   0.0003360000   1.5778730000   0.5864490000   0.7285140000   9.9808160000   0.0675520000   0.2152350000   9.0607490000  -0.6315080000  -0.1813850000   8.1549060000   0.0025570000   0.0022830000  -0.0085020000  -0.0023840000  -0.0022200000   0.0081660000  -0.0090360000   0.0091630000   0.0048850000   0.0509540000   0.0011470000   0.0326340000  -0.0420910000  -0.0103740000  -0.0371820000
   6.1971306927   6.6130149381  782  6.40E-01  -0.2166210000   0.3875650000   2.9564660000   0.0067470000  -0.0065830000   1.5345880000  -0.3536530000   0.7846060000  10.1489460000   0.0215060000   0.2432880000   9.1473390000   0.3174580000  -0.2711080000   8.1350010000  -0.0023960000   0.0042210000   0.0148820000   0.0023220000  -0.0041040000  -0.0151750000  -0.0189670000   0.0219390000   0.0373510000   0.0247740000  -0.0252020000  -0.0414430000  -0.0057320000   0.0031450000   0.0043850000
   6.1991801971   6.6108671776  788  3.28E+00  -0.8353450000  -1.2145060000   3.3023210000  -0.2169250000  -1.0507980000   1.9406920000   0.3432910000   3.3056170000   8.6781280000   0.3503420000   2.1987410000   8.3395550000   0.5297140000   1.0559290000   8.1622510000  -0.0083360000  -0.0021440000   0.0181710000   0.0082440000   0.0022690000  -0.0183830000   0.0125770000  -0.0378500000   0.0011900000  -0.0220180000   0.0200540000  -0.0173390000   0.0095340000   0.0176720000   0.0163600000
   6.1994428356   6.6136076131  788  7.51E+00  -1.0198070000  -1.0589990000   3.2675570000  -0.2173390000  -1.0663930000   1.9264010000   0.3421340000   3.3064340000   8.7803800000   0.3211750000   2.2260620000   8.3511810000   0.5664580000   1.1026900000   8.1248320000  -0.0195350000   0.0002410000   0.0324790000   0.0194160000  -0.0001140000  -0.0326890000   0.0186300000  -0.0316550000   0.0036580000  -0.0335450000   0.0135390000  -0.0239550000   0.0150330000   0.0179890000   0.0205070000
   6.1950078167   6.6109136610 1281  3.34E+00   0.1260910000   0.5355620000   2.9600370000  -0.0055650000  -0.0052870000   1.5266040000  -0.5775430000   0.2814410000   8.1064830000   0.0522610000   0.2353730000   9.1473270000   0.5581590000   0.2222020000  10.2171230000   0.0027400000   0.0108780000   0.0286480000  -0.0025580000  -0.0108890000  -0.0290240000  -0.0416090000   0.0044250000  -0.0528270000   0.0382680000  -0.0060650000   0.0291670000   0.0031590000   0.0016500000   0.0240360000
   6.1962399537   6.6142521264 1791  4.81E+00  -1.5594520000  -0.0516500000   2.9113700000  -0.4378270000   0.1316170000   1.8439140000   1.5036190000  -0.8509070000   8.0900140000   0.8314000000  -0.0095690000   8.6276140000   0.1571170000   0.8916930000   9.0420800000  -0.0266260000  -0.0043330000   0.0253710000   0.0265630000   0.0043970000  -0.0253570000   0.0279660000  -0.0311530000  -0.0277410000  -0.0022790000  -0.0068590000   0.0180530000  -0.0256230000   0.0379470000   0.0096740000
   6.1959322476   6.6111349442 2347  1.56E+01  -0.0558760000  -1.8842190000   3.4825930000  -0.0936840000  -1.0430290000   2.0012920000  -0.1608150000   1.6324380000   9.2719320000   0.1627660000   2.0970930000   8.2250530000   0.5100290000   2.8088120000   7.3403890000   0.0013810000  -0.0311440000   0.0549740000  -0.0014300000   0.0310580000  -0.0548330000  -0.0048980000   0.0070120000   0.0319440000  -0.0010110000  -0.0326600000  -0.0327970000   0.0059580000   0.0257330000   0.0007120000
   6.1976681531   6.6104365928 2924  2.31E+00   0.0458690000  -0.2021730000   2.8579360000  -0.0697010000   0.3950890000   1.5791330000   0.6512930000  -0.9267010000   9.9710670000   0.1239740000  -0.5026750000   9.0478220000  -0.3991440000   0.0312980000   8.1713250000  -0.0015120000   0.0080640000  -0.0174820000   0.0016380000  -0.0081650000   0.0171800000  -0.0291260000   0.0319350000  -0.0474580000   0.0030100000  -0.0137630000  -0.0011050000   0.0259900000  -0.0180720000   0.0488650000
   6.1960671439   6.6111673015 3659  1.44E+01   0.0711520000   0.0542000000   2.6481860000   0.4415570000  -0.9652040000   1.9607180000  -0.0867700000   1.1115900000   8.2149430000  -0.7831320000   2.0219430000   8.4610540000  -1.5350630000   2.8752690000   8.4754180000   0.0347950000  -0.0958090000  -0.0646780000  -0.0348650000   0.0958560000   0.0644490000  -0.0154600000   0.0108850000  -0.0115350000  -0.0352100000   0.0554680000   0.0294090000   0.0507410000  -0.0663990000  -0.0176450000
   6.1988398110   6.6107428572 3659  1.53E+01   0.0694840000   0.0429740000   2.6523250000   0.4417010000  -0.9653980000   1.9601780000  -0.0872370000   1.1122380000   8.2136230000  -0.7828190000   2.0222040000   8.4645400000  -1.5354420000   2.8760970000   8.4765570000   0.0368510000  -0.0998800000  -0.0686240000  -0.0369200000   0.0999250000   0.0683930000  -0.0153500000   0.0106910000  -0.0120490000  -0.0340280000   0.0542220000   0.0302490000   0.0494470000  -0.0649580000  -0.0179680000
   6.1995544154   6.6103509389 3659  1.58E+01   0.0670910000   0.0337140000   2.6578140000   0.4418530000  -0.9656150000   1.9596210000  -0.0876860000   1.1128720000   8.2123180000  -0.7824500000   2.0223750000   8.4679760000  -1.5358830000   2.8770060000   8.4777170000   0.0381550000  -0.1017880000  -0.0711830000  -0.0382230000   0.1018310000   0.0709500000  -0.0153170000   0.0106030000  -0.0125250000  -0.0324410000   0.0524950000   0.0310410000   0.0478260000  -0.0631410000  -0.0182830000
   6.1979373881   6.6127317532 3790  4.46E+00   0.5184500000  -1.3051690000   3.5511490000   0.0464590000  -1.4143450000   2.1174670000   0.7043480000   2.6902250000   7.2602200000  -0.0242790000   2.8334020000   8.1328630000  -0.9508150000   3.0162390000   8.8367830000   0.0072060000   0.0016000000   0.0220200000  -0.0073140000  -0.0017900000  -0.0221040000  -0.0583010000   0.0127850000   0.0420100000   0.0713790000  -0.0156570000  -0.0292670000  -0.0129710000   0.0030620000  -0.0126590000
