   6.1982835098   6.0564039283  279  3.46E+00  -0.9978670000  -0.5985980000   2.5835920000   0.3814260000  -0.3684430000   1.8492450000  -0.5259930000   0.4874300000   9.6415130000  -0.6510240000   0.9210130000   8.5826920000  -0.8273510000   1.3866530000   7.5183300000  -0.0366760000  -0.0062320000   0.0194370000   0.0367980000   0.0059310000  -0.0197910000  -0.0084530000   0.0190900000  -0.0407330000   0.0110610000  -0.0187620000   0.0323860000  -0.0027300000  -0.0000270000   0.0087020000
   6.1956197222   6.0558752467  349  2.83E+00  -0.0029660000   1.5713350000   2.4775350000   0.4757400000   0.2874530000   1.9825670000  -1.5220770000  -1.2506390000   8.7100180000  -0.8814960000  -0.3088700000   8.3152330000  -0.1919590000   0.6355740000   7.9914450000  -0.0004090000   0.0009730000   0.0003300000   0.0003020000  -0.0011390000  -0.0005230000  -0.0285990000  -0.0457890000   0.0239200000  -0.0100350000  -0.0037770000  -0.0126870000   0.0387410000   0.0497320000  -0.0110400000
   6.1956392069   6.0599488517  574  4.30E+00  -0.8172270000  -1.0287370000   2.3495210000   0.0113890000   0.0185070000   1.9719890000   0.7614970000   1.0521940000   7.8958230000   0.0194950000   0.2123620000   8.3616350000  -0.7815260000  -0.5515530000   8.8317010000   0.0214980000   0.0271330000  -0.0097470000  -0.0215960000  -0.0272670000   0.0097330000   0.0364130000   0.0492390000  -0.0226610000   0.0022020000  -0.0198240000   0.0007180000  -0.0385160000  -0.0292810000   0.0219570000
   6.1989602031   6.0589157691  906  5.23E+00  -0.9240600000  -0.1353580000   2.2166590000   0.6331930000  -0.2434460000   1.9965990000  -1.8934120000   0.4610230000   7.4583250000  -1.1491930000   0.7597890000   8.3465150000  -0.3479920000   0.8806330000   9.1660120000  -0.0406550000   0.0028150000   0.0056240000   0.0409580000  -0.0027970000  -0.0058980000  -0.0147030000  -0.0187400000  -0.0236650000   0.0398980000   0.0349250000   0.0577250000  -0.0254980000  -0.0162030000  -0.0337860000
   6.1975777039   6.0596391325 1132  3.08E+00  -0.1795950000  -0.9564340000   2.8506200000   0.0063290000   0.0133020000   1.6800190000   0.0643450000   0.4706620000   7.7220950000  -0.0330010000   0.3209460000   8.9133570000  -0.0598620000  -0.0301000000  10.0178520000  -0.0035490000  -0.0184860000   0.0220100000   0.0035060000   0.0183360000  -0.0226220000   0.0079030000  -0.0076460000  -0.0435960000  -0.0130110000   0.0131690000   0.0735620000   0.0051500000  -0.0053730000  -0.0293540000
   6.1995571405   6.0575219205 1183  3.24E+00  -1.2554620000  -1.3940720000   5.6093210000   0.1731150000  -1.5414830000   5.7125240000  -0.2733840000   4.0729410000   2.1341780000  -0.2192460000   3.1111940000   1.4785410000  -0.3475140000   2.0655410000   0.8739400000   0.0067940000  -0.0006710000   0.0005230000  -0.0067370000   0.0007520000  -0.0003260000  -0.0106480000  -0.0169370000  -0.0059990000   0.0282360000   0.0717550000   0.0336450000  -0.0176440000  -0.0549000000  -0.0278440000
   6.1953391527   6.0593861798 1646  6.39E+00   1.0004680000  -1.6315750000   3.0127170000  -0.3036900000  -1.0713240000   2.2587150000   0.4053050000   2.8564270000   6.8179100000   0.5722060000   2.2320130000   7.8367720000   0.6188110000   1.6089280000   8.8298650000   0.0390530000  -0.0168050000   0.0226310000  -0.0390360000   0.0165470000  -0.0226260000  -0.0141550000   0.0271530000  -0.0419470000   0.0213910000  -0.0261600000   0.0407580000  -0.0072540000  -0.0007350000   0.0011840000
   6.1988115782   6.0557113045 1811  2.92E+00  -0.3391470000   1.3976280000   2.0661300000   0.0038570000  -0.0138510000   2.1076000000  -0.5591330000   1.2454690000   8.0041070000  -0.0125420000   0.2229100000   8.1438460000   0.5706510000  -0.7440110000   8.2274900000   0.0001510000  -0.0005870000  -0.0000010000  -0.0001110000   0.0004840000   0.0000200000   0.0130820000  -0.0151920000   0.0004620000   0.0327150000  -0.0694110000   0.0092250000  -0.0458370000   0.0847050000  -0.0097050000
   6.1981196854   6.0581182945 2035  8.45E+00  -1.5176190000  -0.4719150000   3.1280320000  -0.8116500000  -0.2836910000   1.9483060000   1.0580580000   0.9687270000   9.5137710000   1.5328970000   0.8369280000   8.3623390000   1.9403940000   0.5372200000   7.2824560000   0.0182780000   0.0049000000  -0.0306410000  -0.0185220000  -0.0048920000   0.0304720000  -0.0476500000   0.0035510000   0.1119280000   0.0388200000   0.0136210000  -0.0861980000   0.0090740000  -0.0171800000  -0.0255620000
   6.1986197825   6.0597750000 2290  1.05E+00   1.3059860000   0.3044900000   1.9981160000  -0.0322680000  -0.1834290000   2.1459080000   0.9680970000  -0.1061230000   8.1390550000   0.0479790000   0.6004420000   8.0605180000  -0.9252420000   1.2399490000   7.9680610000  -0.0100570000  -0.0036480000   0.0011440000   0.0100610000   0.0036750000  -0.0010850000  -0.0244030000   0.0114120000  -0.0010220000   0.0150130000   0.0016290000  -0.0009950000   0.0093860000  -0.0130680000   0.0019590000
   6.1974211868   6.0576498331 2378 -1.28E-01   1.4422790000   0.0652390000   3.2642770000   1.0868570000  -0.6332510000   2.0320050000  -1.6440500000   1.0229350000   7.1792680000  -2.0214080000   1.4523300000   8.2126990000  -2.3573810000   1.7329770000   9.3026950000   0.0007900000   0.0012690000   0.0021360000  -0.0004600000  -0.0013720000  -0.0025960000   0.0031190000  -0.0109490000   0.0012960000  -0.0049080000   0.0197840000  -0.0083270000   0.0014590000  -0.0087320000   0.0074910000
   6.1970730430   6.0588589674 2383  3.89E+00  -0.6991530000  -0.2319660000   2.5202820000   0.3261220000   0.2694590000   1.7775120000  -0.2449050000   0.3922160000   7.8081530000  -0.5965900000  -0.2082820000   8.7164610000  -0.8919200000  -0.8793150000   9.6135100000   0.0402840000   0.0196630000  -0.0292860000  -0.0403300000  -0.0198040000   0.0288820000  -0.0179740000  -0.0427810000   0.0584440000   0.0053650000   0.0287980000  -0.0319230000   0.0126550000   0.0141240000  -0.0261170000
   6.1993443796   6.0578783642 2978  2.11E+00  -0.4897330000   1.5385160000   2.6869320000  -0.4330820000   0.2101430000   1.8897130000   1.0608980000  -1.1163390000   9.1624050000   0.7888460000  -0.1554710000   8.5116650000   0.5406910000   0.7742860000   7.8421410000  -0.0012790000   0.0295540000   0.0176030000   0.0012480000  -0.0297100000  -0.0178970000   0.0092930000  -0.0290600000   0.0177930000  -0.0124940000   0.0362900000  -0.0220610000   0.0032330000  -0.0070730000   0.0045620000
   6.1985471143   6.0573573782 3171  7.53E+00   0.0660440000   1.5357410000   2.3792400000  -0.1868790000   0.2749870000   1.9552620000   0.5179600000  -1.2814150000   7.7666640000   0.3010660000  -0.2388800000   8.3136710000   0.1851890000   0.6783040000   9.0785350000  -0.0110920000  -0.0551290000  -0.0184600000   0.0110360000   0.0553160000   0.0185080000   0.0123360000  -0.0373070000  -0.0002460000  -0.0143390000   0.0124300000  -0.0409210000   0.0020590000   0.0246880000   0.0411180000
   6.1991458054   6.0567787774 3458 -1.50E-01  -0.4795000000  -0.8679530000   2.6099380000   0.7851650000  -0.5671020000   1.9891950000  -1.7040170000   0.7136440000   7.3602500000  -1.4232360000   1.2952640000   8.3422380000  -1.1186580000   1.8886070000   9.2794970000   0.0058590000   0.0013410000  -0.0029950000  -0.0055500000  -0.0013900000   0.0025700000   0.0024720000   0.0048670000   0.0049010000   0.0077230000   0.0176270000   0.0351500000  -0.0105030000  -0.0224450000  -0.0396260000
   6.1988005836   6.0579053308 3631  7.07E+00  -0.7343060000  -1.4364430000   2.5703140000   0.5584600000  -0.6967220000   2.1736930000   0.0870250000   1.1453920000   7.9254390000  -1.0447270000   1.4469720000   8.0488800000  -2.0455720000   2.0261490000   8.0155950000  -0.0269680000  -0.0153850000   0.0082860000   0.0267850000   0.0153400000  -0.0084020000  -0.0006850000   0.0234130000  -0.0082520000  -0.0465380000  -0.0216800000   0.0174810000   0.0474060000  -0.0016880000  -0.0091140000
   6.1976451979   6.0560651151 3849  3.71E+00  -0.3595080000  -1.3878790000   3.3130540000  -0.4718870000  -1.0134740000   1.9875880000   0.8026330000   2.6201100000   9.3979960000   0.7930600000   2.1011710000   8.3039380000   0.9813900000   1.6392000000   7.2342280000  -0.0033080000   0.0106900000  -0.0382550000   0.0030920000  -0.0109330000   0.0378960000   0.0125100000   0.0305680000   0.0586120000  -0.0259200000  -0.0319710000  -0.0549410000   0.0136260000   0.0016460000  -0.0033120000
   6.1951033404   6.0578139657 3856  3.87E+00  -0.2587580000  -1.5731780000   3.1764920000  -0.9660300000  -0.8256210000   2.1967280000   2.7757670000   2.2390080000   8.2394730000   1.7852880000   1.7267480000   8.0047080000   0.7249160000   1.3748700000   7.5814890000  -0.0082060000   0.0086630000  -0.0115350000   0.0082720000  -0.0088640000   0.0110810000  -0.0681600000  -0.0213360000  -0.0278400000   0.0907100000   0.0153700000   0.0468030000  -0.0226170000   0.0061670000  -0.0185090000
   6.1994864633   6.0566154233 3856  3.96E+00  -0.2515980000  -1.5731940000   3.1687420000  -0.9665160000  -0.8259220000   2.1965410000   2.7752430000   2.2388680000   8.2432570000   1.7855730000   1.7254420000   8.0063620000   0.7272020000   1.3774950000   7.5778850000  -0.0087180000   0.0091020000  -0.0120210000   0.0087830000  -0.0093040000   0.0115680000  -0.0678330000  -0.0209070000  -0.0281890000   0.0885410000   0.0139060000   0.0468010000  -0.0207740000   0.0072020000  -0.0181600000
   6.1958367494   6.0561492113 3910  2.68E+00  -0.0509650000   1.4683180000   2.1994800000  -0.0016730000  -0.0139880000   2.0492670000   0.9556060000  -0.3695730000   8.4453060000   0.0216340000   0.2686350000   8.2776280000  -0.9602800000   0.8329330000   7.9687890000  -0.0004580000   0.0150740000   0.0015220000   0.0006070000  -0.0151400000  -0.0015780000  -0.0581560000   0.0320300000  -0.0188040000   0.0524750000  -0.0214320000   0.0241290000   0.0055310000  -0.0105330000  -0.0052700000
   6.1972369479   6.0562182591 3976  2.64E+00  -0.5568870000  -1.6735360000   2.2980260000   0.7313410000  -0.9621740000   2.5730040000  -2.3768060000   2.1083940000   6.7669060000  -1.3126740000   1.9877290000   7.2406640000  -0.2551860000   1.9978670000   7.8037570000  -0.0150700000  -0.0083070000  -0.0031760000   0.0150270000   0.0083610000   0.0032880000   0.0056410000   0.0084220000   0.0099030000  -0.0378350000  -0.0179360000  -0.0346410000   0.0322360000   0.0094610000   0.0246260000
