   6.2079741830   6.2895795885  508  5.70E+00   1.1627600000   0.7686360000   2.8829730000   0.4988970000   0.2419800000   1.8133440000  -1.9266470000  -0.4305780000   9.1883450000  -0.8959120000  -0.2649990000   8.6477290000   0.0343320000   0.0602520000   8.0831100000  -0.0250970000  -0.0199010000  -0.0405180000   0.0250020000   0.0198530000   0.0402710000  -0.0037070000   0.0122740000  -0.0030270000   0.0861180000   0.0022830000  -0.0423080000  -0.0823150000  -0.0145100000   0.0455820000
   6.2099152133   6.2874844566  629  9.50E-01   0.3285650000  -0.1223740000   2.8090880000  -0.3506830000   0.2624350000   1.6111990000   0.4165240000  -0.0635130000   7.8431820000   0.5852240000  -0.2564140000   9.0122490000   0.8748500000  -0.3592760000  10.1688460000  -0.0056850000   0.0032060000  -0.0102420000   0.0056530000  -0.0032260000   0.0097330000   0.0023360000   0.0110450000  -0.0335390000  -0.0203180000  -0.0125290000  -0.0086320000   0.0180150000   0.0015040000   0.0426790000
   6.2098106615   6.2853261585 1099  4.45E+00   0.2773730000  -0.4948660000   2.8398590000  -0.0005160000   0.0038460000   1.6144860000   0.2368820000  -0.0262850000   7.8952550000   0.0240360000   0.3296140000   8.9894770000  -0.2698270000   0.4784850000  10.1155130000  -0.0125410000   0.0224810000  -0.0554160000   0.0124890000  -0.0224220000   0.0549330000  -0.0086750000  -0.0086930000   0.0208510000   0.0135250000   0.0230890000  -0.0201810000  -0.0047980000  -0.0144550000  -0.0001870000
   6.2052586385   6.2853334670 1133  4.96E+00  -0.6292330000  -1.1824360000   2.1768450000   0.0061050000   0.0093310000   2.0508550000   1.0101920000   0.8461370000   8.1987800000   0.0277810000   0.2319410000   8.1829340000  -1.0218930000  -0.3046840000   8.2799000000   0.0269430000   0.0505020000  -0.0052950000  -0.0268850000  -0.0504870000   0.0054250000  -0.0328920000  -0.0123570000   0.0086880000   0.0457460000   0.0112270000  -0.0189450000  -0.0129120000   0.0011150000   0.0101270000
   6.2098025975   6.2868354309 1145  4.85E+00   1.2517600000  -0.5348490000   2.4060340000  -0.1040990000  -0.5013550000   2.0115990000  -0.1170510000   0.0121690000   8.2774130000   0.0766290000   1.1892720000   8.2548050000   0.5005610000   2.3203100000   8.3289260000  -0.0204080000   0.0005420000  -0.0059090000   0.0203820000  -0.0004060000   0.0059230000   0.0087070000  -0.0320420000   0.0079940000  -0.0425050000  -0.0195590000  -0.0183380000   0.0338240000   0.0514640000   0.0103290000
   6.2076354468   6.2885579160 1176  2.01E+00   0.8893160000  -1.1457190000   3.0022140000   0.2915880000  -0.5787840000   1.8805440000   0.2154090000   1.8611450000   9.2335980000  -0.5669150000   1.3656450000   8.4892150000  -1.3021200000   0.7641170000   7.8137280000  -0.0143360000   0.0136750000  -0.0270220000   0.0145250000  -0.0136280000   0.0268770000   0.0188390000   0.0033530000   0.0203650000  -0.0348690000  -0.0078520000  -0.0388020000   0.0158410000   0.0044520000   0.0185830000
   6.2051206065   6.2870099496 1380  5.00E+00   0.2956180000   1.5071770000   2.8567310000   0.1090060000   0.4174730000   1.7630770000  -0.7108630000   0.2583460000   7.9943680000  -0.1569380000  -0.5722020000   8.6855300000   0.2656490000  -1.3210390000   9.5014140000   0.0043750000   0.0250960000   0.0250900000  -0.0041900000  -0.0252180000  -0.0253940000  -0.0353940000   0.0456010000  -0.0246780000   0.0341130000  -0.0344670000  -0.0000620000   0.0010960000  -0.0110120000   0.0250440000
   6.2088899819   6.2859121629 1380  4.84E+00   0.2908550000   1.5031340000   2.8520450000   0.1091050000   0.4178230000   1.7622550000  -0.7117640000   0.2559510000   7.9922360000  -0.1571600000  -0.5715940000   8.6868630000   0.2665210000  -1.3205950000   9.5069440000   0.0040750000   0.0238750000   0.0238780000  -0.0038910000  -0.0239950000  -0.0241790000  -0.0356920000   0.0457640000  -0.0253380000   0.0322270000  -0.0307420000  -0.0034780000   0.0032810000  -0.0149020000   0.0291160000
   6.2086331874   6.2894746247 1449  1.51E+00  -0.9685600000  -0.6142840000   2.1378250000   0.3300520000  -0.0597310000   2.0352170000  -0.5156950000   1.5389930000   8.2951280000  -0.5883060000   0.3630130000   8.2572550000  -0.6300040000  -0.7868190000   8.2083140000   0.0177920000   0.0076200000  -0.0013690000  -0.0178000000  -0.0075760000   0.0014400000   0.0022500000   0.0059300000   0.0008120000  -0.0059760000  -0.0560390000  -0.0038410000   0.0037350000   0.0500650000   0.0029580000
   6.2072106820   6.2877826498 1575  5.22E+00   1.0473340000  -1.6380180000   3.6030900000   1.4666590000  -0.6374430000   2.4736900000  -3.8120700000   1.6293960000   7.1469620000  -2.7183390000   1.3971940000   7.4936760000  -1.5381190000   1.2961590000   7.6475380000  -0.0104140000  -0.0248030000   0.0278860000   0.0103640000   0.0246910000  -0.0281340000   0.0122100000   0.0073200000  -0.0097740000  -0.0428420000  -0.0142690000   0.0176310000   0.0306830000   0.0070610000  -0.0076100000
   6.2087177401   6.2880412431 1873  2.88E+00   1.3265890000   0.2950450000   2.4705740000  -0.0122990000  -0.0020410000   1.8645030000   0.8906260000  -0.2887920000   8.0807690000   0.0040460000   0.2884850000   8.5367930000  -0.9158180000   0.7515030000   9.0444510000   0.0163610000   0.0036870000   0.0073890000  -0.0165190000  -0.0035600000  -0.0074790000  -0.0451470000   0.0191770000   0.0279640000   0.0014130000   0.0126090000  -0.0070590000   0.0438910000  -0.0319120000  -0.0208160000
   6.2069426293   6.2870363759 2348  3.53E+00   0.6746170000  -1.5078610000   3.0870110000   0.0483090000  -0.6878830000   1.9596190000  -0.5370780000   0.7914190000   9.1821150000  -0.0671340000   1.5851750000   8.4170270000   0.3037050000   2.2367220000   7.5191410000   0.0115270000  -0.0151310000   0.0207840000  -0.0115610000   0.0149750000  -0.0208440000  -0.0216380000  -0.0344530000   0.0171090000   0.0321400000   0.0500230000  -0.0199850000  -0.0104680000  -0.0154140000   0.0029360000
   6.2096744737   6.2852148943 2479  5.34E+00   1.1033190000  -1.7446490000   2.8956930000   0.3801320000  -0.5545520000   2.1564990000   0.3419520000   0.9688260000   8.4097810000  -0.6980700000   1.3410200000   7.9744430000  -1.7858990000   1.5916330000   7.6525090000   0.0189290000  -0.0311660000   0.0193980000  -0.0189570000   0.0312470000  -0.0193200000   0.0118770000  -0.0130460000   0.0154670000  -0.0337060000   0.0263890000  -0.0320110000   0.0218560000  -0.0134230000   0.0164660000
   6.2070784360   6.2860317372 2595  2.84E+00   0.6725570000   0.5163270000   3.0078250000   0.3330810000   0.5818110000   1.6620740000  -0.6740930000  -0.7372690000   7.7250620000  -0.6897090000  -0.7739160000   8.9245240000  -0.5140010000  -0.9323200000  10.0862190000  -0.0084850000   0.0017170000  -0.0340820000   0.0086200000  -0.0015540000   0.0336070000   0.0118300000  -0.0068020000  -0.0377320000  -0.0272060000   0.0173770000   0.0167840000   0.0152420000  -0.0107380000   0.0214230000
   6.2060498940   6.2881729061 2595  2.80E+00   0.6792940000   0.5155540000   3.0140560000   0.3331910000   0.5821170000   1.6609620000  -0.6747450000  -0.7417190000   7.7250070000  -0.6925280000  -0.7728280000   8.9278730000  -0.5122090000  -0.9301630000  10.0889200000  -0.0072570000   0.0014780000  -0.0288230000   0.0073930000  -0.0013120000   0.0283440000   0.0123080000  -0.0070780000  -0.0428620000  -0.0281230000   0.0178540000   0.0221690000   0.0156780000  -0.0109420000   0.0211720000
   6.2077808070   6.2851135062 2746  1.28E+01   0.3612140000  -2.0739120000   4.2064730000   0.0548050000  -1.6632730000   2.6909250000  -0.1200470000   2.8058110000   8.1214730000  -0.1065850000   3.4255440000   7.0478970000  -0.0964060000   3.7477680000   5.8847350000   0.0089200000  -0.0119510000   0.0441110000  -0.0089140000   0.0118440000  -0.0441160000  -0.0012900000  -0.0639800000   0.0802050000   0.0010710000   0.0644220000  -0.0238900000   0.0002140000  -0.0003350000  -0.0563110000
   6.2083829871   6.2865608934 2827  2.09E+00   0.5752120000   0.4618860000   2.5695150000  -0.1831500000  -0.5462210000   1.7618260000   0.8502550000   0.7223500000   7.8317230000   0.3532640000   1.3075070000   8.7160330000  -0.2369970000   1.6826430000   9.6655010000   0.0089790000   0.0120430000   0.0094880000  -0.0091330000  -0.0119940000  -0.0098540000  -0.0125160000  -0.0061520000   0.0180370000   0.0225300000   0.0178150000  -0.0283910000  -0.0098600000  -0.0117110000   0.0107200000
   6.2084250286   6.2891741849 3038  7.32E+00   1.9506010000   1.1377920000   2.8998630000   1.0560940000  -0.0245670000   2.2999760000  -2.8025520000  -0.3602110000   7.2549640000  -1.9141260000   0.2785030000   7.6821270000  -1.1578090000   0.8898230000   8.3099460000   0.0243300000   0.0316750000   0.0164110000  -0.0244090000  -0.0316600000  -0.0162440000  -0.0032400000   0.0030580000   0.0188970000   0.0399390000   0.0202980000  -0.0124940000  -0.0366190000  -0.0233710000  -0.0065690000
   6.2097855402   6.2873418908 3140  4.92E+00   0.2003850000  -0.8279390000   2.5255820000   1.4449970000  -1.3316390000   2.8649600000  -2.9532790000   3.7971950000   6.4560330000  -2.5813210000   2.7267320000   6.7903050000  -2.3382270000   1.5462190000   6.9802750000   0.0340070000  -0.0137130000   0.0092080000  -0.0338370000   0.0137640000  -0.0094610000  -0.0134620000   0.0096770000  -0.0130640000   0.0084670000   0.0616020000   0.0099160000   0.0048250000  -0.0713300000   0.0034010000
   6.2081872896   6.2854860244 3288  2.78E+00   0.5280900000   1.3978310000   2.5769030000   0.2951580000   0.2170760000   1.9008810000   0.0287630000   0.7825400000   8.1552090000  -0.5733650000  -0.1779980000   8.4798810000  -1.1057020000  -1.1334430000   8.8243540000  -0.0069090000  -0.0349500000  -0.0200560000   0.0068090000   0.0347830000   0.0199200000   0.0050290000   0.0008610000   0.0033000000  -0.0356150000  -0.0475110000   0.0113620000   0.0306880000   0.0468160000  -0.0145260000
   6.2084384847   6.2869914179 3335  4.09E+00  -1.3142150000  -0.2252140000   2.3024920000   0.0109480000   0.0032810000   2.0137980000  -1.1711170000   0.3747250000   8.1774830000   0.0172150000   0.2800360000   8.3453990000   1.1863180000   0.1005290000   8.3563850000   0.0425450000   0.0073290000  -0.0092750000  -0.0424600000  -0.0073220000   0.0092490000  -0.0477760000  -0.0013550000  -0.0144700000   0.0324860000   0.0089600000   0.0226660000   0.0152040000  -0.0076100000  -0.0081700000
   6.2096604281   6.2869678618 3566  4.98E+00   1.7719130000  -0.7963300000   3.4067370000   0.8378860000  -1.3964530000   2.5968910000  -0.6723730000   2.0895830000   7.6061460000  -1.5401420000   2.8418340000   7.1953960000  -2.4676930000   3.4891340000   6.8093510000  -0.0305390000  -0.0196070000  -0.0265360000   0.0304730000   0.0196260000   0.0263120000   0.0469550000  -0.0490090000   0.0269500000  -0.0104030000   0.0315320000  -0.0150040000  -0.0364870000   0.0174580000  -0.0117220000
   6.2095816954   6.2871579821 3794  3.86E+00  -0.3274470000   1.3113950000   2.7871130000   0.0102290000   0.2478010000   1.7213260000   0.0117730000  -0.9584730000   7.8916790000  -0.0948740000  -0.2096630000   8.8030250000   0.0289940000   0.4833400000   9.7287980000  -0.0071540000   0.0225540000   0.0225070000   0.0071070000  -0.0223100000  -0.0227350000   0.0163180000  -0.0089170000  -0.0025560000  -0.0294700000   0.0261410000   0.0193500000   0.0131980000  -0.0174680000  -0.0165670000
