   6.2016275174   6.7276257269  711  1.10E+00   0.4636050000  -0.2967940000   3.0604520000   0.4758490000  -0.9887800000   1.8192110000  -1.6176850000   2.8089120000   9.1135370000  -0.8257220000   2.0782930000   8.6422780000  -0.1681620000   1.2755020000   8.1215300000   0.0001130000  -0.0080320000  -0.0145430000  -0.0001650000   0.0080420000   0.0142670000  -0.0104370000  -0.0036970000  -0.0021810000   0.0384840000  -0.0146340000  -0.0106360000  -0.0279940000   0.0183210000   0.0130920000
   6.2032328533   6.7296432363  795  3.49E+00  -1.1991270000   0.2476700000   2.6502130000   0.0150730000  -0.0010160000   1.7823860000  -0.4099120000  -0.8317600000   9.0148330000   0.0624050000   0.2311480000   8.7237920000   0.3633350000   1.3353830000   8.3688000000  -0.0185980000   0.0037800000   0.0133240000   0.0186040000  -0.0038730000  -0.0132990000  -0.0271020000  -0.0357410000   0.0077060000   0.0271640000  -0.0034040000   0.0063240000  -0.0000680000   0.0392380000  -0.0140540000
   6.2032681310   6.7284262149  837  8.14E+00   0.7706100000   0.6625300000   2.3412230000  -0.1389850000  -0.2373710000   1.8794330000  -0.7155910000  -0.0795510000   8.5812490000   0.2693440000   0.6737170000   8.5241950000   1.1589690000   1.4052170000   8.4870150000  -0.0364840000  -0.0361110000  -0.0184600000   0.0365620000   0.0361670000   0.0185420000  -0.0825490000  -0.0600030000   0.0072080000   0.1171830000   0.0850600000  -0.0108210000  -0.0347110000  -0.0251130000   0.0035310000
   6.2028111207   6.7278606502 1073  2.26E+00  -0.3443960000   0.0162020000   2.9589570000   0.0039840000  -0.0012980000   1.5593660000   0.2177120000   1.1043880000   9.8971830000  -0.0507450000   0.2241400000   9.1513230000  -0.1778170000  -0.5795110000   8.2598680000   0.0013700000   0.0000070000  -0.0056010000  -0.0013600000   0.0001500000   0.0053260000   0.0135370000   0.0209340000   0.0055030000  -0.0169310000   0.0071710000   0.0380950000   0.0033840000  -0.0282620000  -0.0433230000
   6.2042475880   6.7253994829 1626  4.73E+00   1.4023130000   0.5883080000   2.8636300000   0.4253990000   0.7314830000   1.8831510000  -0.3491670000  -0.2931260000   9.2545760000  -0.7412210000  -1.0681720000   8.4452090000  -1.3072990000  -1.9075970000   7.8215020000  -0.0236290000   0.0034700000  -0.0236170000   0.0236730000  -0.0034130000   0.0237720000  -0.0048110000   0.0084620000   0.0261180000   0.0256330000   0.0099770000  -0.0292470000  -0.0208660000  -0.0184970000   0.0029730000
   6.2034262700   6.7281555952 1632  4.98E+00   0.9585770000   0.9460160000   3.7895030000   1.3057890000   1.5977100000   2.4192880000  -2.5182500000  -1.8002830000   6.7894650000  -2.4217020000  -2.6412320000   7.5561810000  -2.2456080000  -3.5682340000   8.2180670000  -0.0079590000  -0.0151460000   0.0318640000   0.0082220000   0.0152260000  -0.0319830000   0.0115220000  -0.0655750000   0.0460970000  -0.0100290000   0.0329660000  -0.0102230000  -0.0017560000   0.0325290000  -0.0357550000
   6.2001734761   6.7280498928 1758  4.32E+00  -0.2140580000   1.1642020000   3.2677540000  -0.3664700000   0.9161950000   1.7382330000   0.6524410000  -0.8536400000   9.7935430000   0.6426320000  -1.4870320000   8.8066340000   0.7088660000  -1.9914230000   7.7095030000   0.0035350000   0.0058940000   0.0357350000  -0.0036090000  -0.0056580000  -0.0358670000   0.0047790000   0.0083500000  -0.0052970000  -0.0125520000   0.0061560000   0.0581180000   0.0078480000  -0.0147430000  -0.0526880000
   6.2001580931   6.7263612639 1902  6.54E+00   0.5876240000  -0.9898190000   2.7024840000   1.1412210000  -1.9977490000   3.5242300000  -2.6569710000   2.9668120000   6.0083410000  -2.1112110000   3.8850110000   5.4217270000  -1.4947050000   4.8440040000   5.1516590000   0.0081070000  -0.0146800000   0.0120190000  -0.0080480000   0.0148050000  -0.0121260000  -0.0237100000  -0.0419510000   0.0496810000   0.0234030000   0.0444100000  -0.0712550000   0.0002490000  -0.0025840000   0.0216810000
   6.2046098026   6.7273710479 2244  2.22E+00   1.0752910000  -0.9287890000   3.6287490000   1.6760560000  -0.6031710000   2.3781270000  -4.2293240000   1.3592060000   7.4417740000  -3.0856210000   1.3143860000   7.6477240000  -1.8926870000   1.4126650000   7.7127310000   0.0060260000   0.0032310000  -0.0126820000  -0.0060620000  -0.0033570000   0.0124660000   0.0229740000   0.0087200000  -0.0050670000  -0.0587280000  -0.0213080000   0.0112030000   0.0357900000   0.0127140000  -0.0059200000
   6.2004315157   6.7278698794 2467  3.23E+00  -0.4143750000   0.9727340000   2.6001690000  -0.8300770000  -0.2010510000   1.9165360000   0.4012840000   0.8535220000   8.4461500000   1.4997190000   0.5496910000   8.4825690000   2.6445950000   0.3643170000   8.4517410000  -0.0048750000  -0.0138960000  -0.0080690000   0.0049670000   0.0138430000   0.0080670000   0.0807750000  -0.0122340000  -0.0008380000  -0.0499330000  -0.0023020000   0.0038970000  -0.0309340000   0.0145880000  -0.0030560000
   6.2038094800   6.7293587533 2862  5.72E+00  -0.6364990000   0.0307360000   2.7106910000   0.2038540000  -1.0365530000   1.8798110000   0.1417090000   1.7916940000   9.5025070000  -0.3292170000   2.1717450000   8.5252340000  -0.8725650000   2.4405200000   7.5398070000  -0.0236390000   0.0299890000   0.0233370000   0.0237670000  -0.0301840000  -0.0234700000  -0.0272250000   0.0097000000  -0.0453070000   0.0115960000   0.0081780000   0.0061340000   0.0155000000  -0.0176830000   0.0393060000
   6.2001483958   6.7251536023 2930  2.66E+00   0.0471560000  -0.2274640000   2.6549860000   1.1428100000  -0.8122040000   2.0695060000  -2.3945240000   1.9662810000   7.0690040000  -2.0437520000   1.7078070000   8.1617700000  -1.7816820000   1.5100240000   9.3022870000   0.0365630000  -0.0195340000  -0.0195010000  -0.0363950000   0.0194000000   0.0195040000  -0.0066090000   0.0046490000   0.0043810000   0.0072090000  -0.0047170000  -0.0306650000  -0.0007690000   0.0002010000   0.0262820000
   6.2018501207   6.7274506457 3764  7.44E-01   0.7917990000   0.6719280000   2.7448780000  -0.0078240000  -0.0041470000   1.6888980000  -0.2075720000   1.2364090000   8.2979610000  -0.0135210000   0.2548150000   8.8800570000   0.2069110000  -0.7616460000   9.4293020000   0.0074390000   0.0062140000   0.0097870000  -0.0074070000  -0.0063540000  -0.0098370000   0.0079300000  -0.0338420000   0.0182850000  -0.0100730000   0.0379560000  -0.0177370000   0.0021110000  -0.0039740000  -0.0004970000
   6.2025869561   6.7257999217 3808  6.49E+00   0.1533120000   0.9385500000   2.4861990000  -0.4693090000  -0.3448140000   1.8292400000   1.3347290000  -0.1592830000   8.3059220000   0.8262880000   0.8080010000   8.6507870000   0.3791660000   1.9033470000   8.9088460000   0.0157960000   0.0325780000   0.0167190000  -0.0158330000  -0.0325550000  -0.0166720000  -0.0218490000   0.0581660000   0.0135300000   0.0380700000  -0.1165750000  -0.0208200000  -0.0161840000   0.0583850000   0.0072440000
   6.2029985855   6.7280071740 3819  7.69E+00  -0.1112620000   0.3411040000   2.9869390000   0.3737350000   0.0852840000   1.5026480000  -0.4878460000   0.2846820000  10.3227080000  -0.6374720000   0.1495310000   9.1646080000  -0.8931220000  -0.1566810000   8.1058750000  -0.0129980000   0.0069510000   0.0398450000   0.0131330000  -0.0068490000  -0.0401200000  -0.0087220000  -0.0134430000   0.0022690000  -0.0066260000  -0.0018790000  -0.1086600000   0.0152130000   0.0152200000   0.1066660000
