   6.2082288328   6.8156208438  107  3.25E+00  -0.6643180000  -0.7786280000   2.8054230000   0.0045070000   0.0070340000   1.6689860000   0.8379690000   0.8840460000   9.3944610000  -0.0064660000   0.2826330000   8.8867930000  -0.8137710000  -0.3946180000   8.4233760000  -0.0130680000  -0.0153710000   0.0222560000   0.0131860000   0.0154760000  -0.0223160000  -0.0293340000  -0.0283880000  -0.0151520000  -0.0123110000   0.0012260000  -0.0122400000   0.0415270000   0.0270570000   0.0274530000
   6.2088354533   6.8185630456  225  2.14E+00   0.5010260000   0.5989400000   2.7803170000  -0.0064220000  -0.0086430000   1.6106740000  -0.1890690000  -0.7183370000   8.3897430000   0.0435070000   0.2778930000   8.9639440000   0.1569160000   1.2028260000   9.6629830000  -0.0076290000  -0.0090900000  -0.0175970000   0.0076810000   0.0092620000   0.0175640000  -0.0061570000   0.0040430000   0.0156890000   0.0163030000   0.0168380000  -0.0128240000  -0.0101980000  -0.0210530000  -0.0028320000
   6.2060547417   6.8155884765  431  5.16E+00  -0.2340710000   0.5143000000   2.8222910000  -0.3273380000  -0.4631720000   1.6163090000   1.3204640000   0.7323270000   9.8841120000   0.6070520000   1.0158520000   8.9505920000  -0.1266250000   1.4735470000   8.1478540000   0.0022090000   0.0224730000   0.0277370000  -0.0020960000  -0.0226210000  -0.0278740000   0.0325540000  -0.0026780000   0.0526990000  -0.0274030000  -0.0107630000  -0.0578210000  -0.0052630000   0.0135890000   0.0052590000
   6.2061246986   6.8175871394  523  6.64E+00  -0.0364310000  -0.9490510000   3.1266570000  -0.2375520000  -0.4274570000   1.6417190000  -0.1794310000   0.1980160000   8.4303050000   0.3451330000   1.0907320000   8.9755610000   1.1090300000   1.8654650000   9.4368300000   0.0055650000  -0.0143120000   0.0407330000  -0.0055110000   0.0144040000  -0.0409420000   0.0240210000   0.0055700000   0.0042040000  -0.0458240000  -0.0034030000  -0.0022860000   0.0217490000  -0.0022590000  -0.0017080000
   6.2071897428   6.8158843885  694  2.47E+00   0.2726440000   1.0615440000   2.6604850000  -0.0047290000  -0.0164830000   1.7375170000   0.7686430000   1.1409850000   9.0579510000  -0.0308000000   0.2642480000   8.8087730000  -0.7390780000  -0.6362400000   8.4853250000  -0.0007350000  -0.0028630000  -0.0024190000   0.0007590000   0.0029140000   0.0024570000   0.0475200000   0.0449020000   0.0099370000  -0.0348990000  -0.0207420000   0.0010490000  -0.0126460000  -0.0242100000  -0.0110240000
   6.2079202914   6.8172365252  756  8.51E+00   0.9596050000  -0.4788060000   3.2600920000   0.8501700000  -0.1674250000   1.7014190000  -2.6086620000   0.9946360000   9.2959660000  -1.5731730000   0.5662000000   8.8306640000  -0.5167780000   0.1343200000   8.3733840000   0.0030660000  -0.0087980000   0.0439560000  -0.0031430000   0.0088350000  -0.0442220000  -0.0614920000   0.0257020000   0.0289460000  -0.0141230000   0.0049740000   0.0016930000   0.0756920000  -0.0307130000  -0.0303730000
   6.2066510972   6.8171047336  756  7.59E+00   0.8732860000  -0.4107770000   3.2310620000   0.8571980000  -0.1695590000   1.6922570000  -2.6016930000   1.0051610000   9.3497270000  -1.5906660000   0.5673340000   8.8430810000  -0.5402740000   0.1293150000   8.3578900000   0.0003440000  -0.0056390000   0.0359240000  -0.0004220000   0.0056790000  -0.0362060000  -0.0588790000   0.0263500000   0.0319980000  -0.0248920000   0.0077860000   0.0034760000   0.0838480000  -0.0341770000  -0.0351920000
   6.2050877076   6.8164169361  793  4.38E-01   0.2111170000   0.1121270000   2.9436740000  -0.0033900000  -0.0033100000   1.5189690000   0.7381910000   0.4701370000  10.0708850000   0.0201860000   0.2586720000   9.1440920000  -0.7497160000   0.0328180000   8.2943090000  -0.0005450000  -0.0003170000  -0.0041880000   0.0007090000   0.0003540000   0.0040270000   0.0153620000   0.0046030000   0.0297440000  -0.0210570000  -0.0063850000  -0.0464090000   0.0055310000   0.0017450000   0.0168260000
   6.2088613408   6.8174231354  873  1.11E+01   0.9880310000   0.7297910000   3.3552080000   2.3436910000   0.5818970000   3.0314750000  -3.3079120000  -0.1587130000   6.7715470000  -4.2379050000  -0.8327410000   6.3213580000  -5.2779230000  -1.4805920000   6.1329180000   0.0266210000  -0.0029460000  -0.0064370000  -0.0265910000   0.0028670000   0.0062360000   0.0609990000   0.0502950000   0.0469830000   0.0312790000   0.0023300000  -0.0445910000  -0.0923080000  -0.0525470000  -0.0021910000
   6.2060445130   6.8170343483 1019  2.68E+00   0.2924590000  -0.7779760000   2.7839990000  -0.0035910000   0.0051320000   1.6695520000   0.4539700000   1.2083440000   9.3713740000   0.0317020000   0.2447070000   8.8996440000  -0.4782630000  -0.6809850000   8.4353400000  -0.0067990000   0.0181470000  -0.0257560000   0.0068900000  -0.0180190000   0.0257120000  -0.0234450000  -0.0359160000  -0.0175370000   0.0085150000  -0.0058360000  -0.0042960000   0.0148380000   0.0416240000   0.0218770000
   6.2097833822   6.8159282167 1110  2.09E+00  -1.2473100000  -0.5346700000   2.9778810000  -0.6458710000   0.1546260000   1.7741650000   2.0200140000  -0.8249230000   8.9720100000   1.2163810000  -0.0200990000   8.6547510000   0.3710760000   0.7891300000   8.4838670000  -0.0090120000  -0.0104330000   0.0181660000   0.0091290000   0.0103300000  -0.0181640000   0.0054860000  -0.0075960000   0.0133810000   0.0042470000  -0.0000120000  -0.0229180000  -0.0098500000   0.0077120000   0.0095350000
   6.2080444844   6.8168071779 1124  2.25E+00   0.4082780000  -0.6796120000   2.7331030000   0.1027610000   0.3900980000   1.6863260000  -0.4110840000  -1.4205950000   8.2381360000  -0.2376130000  -0.4500910000   8.9031890000   0.0505260000   0.5407270000   9.4853460000   0.0055890000  -0.0194370000   0.0190450000  -0.0055620000   0.0195880000  -0.0191200000   0.0036430000  -0.0178730000  -0.0164190000  -0.0157640000  -0.0005900000   0.0108340000   0.0120940000   0.0183120000   0.0056600000
   6.2057150453   6.8180217438 1301  4.24E+00  -1.4142280000  -1.2468480000   3.4937820000  -0.3899060000  -1.6526790000   2.6298440000   0.7181170000   2.4568960000   7.9561090000   0.6570200000   3.3093580000   7.1628170000   0.8250490000   4.0788910000   6.3137810000   0.0207690000  -0.0081730000  -0.0174950000  -0.0207990000   0.0082630000   0.0175180000   0.0155180000   0.0141280000  -0.0207120000  -0.0264700000   0.0175850000  -0.0056880000   0.0109820000  -0.0318030000   0.0263770000
   6.2076805529   6.8160229483 1982  6.38E+00   0.3803990000  -0.8795830000   3.0096180000  -0.3359400000  -0.5598070000   1.7001210000   1.6261080000   1.6820700000   9.3285920000   0.6014800000   1.1967590000   8.8555760000  -0.4238350000   0.9584320000   8.3443210000   0.0130020000  -0.0057810000   0.0236770000  -0.0128790000   0.0057550000  -0.0237140000   0.0683430000   0.0473700000   0.0300270000  -0.0764750000  -0.0644450000  -0.0332890000   0.0080100000   0.0171010000   0.0032980000
   6.2065217002   6.8191021788 2261  4.10E+00  -0.3363260000   1.1230560000   2.5027690000  -0.0302080000  -0.1513500000   1.8051070000   0.2372080000  -0.6362490000   8.9350470000   0.1520660000   0.5311540000   8.6616680000  -0.1793120000   1.6103070000   8.3910380000  -0.0026250000   0.0110240000   0.0060820000   0.0026900000  -0.0110620000  -0.0060200000  -0.0132830000  -0.0445010000   0.0104550000   0.0205560000   0.0788060000  -0.0193690000  -0.0073380000  -0.0342680000   0.0088520000
   6.2051492114   6.8176090445 2527  7.99E+00   0.8032960000  -0.0446130000   2.5445490000  -0.1784820000  -0.6144820000   1.8156000000   1.2740500000   0.9211930000   9.1820180000   0.3127970000   1.3003490000   8.5822940000  -0.6680920000   1.8619990000   8.1486180000  -0.0457490000  -0.0265910000  -0.0339160000   0.0458570000   0.0265210000   0.0340200000   0.0279090000  -0.0004800000   0.0287870000   0.0183250000  -0.0365100000  -0.0202940000  -0.0463420000   0.0370600000  -0.0085970000
   6.2084672766   6.8191181807 2667  9.20E+00  -0.6249820000   0.1320180000   2.7727790000  -2.1844340000   0.2623420000   2.7898350000   3.9418900000  -0.1964000000   8.0788730000   4.0331380000  -0.3167490000   6.8526800000   3.9794140000  -0.1966580000   5.6702290000   0.0382120000  -0.0032110000  -0.0004110000  -0.0383860000   0.0031870000   0.0004350000  -0.0144530000   0.0225630000   0.0947070000   0.0226130000  -0.0386510000  -0.0722800000  -0.0079860000   0.0161120000  -0.0224510000
   6.2078535147   6.8166386992 2763  6.04E+00  -0.4993070000  -1.4213750000   3.3947280000  -0.4433970000  -1.1194170000   2.0455430000   0.1292710000   1.8898020000   9.1163230000   0.8390360000   2.2872040000   8.1898010000   1.4867560000   2.7610680000   7.3069980000   0.0015540000   0.0084340000  -0.0375640000  -0.0015870000  -0.0084560000   0.0376580000  -0.0567320000  -0.0252470000   0.0730710000   0.0401080000   0.0058110000  -0.0498750000   0.0166560000   0.0194590000  -0.0232900000
   6.2051785827   6.8197116479 2900  3.07E+00  -1.3759270000   0.8373190000   3.6896520000  -2.1767730000   0.0631900000   2.8385960000   4.0004130000  -0.3394440000   5.7001910000   3.9888250000   0.1724400000   6.7362260000   3.9632100000   0.5293260000   7.8350420000  -0.0156470000  -0.0150980000  -0.0165790000   0.0155730000   0.0151900000   0.0166730000   0.0001240000   0.0092690000   0.0474920000  -0.0007370000   0.0151320000  -0.0123720000   0.0006870000  -0.0244920000  -0.0352140000
   6.2062763451   6.8173076349 3284  2.95E+00  -0.5024640000   0.3963420000   2.1565510000   0.3660980000  -0.7029950000   2.0226260000   0.0167290000   0.6130900000   8.7025620000  -0.6407130000   1.5284160000   8.2571380000  -1.3324730000   2.4131620000   7.8626750000   0.0148970000  -0.0188400000  -0.0022360000  -0.0148920000   0.0188650000   0.0023340000   0.0319910000  -0.0489050000   0.0273260000  -0.0117900000   0.0271550000  -0.0213830000  -0.0202050000   0.0217250000  -0.0060410000
