   6.2093223867   6.4181127779  105  3.73E+00   0.1561690000   1.4497640000   2.5008160000  -0.0011290000   0.2043300000   1.8898030000   0.2312270000   0.9415600000   8.2611980000  -0.0460180000  -0.1379780000   8.5003060000  -0.2008800000  -1.2621200000   8.7631530000  -0.0034920000  -0.0275490000  -0.0135000000   0.0034380000   0.0274360000   0.0135170000  -0.0103180000  -0.0789470000   0.0203690000  -0.0020660000   0.0579890000  -0.0175830000   0.0124380000   0.0210710000  -0.0028030000
   6.2072791081   6.4171626337  105  3.43E+00   0.1441730000   1.4576280000   2.5064460000  -0.0009570000   0.2044030000   1.8889090000   0.2295420000   0.9406070000   8.2595330000  -0.0445620000  -0.1389560000   8.5019120000  -0.2003900000  -1.2612950000   8.7677200000  -0.0026810000  -0.0230350000  -0.0113360000   0.0026280000   0.0229190000   0.0113500000  -0.0104270000  -0.0789890000   0.0206230000  -0.0019350000   0.0561960000  -0.0173320000   0.0124150000   0.0229080000  -0.0033050000
   6.2052345214   6.4162017327  105  3.14E+00   0.1322310000   1.4659470000   2.5122990000  -0.0007860000   0.2044710000   1.8880130000   0.2278700000   0.9397530000   8.2578420000  -0.0431040000  -0.1400270000   8.5035460000  -0.1999160000  -1.2604990000   8.7722910000  -0.0019520000  -0.0183800000  -0.0090830000   0.0018990000   0.0182620000   0.0090940000  -0.0104190000  -0.0785380000   0.0207660000  -0.0019320000   0.0538080000  -0.0169320000   0.0124030000   0.0248470000  -0.0038450000
   6.2084934955   6.4174075327  607  1.93E+00   1.6536140000  -0.7494050000   3.6661570000   1.1007300000  -1.0878430000   2.3729740000  -1.0183820000   1.6404090000   7.7812200000  -2.0731820000   2.2159390000   7.6490100000  -3.0267840000   2.8639340000   7.3956990000  -0.0013880000  -0.0008920000  -0.0033890000   0.0013470000   0.0008320000   0.0031170000   0.0515320000  -0.0199790000  -0.0000020000  -0.0448720000   0.0069050000   0.0103960000  -0.0066190000   0.0131340000  -0.0101220000
   6.2052607917   6.4154907058  755  6.98E+00  -0.9519340000   0.3484190000   3.0044730000  -0.7899490000  -0.7488850000   1.8507340000   0.6954580000   1.1283590000   7.8028800000   1.4988080000   1.5102810000   8.5856200000   2.1845610000   2.1437160000   9.3208120000  -0.0047430000   0.0319370000   0.0333960000   0.0047260000  -0.0320250000  -0.0338270000  -0.0137650000   0.0134050000  -0.0077410000   0.0073550000  -0.0423440000  -0.0039950000   0.0064270000   0.0290260000   0.0121670000
   6.2065482557   6.4159073243 1316  1.10E+01  -0.1261910000   1.6926100000   3.8206260000  -0.9569880000   1.6687430000   2.3453120000   1.9515400000  -3.1662940000   8.7382710000   1.6916730000  -2.8280580000   7.6651250000   1.5659120000  -2.4637680000   6.5549670000   0.0302160000   0.0010350000   0.0537620000  -0.0304250000  -0.0006740000  -0.0539100000   0.0010890000   0.0124390000  -0.0369430000  -0.0118740000  -0.0105520000   0.0306780000   0.0109950000  -0.0022480000   0.0064120000
   6.2057749827   6.4156401724 1363  1.55E+00  -0.4092470000  -0.7761210000   3.0150540000   0.0927950000  -0.6521400000   1.7104800000   0.2634850000   0.7922290000   7.9590880000  -0.1514150000   1.5000410000   8.7825710000  -0.5874750000   2.0752100000   9.7165490000   0.0094430000   0.0023430000  -0.0248140000  -0.0095520000  -0.0023360000   0.0244530000  -0.0121090000   0.0099830000   0.0309360000   0.0174540000  -0.0061870000  -0.0466970000  -0.0052350000  -0.0038040000   0.0161210000
   6.2061752291   6.4176216324 1509  3.67E+00  -0.2331160000  -1.0456940000   2.8055960000   0.0028290000   0.0178430000   1.6840190000  -0.6385420000  -0.2104240000   9.7207230000  -0.0158950000   0.2481110000   8.8715250000   0.6510330000   0.6886110000   8.0334890000  -0.0058210000  -0.0260000000   0.0273410000   0.0056540000   0.0258660000  -0.0275410000   0.0323340000   0.0201670000  -0.0381370000  -0.0117400000  -0.0032860000   0.0054070000  -0.0204260000  -0.0167470000   0.0329290000
   6.2071551097   6.4181298740 1618  2.85E+00  -0.3064310000  -1.5686800000   3.5468950000  -0.7359170000  -2.2744760000   4.8126210000   0.8985670000   3.5073590000   2.5562440000   1.2934760000   4.4207050000   3.2365090000   1.8250810000   5.3198250000   3.7564450000   0.0063880000   0.0103960000  -0.0188180000  -0.0064390000  -0.0106630000   0.0190890000  -0.0051970000  -0.0322250000  -0.0355140000   0.0014470000   0.0413680000   0.0503830000   0.0038020000  -0.0088760000  -0.0151410000
   6.2089856718   6.4189899193 1708  4.56E+00  -0.6234290000   0.7003690000   2.8724400000   0.0088810000  -0.0071300000   1.6084860000  -0.5765380000   0.3358630000   7.9915160000  -0.0549160000   0.1939480000   9.0345690000   0.6126870000   0.1977000000  10.0133140000  -0.0168420000   0.0188880000   0.0335380000   0.0169500000  -0.0189210000  -0.0339430000   0.0122280000   0.0087940000   0.0033910000  -0.0324910000  -0.0183560000  -0.0147980000   0.0201560000   0.0095940000   0.0118130000
   6.2057839650   6.4152629549 1708  4.40E+00  -0.6222800000   0.6991200000   2.8729760000   0.0088640000  -0.0071100000   1.6102260000  -0.5774520000   0.3353180000   7.9894560000  -0.0542230000   0.1941970000   9.0320440000   0.6130950000   0.1980370000  10.0085490000  -0.0166440000   0.0186680000   0.0331700000   0.0167530000  -0.0187000000  -0.0335800000   0.0120910000   0.0088090000   0.0031430000  -0.0303160000  -0.0183550000  -0.0115180000   0.0181160000   0.0095790000   0.0087840000
   6.2089493890   6.4182050458 1734  2.67E+00   1.8060060000   0.3732420000   5.3183680000   2.3413580000  -0.1924610000   4.1760030000  -3.8350350000   1.2761190000   5.1187640000  -4.3074520000   0.6258540000   4.2634410000  -4.7384720000  -0.1205910000   3.4908340000   0.0152670000  -0.0161320000  -0.0325450000  -0.0152230000   0.0160380000   0.0324120000  -0.0024800000  -0.0111390000  -0.0004570000  -0.0123490000  -0.0045290000  -0.0282500000   0.0147850000   0.0157620000   0.0288400000
   6.2081575134   6.4175829296 1854  8.47E+00  -1.1847100000  -0.6408530000   3.0672480000  -0.8609850000   0.2410720000   1.8884560000   1.1024470000   0.4392430000   9.4106660000   1.6371480000  -0.2162940000   8.5806940000   2.0431580000  -0.7527910000   7.5243730000  -0.0046560000  -0.0123830000   0.0165580000   0.0043900000   0.0125050000  -0.0167510000  -0.0185030000   0.0207980000   0.0061270000  -0.0098340000   0.0186700000   0.0953600000   0.0286030000  -0.0395900000  -0.1012940000
   6.2071164813   6.4191374550 2117  5.35E+00  -0.9952910000   0.1803060000   2.6891190000   0.0074550000  -0.0037070000   1.7521480000  -0.9560660000   0.5255320000   8.0764550000  -0.0050850000   0.2849690000   8.8158500000   0.9853570000  -0.0446280000   9.3866310000   0.0275950000  -0.0050750000  -0.0258610000  -0.0274230000   0.0050180000   0.0256020000  -0.0607830000   0.0110000000  -0.0565680000   0.0303860000   0.0033790000   0.0496440000   0.0302250000  -0.0143220000   0.0071820000
   6.2084407257   6.4186737897 2249  1.06E+01   1.3685140000  -0.6109700000   3.1576210000   0.5555750000  -0.3452730000   1.8270860000  -1.7422800000   0.7610360000   7.7173590000  -1.1080240000   0.7888660000   8.6759500000  -0.2868270000   1.0973140000   9.4469750000   0.0219380000  -0.0071810000   0.0358360000  -0.0217570000   0.0070950000  -0.0359490000   0.0516380000   0.0234310000   0.0451190000  -0.0459250000  -0.0374170000  -0.0128350000  -0.0058930000   0.0140730000  -0.0321710000
   6.2063853453   6.4167443460 2333  3.16E+00  -0.1782140000   1.1063500000   2.6972870000  -0.0012020000  -0.0177480000   1.6882070000  -0.6748510000  -0.2577410000   8.0649780000   0.0115110000   0.3218150000   8.8509630000   0.6834380000   0.7227600000   9.6905770000  -0.0029350000   0.0191410000   0.0170780000   0.0031130000  -0.0189750000  -0.0173240000  -0.0143420000  -0.0235010000  -0.0093080000   0.0458950000   0.0538600000   0.0437440000  -0.0317310000  -0.0305250000  -0.0341900000
   6.2088038369   6.4154108350 2393  6.67E-01   1.5503700000  -0.6887290000   2.9202350000   1.0526620000   0.3885110000   2.1330200000  -2.6135380000  -0.9450080000   7.2259760000  -1.9357330000  -0.4315470000   8.0515300000  -1.2882460000   0.0597180000   8.8941560000  -0.0051990000   0.0113050000  -0.0081920000   0.0053040000  -0.0112250000   0.0082740000  -0.0119990000  -0.0084770000  -0.0083360000   0.0173060000   0.0121400000   0.0100860000  -0.0054120000  -0.0037420000  -0.0018320000
   6.2084770091   6.4189844423 2550  4.07E+00  -1.4007070000  -0.8895670000   3.4874880000  -1.2523720000  -0.3073530000   2.0514470000   2.0290420000   0.7334400000   9.3581980000   2.2786450000   0.8219430000   8.1862420000   2.6032860000   0.9282450000   7.0324670000  -0.0035230000  -0.0136160000   0.0335730000   0.0032820000   0.0135340000  -0.0336040000  -0.0061340000  -0.0026700000   0.0523160000  -0.0121470000  -0.0029800000  -0.0085230000   0.0185220000   0.0057330000  -0.0437620000
   6.2094593735   6.4167613002 3183  4.94E+00  -0.7371830000  -0.6207280000   2.8668690000   0.0088650000   0.0034100000   1.6178240000   0.2003050000   0.8259780000   9.9883930000  -0.0382050000   0.3163230000   8.9652910000  -0.1694520000  -0.3536920000   8.0221590000  -0.0201880000  -0.0168290000   0.0335800000   0.0201850000   0.0169740000  -0.0339650000   0.0045090000  -0.0176080000  -0.0067890000  -0.0154010000   0.0116600000  -0.0245750000   0.0108950000   0.0058030000   0.0317490000
   6.2099984087   6.4178232947 3228  5.99E+00   1.2705870000  -0.1240730000   3.1411530000   0.6665130000  -0.9745980000   1.9574930000  -1.6949710000   1.6708470000   7.3066490000  -1.2434640000   2.0592330000   8.3829850000  -0.7803460000   2.3461660000   9.4273670000   0.0160610000   0.0224210000   0.0311930000  -0.0157620000  -0.0225460000  -0.0314210000  -0.0308060000  -0.0313780000  -0.0732000000   0.0237290000   0.0332500000   0.0607490000   0.0067790000  -0.0017470000   0.0126790000
   6.2084958342   6.4176268767 3433  6.45E+00  -0.0479150000   1.4234950000   2.5041960000   0.0005980000  -0.0206210000   1.8614020000   0.4272200000   1.2782040000   8.8678160000  -0.0322460000   0.2467300000   8.6001290000  -0.4029800000  -0.7624470000   8.2232220000  -0.0013010000   0.0388260000   0.0173140000   0.0013170000  -0.0387490000  -0.0173130000  -0.0071370000  -0.0294310000  -0.0150230000  -0.0261490000  -0.0446000000  -0.0056080000   0.0332710000   0.0739550000   0.0206300000
   6.2051601218   6.4180756289 3556  9.33E+00   0.4928450000  -1.3944460000   2.5363530000  -0.3185430000  -0.2713190000   1.9275360000  -0.5169900000   0.7672520000   9.0046180000   0.5326140000   0.7325320000   8.3654520000   1.6769910000   0.8134000000   7.9302790000   0.0124370000  -0.0172870000   0.0094130000  -0.0125880000   0.0172780000  -0.0093220000  -0.0706420000   0.0087200000   0.0576060000  -0.0111170000  -0.0205320000  -0.0407930000   0.0819100000   0.0118210000  -0.0169040000
   6.2066902860   6.4168360741 3696  5.49E+00   0.9353000000  -1.7068770000   3.2797890000  -0.2282990000  -1.4022350000   2.4517230000  -0.7513140000   2.9540240000   7.8859820000   0.4172000000   2.8458190000   7.4663790000   1.5193780000   2.7079450000   7.0590900000   0.0021090000  -0.0005500000   0.0015400000  -0.0021730000   0.0005730000  -0.0015060000  -0.1052640000   0.0085730000   0.0380310000   0.0888680000  -0.0055490000  -0.0324960000   0.0164600000  -0.0030470000  -0.0055680000
