   6.2074173010   6.4042314175  600  7.77E+00   0.6502760000  -0.0968040000   3.0010690000   0.5602520000  -0.3599060000   1.6667390000  -0.9595270000   0.7562830000   7.7870800000  -1.0313460000   0.9407560000   8.8855950000  -1.1052520000   1.0287220000  10.0305530000  -0.0034110000  -0.0102050000  -0.0517740000   0.0035650000   0.0101410000   0.0513910000  -0.0101170000   0.0165770000   0.1489500000   0.0067000000  -0.0045400000  -0.0977020000   0.0032630000  -0.0119730000  -0.0508650000
   6.2051495672   6.4043141952  706  6.27E+00  -0.8188580000  -0.8570910000   2.4844510000   0.0126300000   0.0083330000   1.8640440000  -0.1202990000   1.3197060000   8.1312500000  -0.0434420000   0.2345590000   8.5434040000   0.1414250000  -0.7957300000   8.9904260000   0.0378200000   0.0393170000  -0.0281550000  -0.0378210000  -0.0394760000   0.0281900000   0.0102700000  -0.0256350000   0.0159740000  -0.0053520000  -0.0510680000   0.0118350000  -0.0049170000   0.0768620000  -0.0278440000
   6.2080056886   6.4044568568  755  2.80E+00  -0.8978640000   0.1569710000   3.0217390000  -0.7854530000  -0.7420890000   1.8560780000   0.6463470000   1.0775260000   7.8273440000   1.4829170000   1.5275030000   8.5888620000   2.2197410000   2.1597420000   9.2661390000  -0.0007400000   0.0057390000   0.0072650000   0.0007270000  -0.0058240000  -0.0077350000  -0.0492320000  -0.0123220000  -0.0430130000   0.0408050000  -0.0106630000   0.0350680000   0.0084400000   0.0230700000   0.0084150000
   6.2087369440   6.4047331436  942  2.86E+00   1.0545970000   0.6993310000   2.3770450000  -0.0175010000  -0.0112060000   1.9095070000   1.1150590000   0.5187420000   8.7257940000   0.0091630000   0.2647030000   8.4816810000  -1.1009750000  -0.0178750000   8.2219270000  -0.0381960000  -0.0253290000  -0.0166020000   0.0382770000   0.0253520000   0.0166570000  -0.0267560000  -0.0080220000  -0.0056560000   0.0232170000   0.0089810000   0.0040090000   0.0034570000  -0.0009830000   0.0015920000
   6.2056476247   6.4021253488 1143  6.10E+00  -0.2886760000  -0.9304510000   2.8518880000   0.0064180000   0.0148990000   1.6187560000  -0.3751510000  -0.0998290000  10.0360380000  -0.0212940000   0.1582730000   8.9554320000   0.3772720000   0.6529010000   7.9782080000  -0.0079910000  -0.0255170000   0.0331080000   0.0078710000   0.0253230000  -0.0333880000   0.0093450000   0.0213010000  -0.0109650000  -0.0024290000  -0.0256530000  -0.0230430000  -0.0067960000   0.0045450000   0.0342880000
   6.2070081976   6.4036312731 1261  9.29E+00  -0.4293290000  -1.0810680000   3.3785520000  -0.9252740000  -2.4194680000   4.1170170000   2.0253730000   5.7810960000   4.5292650000   1.7977600000   4.6217270000   4.4008800000   1.2731420000   3.5885900000   4.3939640000   0.0147480000   0.0397460000  -0.0221050000  -0.0148590000  -0.0401810000   0.0220200000  -0.0172260000   0.0258720000   0.0103290000   0.0172010000  -0.0757190000  -0.0191900000   0.0001350000   0.0502820000   0.0089460000
   6.2050115984   6.4002080702 1316  1.03E+01   0.0197740000   1.6739520000   3.7208000000  -0.9582330000   1.6680050000   2.3443600000   1.9563530000  -3.2034880000   8.7349230000   1.7024020000  -2.7997340000   7.6777010000   1.5500670000  -2.4429740000   6.5599200000   0.0353370000   0.0003910000   0.0497910000  -0.0355360000  -0.0000120000  -0.0499520000   0.0014920000   0.0052740000  -0.0265920000  -0.0078850000  -0.0033070000   0.0368430000   0.0065930000  -0.0023470000  -0.0100890000
   6.2090923165   6.4019255662 1360  2.18E+00  -0.3623240000   0.8170050000   2.8489730000   0.0038120000  -0.0119570000   1.6214760000   0.3664220000   0.8107450000   9.9485830000   0.0116410000   0.1870840000   9.0146990000  -0.3713720000  -0.2552690000   8.0077650000  -0.0065210000   0.0149010000   0.0218450000   0.0066090000  -0.0147860000  -0.0221920000  -0.0004640000   0.0148820000  -0.0006100000  -0.0063940000  -0.0372680000  -0.0191350000   0.0067700000   0.0222710000   0.0200930000
   6.2097980336   6.4037656394 1620  3.75E+00   0.4424190000   0.5067300000   2.4851080000   1.9239650000   0.1790900000   2.5601390000  -2.7109810000   0.6990580000   6.9482050000  -3.5489220000  -0.0935660000   7.2042640000  -4.2614790000  -0.8674890000   7.7022490000  -0.0245880000   0.0053670000  -0.0013370000   0.0246940000  -0.0055490000   0.0010660000   0.0076080000   0.0018080000   0.0180210000  -0.0299280000  -0.0181200000  -0.0249540000   0.0222140000   0.0164950000   0.0072040000
   6.2067198512   6.4042208853 1678  5.30E+00  -0.2448150000   1.2798830000   2.6024440000   0.0033220000  -0.0213100000   1.7711610000  -0.7427150000   0.9875530000   9.3241670000   0.0462210000   0.2909740000   8.7229610000   0.7068490000  -0.4925230000   8.1191570000  -0.0060900000   0.0318490000   0.0203570000   0.0060060000  -0.0317260000  -0.0204170000  -0.0492600000   0.0317520000   0.0325410000   0.0420340000  -0.0091980000  -0.0207000000   0.0073110000  -0.0226760000  -0.0117800000
   6.2058085776   6.4046702933 1822  3.72E+00   0.3337110000   0.1781140000   2.8989080000  -0.0007200000  -0.0017740000   1.5769840000   0.0897300000  -0.2000310000   7.9779460000  -0.0159180000   0.1695800000   9.0948540000  -0.0952080000   0.7580440000  10.1372880000  -0.0107340000  -0.0057360000  -0.0426080000   0.0107210000   0.0058130000   0.0421910000   0.0022650000   0.0112880000  -0.0094600000  -0.0009520000  -0.0467670000  -0.0244940000  -0.0013000000   0.0354010000   0.0343710000
   6.2073472615   6.4003802504 1822  4.14E+00   0.3319560000   0.1768360000   2.8939840000  -0.0006900000  -0.0017620000   1.5787910000   0.0886570000  -0.2005980000   7.9754580000  -0.0160230000   0.1690650000   9.0915650000  -0.0940950000   0.7590150000  10.1335330000  -0.0119070000  -0.0063560000  -0.0472560000   0.0118950000   0.0064330000   0.0468400000   0.0021440000   0.0118750000  -0.0080120000  -0.0008800000  -0.0476270000  -0.0261320000  -0.0012510000   0.0356760000   0.0345590000
   6.2062161394   6.4021829673 1962  2.43E+00  -0.3177130000   0.2891560000   2.6925720000   0.6803400000  -0.0491390000   1.6997660000  -0.9497830000   0.5622870000  10.0008750000  -1.2058000000   0.3770210000   8.8342900000  -1.5227930000   0.0695530000   7.7097630000   0.0022030000  -0.0006870000  -0.0022630000  -0.0019790000   0.0007520000   0.0019260000   0.0099860000   0.0029310000   0.0643470000   0.0082520000   0.0178830000  -0.0170080000  -0.0184630000  -0.0208790000  -0.0470020000
   6.2085597487   6.4036427800 2117  7.02E+00  -0.9797790000   0.1772370000   2.6808040000   0.0072110000  -0.0036680000   1.7574370000  -0.9566850000   0.5274050000   8.0658050000  -0.0045290000   0.2869950000   8.8113060000   0.9858030000  -0.0480250000   9.3748010000   0.0378790000  -0.0069540000  -0.0355150000  -0.0377040000   0.0068960000   0.0352470000  -0.0648330000   0.0116790000  -0.0607250000   0.0372100000   0.0022380000   0.0562810000   0.0274470000  -0.0138590000   0.0047130000
   6.2069145417   6.4024326354 2333  1.76E+00  -0.1758010000   1.0840180000   2.6835590000  -0.0012670000  -0.0175010000   1.6935480000  -0.6743790000  -0.2525980000   8.0561570000   0.0123170000   0.3138060000   8.8396270000   0.6825360000   0.7238070000   9.6820990000  -0.0017400000   0.0114560000   0.0102000000   0.0019140000  -0.0112980000  -0.0104350000  -0.0074750000  -0.0160070000  -0.0008690000   0.0338410000   0.0421270000   0.0283980000  -0.0265410000  -0.0262780000  -0.0272930000
   6.2088058060   6.4005765161 2341  2.49E+00   0.9199610000   0.4627800000   2.9351770000   0.0671470000   0.4685590000   1.6298980000  -0.6802270000  -0.9500780000   9.9770650000  -0.1660390000  -0.6134260000   8.9527890000   0.4115620000  -0.2710060000   7.9782680000   0.0201620000  -0.0001130000   0.0306810000  -0.0202590000   0.0001300000  -0.0310880000  -0.0132970000  -0.0109560000   0.0376990000   0.0027500000   0.0068530000  -0.0309700000   0.0106440000   0.0040860000  -0.0063220000
   6.2070043126   6.4045155346 2483  1.86E+00   0.0941020000  -0.1123510000   2.5121330000  -1.2476970000   0.0403610000   1.9720970000   1.2674180000   0.5628570000   7.8388690000   2.2661200000   0.1101160000   8.3224470000   3.2567880000  -0.1523380000   8.9072920000   0.0001220000  -0.0000620000  -0.0000390000  -0.0000810000  -0.0000770000  -0.0002680000  -0.0285360000   0.0250920000  -0.0056730000   0.0179880000  -0.0339980000  -0.0071980000   0.0105070000   0.0090440000   0.0131780000
   6.2078632029   6.4000357660 2506  1.16E+01   0.5202930000  -0.7930180000   2.6095480000   0.4227240000  -2.1340670000   3.1991630000  -0.6878880000   4.4159460000   7.2160300000  -0.8095040000   4.1605680000   6.1068600000  -0.8483850000   3.8564170000   5.0589590000   0.0004340000   0.0054700000  -0.0024380000  -0.0003780000  -0.0056660000   0.0024940000  -0.0010130000  -0.0204700000  -0.0680650000  -0.0136880000  -0.0382120000  -0.1491690000   0.0146440000   0.0588780000   0.2171780000
   6.2065351720   6.4015903413 2597  2.02E+00  -0.6206430000   1.2887870000   2.3899210000   0.0122730000  -0.0167480000   1.9035590000   0.7608850000  -0.5871850000   8.2355840000  -0.0107250000   0.2519900000   8.4787740000  -0.7750290000   1.0881380000   8.7432130000  -0.0118880000   0.0244990000   0.0091980000   0.0118360000  -0.0244480000  -0.0091300000  -0.0134950000   0.0150000000   0.0076420000  -0.0025360000   0.0022150000  -0.0050710000   0.0160830000  -0.0172650000  -0.0026400000
   6.2097502445   6.4004765924 2700  1.43E+00  -0.7579400000  -0.3135500000   3.1570460000  -0.7583860000  -0.7298850000   1.8022230000   1.5697090000   1.6495670000   9.8366930000   1.3981450000   1.5804220000   8.6638750000   1.2160260000   1.5166660000   7.4609160000  -0.0001030000  -0.0055720000  -0.0179570000  -0.0001030000   0.0053340000   0.0175650000   0.0042350000   0.0023170000   0.0309850000   0.0061930000   0.0005050000   0.0374240000  -0.0102220000  -0.0025840000  -0.0680170000
   6.2098916217   6.4039910999 3224  5.72E+00   1.5401060000   1.2121130000   3.2868770000   0.3842100000   1.5636640000   2.3966190000  -0.5512330000  -3.2128570000   6.5584570000  -0.6410120000  -2.6512120000   7.6320120000  -0.9834350000  -1.9948950000   8.5370280000   0.0145800000  -0.0043940000   0.0112740000  -0.0145310000   0.0045910000  -0.0112170000  -0.0122600000  -0.0210320000  -0.0584980000   0.0250700000   0.0217020000   0.0771490000  -0.0128600000  -0.0008660000  -0.0187090000
   6.2054741216   6.4009449562 3516  1.51E+00   0.3170590000  -0.7152370000   3.1104980000   0.6603260000  -0.4777700000   1.6971030000  -0.7655050000   0.8322890000   7.7981560000  -1.2826060000   1.0883450000   8.8285460000  -1.5894500000   1.4695320000   9.9037620000  -0.0019260000  -0.0014230000   0.0078130000   0.0019720000   0.0012890000  -0.0082830000   0.0146570000   0.0080110000   0.0021720000  -0.0249880000  -0.0203140000  -0.0167560000   0.0102850000   0.0124370000   0.0150550000
   6.2059645689   6.4039390050 3618  8.33E+00   1.8375180000  -0.7268750000   3.1370800000   0.6561580000  -0.6442680000   2.0902880000  -0.2415280000   1.6253040000   8.8108550000  -1.2141010000   1.4158470000   8.0979630000  -2.2398360000   1.2629270000   7.4741770000   0.0315900000  -0.0021770000   0.0280820000  -0.0315410000   0.0022060000  -0.0279880000   0.0621960000   0.0175030000   0.0537190000  -0.0061360000  -0.0132530000  -0.0279610000  -0.0561090000  -0.0042790000  -0.0258520000
