   6.2109425177   6.4185766469   62  7.28E+00   0.1775110000   1.1434630000   2.9365210000   1.6936290000   1.6010510000   3.0150680000  -2.5855920000  -1.6221860000   6.5501970000  -3.0720250000  -2.7175000000   6.5571960000  -3.5778290000  -3.7182030000   6.2855370000  -0.0414350000  -0.0125020000  -0.0022890000   0.0416980000   0.0125920000   0.0019690000   0.0087220000   0.0307940000  -0.0178380000  -0.0258720000  -0.0736060000   0.0268700000   0.0168860000   0.0427220000  -0.0087120000
   6.2117331376   6.4167632481   62  7.55E+00   0.1721700000   1.1512420000   2.9385530000   1.6936330000   1.6009870000   3.0152330000  -2.5854640000  -1.6238170000   6.5457880000  -3.0715040000  -2.7180880000   6.5569080000  -3.5780340000  -3.7162980000   6.2892070000  -0.0421070000  -0.0124420000  -0.0022660000   0.0423730000   0.0125340000   0.0019430000   0.0076990000   0.0288590000  -0.0181000000  -0.0275820000  -0.0772460000   0.0260000000   0.0196170000   0.0482950000  -0.0075770000
   6.2133283756   6.4199912689  105  4.34E+00   0.1803830000   1.4357450000   2.4903930000  -0.0014760000   0.2041610000   1.8915790000   0.2346350000   0.9437580000   8.2644540000  -0.0489170000  -0.1363100000   8.4971820000  -0.2019040000  -1.2638450000   8.7540290000  -0.0052950000  -0.0357750000  -0.0173770000   0.0052400000   0.0356640000   0.0173980000  -0.0097310000  -0.0773740000   0.0195390000  -0.0027320000   0.0597450000  -0.0176460000   0.0125180000   0.0177390000  -0.0019150000
   6.2113441433   6.4190571867  105  4.04E+00   0.1682330000   1.4424410000   2.4954520000  -0.0013020000   0.2042500000   1.8906920000   0.2329250000   0.9426100000   8.2628390000  -0.0474690000  -0.1370950000   8.4987290000  -0.2013840000  -1.2629700000   8.7585900000  -0.0043710000  -0.0318290000  -0.0155290000   0.0043160000   0.0317170000   0.0155480000  -0.0100870000  -0.0784080000   0.0200060000  -0.0023310000   0.0591730000  -0.0176860000   0.0124730000   0.0193470000  -0.0023390000
   6.2117834083   6.4177054852  535  2.18E+00   1.6518150000  -0.2287900000   3.0896980000   0.8191490000  -0.2588060000   1.9392620000  -2.2615720000   0.5295310000   7.5137240000  -1.4896410000   0.7014480000   8.3672130000  -0.8152580000   0.9385230000   9.3264290000  -0.0098300000  -0.0003430000  -0.0135470000   0.0099730000   0.0003530000   0.0136120000   0.0088580000   0.0080630000   0.0262730000  -0.0226060000  -0.0195760000  -0.0629330000   0.0136060000   0.0115020000   0.0365960000
   6.2126148252   6.4171937144  654  3.19E+00   0.3751900000  -0.3892300000   2.8224280000  -0.7400430000  -0.7194390000   1.8207870000   1.2097000000   1.9884470000   9.6845830000   1.3657760000   1.6134820000   8.6193640000   1.4373340000   1.1055670000   7.5748080000   0.0217600000   0.0064100000   0.0193910000  -0.0219710000  -0.0065100000  -0.0198430000   0.0037770000  -0.0336880000  -0.0660410000   0.0041430000   0.0283160000   0.0326420000  -0.0077100000   0.0054720000   0.0338510000
   6.2121969056   6.4170161023  706  6.33E+00  -0.8175910000  -0.8554780000   2.4807160000   0.0126100000   0.0083150000   1.8606800000  -0.1212520000   1.3204320000   8.1406900000  -0.0458010000   0.2352690000   8.5475110000   0.1441710000  -0.7970000000   8.9949360000   0.0387550000   0.0402790000  -0.0288790000  -0.0387580000  -0.0404310000   0.0289210000   0.0109520000  -0.0293210000   0.0175500000  -0.0072030000  -0.0416510000   0.0073620000  -0.0037460000   0.0711230000  -0.0249550000
   6.2105666199   6.4163675549  755  7.04E+00  -0.9544250000   0.3548640000   2.9981430000  -0.7902220000  -0.7492230000   1.8504880000   0.6986510000   1.1312970000   7.8016790000   1.4994400000   1.5097410000   8.5852660000   2.1824140000   2.1424690000   9.3239070000  -0.0048170000   0.0322000000   0.0332890000   0.0048010000  -0.0322870000  -0.0337160000  -0.0109780000   0.0150410000  -0.0048370000   0.0047780000  -0.0441480000  -0.0070220000   0.0062170000   0.0291950000   0.0122850000
   6.2143007432   6.4190927839  867  5.78E+00  -0.9475510000  -0.1459820000   2.6964880000   0.1825640000  -0.1980900000   1.7358150000  -1.1741170000   0.3774430000   7.9834490000  -0.3330040000   0.5188570000   8.8444840000   0.5720310000   0.9192370000   9.5392510000  -0.0095370000   0.0004330000   0.0080200000   0.0097120000  -0.0004710000  -0.0082850000  -0.0355330000   0.0085250000  -0.0476530000  -0.0121680000  -0.0428630000   0.0232440000   0.0475270000   0.0343760000   0.0246740000
   6.2139537439   6.4167233818  871  5.99E+00   1.6806380000  -1.0640190000   3.7168770000   1.6406540000  -0.0557980000   2.4745210000  -4.0716320000  -0.0125710000   7.0557570000  -3.0435030000   0.3875210000   7.4836720000  -1.9433290000   0.7550410000   7.7349340000   0.0011480000  -0.0294480000   0.0361940000  -0.0011720000   0.0293690000  -0.0363650000  -0.0101490000  -0.0074540000  -0.0164970000  -0.0095490000   0.0038560000   0.0228170000   0.0197200000   0.0036770000  -0.0061490000
   6.2144735528   6.4193129929  942  1.88E+00   1.0726540000   0.7112120000   2.3809630000  -0.0177010000  -0.0113420000   1.9043410000   1.1115080000   0.5177040000   8.7366190000   0.0055390000   0.2676510000   8.4870420000  -1.0948450000  -0.0191180000   8.2326330000  -0.0260270000  -0.0172570000  -0.0113170000   0.0260950000   0.0172800000   0.0113800000  -0.0267750000  -0.0086990000  -0.0051810000   0.0052920000   0.0057460000  -0.0011650000   0.0214160000   0.0029300000   0.0062820000
   6.2109912718   6.4189042867 1253  9.73E+00   1.1401940000   0.2135110000   3.0899830000   0.9754470000  -0.2061020000   1.8590150000  -2.5107010000   0.1529690000   9.3074570000  -1.8067660000   0.6162960000   8.5424690000  -1.0764200000   1.0879250000   7.8018820000  -0.0118900000  -0.0304190000  -0.0891730000   0.0119280000   0.0302330000   0.0888510000   0.0511020000   0.0331500000  -0.0510900000  -0.0015680000  -0.0011800000  -0.0040880000  -0.0495730000  -0.0317840000   0.0555010000
   6.2120432401   6.4170999165 1316  1.05E+01  -0.1425280000   1.6940550000   3.8220500000  -0.9568310000   1.6688060000   2.3454790000   1.9511340000  -3.1632850000   8.7388450000   1.6908860000  -2.8303140000   7.6636850000   1.5671550000  -2.4654850000   6.5545530000   0.0293130000   0.0010730000   0.0532620000  -0.0295210000  -0.0007160000  -0.0534080000   0.0014190000   0.0124750000  -0.0361540000  -0.0125830000  -0.0103890000   0.0278550000   0.0113720000  -0.0024430000   0.0084450000
   6.2116303504   6.4188498242 1359  1.30E+00   0.6876570000   0.0176350000   3.0067310000   1.2168930000  -0.8409670000   2.0490420000  -2.5551070000   2.0004890000   9.2950310000  -2.2312590000   1.7527530000   8.2080430000  -1.8906770000   1.5702820000   7.1215680000   0.0131070000  -0.0211540000  -0.0236570000  -0.0128500000   0.0209580000   0.0233390000   0.0082910000  -0.0007420000  -0.0240920000   0.0063470000  -0.0125670000  -0.0253170000  -0.0148950000   0.0135040000   0.0497260000
   6.2110832046   6.4169477745 1550  2.21E+00   0.9175680000   0.8211990000   2.6857660000   0.8389280000  -0.3484280000   1.9601130000  -1.9559830000   1.4686000000   7.4431870000  -1.5675550000   0.8538630000   8.3779230000  -1.1148780000   0.2664790000   9.3102350000  -0.0023360000  -0.0355830000  -0.0220600000   0.0024890000   0.0354370000   0.0220070000  -0.0020940000   0.0103730000  -0.0111040000  -0.0141620000   0.0040920000  -0.0149970000   0.0161030000  -0.0143190000   0.0261540000
   6.2149659348   6.4174906810 1810  6.38E+00   1.8053120000  -0.7602780000   4.4169510000   2.1019980000  -0.2779250000   2.9819190000  -3.7465830000   0.0579900000   5.6021190000  -3.8598130000   0.8132110000   6.4309750000  -3.9675000000   1.4551340000   7.4006570000  -0.0062310000  -0.0101040000   0.0302280000   0.0063490000   0.0102210000  -0.0301830000  -0.0128280000   0.0678300000   0.0952040000   0.0111280000  -0.0475440000  -0.0884250000   0.0015810000  -0.0204040000  -0.0068240000
   6.2136127772   6.4176801073 2062  7.68E+00   1.6084920000   0.3789150000   3.2877230000   0.9093340000   0.4622830000   1.8911240000  -2.4123270000  -1.3211450000   8.9872350000  -1.7436030000  -0.5706670000   8.4326950000  -0.9215290000   0.1045870000   8.0316950000   0.0170860000  -0.0020730000   0.0339690000  -0.0171180000   0.0019730000  -0.0342600000   0.0486040000   0.0352030000  -0.0177080000   0.0089200000   0.0275380000  -0.0297540000  -0.0574930000  -0.0626410000   0.0477520000
   6.2149485986   6.4175353993 2538  5.31E+00   1.2844170000  -1.4157860000   3.0491630000   0.5138320000  -0.7126180000   2.1826650000  -1.8067820000   2.2338620000   7.5429060000  -0.9945660000   1.5659130000   8.0030800000  -0.0937240000   0.9264760000   8.3575340000  -0.0328010000   0.0299190000  -0.0368550000   0.0327290000  -0.0298900000   0.0368460000   0.0483110000  -0.0320290000   0.0173020000  -0.0262310000   0.0092910000  -0.0000120000  -0.0220070000   0.0227080000  -0.0172810000
   6.2128712970   6.4165849667 2597  3.29E+00  -0.6303570000   1.3076950000   2.3930130000   0.0123660000  -0.0169760000   1.8984050000   0.7615470000  -0.5822470000   8.2459840000  -0.0138850000   0.2543160000   8.4848210000  -0.7731700000   1.0814000000   8.7538200000  -0.0146550000   0.0301780000   0.0113410000   0.0145970000  -0.0301220000  -0.0112700000  -0.0142040000   0.0158650000   0.0086530000  -0.0146330000   0.0149960000  -0.0023000000   0.0288950000  -0.0309170000  -0.0064240000
   6.2114312088   6.4153655083 2890  3.19E+00   0.9806560000  -1.3170160000   3.0179520000   0.2365710000  -0.7599500000   2.0200420000  -1.0450030000   2.6615920000   8.2342190000  -0.4792520000   1.6462610000   8.2781360000   0.1614990000   0.6685900000   8.2738850000  -0.0284860000   0.0213310000  -0.0382270000   0.0283970000  -0.0212400000   0.0381110000   0.0161350000  -0.0169230000  -0.0015800000  -0.0120280000  -0.0001470000   0.0031450000  -0.0040180000   0.0169800000  -0.0014500000
   6.2137172595   6.4150007502 2975  4.42E+00   0.8462900000   0.5683000000   2.9702790000  -0.0604820000   1.2436570000   1.8573360000   0.1839900000  -1.9831660000   9.7462100000   0.1101100000  -2.0326960000   8.5652000000  -0.0179070000  -2.0501530000   7.3619920000   0.0249710000  -0.0184200000   0.0304570000  -0.0249030000   0.0187410000  -0.0307700000  -0.0015680000   0.0028110000   0.0250990000   0.0107870000  -0.0031730000   0.0309140000  -0.0092880000   0.0000410000  -0.0556990000
   6.2140966951   6.4173949837 2975  4.43E+00   0.8460390000   0.5631790000   2.9668690000  -0.0605110000   1.2439010000   1.8573620000   0.1839110000  -1.9790940000   9.7472020000   0.1087000000  -2.0325030000   8.5645260000  -0.0166090000  -2.0552630000   7.3615920000   0.0249370000  -0.0185490000   0.0303310000  -0.0248700000   0.0188670000  -0.0306400000  -0.0010840000   0.0029500000   0.0284900000   0.0098870000  -0.0029830000   0.0269910000  -0.0088700000  -0.0002850000  -0.0551730000
   6.2102737792   6.4161916159 3099  4.62E+00   1.2434140000   0.5305200000   2.3328860000  -0.0168170000  -0.0050550000   1.9158920000  -0.8939500000   0.9301590000   8.2026660000   0.0566950000   0.2720890000   8.4232400000   0.8570360000  -0.4549210000   8.7598220000  -0.0097230000  -0.0041620000  -0.0031430000   0.0098460000   0.0040950000   0.0032480000  -0.0047960000  -0.0095290000   0.0119960000   0.0831420000  -0.0464220000   0.0064370000  -0.0784700000   0.0560180000  -0.0185380000
   6.2147087994   6.4177120359 3275  4.75E+00   0.2375280000  -0.4142260000   2.8800360000  -0.3923700000   0.1172670000   1.5691040000   0.9987490000  -0.0064370000  10.2426010000   0.7860390000   0.0226880000   9.0550540000   0.3557950000   0.1175170000   7.9430570000   0.0138680000  -0.0117120000   0.0285950000  -0.0138270000   0.0116610000  -0.0290470000  -0.0026520000   0.0024940000   0.0614060000   0.0272430000  -0.0090410000  -0.0365200000  -0.0246310000   0.0065990000  -0.0244340000
   6.2120680160   6.4184022637 3475  4.26E+00  -1.4282100000  -0.3052780000   2.4549270000   0.0157170000  -0.0012880000   1.9045930000   0.2540930000  -0.8542620000   8.2615970000  -0.0004250000   0.2662760000   8.4736100000  -0.2422850000   1.3677090000   8.7118180000  -0.0375400000  -0.0078610000   0.0143500000   0.0375180000   0.0079910000  -0.0143030000  -0.0027980000   0.0156180000   0.0069100000  -0.0077270000   0.0290820000  -0.0005540000   0.0105470000  -0.0448300000  -0.0064030000
   6.2125966323   6.4170484186 3556  1.02E+01  -0.8859060000  -0.9783110000   2.9358370000  -0.3215190000  -0.4375310000   1.7939530000   1.6352870000   1.1776020000   9.3314780000   0.6172330000   0.9837020000   8.6356120000  -0.4370850000   1.0183890000   8.0425890000   0.0157860000   0.0150350000  -0.0318600000  -0.0156250000  -0.0151240000   0.0317230000   0.0894040000   0.0293640000   0.0682780000  -0.0356480000  -0.0433080000  -0.0458660000  -0.0539170000   0.0140340000  -0.0222760000
   6.2103511140   6.4194381260 3957  2.44E+00   0.5823140000   0.6198990000   2.3559400000  -0.6887690000   0.0193670000   1.8778360000   0.2811600000   0.8336770000   8.1711120000   1.2573910000   0.2221870000   8.5166670000   2.1781140000  -0.4485770000   8.9098510000   0.0111500000   0.0052110000   0.0041870000  -0.0110240000  -0.0053090000  -0.0042830000  -0.0418940000   0.0211160000  -0.0092570000   0.0017040000   0.0137600000  -0.0125640000   0.0400650000  -0.0347780000   0.0219180000
