   6.2156412009   6.5488851839   26  4.96E+00   0.8447810000   1.3406570000   3.2480870000  -0.1679230000   2.1737260000   2.8728590000   0.1865540000  -3.6197580000   7.8826730000   0.2714500000  -3.7992890000   6.6957590000   0.3950930000  -3.7810350000   5.5396420000  -0.0386030000   0.0317960000  -0.0142770000   0.0385770000  -0.0316490000   0.0143230000  -0.0007640000   0.0188870000   0.0481440000   0.0009570000  -0.0298200000  -0.0762150000  -0.0001670000   0.0107860000   0.0280260000
   6.2176939002   6.5459281381   58  1.13E+01   0.2416440000   0.2678880000   2.7952270000  -0.3700140000   0.2742770000   1.6508620000   0.2310170000   0.4907380000   8.1655440000   0.6789390000  -0.1835950000   8.9810700000   1.0920190000  -1.0519260000   9.6726760000  -0.0505630000   0.0004890000  -0.0947210000   0.0506090000  -0.0005830000   0.0944720000   0.0209040000  -0.0485160000   0.0354920000  -0.0229840000   0.0715010000  -0.0345990000   0.0020340000  -0.0228900000  -0.0006440000
   6.2195679383   6.5468832332   58  1.13E+01   0.2383090000   0.2601270000   2.7961680000  -0.3701390000   0.2744300000   1.6498860000   0.2317140000   0.4883110000   8.1655370000   0.6802330000  -0.1829980000   8.9841700000   1.0911870000  -1.0502220000   9.6751690000  -0.0501760000   0.0011410000  -0.0946530000   0.0502220000  -0.0012350000   0.0944000000   0.0203160000  -0.0479230000   0.0345990000  -0.0209730000   0.0685550000  -0.0313770000   0.0006110000  -0.0205370000  -0.0029680000
   6.2195930279   6.5478203796   58  1.10E+01   0.2359620000   0.2523440000   2.7989730000  -0.3702770000   0.2745830000   1.6488870000   0.2323860000   0.4859440000   8.1654870000   0.6815620000  -0.1825150000   8.9873230000   1.0903540000  -1.0484930000   9.6776650000  -0.0488050000   0.0017510000  -0.0927140000   0.0488510000  -0.0018460000   0.0924550000   0.0195500000  -0.0470640000   0.0333810000  -0.0186940000   0.0651270000  -0.0276630000  -0.0009030000  -0.0179680000  -0.0054590000
   6.2177960441   6.5487413973   58  1.04E+01   0.2345750000   0.2445260000   2.8036040000  -0.3704270000   0.2747370000   1.6478650000   0.2330340000   0.4836350000   8.1653960000   0.6829220000  -0.1821390000   8.9905200000   1.0895220000  -1.0467410000   9.6801690000  -0.0465200000   0.0022840000  -0.0889970000   0.0465660000  -0.0023790000   0.0887330000   0.0186190000  -0.0459630000   0.0318580000  -0.0161670000   0.0612510000  -0.0234850000  -0.0024990000  -0.0151930000  -0.0081080000
   6.2181419478   6.5479305070  223  8.00E-01  -0.4763690000  -0.4339420000   3.0968360000  -0.4310390000  -0.3476270000   1.6033370000   1.4151020000   1.2300370000   9.9492280000   0.7369700000   0.9094750000   9.0456450000   0.2143840000   0.5383720000   8.0588640000  -0.0005290000  -0.0010270000   0.0170610000   0.0005370000   0.0009930000  -0.0174980000   0.0111320000  -0.0029390000  -0.0041430000  -0.0231320000   0.0050020000   0.0054410000   0.0119910000  -0.0020290000  -0.0008610000
   6.2196879999   6.5480728158  562  3.37E+00   0.1637210000  -0.2227880000   2.5736220000   1.2083460000   0.6479300000   1.9887380000  -1.4059100000  -0.0969500000   7.9459250000  -2.1783630000  -0.9502830000   8.2893820000  -3.0038910000  -1.7238830000   8.7380720000  -0.0079180000  -0.0066330000   0.0043800000   0.0079020000   0.0065140000  -0.0045830000   0.0257230000   0.0367660000  -0.0054760000   0.0277160000   0.0060160000  -0.0280510000  -0.0534240000  -0.0426640000   0.0337290000
   6.2198003235   6.5489366033  625  1.87E+00  -0.3149450000  -0.3059200000   2.9258510000   0.0074300000   0.0060330000   1.5513850000   0.5884620000   0.3249500000   8.0666950000  -0.0105130000   0.2049780000   9.1171530000  -0.5978350000   0.1979930000  10.1579550000   0.0008120000   0.0008300000  -0.0039340000  -0.0009790000  -0.0008980000   0.0035900000   0.0327340000   0.0129570000  -0.0545010000  -0.0116860000  -0.0190850000   0.0167820000  -0.0208810000   0.0061960000   0.0380630000
   6.2175227395   6.5459774927  765  1.22E+00  -1.0198650000  -0.5934700000   3.6381250000  -1.5396150000  -1.7834890000   3.0786560000   3.8177030000   4.0682490000   6.5269540000   2.8054020000   3.4897770000   6.3495850000   1.8297590000   2.9442310000   6.1028590000  -0.0075850000  -0.0173620000  -0.0081970000   0.0074740000   0.0170860000   0.0080010000   0.0094890000   0.0064570000  -0.0034730000  -0.0701400000  -0.0418630000  -0.0068540000   0.0607620000   0.0356820000   0.0105240000
   6.2156109811   6.5469668055 1030  6.74E+00   1.3318830000  -0.7251540000   2.7877590000   0.2192600000  -0.5931490000   1.9543530000  -1.4366590000   1.5522040000   7.9140650000  -0.4179170000   1.3985670000   8.3610730000   0.5714390000   1.0935860000   8.8743510000  -0.0244250000   0.0029400000  -0.0182320000   0.0244600000  -0.0028870000   0.0183140000   0.1101370000  -0.0285090000   0.0563250000  -0.0649720000   0.0269280000  -0.0408390000  -0.0452010000   0.0015290000  -0.0155680000
   6.2174235888   6.5474839260 1458  6.64E+00  -1.4406070000  -1.1077210000   3.4028190000  -0.4159740000  -1.1402650000   2.1682210000   1.3851200000   3.3351130000   7.7171310000   0.7923960000   2.3650990000   8.0514290000   0.1882700000   1.3416420000   8.1968670000  -0.0303470000   0.0009780000   0.0364870000   0.0303820000  -0.0009350000  -0.0366670000   0.0096560000   0.0137850000  -0.0167100000   0.0085840000   0.0190220000   0.0227110000  -0.0182760000  -0.0328510000  -0.0058210000
   6.2186814795   6.5476712458 1501  8.93E+00  -0.0456060000  -1.0716530000   2.8830720000  -1.3036280000  -1.4427620000   2.7490850000   2.1475280000   2.8880280000   8.0690990000   2.3699690000   2.9611530000   6.9541250000   2.5868530000   2.8497370000   5.8004140000  -0.0841010000  -0.0248560000  -0.0089440000   0.0838960000   0.0246850000   0.0089770000   0.0146500000  -0.0080290000  -0.0759680000  -0.0145360000   0.0199010000   0.0745640000   0.0000890000  -0.0117000000   0.0013700000
   6.2176806471   6.5492696369 1664  3.18E+00   0.1863860000   0.7034070000   2.5348200000  -1.0431050000   0.5154370000   1.9661210000   1.1123950000   0.1670640000   8.1406970000   1.8706840000  -0.7273510000   8.3465000000   2.6810660000  -1.5519020000   8.6158220000  -0.0443640000  -0.0068410000  -0.0205600000   0.0444190000   0.0067060000   0.0204060000  -0.0125450000   0.0233720000   0.0012700000  -0.0085730000  -0.0095200000  -0.0115640000   0.0210630000  -0.0137180000   0.0104480000
   6.2159583500   6.5453897829 2065  9.34E+00   0.5325550000   1.2886690000   2.5967430000   0.1333620000  -0.0344980000   1.7827080000  -0.5801470000  -0.7119340000   8.2537290000  -0.1881430000   0.2646890000   8.6852730000   0.0217870000   1.2920070000   9.1605820000   0.0118340000   0.0391540000   0.0241430000  -0.0117600000  -0.0390570000  -0.0240980000   0.0167500000   0.0813050000   0.0395400000   0.0077780000  -0.0347940000  -0.0207460000  -0.0246020000  -0.0466090000  -0.0188380000
   6.2171233755   6.5494106555 2165  7.86E+00  -0.2090920000  -0.9877020000   3.1825580000  -0.4142690000  -0.7016560000   1.7151510000   0.8040640000   2.3533390000   9.6549920000   0.6230650000   1.6075650000   8.7704670000   0.8103430000   0.6940070000   7.9958540000   0.0028770000  -0.0041300000   0.0209140000  -0.0030470000   0.0041560000  -0.0213340000   0.0223140000  -0.0179090000  -0.0009230000  -0.0533710000   0.0616800000   0.0205420000   0.0312260000  -0.0437970000  -0.0191990000
   6.2163078319   6.5482176619 2332  7.80E+00  -0.7004520000  -0.2643570000   2.4747570000   0.7989050000   0.0069800000   1.8358580000  -1.3841340000  -0.6720930000   9.3372420000  -1.4289350000   0.2497660000   8.6267870000  -1.4889650000   1.1540620000   7.8632130000  -0.0508420000  -0.0092880000   0.0216430000   0.0509280000   0.0090930000  -0.0217650000  -0.0017910000   0.0114020000  -0.0124300000   0.0039300000  -0.0210220000   0.0231870000  -0.0022250000   0.0098150000  -0.0106350000
   6.2162729590   6.5450067883 2527  2.25E+00   0.9458570000   0.0809450000   2.4400240000  -0.1696880000  -0.5854180000   1.9063960000   1.2502770000   0.8732700000   8.9444380000   0.3037840000   1.3315810000   8.4952450000  -0.6904540000   1.7334090000   8.0046710000  -0.0203370000  -0.0121840000  -0.0097080000   0.0204750000   0.0121120000   0.0097040000  -0.0564580000   0.0219680000  -0.0271430000   0.0604900000  -0.0187290000   0.0285960000  -0.0041700000  -0.0031660000  -0.0014490000
   6.2188050705   6.5450726412 2968  6.13E-01   0.0688970000   0.4684180000   2.2994410000  -0.3168850000  -0.9216860000   1.9833190000   0.9407790000   2.5264300000   7.4024290000   0.5742240000   1.9028120000   8.3294240000   0.2064130000   1.3064220000   9.2958470000   0.0024980000   0.0090580000   0.0020500000  -0.0025790000  -0.0092230000  -0.0020620000   0.0005760000   0.0031230000   0.0032000000   0.0104630000   0.0128330000  -0.0352620000  -0.0109580000  -0.0157910000   0.0320750000
   6.2166517521   6.5461814370 3556  8.80E+00  -1.5819960000  -0.0499230000   2.6797350000  -0.2945360000  -0.3247120000   1.8697140000  -0.6070530000   0.7346750000   8.3220410000   0.5841420000   0.8213210000   8.4412920000   1.7391960000   0.9612720000   8.8356700000  -0.0276370000   0.0059140000   0.0174160000   0.0277990000  -0.0059010000  -0.0173820000  -0.0436610000   0.0002120000   0.0128950000  -0.0333670000  -0.0129010000  -0.0561110000   0.0768650000   0.0126740000   0.0431810000
