   6.2218960133   6.0731046835    8  3.39E+00   1.6153160000  -0.9672830000   3.2719010000   0.5762840000  -1.2294070000   2.3409580000  -0.6021140000   1.3894930000   7.6921580000  -1.1112100000   2.5057460000   7.6555200000  -1.5435740000   3.6180270000   7.6646120000  -0.0127130000  -0.0032050000  -0.0115070000   0.0127170000   0.0032330000   0.0111290000   0.0375870000  -0.0735530000   0.0067740000  -0.0264690000   0.0343150000  -0.0097100000  -0.0111220000   0.0392090000   0.0033150000
   6.2208722953   6.0734417915   83  4.34E-01  -0.9786090000  -0.5931640000   2.5507790000   0.2928890000  -0.2600060000   1.8489830000  -0.7743010000   0.0270740000   9.4852210000  -0.5291750000   0.7637350000   8.6052060000  -0.2295520000   1.4231700000   7.6610970000  -0.0127950000  -0.0034190000   0.0070170000   0.0127540000   0.0031600000  -0.0072970000   0.0029710000  -0.0062700000  -0.0017410000  -0.0119890000  -0.0015390000   0.0217600000   0.0090580000   0.0080680000  -0.0197390000
   6.2247936366   6.0737850862  378  2.44E+00   1.3388560000   0.6384080000   2.2436830000  -0.0204420000  -0.0083150000   2.0232690000   1.1139560000   0.6206810000   8.5171270000  -0.0033680000   0.2375330000   8.3088120000  -1.0936880000  -0.1100160000   8.0006150000   0.0231530000   0.0110100000   0.0038000000  -0.0230930000  -0.0109990000  -0.0038050000   0.0421970000   0.0160980000   0.0027990000  -0.0256520000  -0.0124910000   0.0066920000  -0.0166040000  -0.0036180000  -0.0094860000
   6.2241890814   6.0712147207  802  2.28E+01  -0.4409420000   0.4341430000   2.2652640000   0.8405300000  -0.8545360000   2.0316540000  -1.5104720000   1.1785140000   7.2469340000  -1.5506740000   1.8012510000   8.2351920000  -1.4954740000   2.3973760000   9.2828390000  -0.0553190000   0.0557030000   0.0099030000   0.0555150000  -0.0557510000  -0.0103310000   0.0047840000   0.0057070000   0.0164560000  -0.0133600000  -0.0323820000  -0.0697330000   0.0083810000   0.0267230000   0.0537060000
   6.2206164362   6.0737630457  802  2.30E+01  -0.4448600000   0.4308940000   2.2688440000   0.8407510000  -0.8546300000   2.0311960000  -1.5112040000   1.1788200000   7.2488570000  -1.5499460000   1.8002540000   8.2353930000  -1.4961430000   2.3984920000   9.2828280000  -0.0556110000   0.0556800000   0.0101000000   0.0558050000  -0.0557270000  -0.0105230000   0.0045010000   0.0081510000   0.0201170000  -0.0128900000  -0.0355890000  -0.0742950000   0.0081940000   0.0274850000   0.0546010000
   6.2208595763   6.0720631643  836  1.77E+00  -0.6557010000   1.7123170000   2.4026280000   0.4399140000   0.7330420000   2.2177430000  -1.2936670000  -2.0193810000   7.3450050000  -0.7352890000  -1.1547810000   7.9228190000  -0.3100800000  -0.1949250000   8.4812360000  -0.0084410000   0.0075420000   0.0014510000   0.0085010000  -0.0075280000  -0.0013890000  -0.0128270000  -0.0009170000  -0.0038650000   0.0127060000  -0.0243330000  -0.0077140000   0.0000610000   0.0252360000   0.0115160000
   6.2224629012   6.0719032712 1191  1.72E+00   0.8333260000   0.8375030000   2.3287180000   0.9937500000  -0.6286690000   2.1968080000  -2.9913040000   1.5121150000   8.1883750000  -1.8164980000   1.3978780000   7.9308120000  -0.6605890000   1.2131350000   7.7410780000  -0.0012820000   0.0112400000   0.0009690000   0.0011630000  -0.0112770000  -0.0012170000  -0.0595900000   0.0016600000   0.0174310000   0.0420540000   0.0051690000  -0.0199080000   0.0176540000  -0.0067920000   0.0027260000
   6.2234596313   6.0714218963 1422  1.27E+01  -0.7902300000   0.0584870000   2.5311300000  -0.0406610000  -1.4070110000   2.1644970000   0.3750590000   3.4796850000   8.8898740000   0.0507570000   2.7822200000   8.0633510000  -0.1603050000   2.1426570000   7.0886930000  -0.0270550000   0.0527400000   0.0129620000   0.0270610000  -0.0530910000  -0.0135490000  -0.0194410000  -0.0551890000  -0.0811300000   0.0117410000   0.0519640000   0.0933470000   0.0076950000   0.0035770000  -0.0116300000
   6.2243661881   6.0726649338 1491  2.83E+00  -1.2453920000  -1.5347900000   3.4942700000  -0.4076780000  -1.1787440000   2.2538330000   1.4849060000   3.3810570000   7.9298240000   0.7603050000   2.4322280000   7.8511820000   0.0588430000   1.4643800000   7.7011730000  -0.0169690000  -0.0072710000   0.0250020000   0.0170290000   0.0072180000  -0.0253680000   0.0285440000   0.0347120000  -0.0006970000  -0.0012490000   0.0053700000   0.0095920000  -0.0273560000  -0.0400280000  -0.0085280000
   6.2229368250   6.0745775632 1505  2.64E+00  -0.2748320000  -1.6662690000   2.8835010000   0.3167730000  -0.5652710000   2.0208400000  -0.8141100000   2.4366840000   8.4516240000  -0.5592520000   1.3068720000   8.3428490000  -0.3307860000   0.1980090000   8.0123810000  -0.0097480000  -0.0181210000   0.0140950000   0.0097440000   0.0182230000  -0.0144150000   0.0031430000  -0.0207000000  -0.0165910000  -0.0010410000   0.0182720000   0.0298690000  -0.0020990000   0.0023260000  -0.0129580000
   6.2242328470   6.0700329681 1691  1.86E+00   0.6767880000   2.3089490000   3.7972810000  -0.7683280000   2.2286840000   4.1758350000   1.5311140000  -4.3149190000   3.2496810000   1.4389440000  -3.8445710000   4.3398530000   1.1832510000  -3.3873610000   5.3992230000   0.0166290000   0.0008920000  -0.0043930000  -0.0166140000  -0.0008270000   0.0042210000  -0.0077680000  -0.0133290000  -0.0286350000   0.0197210000   0.0120520000   0.0213760000  -0.0119680000   0.0012120000   0.0074310000
   6.2222341071   6.0740915495 1875  2.08E+00  -1.3569310000  -0.3447270000   2.1755400000   0.0177820000   0.0068900000   2.0475880000   0.9277070000   0.8994490000   7.9864400000   0.0332340000   0.2051500000   8.2155130000  -0.9559740000  -0.3784690000   8.4841800000   0.0140840000   0.0035940000  -0.0012580000  -0.0140970000  -0.0036510000   0.0013360000  -0.0391010000  -0.0176470000   0.0128750000   0.0489830000   0.0120300000  -0.0180670000  -0.0098690000   0.0056750000   0.0051140000
   6.2205941258   6.0716219154 1930  7.88E+00   0.9050850000  -1.5604690000   3.1578290000  -0.2215470000  -1.3268600000   2.2954870000   0.4015310000   3.8179030000   8.0061000000   0.3384110000   2.7373410000   7.6191630000   0.3938650000   1.5398340000   7.6122460000  -0.0061560000   0.0012710000  -0.0048460000   0.0061110000  -0.0012210000   0.0043930000   0.0052100000  -0.0632150000   0.0075880000  -0.0145780000   0.0891980000  -0.0360550000   0.0094130000  -0.0260330000   0.0289200000
   6.2239381989   6.0703422591 2384  3.76E+00   0.1675190000  -1.0967140000   2.6830640000   0.0591000000  -0.0972620000   1.7785390000  -0.3605750000  -0.3240140000   7.8301100000  -0.0949110000   0.4672830000   8.7015730000   0.1261090000   1.2157480000   9.5873450000  -0.0048250000   0.0447470000  -0.0406280000   0.0049280000  -0.0445990000   0.0401790000  -0.0139780000  -0.0357390000  -0.0335070000   0.0130380000   0.0261800000   0.0185120000   0.0008370000   0.0094110000   0.0154430000
   6.2240889218   6.0728368588 2384  3.91E+00   0.1650700000  -1.0927990000   2.6848550000   0.0591550000  -0.0975190000   1.7768760000  -0.3603490000  -0.3231250000   7.8310040000  -0.0950890000   0.4674930000   8.7045800000   0.1258980000   1.2157380000   9.5923880000  -0.0047730000   0.0451240000  -0.0412970000   0.0048760000  -0.0449770000   0.0408480000  -0.0142840000  -0.0367470000  -0.0348040000   0.0128260000   0.0255200000   0.0178530000   0.0013560000   0.0110800000   0.0173990000
   6.2235678157   6.0738609068 2468  7.96E+00   0.8921910000  -1.1993980000   2.7022840000  -0.1784640000  -0.3942830000   1.8708100000  -0.3770270000   1.4630680000   9.3643560000   0.2038260000   0.9504670000   8.5020280000   1.0591020000   0.5558070000   7.7408650000   0.0279740000  -0.0211240000   0.0216170000  -0.0282650000   0.0210810000  -0.0219940000   0.0326120000  -0.0052260000  -0.0148200000  -0.0833870000   0.0122840000   0.0355990000   0.0510660000  -0.0070150000  -0.0204030000
   6.2218949316   6.0703148720 2526  2.67E+00  -1.4999300000   0.0685430000   3.0045380000  -0.6151220000  -0.2683570000   1.8568930000   1.9872360000   0.4409330000   9.3692730000   1.1444500000   0.7742830000   8.5921280000   0.3201970000   1.0014110000   7.7187690000  -0.0083510000   0.0031100000   0.0106130000   0.0083470000  -0.0032850000  -0.0111060000   0.0312400000  -0.0178230000   0.0227120000   0.0169500000   0.0098660000   0.0338140000  -0.0481870000   0.0081310000  -0.0560330000
   6.2207123556   6.0746041860 2527  4.79E+00   1.1887480000   0.3138660000   2.1210800000  -0.1527450000  -0.5296270000   2.0815640000   1.2887390000   0.8173560000   8.5710460000   0.2320440000   1.2224840000   8.2002570000  -0.7749810000   1.5779130000   7.7447710000   0.0367000000   0.0230690000   0.0011180000  -0.0366150000  -0.0231200000  -0.0011280000   0.0271440000  -0.0121550000   0.0040020000  -0.0547490000   0.0235960000  -0.0112130000   0.0275200000  -0.0113900000   0.0072220000
   6.2211304359   6.0728219632 2917  9.98E+00   1.5128920000  -1.7563360000   3.1514080000   0.3683960000  -0.9629680000   2.3478820000  -0.0034650000   1.5184240000   8.4365540000  -0.7413740000   1.9320970000   7.6253560000  -1.3751610000   2.6387850000   6.9158740000   0.0342510000  -0.0237380000   0.0241510000  -0.0342630000   0.0237000000  -0.0239850000  -0.0012040000   0.0249490000  -0.0007760000  -0.0013320000  -0.0502160000  -0.0032560000   0.0025500000   0.0253030000   0.0038650000
   6.2238972100   6.0704481315 3329  7.92E+00   1.2232130000  -0.6283440000   3.1383030000   0.6453060000  -0.7609970000   1.9186130000  -1.1900710000   1.9033210000   9.6271820000  -1.1378510000   1.6871060000   8.4109650000  -1.2556300000   1.3580400000   7.2801860000  -0.0244630000  -0.0056720000  -0.0518680000   0.0247070000   0.0055280000   0.0515590000  -0.0138270000   0.0108180000   0.1009060000   0.0254880000  -0.0006210000  -0.0919380000  -0.0119060000  -0.0100530000  -0.0086580000
   6.2246923349   6.0737479735 3329  7.88E+00   1.2213060000  -0.6247860000   3.1370260000   0.6457080000  -0.7614140000   1.9180650000  -1.1869940000   1.9029750000   9.6282900000  -1.1394980000   1.6865370000   8.4125530000  -1.2593570000   1.3606710000   7.2807040000  -0.0247770000  -0.0059390000  -0.0527110000   0.0250220000   0.0057940000   0.0524020000  -0.0132830000   0.0109300000   0.1002250000   0.0248910000  -0.0007850000  -0.0905190000  -0.0118520000  -0.0100000000  -0.0093970000
   6.2207583293   6.0740040592 3801  1.52E+00   0.1261290000  -1.3996740000   2.1020030000  -0.0021900000   0.0166460000   2.1241910000  -1.1321090000   0.5661630000   8.0668200000   0.0118730000   0.2405100000   8.1015510000   1.1261840000  -0.0539880000   8.1114090000  -0.0014290000   0.0157960000   0.0002840000   0.0014740000  -0.0158050000  -0.0002220000  -0.0242250000   0.0085720000  -0.0005730000   0.0684480000  -0.0219710000   0.0009850000  -0.0442690000   0.0134080000  -0.0004730000
