   6.2282353556   6.8459278555   12  5.24E+00  -0.9097710000   1.0599740000   2.6247020000   0.0900030000   0.1817420000   1.8168340000   0.1079330000   1.0586770000   8.6063400000  -0.0765240000  -0.1270810000   8.6817240000  -0.4426660000  -1.2500470000   8.6384390000  -0.0233270000   0.0204620000   0.0188640000   0.0233500000  -0.0205310000  -0.0188440000  -0.0045010000   0.0467400000  -0.0086020000   0.0197190000  -0.0380800000   0.0152440000  -0.0152410000  -0.0085910000  -0.0066620000
   6.2296071308   6.8466448005  150  1.70E+00   1.1168640000  -1.2820810000   3.4483340000   0.6448470000  -0.9801480000   2.0601400000  -1.7243410000   2.6978660000   7.3266100000  -1.1674190000   2.0783320000   8.1703760000  -0.6901710000   1.4054830000   9.0350160000   0.0055320000  -0.0035190000   0.0163240000  -0.0055030000   0.0035170000  -0.0162310000  -0.0147780000   0.0079650000  -0.0117360000   0.0052740000   0.0154880000  -0.0171700000   0.0094750000  -0.0234510000   0.0288130000
   6.2271541368   6.8453493355  292  9.13E+00  -0.5938690000  -1.0477580000   2.9667330000  -0.0675330000  -0.2703080000   1.6867240000  -0.6544620000   1.3683000000   8.3070930000   0.1935820000   0.8094600000   8.8580920000   0.8838320000   0.1277080000   9.4335380000  -0.0144830000  -0.0215170000   0.0353850000   0.0146300000   0.0214280000  -0.0354080000   0.0266580000  -0.0350150000   0.0291920000   0.0523170000  -0.0212480000   0.0236150000  -0.0791210000   0.0563510000  -0.0527840000
   6.2278392810   6.8480343382  700  2.94E+00  -0.2356650000   1.1272860000   2.5828760000   0.0044540000  -0.0123980000   1.7952870000   0.5907410000   1.2569810000   8.4990560000  -0.0175330000   0.2711460000   8.7477300000  -0.5849740000  -0.7819590000   8.8064190000   0.0042430000  -0.0202370000  -0.0139580000  -0.0042770000   0.0202050000   0.0139630000   0.0112700000   0.0099270000  -0.0138810000   0.0044190000   0.0280760000   0.0225920000  -0.0156560000  -0.0379710000  -0.0087160000
   6.2260350807   6.8475459148  796  4.54E+00  -0.1693650000  -0.7922470000   2.7635880000   0.0028290000   0.0112050000   1.6600230000   0.4440420000   1.1650410000   8.3952200000   0.0308160000   0.2232190000   8.9029910000  -0.4706350000  -0.6509810000   9.4578550000   0.0054610000   0.0254930000  -0.0350170000  -0.0054980000  -0.0256150000   0.0350530000  -0.0302070000  -0.0484710000   0.0343600000   0.0132440000   0.0021780000  -0.0127770000   0.0170010000   0.0464160000  -0.0216190000
   6.2258400884   6.8483360665  861  8.86E+00  -0.2251470000   0.3835920000   2.3289240000   0.4224270000  -1.0159000000   1.9968070000  -0.1566300000   1.5507040000   9.1359340000  -0.7068860000   2.1334040000   8.2843560000  -1.4082320000   2.5849150000   7.5269540000  -0.0169930000   0.0368170000   0.0087720000   0.0170930000  -0.0368450000  -0.0087050000  -0.0217850000   0.0009600000  -0.0073170000  -0.0380640000   0.0545560000  -0.0789410000   0.0597480000  -0.0554890000   0.0861910000
   6.2299202632   6.8492404203 1200  3.04E+00   0.5031610000  -1.1806090000   2.7527780000   1.1138110000  -0.1163600000   2.0748860000  -3.1074250000   0.0977590000   7.7914780000  -2.0453620000   0.4992530000   8.1837080000  -0.9514700000   0.8706410000   8.5303130000   0.0119070000   0.0208050000  -0.0132090000  -0.0119640000  -0.0207990000   0.0132480000  -0.0420910000  -0.0179380000  -0.0175880000  -0.0091080000   0.0024520000   0.0030780000   0.0512570000   0.0154810000   0.0144720000
   6.2281841940   6.8457638372 1864  2.20E+00   0.9113610000  -0.5502960000   2.6985040000  -0.0067630000   0.0079600000   1.7443970000  -1.0585450000   0.7799150000   9.0015770000   0.0146360000   0.2611530000   8.8081450000   1.0239110000  -0.2933740000   8.5054170000  -0.0053320000   0.0032430000  -0.0055060000   0.0052590000  -0.0031940000   0.0054980000  -0.0545550000   0.0224920000   0.0037080000   0.0333610000  -0.0067500000   0.0087130000   0.0212670000  -0.0157910000  -0.0124130000
   6.2283327968   6.8476608735 1907  6.07E+00  -0.6459360000  -1.3898410000   3.1662230000  -0.5863230000  -0.6853570000   2.0017140000   2.0945620000   1.8711990000   7.7608230000   1.1009510000   1.5620040000   8.3649850000   0.0478920000   1.1542890000   8.7642720000   0.0023290000   0.0274840000  -0.0454060000  -0.0023490000  -0.0274880000   0.0454100000   0.0357490000   0.0067650000  -0.0346720000   0.0023260000   0.0121190000   0.0325780000  -0.0380540000  -0.0188800000   0.0020890000
   6.2290675224   6.8458976015 2261  5.53E+00   1.0525830000   0.3042930000   2.5690010000  -0.0145250000  -0.0004750000   1.8018290000   0.3493570000  -0.8765580000   8.8093020000  -0.0521690000   0.2247150000   8.6988030000  -0.3039650000   1.3787420000   8.5011050000  -0.0497440000  -0.0142240000  -0.0357260000   0.0497250000   0.0141610000   0.0357700000   0.0111710000  -0.0017190000  -0.0037950000  -0.0127480000  -0.0369170000   0.0137970000   0.0015960000   0.0386990000  -0.0100470000
   6.2270970652   6.8495164624 2377  2.89E+00  -0.5976140000   0.7856680000   2.5214430000   0.4615390000  -0.0440080000   1.7948350000  -1.6786290000  -0.5010100000   8.8017980000  -0.8082570000   0.2915240000   8.7253280000   0.0179960000   1.1401270000   8.5266230000  -0.0196820000   0.0153710000   0.0135080000   0.0196270000  -0.0154510000  -0.0135020000  -0.0113500000  -0.0042890000  -0.0057590000  -0.0152160000  -0.0294240000   0.0188160000   0.0266200000   0.0337940000  -0.0130630000
   6.2295110063   6.8490703583 2900  3.18E+00  -1.6029530000   0.2586110000   4.5748490000  -2.4204450000   0.2572460000   3.3202510000   3.6823490000   0.5348440000   6.4167990000   4.4578180000  -0.2533360000   5.9208700000   5.1604650000  -0.9580330000   5.2692470000   0.0095970000  -0.0000410000   0.0147330000  -0.0096880000  -0.0000780000  -0.0148660000  -0.0401520000   0.0429870000   0.0154060000   0.0258120000  -0.0296350000   0.0104180000   0.0144310000  -0.0132320000  -0.0256910000
   6.2266756129   6.8487906137 3459  1.68E+01   1.3157890000  -0.7763420000   3.7510310000   0.8094740000  -1.3959390000   2.2594460000  -0.6086980000   3.1838870000   7.1502450000  -1.5133850000   2.9107450000   7.8950210000  -2.3808180000   2.3392670000   8.4036290000   0.0184340000   0.0224520000   0.0542880000  -0.0184600000  -0.0226830000  -0.0543930000   0.0261200000  -0.0119840000  -0.0347910000  -0.0597040000   0.0116040000   0.0689190000   0.0336100000   0.0006110000  -0.0340240000
   6.2299886834   6.8458657228 3567  2.21E+00  -0.3852870000  -0.0469710000   2.9932910000  -0.5767120000  -0.8776270000   1.7458540000   0.5512140000   2.1105230000   9.7591220000   1.0491440000   1.8004460000   8.7675630000   1.5657120000   1.6116060000   7.7524850000   0.0027320000   0.0122690000   0.0184280000  -0.0029460000  -0.0123740000  -0.0185810000   0.0219810000  -0.0036030000  -0.0419280000  -0.0015090000  -0.0140440000  -0.0017030000  -0.0202580000   0.0177530000   0.0437840000
   6.2251966199   6.8462049044 3641  4.99E+00  -0.2175830000  -0.0199140000   2.4427260000   0.5076850000   1.2903210000   1.9863600000  -0.7709140000  -0.9404470000   8.3313880000  -0.9079280000  -2.1004550000   8.2692040000  -1.0693010000  -3.2379940000   8.3878820000  -0.0179240000  -0.0324440000   0.0113030000   0.0179150000   0.0322850000  -0.0113500000  -0.0041990000  -0.0174950000   0.0135670000   0.0002210000  -0.0248600000  -0.0228540000   0.0039870000   0.0425140000   0.0093340000
   6.2260261806   6.8473325784 3984  8.23E+00   0.8257950000  -0.2421030000   3.1004530000   0.2714940000  -0.9065700000   1.7306060000   0.3011040000   1.8879220000   7.9816780000  -0.4964410000   1.9284700000   8.7840880000  -1.3363620000   1.8949410000   9.5869270000   0.0172420000   0.0206530000   0.0426150000  -0.0173450000  -0.0207790000  -0.0428050000  -0.0736110000  -0.0012550000   0.0725410000   0.0564310000   0.0059110000  -0.0533510000   0.0172840000  -0.0045300000  -0.0190010000
