   6.2273207873   6.7501203281   31  1.42E+01   0.3424910000   0.4802290000   2.4225260000  -0.3068690000  -0.7915230000   1.9651720000   1.4255270000   2.3403710000   8.1656230000   0.6162220000   1.6313020000   8.5364140000  -0.3771230000   1.0454940000   8.4601360000   0.0079890000   0.0155980000   0.0056040000  -0.0079190000  -0.0156440000  -0.0056960000  -0.0907660000  -0.0551650000  -0.0022550000   0.0456340000   0.0086090000   0.0340680000   0.0450610000   0.0466020000  -0.0317210000
   6.2268578020   6.7507989012  252  7.97E+00  -1.3581720000   0.0440540000   2.9642920000  -1.1357410000  -1.3748240000   2.4692700000   2.7371850000   2.0366980000   6.8207350000   2.0863500000   2.7184140000   7.4091570000   1.4543340000   3.4737050000   8.0995370000  -0.0036780000   0.0236020000   0.0082790000   0.0036600000  -0.0235270000  -0.0081980000  -0.0851200000   0.0976150000   0.0874680000   0.1035200000  -0.1278170000  -0.1178560000  -0.0183820000   0.0301280000   0.0303060000
   6.2295776369   6.7504217058  396  5.01E+00  -1.1629220000  -0.9881090000   2.5139100000   0.2672810000  -0.6429880000   2.0223100000  -0.4241530000   0.3139230000   8.6686950000  -0.4726530000   1.4186840000   8.2181640000  -0.4826240000   2.5822430000   7.9048630000  -0.0321190000  -0.0077180000   0.0111070000   0.0321100000   0.0077690000  -0.0109710000   0.0036500000  -0.0286210000   0.0226390000  -0.0054280000  -0.0250690000  -0.0187490000   0.0017880000   0.0536390000  -0.0040250000
   6.2261123092   6.7510542460 1461  2.28E+00  -1.3907110000  -0.9843200000   3.0252280000  -0.2223630000  -0.9856740000   2.1299370000   0.7415030000   3.0155410000   7.4813830000   0.4612030000   2.0818260000   8.1177360000   0.1104260000   1.0940250000   8.5978310000  -0.0061070000   0.0000240000   0.0047030000   0.0061220000  -0.0000220000  -0.0046830000  -0.0114500000  -0.0251740000   0.0048890000   0.0012800000  -0.0138580000   0.0257200000   0.0101560000   0.0390300000  -0.0306290000
   6.2267819381   6.7543931615 1664  4.02E+00   0.3513410000   0.6418420000   2.4918750000  -1.0224120000   0.5039910000   1.9864640000   1.0003160000   0.1530560000   8.4213100000   1.8859300000  -0.6321650000   8.3905830000   2.6679620000  -1.5483120000   8.2032210000   0.0065860000   0.0006460000   0.0024270000  -0.0065310000  -0.0006750000  -0.0024630000  -0.0182810000   0.0032390000  -0.0074150000  -0.0212260000   0.0576950000   0.0266060000   0.0394530000  -0.0609060000  -0.0191540000
   6.2262868790   6.7542694630 1752  4.00E+00   0.0941110000  -0.8784360000   2.7214010000   0.0037880000   0.0128260000   1.7064490000   0.8119220000   0.9301840000   8.3491540000  -0.0005840000   0.2593700000   8.8421100000  -0.8363330000  -0.4459280000   9.3204190000  -0.0039890000   0.0390840000  -0.0444880000   0.0039110000  -0.0391440000   0.0445100000  -0.0171470000  -0.0149870000   0.0102180000   0.0417430000   0.0366010000  -0.0234630000  -0.0245180000  -0.0215540000   0.0132230000
   6.2284755908   6.7510090998 2133  1.20E+01  -1.9090790000   0.3123090000   3.4613000000  -1.6004520000  -1.0914290000   2.7249110000   1.8836130000   2.4729390000   7.2782280000   2.9262890000   2.2616110000   6.8691360000   4.0329590000   1.9481380000   6.7393910000  -0.0094090000   0.0430720000   0.0225530000   0.0095550000  -0.0430740000  -0.0226390000   0.0875640000  -0.0236550000  -0.0089350000  -0.0478080000   0.0182950000  -0.0187410000  -0.0399020000   0.0053630000   0.0277620000
   6.2274181903   6.7536342892 2681  5.45E+00  -0.2036290000  -1.6216730000   4.0046510000  -0.3257960000  -1.8928980000   2.6894910000   0.2570710000   4.0060200000   5.9259410000   0.6382010000   3.7663640000   7.0114960000   0.9037650000   3.4100180000   8.1274710000  -0.0057270000  -0.0127540000  -0.0618420000   0.0057710000   0.0126910000   0.0619000000  -0.0070350000  -0.0059050000   0.0026950000   0.0041580000   0.0257500000  -0.0468570000   0.0028330000  -0.0197830000   0.0441050000
   6.2272855983   6.7517690069 2900  3.23E+00  -1.9681350000  -0.8154980000   4.6157400000  -2.3133900000   0.5308140000   3.9683180000   4.3175300000  -0.0591600000   5.6930900000   4.2570790000  -0.6661880000   4.6749270000   4.1643260000  -1.3526980000   3.6891000000   0.0067200000  -0.0260260000   0.0125350000  -0.0066430000   0.0260610000  -0.0125020000   0.0005650000   0.0078670000   0.0233910000   0.0037790000   0.0262350000   0.0165260000  -0.0044210000  -0.0341370000  -0.0399500000
   6.2286826446   6.7549505890 2900  3.47E+00  -1.9677410000  -0.8244920000   4.6168830000  -2.3132690000   0.5310140000   3.9685180000   4.3126970000  -0.0568710000   5.6912410000   4.2587020000  -0.6678840000   4.6749260000   4.1673090000  -1.3541460000   3.6898820000   0.0072550000  -0.0282830000   0.0135470000  -0.0071790000   0.0283160000  -0.0135160000   0.0001360000   0.0082790000   0.0234320000   0.0043690000   0.0248490000   0.0154840000  -0.0045800000  -0.0331620000  -0.0389480000
   6.2296439887   6.7529517524 3550  5.17E+00   0.1127220000  -0.5947680000   2.8260340000  -0.0034680000   0.0116540000   1.6229200000   0.8293520000  -0.2365450000   9.6776900000   0.0194930000   0.3071160000   8.9893430000  -0.8337690000   0.6729330000   8.2919280000  -0.0051450000   0.0271040000  -0.0538040000   0.0052780000  -0.0271490000   0.0537350000   0.0183820000  -0.0259200000   0.0182810000  -0.0375110000   0.0469160000  -0.0373360000   0.0189970000  -0.0209520000   0.0191240000
   6.2283745314   6.7542089513 3795  3.84E+00   0.2738360000   1.2957860000   2.5697310000  -0.0077910000  -0.0131370000   1.8268900000   0.9981620000  -0.3565910000   8.7306100000  -0.0014000000   0.2252370000   8.6992350000  -0.9754520000   0.8591500000   8.4542640000   0.0053630000   0.0247780000   0.0140780000  -0.0052990000  -0.0248300000  -0.0140910000  -0.0305960000   0.0223220000  -0.0144210000   0.0416890000  -0.0341350000   0.0306250000  -0.0111560000   0.0118650000  -0.0161910000
