   6.2290803910   6.0559636189   10  3.95E+00  -0.3105220000  -1.1782050000   2.3032800000   0.7191910000  -0.2235860000   2.1291440000  -0.4107730000   1.1520100000   8.6525170000  -1.3638640000   0.6934460000   8.1504020000  -2.1376300000   0.2059700000   7.4516200000   0.0145370000   0.0134380000  -0.0024910000  -0.0143760000  -0.0134080000   0.0023870000  -0.0000800000  -0.0081010000  -0.0200510000  -0.0515450000  -0.0147430000  -0.0026840000   0.0514630000   0.0228140000   0.0228400000
   6.2276071891   6.0559432706   16  1.12E+00  -0.5737680000   1.0775750000   2.6108750000   0.0068550000  -0.0181330000   1.7484020000  -0.6164710000   0.4577900000   9.7529650000   0.0249290000   0.3009480000   8.7607940000   0.5996690000   0.0266330000   7.7750940000  -0.0086520000   0.0162480000   0.0126950000   0.0084780000  -0.0161630000  -0.0130550000  -0.0219210000  -0.0031650000   0.0283650000   0.0288460000   0.0093520000  -0.0353500000  -0.0067510000  -0.0062730000   0.0073450000
   6.2280919800   6.0557581122   45  7.97E+00   0.0595230000  -1.2781090000   3.0545230000  -1.1867330000  -1.1180300000   2.3171270000   2.9581350000   2.6708360000   8.5728050000   2.1431900000   2.2280830000   7.7613350000   1.3560640000   2.0084660000   6.8372390000   0.0009940000  -0.0002490000   0.0004990000  -0.0011120000  -0.0001100000  -0.0008490000   0.0656850000   0.0463320000   0.0583910000  -0.0104060000  -0.0424280000   0.0134570000  -0.0551610000  -0.0035450000  -0.0714980000
   6.2298019052   6.0577433955   45  7.51E+00   0.0642980000  -1.2842720000   3.0543790000  -1.1869310000  -1.1180410000   2.3172260000   2.9539570000   2.6700890000   8.5732080000   2.1460880000   2.2270060000   7.7604930000   1.3587550000   2.0104640000   6.8369820000   0.0028330000  -0.0004990000   0.0015800000  -0.0029520000   0.0001360000  -0.0019320000   0.0617350000   0.0449960000   0.0554650000  -0.0070140000  -0.0418790000   0.0152180000  -0.0546030000  -0.0027540000  -0.0703310000
   6.2251433892   6.0580896677  241  5.99E+00  -0.8603760000  -1.1481450000   3.3658140000  -1.1320620000  -0.7157290000   2.0780610000   2.5959770000   1.7751770000   9.2109180000   1.9890300000   1.5497800000   8.1984630000   1.6188690000   1.3959450000   7.0453200000  -0.0074670000   0.0116240000  -0.0350380000   0.0071620000  -0.0119090000   0.0346430000   0.0396320000   0.0138430000   0.0357390000  -0.0330670000  -0.0098710000   0.0354060000  -0.0062600000  -0.0036870000  -0.0707500000
   6.2273777789   6.0582312737  494  3.89E+00   1.1062400000   0.3159310000   2.5564870000  -0.0153940000   0.0004150000   1.8113060000  -0.0422880000   1.0428920000   7.7791100000   0.0632280000   0.2947920000   8.6958610000   0.0020030000  -0.5984960000   9.4869590000  -0.0315940000  -0.0089570000  -0.0210840000   0.0316580000   0.0087560000   0.0207520000  -0.0121090000   0.0024850000  -0.0195220000   0.0242970000   0.0335040000   0.0033760000  -0.0122520000  -0.0357870000   0.0164780000
   6.2269361432   6.0579831540  586  6.29E+00   0.2183060000  -1.2255750000   2.2629600000  -0.3239910000   0.1457290000   1.9617810000   1.0943190000  -0.8884080000   8.8307690000   0.5880150000  -0.0041910000   8.3577340000   0.0685950000   0.9286390000   7.9561190000   0.0074070000  -0.0186740000   0.0041410000  -0.0073180000   0.0184820000  -0.0041870000  -0.0552440000   0.0988760000  -0.0438040000   0.0172720000  -0.0333600000   0.0057270000   0.0378820000  -0.0653240000   0.0381230000
   6.2271760552   6.0581350211  690  6.96E+00  -1.1494340000  -2.2815980000   3.7145630000  -0.2996060000  -1.4143550000   2.7571680000   0.7173530000   3.7878540000   6.1337770000   0.5402040000   2.8186570000   6.8626170000   0.4458440000   1.9912470000   7.7116790000  -0.0183610000  -0.0187020000   0.0206870000   0.0183760000   0.0188350000  -0.0206320000   0.0164800000   0.0721670000  -0.0396150000  -0.0193230000  -0.0624640000   0.0119640000   0.0028290000  -0.0098350000   0.0275960000
   6.2299797487   6.0567310932  777  3.63E+00  -0.8660010000  -0.7151630000   2.6291250000   0.1011000000  -0.2291880000   1.8195760000   0.4290550000   1.3279940000   9.4309310000  -0.2006630000   0.6817850000   8.6639000000  -0.7287750000   0.0375460000   7.8132520000   0.0437310000   0.0219650000  -0.0367160000  -0.0435870000  -0.0218890000   0.0363000000   0.0180980000   0.0123070000   0.0097140000  -0.0135400000   0.0005150000   0.0111540000  -0.0047020000  -0.0128970000  -0.0204520000
   6.2260883867   6.0564942895  893  4.88E+00   0.4442490000   1.4629300000   2.0127930000  -0.0053060000  -0.0183550000   2.0832250000   0.9348360000   0.9136670000   8.3315750000   0.0117490000   0.2662900000   8.1074770000  -0.9451460000  -0.4263980000   8.0524230000   0.0099760000   0.0328570000  -0.0014860000  -0.0098920000  -0.0328010000   0.0016190000  -0.0455090000  -0.0334430000   0.0026960000   0.0528570000   0.0402210000  -0.0162260000  -0.0074320000  -0.0068350000   0.0133970000
   6.2253804669   6.0573736542 1624  2.18E+00  -1.0400350000  -1.0769770000   2.1088430000   0.0112370000   0.0127580000   2.1180480000   0.4712680000   1.3187020000   8.1056440000  -0.0113730000   0.2474240000   8.1041060000  -0.4533270000  -0.8126330000   8.1009140000  -0.0163340000  -0.0169150000  -0.0001250000   0.0163360000   0.0169410000   0.0001860000   0.0013060000  -0.0026480000   0.0015090000  -0.0256330000  -0.0496290000  -0.0033660000   0.0243260000   0.0522520000   0.0017960000
   6.2263899658   6.0562021939 1688  7.21E+00   0.7754730000  -1.9598850000   2.9955100000  -0.0350360000  -0.8317290000   2.2904810000  -0.0205470000   2.7876980000   7.1461090000  -0.0393760000   1.8507010000   7.8517830000   0.1762310000   0.7879970000   8.3328320000   0.0190310000  -0.0264960000   0.0165460000  -0.0190860000   0.0264490000  -0.0166050000   0.0156590000  -0.0172570000  -0.0066720000  -0.0333550000   0.0345360000   0.0163520000   0.0177510000  -0.0172330000  -0.0096210000
   6.2296838021   6.0591840987 1778  8.11E-01  -0.2495550000   0.4742500000   2.3863560000  -0.3423450000  -0.9533210000   1.9583670000   0.5362340000   1.1415440000   7.5756040000   0.6567110000   2.0061970000   8.3563460000   0.6962530000   2.7713220000   9.2216020000   0.0009850000   0.0154790000   0.0044950000  -0.0010590000  -0.0154910000  -0.0050100000  -0.0036640000   0.0056510000   0.0189890000   0.0105800000   0.0249580000   0.0020560000  -0.0068430000  -0.0305970000  -0.0205300000
   6.2260740269   6.0586647016 1841  5.68E+00  -1.4669500000   0.5179910000   2.1580260000   0.0211300000  -0.0078330000   2.0549590000  -1.0918630000  -0.0579640000   8.4561230000  -0.0044800000   0.2045760000   8.2017790000   1.0821190000   0.5985520000   7.9890990000  -0.0400110000   0.0141220000   0.0028310000   0.0399150000  -0.0141940000  -0.0027680000   0.0555520000   0.0227390000  -0.0086900000  -0.0493710000  -0.0297910000   0.0025090000  -0.0060860000   0.0071240000   0.0061180000
   6.2266157324   6.0558665221 2181  8.83E-01  -0.8690030000  -0.7870880000   2.7793050000  -0.0461680000  -0.2040160000   1.7331620000   0.5474390000   0.4078650000   7.7287230000   0.0582660000   0.6906700000   8.7565240000  -0.3058510000   0.8298160000   9.8680420000   0.0002290000   0.0002100000  -0.0004980000  -0.0004350000  -0.0002310000   0.0000610000   0.0039890000  -0.0065420000   0.0176800000  -0.0100860000   0.0152760000  -0.0296280000   0.0063030000  -0.0087130000   0.0123840000
   6.2250759349   6.0573842145 2702  4.97E+00  -1.0045210000  -1.0573770000   2.5772630000   0.3071740000  -0.4662890000   1.9327220000  -1.2594350000   0.5894840000   7.6879790000  -0.4825640000   1.0756680000   8.4021450000   0.1508780000   1.6860720000   9.1908960000  -0.0342770000  -0.0154890000   0.0167430000   0.0345090000   0.0154840000  -0.0169790000   0.0114160000   0.0224030000   0.0270090000  -0.0074890000  -0.0364550000  -0.0395640000  -0.0041590000   0.0140570000   0.0127910000
   6.2269755935   6.0559440831 2816  6.81E+00   0.0627980000  -1.9896920000   3.2192720000   0.2948510000  -0.8682350000   2.0960870000  -0.3417460000   1.3894610000   9.1489000000  -0.5572690000   1.8321200000   8.0962070000  -0.7164300000   2.3843820000   7.1033070000  -0.0068600000  -0.0332190000   0.0333100000   0.0069160000   0.0329910000  -0.0333060000  -0.0012170000   0.0192670000  -0.0204300000  -0.0116170000   0.0027490000  -0.0416750000   0.0127780000  -0.0217880000   0.0621000000
   6.2281839274   6.0553021482 3330  2.67E+00   0.9276390000  -0.7926390000   2.5112520000  -0.0150120000   0.0056500000   1.8296360000   0.6662430000   0.8442220000   9.4196690000   0.0596110000   0.2527830000   8.5894010000  -0.6944670000  -0.3245880000   7.8376280000  -0.0147210000   0.0125650000  -0.0107280000   0.0149500000  -0.0124370000   0.0104490000   0.0049590000   0.0142350000   0.0239880000   0.0390360000   0.0117480000   0.0045650000  -0.0442240000  -0.0261110000  -0.0282750000
   6.2285492689   6.0581194079 3826  1.88E+01  -0.7096090000  -1.0699560000   2.8807650000  -0.0328900000  -0.6825820000   1.9026500000  -0.6805300000   1.9097050000   9.3244590000   0.1157270000   1.5579400000   8.4671600000   0.8026220000   1.0848170000   7.6366740000   0.0852820000   0.0488440000  -0.1233850000  -0.0854620000  -0.0488950000   0.1231000000  -0.0571760000   0.0155150000   0.0568510000   0.0609430000  -0.0072420000  -0.0569810000  -0.0035880000  -0.0082220000   0.0004150000
   6.2299915402   6.0590121088 3893  3.11E+00  -0.5451740000  -1.6758450000   3.5760270000  -0.9420960000  -1.0599260000   2.2000400000   2.4318850000   2.9272750000   8.5349150000   1.7600000000   2.1863520000   7.8867580000   0.9862900000   1.5182220000   7.3328860000   0.0093740000  -0.0146640000   0.0324040000  -0.0094170000   0.0144650000  -0.0328330000   0.0113000000   0.0246260000   0.0237200000  -0.0239380000  -0.0463980000  -0.0446340000   0.0126810000   0.0219720000   0.0213420000
   6.2270012869   6.0597824634 3976  3.24E+00  -0.5695440000  -1.6845610000   2.2686280000   0.7316580000  -0.9621420000   2.5736580000  -2.3771970000   2.1119890000   6.7695730000  -1.3164270000   1.9825590000   7.2455690000  -0.2527620000   1.9986910000   7.7959970000  -0.0215820000  -0.0119690000  -0.0050180000   0.0215340000   0.0120140000   0.0051270000   0.0084710000   0.0090640000   0.0099910000  -0.0406850000  -0.0197270000  -0.0330150000   0.0322610000   0.0106170000   0.0229150000
