   6.2363949298   6.7940897949  252  2.52E+00  -1.3285520000   0.0588890000   2.9038360000  -1.1398170000  -1.3736110000   2.4729670000   2.7983580000   2.0112820000   6.8539410000   2.0710570000   2.7597040000   7.3805400000   1.4231350000   3.4611280000   8.0731590000  -0.0026850000   0.0203910000   0.0061690000   0.0026000000  -0.0202920000  -0.0061150000  -0.0038740000   0.0081190000   0.0196550000   0.0017120000  -0.0093860000  -0.0352920000   0.0022480000   0.0011670000   0.0155820000
   6.2363292167   6.7949616594  556  1.88E+00   0.3429550000  -0.1575990000   2.9772330000  -0.0057400000   0.0028490000   1.5266970000   0.7316010000  -0.1098670000  10.0313050000  -0.0453200000   0.2496970000   9.1881230000  -0.6905180000   0.6057950000   8.2601240000   0.0044240000  -0.0020490000   0.0180750000  -0.0043000000   0.0019630000  -0.0182700000   0.0395400000  -0.0147880000   0.0297100000  -0.0381630000   0.0097820000  -0.0127430000  -0.0015010000   0.0050920000  -0.0167730000
   6.2354935273   6.7915192475  597  1.28E+01   0.1663680000  -0.7423290000   3.4163280000  -0.1208860000  -1.3391420000   1.8295510000   0.3936920000   2.3902890000   7.4820980000   0.1789470000   2.7423390000   8.5872380000   0.0652250000   2.9734870000   9.7202250000   0.0107760000   0.0222920000   0.0595770000  -0.0108570000  -0.0225880000  -0.0598870000   0.0071560000  -0.0073220000   0.0025860000  -0.0161010000   0.0200060000   0.0170890000   0.0090260000  -0.0123870000  -0.0193650000
   6.2382855557   6.7923204006  911  3.51E+00   0.7607070000   0.8311690000   3.0488690000   0.9313460000   0.0469230000   1.7412900000  -1.1472380000   1.0026900000   8.1367270000  -1.7008270000   0.1176610000   8.7363960000  -2.2752530000  -0.6900560000   9.4175730000  -0.0033110000   0.0152050000   0.0253720000   0.0033220000  -0.0153720000  -0.0255550000   0.0206880000   0.0405280000  -0.0179750000   0.0062180000  -0.0089320000  -0.0173220000  -0.0269160000  -0.0314280000   0.0354800000
   6.2360703634   6.7947122595 1513  1.48E+00  -0.3198910000   0.7632540000   3.1016740000  -0.1670010000   0.7785760000   1.6361440000   0.3970970000  -1.7645260000   7.9116950000   0.3285280000  -1.2126280000   8.9807910000   0.2104770000  -0.5739680000   9.9809360000  -0.0008860000   0.0000050000   0.0082760000   0.0008460000   0.0002060000  -0.0084260000   0.0000950000  -0.0183840000  -0.0466120000   0.0065000000  -0.0067270000   0.0190140000  -0.0065550000   0.0249000000   0.0277480000
   6.2375650921   6.7904906058 1550  4.50E+00   0.9698260000   0.6071880000   3.0148100000   0.9517680000  -0.3950940000   1.8452150000  -2.6262140000   1.6648600000   8.7799530000  -1.7912540000   0.9177270000   8.5993620000  -0.8435600000   0.2688220000   8.3603340000   0.0003310000   0.0207130000   0.0240490000  -0.0004150000  -0.0206340000  -0.0242590000   0.0713730000  -0.0493350000  -0.0173480000  -0.0672550000   0.0338510000   0.0170680000  -0.0040350000   0.0154060000   0.0004900000
   6.2394054020   6.7927722484 2100  2.43E+00   0.0637000000   0.1118040000   2.8904030000  -0.4020180000  -0.6914800000   1.6701580000   1.2390760000   1.5822300000   7.8571450000   0.7557950000   1.5312780000   8.9266500000   0.1973120000   1.4022940000   9.9195640000   0.0088950000   0.0154340000   0.0234230000  -0.0090830000  -0.0155840000  -0.0236780000  -0.0087490000  -0.0053450000   0.0049150000  -0.0132900000   0.0045480000   0.0491660000   0.0222260000   0.0009460000  -0.0538260000
   6.2388715788   6.7915592423 2146  3.85E+00  -0.4031900000  -1.0515040000   2.8578720000   0.4181720000  -0.6195210000   1.8673810000  -0.0985130000   0.7092340000   9.2268440000  -0.7456380000   1.4215060000   8.5754300000  -1.4047920000   2.0716070000   7.8305940000   0.0343740000   0.0180400000  -0.0413890000  -0.0342840000  -0.0181300000   0.0414120000  -0.0136980000   0.0102730000  -0.0181450000   0.0255030000  -0.0173690000   0.0349560000  -0.0118950000   0.0071850000  -0.0168350000
   6.2373531110   6.7900173431 2216  7.06E+00  -0.4368990000   1.3333520000   3.7425210000   0.2042760000   2.1740070000   2.5139340000  -0.3717820000  -3.5131740000   6.1784210000  -0.3194830000  -3.7443000000   7.3630510000  -0.3810610000  -3.9298450000   8.5043690000  -0.0200390000  -0.0261340000   0.0384280000   0.0200750000   0.0264710000  -0.0384440000  -0.0094600000   0.0107040000  -0.0502860000   0.0152630000  -0.0178100000   0.0789700000  -0.0058390000   0.0067680000  -0.0286680000
   6.2399178294   6.7945798756 2546  1.45E+00  -0.6740130000  -1.5361440000   3.2765620000   0.6030100000  -1.7280720000   2.6775280000  -0.9186380000   2.9375570000   8.1369290000  -1.1039230000   3.4084130000   7.0585070000  -1.2217630000   3.9186260000   5.9868060000   0.0136080000  -0.0020260000  -0.0063300000  -0.0136140000   0.0020180000   0.0064400000   0.0088330000  -0.0093340000   0.0297650000  -0.0094820000  -0.0078850000  -0.0026180000   0.0006550000   0.0172270000  -0.0272580000
   6.2353725577   6.7938969584 2978  1.33E+00  -0.4263930000  -0.6591510000   2.8249680000  -0.5129990000   0.3112300000   1.6771820000   1.1002250000   0.6290580000   9.6020020000   0.9169380000  -0.2942850000   8.9029780000   0.8003410000  -1.2332960000   8.1615180000   0.0011560000  -0.0131480000   0.0155660000  -0.0012020000   0.0133400000  -0.0157170000   0.0045060000   0.0002110000  -0.0010840000  -0.0047750000   0.0346590000   0.0287820000   0.0003160000  -0.0350620000  -0.0275460000
   6.2387096173   6.7943727592 3000  1.27E+01   0.9225180000   1.1819000000   2.9111990000   0.3349800000   0.1802990000   1.7442190000  -0.9636130000  -1.1695090000   8.2753120000  -0.6803200000  -0.0905020000   8.8047040000  -0.2567660000   0.9502020000   9.2217500000   0.0196690000   0.0335700000   0.0391180000  -0.0196530000  -0.0334630000  -0.0391240000  -0.0137860000  -0.0827390000  -0.0440830000  -0.0102760000   0.0440740000   0.0329890000   0.0240460000   0.0385570000   0.0111000000
   6.2372453573   6.7934232295 3883  6.35E+00   0.2047540000   0.5180080000   2.9444170000   0.0557030000   0.4674880000   1.5677690000  -0.1213780000   0.0120050000  10.0356980000  -0.1756670000  -0.6020570000   9.0684650000  -0.0378410000  -1.2397560000   8.1425060000  -0.0040380000  -0.0012820000  -0.0371890000   0.0040030000   0.0014730000   0.0370460000   0.0122010000  -0.0369540000  -0.0510680000  -0.0147680000  -0.0194220000  -0.0390720000   0.0026020000   0.0561850000   0.0902830000
