   6.2424990038   6.0734049234   36  1.35E+00  -1.5120560000  -1.7589630000   3.2464500000  -0.2996740000  -1.3098380000   2.6501680000   0.6354430000   3.6033630000   6.3751950000   0.5837020000   2.6640360000   7.1211980000   0.5182810000   1.7369000000   7.8400220000   0.0128430000   0.0047820000  -0.0063070000  -0.0128260000  -0.0047260000   0.0063290000   0.0013550000   0.0366080000  -0.0282680000  -0.0007120000  -0.0366100000   0.0272270000  -0.0006600000  -0.0000550000   0.0010190000
   6.2420522476   6.0715857783   45  5.13E+00   0.0905980000  -1.3208640000   3.0521810000  -1.1880900000  -1.1181080000   2.3178390000   2.9274620000   2.6644990000   8.5743290000   2.1635160000   2.2219560000   7.7548030000   1.3762960000   2.0224870000   6.8372130000   0.0122900000  -0.0020790000   0.0069650000  -0.0124090000   0.0016960000  -0.0073290000   0.0350650000   0.0346300000   0.0336590000   0.0141250000  -0.0366170000   0.0271680000  -0.0490720000   0.0023700000  -0.0604630000
   6.2445676513   6.0741885728   45  4.83E+00   0.0943000000  -1.3268500000   3.0514280000  -1.1882740000  -1.1181210000   2.3179460000   2.9228600000   2.6634040000   8.5743420000   2.1663730000   2.2213350000   7.7537170000   1.3794410000   2.0244870000   6.8375280000   0.0135200000  -0.0023320000   0.0076380000  -0.0136390000   0.0019460000  -0.0080040000   0.0302070000   0.0325400000   0.0293440000   0.0176350000  -0.0354500000   0.0292910000  -0.0477230000   0.0032960000  -0.0582690000
   6.2424457543   6.0736303055  144  3.84E+00   0.1138000000   0.5274200000   1.6017300000  -0.2024020000  -0.7490590000   2.2807790000  -0.0430380000   0.5432690000   8.2131880000   0.3797070000   1.5729870000   7.7502430000   0.7616690000   2.6713240000   7.4782500000   0.0023500000   0.0094790000  -0.0049820000  -0.0023100000  -0.0093980000   0.0050990000  -0.0199310000  -0.0383770000   0.0322110000   0.0111950000   0.0021470000  -0.0371730000   0.0086960000   0.0361490000   0.0048440000
   6.2410477559   6.0703429113  280  7.61E+00  -1.7797380000   0.2712000000   2.8093630000  -0.9309660000  -0.7859080000   2.3298870000   0.7136320000   1.0534170000   7.8761690000   1.6881350000   1.7562290000   7.7812060000   2.7806940000   2.2237910000   7.4706780000   0.0045950000  -0.0056740000  -0.0026280000  -0.0045720000   0.0057210000   0.0024090000  -0.0313840000  -0.0406360000  -0.0067640000  -0.0490180000   0.0221530000   0.0392510000   0.0803790000   0.0184370000  -0.0322680000
   6.2436258334   6.0726616096  788  5.42E+00  -1.1693430000  -0.6133460000   2.2148390000   0.0143650000   0.0077760000   2.0127140000  -1.1145270000  -0.0129160000   8.6237340000   0.0199690000   0.1966420000   8.2903900000   1.1014640000   0.5527790000   7.9623700000   0.0531890000   0.0279010000  -0.0090140000  -0.0532600000  -0.0279550000   0.0090540000  -0.0457630000   0.0011280000   0.0140730000   0.0323610000  -0.0155660000  -0.0111700000   0.0134730000   0.0144910000  -0.0029420000
   6.2411768349   6.0744388200 1165  2.91E+00  -1.0539810000   0.7069020000   2.8807190000  -2.2699270000   0.1332160000   3.1380090000   3.3484270000   0.2662730000   5.4434810000   4.1615250000   0.0325080000   6.2416680000   4.9305010000  -0.3128550000   7.0186390000  -0.0433410000  -0.0203630000   0.0090580000   0.0427970000   0.0203310000  -0.0092220000   0.0220340000  -0.0148030000   0.0221080000   0.0193720000   0.0059120000   0.0178360000  -0.0408630000   0.0089230000  -0.0397810000
   6.2444836313   6.0728252726 1180  1.27E+00   0.8242680000   0.8312060000   2.6658400000   0.0385690000   0.0768750000   1.7281640000  -0.3058920000  -0.4244570000   9.8131940000  -0.0730820000   0.1238050000   8.8048890000   0.1161980000   0.5828890000   7.7793730000  -0.0044710000  -0.0043270000  -0.0055100000   0.0044620000   0.0042190000   0.0050620000  -0.0014840000  -0.0024840000  -0.0080430000   0.0182450000   0.0417680000  -0.0658030000  -0.0167520000  -0.0391760000   0.0742940000
   6.2448343752   6.0748141177 1278  1.73E+00  -0.1371970000  -1.4184650000   2.3976950000  -1.2490650000  -0.5565640000   2.4376480000   2.9203270000   0.9269500000   6.5992250000   2.2466180000   1.3055430000   7.4864240000   1.6399260000   1.6496390000   8.4566710000  -0.0191570000   0.0148020000   0.0006800000   0.0189650000  -0.0147720000  -0.0006330000   0.0064420000  -0.0021330000   0.0053490000   0.0076830000  -0.0066040000  -0.0411480000  -0.0139330000   0.0087070000   0.0357530000
   6.2411857299   6.0701261534 1374  4.13E+00   0.5508530000  -1.1746880000   2.9577230000   0.8696240000  -0.1955630000   1.8591710000  -1.3781830000   0.3423400000   7.4720540000  -1.5085540000   0.6394270000   8.5630980000  -1.8671720000   0.9160140000   9.6293560000  -0.0042690000  -0.0134500000   0.0148830000   0.0045370000   0.0133930000  -0.0153320000  -0.0287740000   0.0224670000   0.0871850000   0.0343670000  -0.0118160000  -0.0502060000  -0.0058610000  -0.0105940000  -0.0365300000
   6.2431517711   6.0717196248 1384  5.64E+00  -0.5818660000  -0.6794870000   2.8296910000   0.4891970000  -1.0001780000   1.9416900000  -0.4780660000   1.5612670000   7.3610240000  -0.8703620000   2.0911420000   8.4169380000  -1.2750660000   2.5945360000   9.4460500000   0.0097270000  -0.0030070000  -0.0082640000  -0.0097180000   0.0027550000   0.0077310000   0.0324960000  -0.0454670000  -0.0892250000  -0.0055290000   0.0142110000   0.0239710000  -0.0269760000   0.0315080000   0.0657870000
   6.2406367753   6.0735692794 1734  9.47E+00   1.3861370000  -1.3332330000   2.6591280000   2.0657950000  -0.4406360000   3.8069120000  -3.9058630000   0.6623340000   3.9118010000  -3.8435030000   1.1419650000   4.9978900000  -3.6132450000   1.4527120000   6.1573200000  -0.0201200000  -0.0264690000  -0.0340210000   0.0202010000   0.0265010000   0.0340540000   0.0068650000  -0.0195780000  -0.0185700000  -0.0296280000   0.0100220000  -0.0568620000   0.0226820000   0.0095250000   0.0754000000
   6.2423688657   6.0702789912 1816  3.69E+00  -1.0925040000  -0.1140450000   1.8499330000   0.3526860000  -0.3188580000   2.1298600000   0.3280750000   0.3397570000   8.5965470000  -0.6029590000   0.7935980000   8.0065310000  -1.5680060000   1.3518090000   7.6405860000  -0.0130120000   0.0018280000  -0.0025110000   0.0130910000  -0.0018740000   0.0026700000   0.0178310000  -0.0028310000   0.0286160000  -0.0218080000  -0.0005920000  -0.0475810000   0.0038980000   0.0034690000   0.0188070000
   6.2428112784   6.0726280661 1930  8.09E+00   0.8992460000  -1.5770890000   3.1414490000  -0.2215640000  -1.3267750000   2.2955770000   0.4002990000   3.8182300000   8.0063490000   0.3379730000   2.7373680000   7.6184040000   0.3958760000   1.5401080000   7.6131480000  -0.0108130000   0.0024090000  -0.0082900000   0.0107670000  -0.0023570000   0.0078410000   0.0054260000  -0.0621790000   0.0080890000  -0.0149370000   0.0877990000  -0.0367690000   0.0095570000  -0.0256720000   0.0291290000
   6.2444844884   6.0740479693 2000  3.69E+00   1.1632170000  -0.8793040000   2.4545640000  -0.0158420000   0.0108950000   1.9001480000  -0.0230120000  -0.7194350000   9.1354020000  -0.0040510000   0.2476990000   8.4845670000   0.0318860000   1.2221470000   7.8520090000   0.0311580000  -0.0235810000   0.0146880000  -0.0311680000   0.0233730000  -0.0147830000   0.0013840000   0.0146040000  -0.0072300000  -0.0015220000   0.0092660000  -0.0119990000   0.0001480000  -0.0236620000   0.0193240000
   6.2419238414   6.0711416048 2002  6.57E+00  -1.1481870000   1.3002030000   2.8482390000  -0.7366920000   0.1075280000   1.9396740000   1.9297800000  -0.1991330000   7.3852820000   1.4164110000   0.0886920000   8.4085170000   0.7584840000   0.2012860000   9.4370170000  -0.0095270000   0.0275250000   0.0209660000   0.0093210000  -0.0274350000  -0.0210910000  -0.0033440000  -0.0128230000  -0.0063830000   0.0556030000   0.0155270000  -0.0631010000  -0.0520520000  -0.0027930000   0.0696100000
   6.2410839638   6.0732785730 2452  2.75E+00   1.8893800000   0.2616570000   2.5248380000   0.7125070000  -0.6771010000   2.3324910000  -2.3606770000   1.2648820000   7.1975660000  -1.3389750000   1.4250100000   7.7378470000  -0.3116280000   1.7181640000   8.1867510000   0.0191410000   0.0152810000   0.0031670000  -0.0190920000  -0.0153020000  -0.0030990000   0.0184630000   0.0129010000   0.0050530000   0.0129210000  -0.0137920000   0.0137340000  -0.0314330000   0.0009120000  -0.0188540000
   6.2409015062   6.0735170866 2790  1.44E+01   0.9701740000  -0.8415450000   1.9435190000  -0.4681490000  -1.3907280000   2.6992480000   1.4163060000   3.6222670000   6.4205010000   0.8337130000   2.7783610000   7.0254980000   0.2347530000   1.9783550000   7.7035280000   0.0539850000   0.0206550000  -0.0283100000  -0.0539370000  -0.0205600000   0.0283030000   0.0147910000   0.0259840000  -0.0109580000   0.0133920000   0.0069680000  -0.0257660000  -0.0282310000  -0.0330470000   0.0367310000
   6.2441986281   6.0716172724 2790  1.34E+01   0.9523200000  -0.8467730000   1.9418440000  -0.4679040000  -1.3907210000   2.6995280000   1.4170970000   3.6245900000   6.4204530000   0.8330860000   2.7781490000   7.0247310000   0.2343370000   1.9764830000   7.7028600000   0.0522310000   0.0200470000  -0.0278110000  -0.0521830000  -0.0199510000   0.0278030000   0.0167050000   0.0286490000  -0.0127630000   0.0122350000   0.0055160000  -0.0249640000  -0.0289890000  -0.0342610000   0.0377340000
   6.2411670321   6.0706192732 2865  2.25E+00   0.1396100000   0.5807180000   2.6028570000   0.5349880000  -0.4774320000   1.7820770000  -1.1911120000   1.3035300000   9.8475780000  -0.9505560000   1.0442500000   8.7305680000  -0.7759640000   0.9480560000   7.5354940000   0.0087590000  -0.0233430000  -0.0183050000  -0.0086110000   0.0231980000   0.0177020000  -0.0044740000   0.0104520000  -0.0027680000   0.0010080000  -0.0164060000   0.0595420000   0.0033190000   0.0061000000  -0.0561710000
   6.2412509453   6.0711962013 2978  1.07E-01  -0.4851300000   1.4740270000   2.6229320000  -0.4321790000   0.2101010000   1.8932170000   1.0497530000  -1.1270020000   9.1319610000   0.7944410000  -0.1461440000   8.5128350000   0.5428340000   0.7822210000   7.8582360000  -0.0001170000   0.0023100000   0.0012200000   0.0000910000  -0.0024630000  -0.0014880000   0.0056900000  -0.0239040000   0.0112710000  -0.0115670000   0.0470300000  -0.0245160000   0.0059030000  -0.0229730000   0.0135130000
   6.2446047964   6.0747499599 3346  8.31E+00  -0.2146090000  -1.3818760000   2.2921360000   0.5287720000   0.0207640000   2.0171530000   0.0162770000   0.9080300000   8.0048650000  -0.9344520000   0.2105470000   8.2872260000  -1.9420840000  -0.3950490000   8.5565740000  -0.0225840000  -0.0425510000   0.0083890000   0.0224800000   0.0424400000  -0.0084430000   0.0460700000   0.0417620000  -0.0135930000   0.0059550000  -0.0177310000   0.0004390000  -0.0519220000  -0.0239190000   0.0132090000
   6.2424592797   6.0729106690 3942  4.00E+00  -0.1406140000  -1.2469880000   2.3382750000  -0.3140080000   0.1600870000   1.9632550000  -0.2606330000  -0.5962630000   8.9440380000   0.6544600000  -0.0616770000   8.4153790000   1.3464220000   0.6092890000   7.7874660000   0.0006270000  -0.0052290000   0.0014150000  -0.0007190000   0.0051120000  -0.0014840000  -0.0224890000   0.0056950000  -0.0019820000   0.0728810000   0.0184470000  -0.0245350000  -0.0503000000  -0.0240250000   0.0265860000
