   6.2472508504   6.0768647537   45  4.55E+00   0.0977360000  -1.3327900000   3.0505240000  -1.1884550000  -1.1181330000   2.3180550000   2.9182210000   2.6622680000   8.5743180000   2.1692010000   2.2207740000   7.7525830000   1.3826440000   2.0264830000   6.8379140000   0.0146350000  -0.0025750000   0.0082400000  -0.0147540000   0.0021860000  -0.0086080000   0.0252630000   0.0303600000   0.0248540000   0.0210890000  -0.0342160000   0.0314110000  -0.0462330000   0.0042450000  -0.0558980000
   6.2484184012   6.0763800884  283  2.09E+00   0.0526760000   1.3718390000   1.9487940000  -0.0040610000  -0.0163960000   2.1225570000  -1.0896800000   0.6440810000   8.1036310000   0.0151940000   0.2474830000   8.0951060000   1.0952340000  -0.1467380000   8.0972500000  -0.0011370000  -0.0281150000   0.0035490000   0.0011680000   0.0281030000  -0.0034680000   0.0041030000  -0.0019390000   0.0024720000   0.0467970000  -0.0161680000  -0.0048450000  -0.0509300000   0.0181200000   0.0022910000
   6.2487942752   6.0786622016  690  2.67E+00  -1.1671830000  -1.1144760000   2.7662830000  -0.3421730000  -2.0745490000   3.3365780000   0.6550010000   3.0351020000   6.4746100000   0.5850710000   4.0288390000   5.8522750000   0.6882220000   5.0591560000   5.2953380000   0.0211280000  -0.0245460000   0.0145650000  -0.0212060000   0.0245200000  -0.0148210000   0.0115820000   0.0100710000   0.0018390000  -0.0233410000  -0.0145490000  -0.0055680000   0.0118370000   0.0045030000   0.0039840000
   6.2481459481   6.0777130126  788  5.32E+00  -1.1719950000  -0.6147350000   2.2140430000   0.0143960000   0.0077940000   2.0110220000  -1.1161780000  -0.0127190000   8.6267080000   0.0206130000   0.1970780000   8.2933500000   1.1026460000   0.5522560000   7.9656730000   0.0511440000   0.0268280000  -0.0086840000  -0.0512120000  -0.0268800000   0.0087250000  -0.0491610000   0.0004000000   0.0150390000   0.0353890000  -0.0148470000  -0.0120140000   0.0138410000   0.0144990000  -0.0030660000
   6.2456856341   6.0787648351 1507  3.24E+00   0.7838480000   1.4074600000   2.3986050000   0.2673300000   0.1504790000   2.0193970000  -0.0719810000   0.9922420000   8.0300280000  -0.4427800000  -0.0687180000   8.3420780000  -0.9801250000  -1.0931850000   8.4723170000  -0.0081210000  -0.0197880000  -0.0060140000   0.0081220000   0.0196430000   0.0059040000  -0.0201590000  -0.0206950000  -0.0040610000   0.0201610000  -0.0044620000   0.0188750000  -0.0000020000   0.0253040000  -0.0147040000
   6.2493426418   6.0798494721 1629  2.39E+00   0.2054300000   0.4198760000   2.2303240000  -0.6164610000  -0.7974290000   1.9937150000   1.4907720000   2.6269220000   8.9696100000   1.1184590000   1.7224120000   8.2738380000   0.7354160000   0.7238410000   7.7228280000   0.0077950000   0.0115880000   0.0021790000  -0.0078190000  -0.0114920000  -0.0025640000   0.0148530000   0.0320110000   0.0376490000  -0.0001060000   0.0107310000  -0.0269080000  -0.0147230000  -0.0428370000  -0.0103560000
   6.2492797651   6.0783442218 1691  1.61E+00   0.6564510000   2.3411310000   3.8384290000  -0.7668560000   2.2258940000   4.1746170000   1.5251160000  -4.2991780000   3.2407330000   1.4338180000  -3.8394540000   4.3379960000   1.1870240000  -3.3950390000   5.4130570000   0.0054900000   0.0004140000  -0.0013340000  -0.0054760000  -0.0003520000   0.0011610000  -0.0066640000  -0.0150710000  -0.0327760000   0.0205880000   0.0089710000   0.0126500000  -0.0139380000   0.0060390000   0.0202990000
   6.2480250957   6.0775767090 2599  5.17E+00   1.3993720000   0.5785100000   2.3617000000  -0.0167470000  -0.0069590000   1.9718250000   0.9145050000   0.8961490000   8.6992470000  -0.0234700000   0.2456630000   8.4364470000  -0.9014100000  -0.3945850000   7.9721630000   0.0380300000   0.0157330000   0.0104820000  -0.0379190000  -0.0156550000  -0.0105790000  -0.0024610000  -0.0037150000  -0.0140790000   0.0034570000   0.0065410000   0.0282280000  -0.0011080000  -0.0029050000  -0.0140530000
   6.2451195706   6.0793080773 2690  5.92E-01  -0.6153440000   0.5461520000   2.5265280000  -1.5721270000   1.5132590000   2.8774680000   2.4054230000  -2.0918430000   5.7305930000   2.8634670000  -2.5397420000   6.6950590000   3.3353360000  -2.9059010000   7.7146880000  -0.0175520000   0.0177240000   0.0063170000   0.0172090000  -0.0174310000  -0.0064880000   0.0174530000  -0.0105180000   0.0366570000  -0.0240720000   0.0094200000  -0.0528450000   0.0069620000   0.0008050000   0.0163590000
   6.2480625281   6.0791062983 2924  9.59E+00  -1.5100960000  -0.3647070000   2.1745970000  -0.0244130000   0.2846530000   2.0077360000   0.2235180000  -1.3328830000   7.8624470000   0.0185020000  -0.2372170000   8.2314460000  -0.0203370000   0.7999880000   8.7953050000  -0.0477290000  -0.0208080000   0.0054090000   0.0476790000   0.0209840000  -0.0053230000   0.0097300000   0.0041560000   0.0178090000  -0.0206350000  -0.0066450000  -0.0354260000   0.0109540000   0.0023150000   0.0175320000
   6.2476060261   6.0795427668 3030  5.67E+00  -0.6429900000   1.5326780000   2.3657730000  -0.2430100000   0.1206790000   2.0319580000  -0.3420590000   0.7910300000   8.5978720000   0.5525320000   0.0460610000   8.3149980000   1.1814320000  -0.8371980000   7.8641340000  -0.0053960000   0.0191700000   0.0045640000   0.0054060000  -0.0190950000  -0.0046000000  -0.0408180000   0.0104580000  -0.0022610000   0.0624160000  -0.0075740000   0.0084850000  -0.0216080000  -0.0029590000  -0.0061880000
   6.2457622833   6.0772443532 3498  1.01E+01   1.6866030000   0.4940550000   2.9559910000   0.5819910000   0.0130680000   1.8682360000  -0.6993310000   0.6960000000   9.4984170000  -1.0891380000   0.1687300000   8.5415950000  -1.4959240000  -0.2313830000   7.5739710000   0.0348880000   0.0151920000   0.0343190000  -0.0346680000  -0.0151150000  -0.0344920000  -0.0136700000  -0.0063920000  -0.0296700000  -0.0292800000  -0.0477120000  -0.0783150000   0.0427310000   0.0540270000   0.1081580000
   6.2475688855   6.0797821220 3734  3.47E+00   0.1154300000  -1.4402390000   2.2456330000  -0.6239010000  -0.0681160000   2.1083370000   0.1576900000   1.0712600000   8.0290370000   1.1147410000   0.3956170000   8.1331730000   2.1141200000  -0.2496480000   8.1955830000   0.0181600000  -0.0336660000   0.0034230000  -0.0180990000   0.0336160000  -0.0034100000   0.0009580000   0.0036970000  -0.0011610000  -0.0288780000   0.0102960000   0.0010070000   0.0278590000  -0.0139430000   0.0001420000
