   6.2401174310   6.0187998060  578  4.34E+00  -1.0898220000   0.2881110000   2.1331130000   0.1362190000  -0.6760310000   2.0638110000   0.2385620000   0.8349980000   9.0782340000  -0.1503810000   1.4958770000   8.1827260000  -0.7373220000   2.0878380000   7.3386480000  -0.0293920000   0.0230670000   0.0015700000   0.0295410000  -0.0232870000  -0.0016960000  -0.0100240000  -0.0089150000   0.0104490000   0.0298680000   0.0056250000  -0.0054650000  -0.0199920000   0.0035100000  -0.0048580000
   6.2435241181   6.0179187360  678  2.59E+00  -0.0362780000  -0.1265520000   2.2844330000  -1.4050110000  -0.6573700000   2.2896760000   3.4545690000   1.4959720000   8.5611200000   2.5928780000   1.3752660000   7.7446230000   1.6182190000   1.4503370000   7.0470910000   0.0056800000   0.0021300000  -0.0001410000  -0.0057850000  -0.0023900000  -0.0002930000   0.0193510000   0.0155910000   0.0321360000   0.0176790000  -0.0303080000  -0.0185010000  -0.0369250000   0.0149770000  -0.0132010000
   6.2420690802   6.0168457059  690  3.10E+00   0.6916070000  -1.3272200000   2.7464490000  -0.3685990000  -2.0167660000   3.2451060000   0.6206020000   4.1837270000   7.1970980000   0.6456880000   3.9822350000   6.0283700000   0.6919850000   3.6703330000   4.8987380000  -0.0430730000  -0.0280990000   0.0202610000   0.0430080000   0.0277720000  -0.0201960000   0.0009850000  -0.0026240000   0.0251950000  -0.0023060000   0.0062200000  -0.0352320000   0.0013860000  -0.0032680000   0.0099720000
   6.2447789276   6.0167678870 1368  2.63E+00   0.2886280000  -0.6971220000   2.5943950000  -0.1792380000   0.2945440000   1.7204890000  -0.0810720000  -0.1127330000   7.7226540000   0.2934890000  -0.1971080000   8.8191220000   0.7377250000  -0.4787310000   9.9020630000  -0.0090460000   0.0192270000  -0.0170900000   0.0091170000  -0.0192190000   0.0166200000   0.0139730000  -0.0148450000   0.0291540000  -0.0368070000   0.0391000000  -0.0728310000   0.0227630000  -0.0242630000   0.0441470000
   6.2440421258   6.0171710251 1420  1.06E+00  -1.3828470000  -0.2025820000   2.3422840000   0.0180480000   0.0007190000   1.9366360000   0.3950680000   1.1930510000   7.8224280000  -0.0085560000   0.2607020000   8.4155660000  -0.3916580000  -0.6919140000   9.0416280000  -0.0076050000  -0.0011410000   0.0022360000   0.0075330000   0.0009720000  -0.0023010000   0.0026360000   0.0017370000   0.0022850000   0.0119890000   0.0391240000  -0.0311510000  -0.0145540000  -0.0406920000   0.0289310000
   6.2404678595   6.0160398489 1612  5.04E+00   1.2273990000   0.5801590000   2.5902910000  -0.0148160000  -0.0053490000   1.8049200000  -0.2725060000   0.9525380000   7.7386190000  -0.0639590000   0.2496800000   8.6867340000   0.3171900000  -0.4621370000   9.5640670000   0.0335140000   0.0157150000   0.0210610000  -0.0334260000  -0.0159210000  -0.0214390000   0.0036890000   0.0215440000  -0.0315940000  -0.0255390000   0.0004780000   0.0094590000   0.0217630000  -0.0218160000   0.0225130000
   6.2404124905   6.0171487541 1714  9.76E+00   0.1173990000   1.2982410000   1.9794260000   0.8492880000  -0.0632100000   2.2958380000  -2.5747400000   0.0597120000   7.2422510000  -1.5747790000   0.2968530000   7.9019680000  -0.4920250000   0.6390120000   8.2362770000  -0.0192840000   0.0359270000  -0.0083550000   0.0194130000  -0.0359350000   0.0082900000  -0.0501350000  -0.0065430000  -0.0541140000   0.0329210000  -0.0037990000   0.0688640000   0.0170850000   0.0103500000  -0.0146840000
   6.2407054682   6.0160197785 1734  1.54E+00   1.9094670000   0.5318140000   5.5340470000   2.3039580000  -0.0918770000   4.2539260000  -3.6283080000  -0.0483370000   3.2545170000  -4.1817780000   0.4119290000   4.1817280000  -4.8592750000   0.8521280000   5.0136620000  -0.0027330000   0.0042740000   0.0087740000   0.0028140000  -0.0041810000  -0.0085480000  -0.0154470000   0.0024500000   0.0007350000   0.0074030000   0.0101500000   0.0271470000   0.0079630000  -0.0126930000  -0.0281080000
   6.2402339597   6.0171654393 1843  1.79E+00   1.0323860000  -0.6905720000   2.8326440000  -0.1102900000  -0.6022300000   1.8057920000  -0.0687370000   0.8588460000   7.6427270000   0.1610000000   1.3578170000   8.6623360000   0.4336500000   1.8607090000   9.6586500000   0.0233020000  -0.0018330000   0.0207140000  -0.0232030000   0.0017280000  -0.0212700000   0.0113090000   0.0190250000   0.0376070000  -0.0024950000   0.0028710000   0.0082240000  -0.0089130000  -0.0217920000  -0.0452750000
   6.2404449005   6.0192422407 1859  7.10E+00   0.7853500000  -0.9669670000   2.5986460000   0.1789270000   0.2581680000   1.8392940000  -0.3510860000   0.6961510000   7.8191380000  -0.3784650000  -0.1224480000   8.6711640000  -0.3078860000  -1.1449900000   9.3230380000   0.0148230000  -0.0299770000   0.0185200000  -0.0147900000   0.0298310000  -0.0188100000   0.0059220000  -0.0064800000  -0.0162230000  -0.0155190000   0.0723840000  -0.0060050000   0.0095640000  -0.0657570000   0.0225170000
   6.2432521348   6.0172950433 2343  3.66E+00  -0.1716600000  -2.1449290000   4.5706440000  -1.1631950000  -1.5499120000   5.3568720000   2.3651650000   2.9625550000   0.9927630000   2.1098790000   3.1471530000   2.1692600000   1.8710500000   3.2383360000   3.3384870000  -0.0208790000   0.0125240000   0.0165120000   0.0207990000  -0.0127050000  -0.0166030000   0.0169910000  -0.0159040000  -0.0730030000  -0.0107060000   0.0167030000   0.0349070000  -0.0062050000  -0.0006190000   0.0381880000
   6.2425128523   6.0163165257 2803  1.10E+01  -2.0946860000  -0.2607120000   2.7748510000  -0.8186380000  -0.8891450000   2.4541660000   2.4952830000   1.3511010000   6.9480830000   1.4702500000   1.7498130000   7.4884470000   0.6214580000   2.4800300000   8.0000350000  -0.0014670000   0.0007470000   0.0004520000   0.0013890000  -0.0007370000  -0.0003220000   0.0737060000  -0.0061650000  -0.0336220000  -0.0250340000  -0.0625230000  -0.0011760000  -0.0485940000   0.0686790000   0.0346680000
   6.2413871510   6.0155984918 3165  2.56E+00   1.3997150000   0.8924440000   2.4537850000   0.5906650000  -0.3636360000   2.0775690000  -0.2482490000   0.9485640000   8.9491310000  -1.0974330000   0.8627820000   8.1737750000  -1.9660250000   0.8512860000   7.3855560000   0.0167870000   0.0259950000   0.0078350000  -0.0165520000  -0.0260430000  -0.0078600000  -0.0331230000   0.0021320000  -0.0287130000   0.0275130000  -0.0076840000   0.0207330000   0.0053740000   0.0056000000   0.0080050000
   6.2405599126   6.0173116182 3196  2.01E+00  -0.0401180000   1.3619290000   1.9536490000   0.0065840000  -0.0132390000   2.1362850000   1.1603900000   0.2428450000   8.0363860000  -0.0173620000   0.2453750000   8.0934680000  -1.1777080000   0.2409380000   8.0968550000   0.0011980000  -0.0355040000   0.0047420000  -0.0012450000   0.0355020000  -0.0047010000   0.0060220000  -0.0004860000  -0.0020670000  -0.0357950000   0.0008560000   0.0041570000   0.0298200000  -0.0003680000  -0.0021300000
   6.2427051876   6.0177034427 3277  5.94E+00  -0.1112460000  -0.4628550000   2.2412600000   0.2466160000  -1.7204160000   2.6012940000  -0.5347720000   2.2021640000   7.0974650000  -0.4148670000   3.3865120000   7.1465180000  -0.3784400000   4.5646050000   7.4061650000   0.0152150000  -0.0533590000   0.0152220000  -0.0151280000   0.0533080000  -0.0155870000  -0.0077930000  -0.0245500000   0.0131830000   0.0110160000  -0.0306630000  -0.0379490000  -0.0033100000   0.0552650000   0.0251310000
   6.2404096981   6.0178999881 3479  2.75E+00  -0.0712640000   1.2458730000   2.4276440000   0.0009590000  -0.0101790000   1.8464430000   0.6915640000   0.6973890000   7.7825640000  -0.0238180000   0.2973390000   8.5953620000  -0.6739800000  -0.2605840000   9.3915840000   0.0018780000  -0.0337310000  -0.0156740000  -0.0020800000   0.0336420000   0.0153780000  -0.0254300000  -0.0280390000   0.0355050000   0.0143850000   0.0336580000  -0.0266520000   0.0112480000  -0.0055300000  -0.0085570000
   6.2438074999   6.0192885755 3484  5.30E+00   0.9717460000  -1.5122110000   2.7670130000  -0.0146340000  -0.5614680000   1.9916800000   0.3204180000   1.9963290000   7.4301770000  -0.0432140000   1.2574420000   8.2701040000  -0.2761120000   0.6467730000   9.2414150000   0.0255300000  -0.0246880000   0.0201440000  -0.0256330000   0.0244320000  -0.0201880000   0.0070080000   0.0059720000   0.0150720000  -0.0175270000  -0.0194690000  -0.0170720000   0.0106220000   0.0137540000   0.0020440000
   6.2428274434   6.0199893995 3523 -1.66E-01   0.8031970000   1.0151910000   2.5876910000   0.6114480000  -0.2685450000   1.8828760000  -0.7115190000   0.9889050000   9.5870270000  -1.1076880000   0.6920740000   8.5220830000  -1.5612700000   0.4564510000   7.4500970000   0.0013660000   0.0085520000   0.0046350000  -0.0010470000  -0.0085490000  -0.0049550000  -0.0022410000   0.0051310000   0.0043080000   0.0134740000  -0.0055130000   0.0109940000  -0.0115520000   0.0003790000  -0.0149820000
   6.2449045464   6.0171873718 3656  3.10E+00   0.0919060000  -1.4152060000   2.4645920000  -0.0032990000   0.0127710000   1.9018910000  -0.8808320000  -0.1278760000   7.8530840000   0.0229690000   0.2503020000   8.4829110000   0.8742720000   0.6530310000   9.1262360000   0.0019950000  -0.0287870000   0.0113000000  -0.0017420000   0.0288500000  -0.0115330000   0.0184730000   0.0114110000   0.0191010000   0.0383640000   0.0118230000   0.0195770000  -0.0570900000  -0.0232970000  -0.0384440000
   6.2432252110   6.0163846073 3895  6.29E+00   0.9813370000   0.8658740000   2.9209270000   0.6799460000   0.1930240000   1.7852390000  -1.1317120000  -0.3023240000   7.5009550000  -1.2274710000  -0.0562120000   8.6871030000  -1.4044720000   0.0136330000   9.8789150000  -0.0131030000  -0.0293650000  -0.0497790000   0.0133380000   0.0295130000   0.0493050000  -0.0002250000  -0.0230210000  -0.0599310000   0.0136630000   0.0291650000  -0.0011030000  -0.0136730000  -0.0062930000   0.0615070000
   6.2444078406   6.0197630224 3895  6.54E+00   0.9841630000   0.8615210000   2.9198380000   0.6802640000   0.1931990000   1.7846280000  -1.1360300000  -0.3049740000   7.5021840000  -1.2272020000  -0.0558720000   8.6870630000  -1.4021240000   0.0154260000   9.8808380000  -0.0135850000  -0.0299820000  -0.0511400000   0.0138180000   0.0301300000   0.0506740000  -0.0006920000  -0.0229960000  -0.0584800000   0.0144910000   0.0290040000  -0.0051030000  -0.0140330000  -0.0061570000   0.0640490000
