   6.2430894828   6.9468197456  322  1.09E+01   0.2310480000  -1.6876970000   3.5018160000  -0.3155340000  -1.1105770000   2.0360430000  -0.5312880000   2.3419430000   8.6083810000   0.5988410000   2.2972300000   8.2936060000   1.6430340000   2.2740300000   7.7777110000   0.0190910000  -0.0201880000   0.0513050000  -0.0191550000   0.0201650000  -0.0512740000   0.0002800000   0.0018470000  -0.0146970000   0.0279170000  -0.0046650000   0.0162380000  -0.0281330000   0.0028400000  -0.0015710000
   6.2428243309   6.9464549775  826  2.86E+00   0.5576810000   0.1028390000   2.6152360000  -0.6533690000  -0.1341490000   1.7387180000   0.2267690000   0.8480930000   9.4247090000   1.2086490000   0.4972310000   8.8114890000   2.0938500000   0.1298030000   8.1133830000   0.0186330000   0.0036760000   0.0135150000  -0.0187400000  -0.0036410000  -0.0135350000  -0.0544220000   0.0165460000   0.0263390000   0.0442910000  -0.0092240000  -0.0105340000   0.0102380000  -0.0073580000  -0.0157850000
   6.2438166335   6.9472765394  877  2.31E+00   0.5690370000   0.2911730000   2.6881830000  -0.2218090000  -0.5716770000   1.7120190000  -0.6880530000   1.0552920000   8.4499890000   0.3919010000   1.2382280000   8.8572150000   1.4657730000   1.5396010000   9.1825180000   0.0139670000   0.0151860000   0.0172080000  -0.0138430000  -0.0152010000  -0.0172270000   0.0161710000   0.0114280000   0.0022360000   0.0088520000  -0.0129170000   0.0100940000  -0.0251470000   0.0015030000  -0.0123120000
   6.2428286183   6.9461951962 1472  1.76E+00  -1.7266540000  -0.1453880000   3.3928910000  -1.1474460000  -0.2603730000   2.0121910000   3.2292240000   0.3842530000   8.0764630000   2.1052420000   0.7199280000   8.2447680000   1.0297880000   1.0725020000   8.4722780000  -0.0073500000   0.0014570000   0.0176670000   0.0074630000  -0.0014800000  -0.0176430000   0.0190490000  -0.0032450000   0.0026500000  -0.0626890000   0.0148120000   0.0002840000   0.0435280000  -0.0115430000  -0.0029580000
   6.2429576708   6.9482021334 1508  3.56E+00  -0.1448760000  -0.0589450000   3.0065230000   0.0021100000  -0.0032570000   1.5100110000  -0.2244730000   1.1364650000   9.9064220000   0.0768130000   0.2503310000   9.2378730000   0.1653980000  -0.6167320000   8.4291510000  -0.0019840000  -0.0006660000   0.0200470000   0.0019740000   0.0008320000  -0.0202820000  -0.0015250000  -0.0376030000  -0.0385410000   0.0152480000   0.0460480000   0.0557920000  -0.0137130000  -0.0086110000  -0.0170160000
   6.2441361122   6.9499867048 2381  6.01E+00   0.8668060000  -1.0509690000   3.3924970000   0.8218020000  -0.6469150000   1.8564640000  -2.6507620000   1.8182400000   8.5833630000  -1.4933660000   1.4877990000   8.5860970000  -0.3870640000   1.0496100000   8.4869060000   0.0012080000  -0.0112320000   0.0426360000  -0.0012920000   0.0112440000  -0.0427580000  -0.0531700000   0.0081290000  -0.0054520000   0.0256860000   0.0100010000   0.0129050000   0.0275690000  -0.0181420000  -0.0073310000
   6.2449850748   6.9457460259 2396  2.62E+00   0.2456200000  -0.4349070000   3.0036300000   0.7944790000  -0.3785210000   1.6770640000  -2.0304620000   0.9296090000   7.8860810000  -1.4122250000   1.0022980000   8.8504950000  -0.8926850000   0.9234670000   9.9061760000   0.0032970000   0.0003260000  -0.0077760000  -0.0031170000  -0.0003400000   0.0077350000   0.0257450000  -0.0064230000   0.0602410000  -0.0201940000   0.0172460000  -0.0703430000  -0.0057310000  -0.0108090000   0.0101440000
   6.2420661251   6.9459410198 2989  5.04E+00  -0.0617660000   0.9719010000   2.8964220000  -0.0427380000   0.1107500000   1.5608970000  -0.2158770000  -0.8916360000   8.4319480000   0.0658250000   0.0379910000   9.0669100000   0.3837990000   0.9364460000   9.7847670000  -0.0005160000   0.0240500000   0.0372620000   0.0005480000  -0.0239250000  -0.0372550000   0.0095120000   0.0212980000   0.0232090000  -0.0203920000  -0.0432290000  -0.0485890000   0.0108480000   0.0218060000   0.0253730000
   6.2444561670   6.9483559449 3171  5.73E+00   0.2729580000   0.8003890000   2.9961730000  -0.2431180000   0.3846530000   1.5800420000   0.3471950000  -1.5404340000   9.5967680000   0.4508170000  -0.4477910000   9.1120250000   0.5113700000   0.5927830000   8.4841770000   0.0125520000   0.0100550000   0.0343750000  -0.0125770000  -0.0101840000  -0.0345590000  -0.0066450000  -0.0478960000   0.0124310000   0.0056100000  -0.0068010000   0.0290580000   0.0010610000   0.0548260000  -0.0413040000
   6.2422967565   6.9456976649 3337  8.36E+00  -1.2132840000  -0.4036520000   4.6931380000  -2.5399020000   0.2930060000   5.2551800000   5.7794000000  -0.1975250000   2.6953380000   4.6040920000  -0.2444950000   2.4350250000   3.5256550000  -0.3691740000   1.9365580000   0.0386310000  -0.0202840000  -0.0162600000  -0.0386920000   0.0203220000   0.0164880000   0.0563380000  -0.0026860000  -0.0034330000  -0.0367550000   0.0105070000   0.0307860000  -0.0195210000  -0.0078590000  -0.0275810000
   6.2409614638   6.9493463651 3412  6.23E+00  -1.0668530000   0.6660110000   2.6698650000   0.0139590000  -0.0076630000   1.7579710000  -0.2372550000  -0.9283280000   8.6414790000   0.0344960000   0.2491870000   8.7987220000   0.2088560000   1.4252460000   8.8065960000  -0.0267930000   0.0167200000   0.0226430000   0.0268240000  -0.0166700000  -0.0226220000  -0.0212210000  -0.0679830000  -0.0163210000   0.0225470000   0.0396480000   0.0236620000  -0.0013570000   0.0282860000  -0.0073630000
   6.2400276881   6.9472918427 3925  1.93E+00  -1.4111350000  -0.1737840000   2.9893120000  -0.7127190000  -0.9956120000   2.1119980000   1.9594230000   2.7132330000   7.3435360000   1.3559130000   2.0557590000   8.1186910000   0.6710930000   1.4144650000   8.8268180000   0.0172970000  -0.0203360000  -0.0216710000  -0.0172940000   0.0203160000   0.0217430000   0.0011020000   0.0080480000  -0.0106470000   0.0045820000  -0.0087890000   0.0130840000  -0.0056870000   0.0007620000  -0.0025080000
