   6.2597312399   6.9200800842   12  2.76E+00   0.3264790000  -0.6198120000   2.8070910000  -0.0035210000   0.0075880000   1.5815260000   0.5883270000   1.0291110000   8.4001560000   0.0078090000   0.2046360000   9.0041040000  -0.5971760000  -0.4939000000   9.7663100000  -0.0045470000   0.0085280000  -0.0167200000   0.0044670000  -0.0086590000   0.0167350000  -0.0025360000   0.0067230000   0.0127650000   0.0238740000   0.0081340000  -0.0483940000  -0.0212590000  -0.0147270000   0.0356140000
   6.2552613999   6.9219504954  286  3.52E+00  -0.7305750000  -0.5465900000   2.8459190000   0.0103550000   0.0066700000   1.6056900000  -0.9866310000   0.5066680000   8.4371920000  -0.0178260000   0.1799500000   9.0178250000   0.9943270000   0.0470460000   9.5958450000  -0.0160470000  -0.0120760000   0.0269550000   0.0161890000   0.0119920000  -0.0270170000   0.0065570000   0.0119250000   0.0038240000  -0.0059860000  -0.0253760000  -0.0022850000  -0.0007130000   0.0135350000  -0.0014770000
   6.2564708198   6.9202716388  292  9.05E+00  -0.9055250000   0.0226230000   2.9162410000  -0.0690320000  -0.2897390000   1.6310690000  -0.6779470000   1.3996730000   8.3142770000   0.1551060000   0.8111600000   9.0315250000   0.9633210000   0.1246680000   9.5772930000  -0.0204870000   0.0076010000   0.0314680000   0.0206020000  -0.0077340000  -0.0316230000  -0.0714360000   0.0446160000  -0.0679560000   0.0456350000  -0.0163890000   0.0585200000   0.0256860000  -0.0280930000   0.0095910000
   6.2577773448   6.9226946761  292  9.03E+00  -0.9100180000   0.0389040000   2.9149930000  -0.0690620000  -0.2900380000   1.6301920000  -0.6763300000   1.3992820000   8.3160820000   0.1538010000   0.8099000000   9.0332960000   0.9631180000   0.1264710000   9.5786170000  -0.0212600000   0.0082670000   0.0324730000   0.0213750000  -0.0084010000  -0.0326280000  -0.0697910000   0.0440230000  -0.0670010000   0.0451620000  -0.0172730000   0.0586150000   0.0245150000  -0.0266160000   0.0085420000
   6.2563089790   6.9237791048  796  1.64E+00   0.2034140000   0.0038220000   2.9129240000  -0.1687430000  -0.0738080000   1.5085460000   1.0708670000   0.1179840000   8.3177530000   0.2589930000   0.4049350000   9.1561140000  -0.4353620000   0.6340780000  10.0924110000  -0.0000410000   0.0000340000   0.0001500000  -0.0001500000   0.0000090000  -0.0003170000   0.0363000000  -0.0136580000  -0.0221890000  -0.0266790000   0.0116090000  -0.0063990000  -0.0094300000   0.0020070000   0.0287550000
   6.2586929753   6.9210157788 1404  7.71E+00  -1.7454220000   0.4346660000   3.4920300000  -1.6925150000  -0.6746160000   2.4523780000   3.6548350000   1.0524930000   6.4926010000   3.0304880000   1.4270420000   7.4133960000   2.6329880000   1.9057180000   8.4756030000  -0.0008480000   0.0189100000   0.0177900000   0.0008940000  -0.0188660000  -0.0176410000   0.0130330000   0.0074270000   0.0115790000  -0.0005150000  -0.0461310000  -0.0923340000  -0.0125650000   0.0386590000   0.0806060000
   6.2575125821   6.9224262094 1404  7.35E+00  -1.7351240000   0.4413480000   3.4835430000  -1.6926270000  -0.6746640000   2.4526440000   3.6560110000   1.0519100000   6.4938070000   3.0329680000   1.4288960000   7.4137480000   2.6298610000   1.9047290000   8.4733420000  -0.0006600000   0.0187180000   0.0173570000   0.0007050000  -0.0186740000  -0.0172090000   0.0121580000   0.0074490000   0.0122590000   0.0005670000  -0.0450310000  -0.0913450000  -0.0127710000   0.0375370000   0.0789380000
   6.2567271185   6.9238114220 1404  6.96E+00  -1.7248140000   0.4476620000   3.4747140000  -1.6927390000  -0.6747080000   2.4529130000   3.6571720000   1.0513180000   6.4949980000   3.0354470000   1.4308230000   7.4142500000   2.6267500000   1.9036940000   8.4709820000  -0.0004750000   0.0184300000   0.0168440000   0.0005180000  -0.0183860000  -0.0166980000   0.0114270000   0.0073770000   0.0127070000   0.0013930000  -0.0437100000  -0.0898370000  -0.0128630000   0.0362890000   0.0769830000
   6.2586910481   6.9218237774 1415  4.33E+00  -1.4422890000  -0.2614430000   2.9214290000  -0.5214760000  -0.0026450000   1.7751410000   1.5414140000  -0.7066130000   8.9241370000   0.9805280000   0.2401850000   8.6703020000   0.4177550000   1.2436620000   8.5187460000  -0.0098430000  -0.0028220000   0.0123480000   0.0099270000   0.0027090000  -0.0122790000  -0.0510270000   0.0908010000  -0.0142760000   0.0316430000  -0.0613550000  -0.0004770000   0.0192990000  -0.0293320000   0.0146840000
   6.2576541059   6.9222126276 1645  4.33E+00   0.7083280000   0.2696270000   2.9151480000  -0.0063290000  -0.0003950000   1.5400940000  -0.8949230000   0.1332940000   9.8778440000  -0.0012880000   0.1774190000   9.1317530000   0.8828720000   0.4061800000   8.3929070000   0.0182910000   0.0069110000   0.0352390000  -0.0184500000  -0.0069750000  -0.0354140000   0.0139740000   0.0133730000  -0.0110840000  -0.0074130000  -0.0245020000   0.0039880000  -0.0064020000   0.0111930000   0.0072700000
   6.2582078819   6.9225792858 2006  1.64E+01  -0.2037750000   0.7352120000   2.6951820000  -0.6409570000  -0.5995100000   1.8249300000   2.0627440000   0.7811780000   8.0463290000   1.2150010000   1.3179030000   8.7625300000   0.2390890000   1.8649300000   9.0929090000   0.0147670000   0.0452990000   0.0294920000  -0.0149320000  -0.0452800000  -0.0296020000   0.0444850000  -0.0320160000  -0.0665560000  -0.0520470000   0.0399370000   0.0953680000   0.0077270000  -0.0079410000  -0.0287020000
   6.2578406249   6.9243031578 3171  4.15E+00   0.1952320000   1.3814470000   2.7342750000  -0.2101610000   0.3173110000   1.8025770000   0.4378590000  -1.4815390000   8.4576640000   0.4045870000  -0.3799940000   8.7354470000   0.2957140000   0.7827110000   8.8110820000   0.0020550000   0.0053500000   0.0047180000  -0.0020400000  -0.0053930000  -0.0047210000  -0.0081580000   0.0894440000   0.0075730000   0.0118770000  -0.0740490000   0.0073940000  -0.0037340000  -0.0153510000  -0.0149640000
   6.2592381100   6.9230764712 3279  1.11E+01   0.2449030000  -0.9508050000   3.0601380000  -0.7029790000  -0.8439020000   1.8121830000   0.6732460000   0.8747010000   8.3758250000   1.1805080000   1.8767720000   8.5653640000   1.9359740000   2.6786410000   8.9521000000   0.0241070000  -0.0026540000   0.0316500000  -0.0240770000   0.0027880000  -0.0317830000   0.0615930000   0.0678300000   0.0327790000  -0.0614530000  -0.0317740000  -0.0386280000  -0.0001700000  -0.0361910000   0.0059820000
   6.2579702118   6.9218418872 3493  5.19E-01  -0.4417040000  -0.0598580000   3.0293340000  -0.9180900000  -0.3631130000   1.7060490000   1.1709850000   1.3428930000   9.8173730000   1.6970220000   0.9275370000   8.8270140000   2.1680610000   0.4657250000   7.8461300000  -0.0025380000  -0.0015440000  -0.0068610000   0.0023550000   0.0015830000   0.0067580000  -0.0209130000   0.0112620000   0.0345980000   0.0187230000  -0.0037520000  -0.0262280000   0.0023730000  -0.0075480000  -0.0082680000
   6.2566601400   6.9247955925 3670  2.43E+00  -0.2985250000  -0.0610100000   2.1863480000  -0.8908590000  -1.3549750000   2.4898760000   0.7909360000   2.2649940000   8.1485140000   1.6783820000   2.6866610000   7.4482810000   2.4170800000   3.1767320000   6.6884850000   0.0001700000   0.0003330000  -0.0000370000  -0.0001090000  -0.0003150000   0.0000790000  -0.0456880000  -0.0124580000   0.0263940000   0.0624880000   0.0127510000  -0.0318710000  -0.0168610000  -0.0003110000   0.0054360000
   6.2562707069   6.9200039314 3956  4.67E+00  -0.4358090000  -1.4047770000   3.3933780000  -0.9938190000  -0.8544770000   2.0164050000   1.2841930000   1.4930500000   9.2522210000   1.8301900000   1.7985220000   8.2662670000   2.3327220000   2.2004500000   7.2593050000   0.0151930000  -0.0150230000   0.0376060000  -0.0152860000   0.0149310000  -0.0375330000   0.0023400000   0.0092310000  -0.0093420000  -0.0133850000  -0.0266690000   0.0357110000   0.0111370000   0.0175300000  -0.0264420000
