   6.2685200028   6.7704934934   42  9.56E+00  -0.0371190000  -1.1813220000   3.6362100000  -0.3104330000  -1.9920760000   2.5837130000   0.3430210000   3.7782830000   6.0644510000   0.5166440000   3.8945970000   7.2725180000   0.8218520000   4.0090720000   8.3445020000  -0.0115870000  -0.0344860000  -0.0445820000   0.0115710000   0.0341180000   0.0445920000  -0.0007060000  -0.0048680000  -0.0755300000   0.0230440000   0.0166910000   0.1938520000  -0.0223220000  -0.0114540000  -0.1183320000
   6.2676828958   6.7737072502   94  5.22E+00  -0.1388290000  -1.2432170000   2.6667250000   0.0020070000   0.0147670000   1.7532060000   1.0561150000  -0.2074570000   9.0913700000  -0.0332870000   0.2109210000   8.7624770000  -1.0324040000   0.7413700000   8.4079150000  -0.0033660000  -0.0302180000   0.0219910000   0.0034170000   0.0301760000  -0.0219340000   0.0620220000  -0.0150330000   0.0166580000  -0.0497940000  -0.0010540000  -0.0104450000  -0.0122790000   0.0161300000  -0.0062700000
   6.2667770951   6.7737377969  504  5.03E+00   0.7086730000  -0.5696700000   2.7016640000  -0.0118370000   0.0066650000   1.7028540000  -1.0992450000   0.2596290000   9.2777930000   0.0218880000   0.1877480000   8.8844740000   1.0972830000   0.2897100000   8.3791750000  -0.0292060000   0.0233000000  -0.0404250000   0.0290730000  -0.0233430000   0.0403660000  -0.0295170000   0.0125180000   0.0032680000   0.0072670000  -0.0257370000   0.0138570000   0.0223820000   0.0132620000  -0.0170660000
   6.2661176228   6.7723655536  511  6.37E+00   1.3114070000   0.5508080000   2.5001090000  -0.0171450000  -0.0068830000   1.8471580000   0.9440320000  -0.4244830000   8.5379490000  -0.0366730000   0.2207220000   8.6105880000  -0.9134950000   0.9461350000   8.6166330000   0.0357300000   0.0150300000   0.0175960000  -0.0358160000  -0.0150040000  -0.0175540000   0.0023900000   0.0091360000  -0.0028120000  -0.0715950000   0.0361600000   0.0067960000   0.0692910000  -0.0453220000  -0.0040270000
   6.2676926818   6.7739002422  808  4.18E+00   0.5666690000  -0.3528220000   2.9440320000  -0.0087760000   0.0033650000   1.5461470000   0.5957120000   0.8923310000   9.9289070000   0.0166910000   0.1870540000   9.1641630000  -0.6001160000  -0.3396530000   8.2854630000   0.0131640000  -0.0080690000   0.0317150000  -0.0130210000   0.0081410000  -0.0319350000   0.0125730000   0.0291410000   0.0132790000   0.0065330000  -0.0258690000   0.0159590000  -0.0192490000  -0.0033450000  -0.0290180000
   6.2686240294   6.7744340089 1533  2.07E+00   0.0842250000  -0.7641150000   2.8324580000   0.0028640000   0.0082890000   1.6357810000   0.8875470000  -0.1708570000   8.3498110000   0.0031930000   0.2185230000   9.0230560000  -0.9095520000   0.7012300000   9.5298620000  -0.0008450000   0.0073680000  -0.0114570000   0.0006850000  -0.0073290000   0.0112890000  -0.0050040000   0.0080630000  -0.0074820000  -0.0329590000   0.0064750000   0.0409640000   0.0381220000  -0.0145770000  -0.0333150000
   6.2687774122   6.7737437060 1726  3.38E+00   0.8129910000  -0.6222870000   3.2391270000   0.3397290000  -1.0273250000   1.7880940000  -0.1092920000   1.2145080000   8.1643130000  -0.6059330000   2.1327080000   8.6883680000  -1.1837460000   3.0420640000   9.1803000000   0.0125490000   0.0107440000   0.0383320000  -0.0125720000  -0.0107340000  -0.0386210000  -0.0123060000   0.0125820000   0.0067900000   0.0272580000  -0.0272410000  -0.0130210000  -0.0149290000   0.0146490000   0.0065210000
   6.2691942154   6.7735467248 1758  2.86E+00  -0.2454820000   1.1558050000   3.1941220000  -0.3670110000   0.9188960000   1.7369480000   0.6514970000  -0.8207450000   9.7777860000   0.6287710000  -1.4857350000   8.8120170000   0.7248980000  -2.0382540000   7.7322740000   0.0009180000   0.0019270000   0.0113320000  -0.0009960000  -0.0017030000  -0.0114450000   0.0073240000   0.0075510000  -0.0050060000  -0.0197150000   0.0148000000   0.0663000000   0.0124680000  -0.0225750000  -0.0611810000
   6.2695063004   6.7708981903 1906  8.19E+00   0.8864430000  -1.2383180000   3.3614400000  -0.0172370000  -1.3469610000   2.0727790000  -0.2202220000   2.2334830000   9.2493630000   0.0554820000   2.7148970000   8.1560520000   0.2088100000   3.2211940000   7.0653660000   0.0238420000   0.0028300000   0.0340530000  -0.0238490000  -0.0029710000  -0.0340050000  -0.0260570000  -0.0322530000   0.0780200000   0.0245070000   0.0030940000  -0.0214590000   0.0015570000   0.0293000000  -0.0566090000
   6.2655435043   6.7727925812 1968  3.76E+00  -0.4022520000   0.6503960000   2.9252830000  -0.5105070000   0.1326400000   1.6293110000   0.3046370000   0.7645640000   8.3231090000   0.8627370000  -0.0384190000   9.0230180000   1.6226500000  -0.7514600000   9.5830600000  -0.0022070000  -0.0106650000  -0.0266490000   0.0022280000   0.0105190000   0.0264150000  -0.0060880000   0.0327860000  -0.0305380000  -0.0172290000  -0.0281830000   0.0310190000   0.0232970000  -0.0044570000  -0.0002480000
   6.2685569600   6.7745438921 2315  6.47E+00  -1.2811090000  -0.7615620000   3.4144940000  -0.8763970000  -0.6713760000   1.9000040000   2.7377950000   1.9102340000   8.6207670000   1.6388350000   1.4760180000   8.4901190000   0.4895930000   1.0703960000   8.3027180000  -0.0102140000  -0.0023080000   0.0382010000   0.0103080000   0.0022760000  -0.0384440000   0.0293060000   0.0143500000   0.0011580000   0.0561220000   0.0129600000   0.0141740000  -0.0855220000  -0.0272780000  -0.0150890000
   6.2651392075   6.7726972208 2315  6.36E+00  -1.2732540000  -0.7558640000   3.4121450000  -0.8768680000  -0.6716960000   1.8996330000   2.7389160000   1.9102820000   8.6256150000   1.6395910000   1.4759300000   8.4901760000   0.4897590000   1.0716520000   8.2998280000  -0.0097540000  -0.0021030000   0.0372000000   0.0098480000   0.0020710000  -0.0374430000   0.0307950000   0.0150140000   0.0015900000   0.0553970000   0.0123760000   0.0139620000  -0.0862870000  -0.0273580000  -0.0153090000
   6.2674517929   6.7728671902 2385  5.53E+00  -1.2581470000  -0.0216690000   3.4560500000  -1.4658030000  -0.9139590000   2.2004130000   3.8218270000   2.3252780000   8.0844050000   2.6902300000   1.8887740000   7.9328210000   1.5584680000   1.5104010000   7.7545100000   0.0047470000   0.0204270000   0.0286510000  -0.0047560000  -0.0204910000  -0.0289110000   0.0773310000   0.0330570000   0.0092670000  -0.0257920000  -0.0192090000  -0.0006970000  -0.0515300000  -0.0137840000  -0.0083090000
   6.2656642602   6.7732607399 2418  3.07E+00  -0.5259550000   0.4790630000   2.8699690000   0.0101040000  -0.0087540000   1.5485560000  -0.7932400000   0.5658430000   9.9686880000   0.0090770000   0.3165370000   9.1106320000   0.7691020000  -0.1022560000   8.2785070000  -0.0075950000   0.0068910000   0.0185230000   0.0074440000  -0.0068030000  -0.0186790000  -0.0352770000   0.0002980000   0.0372210000   0.0091940000   0.0252770000  -0.0091630000   0.0262340000  -0.0256620000  -0.0279010000
   6.2690467064   6.7732716553 2720  7.80E+00   0.7351310000  -0.1917710000   2.6783740000  -0.0599970000  -1.1223560000   1.9554910000   0.0812000000   1.1219800000   8.3445620000   0.2447740000   2.2919620000   8.4134910000  -0.0116300000   3.4625270000   8.4057080000  -0.0090530000  -0.0105750000  -0.0082610000   0.0091200000   0.0106670000   0.0081540000  -0.0279650000  -0.0013540000  -0.0036190000   0.0619020000  -0.0280810000   0.0082370000  -0.0340040000   0.0293430000  -0.0045120000
   6.2689774792   6.7749611265 2902  4.31E+00  -1.2559320000   0.0417550000   3.1852900000  -0.9989790000  -0.1883520000   1.8654080000   1.1149860000   0.9196630000   9.4147250000   1.8843190000   0.5655650000   8.5857090000   2.5387330000   0.2814920000   7.6242220000   0.0097120000  -0.0087280000  -0.0500790000  -0.0098720000   0.0087400000   0.0500480000  -0.0203640000   0.0106670000   0.0072070000   0.0072890000  -0.0066790000   0.0281630000   0.0132340000  -0.0040000000  -0.0353390000
   6.2696277908   6.7703775320 2924  7.15E+00  -1.3926440000  -0.4234190000   2.4352740000   0.0210010000   0.0036670000   1.8708400000   1.1021490000   0.5515740000   8.5663670000  -0.0176370000   0.2596130000   8.5140120000  -1.1060520000  -0.0504300000   8.5465300000  -0.0378430000  -0.0114280000   0.0151780000   0.0378690000   0.0114480000  -0.0150570000  -0.0368310000  -0.0115490000   0.0061060000  -0.0596950000  -0.0139580000  -0.0114730000   0.0965000000   0.0254880000   0.0052470000
   6.2656886479   6.7713368274 2930  2.65E+00  -0.1753280000  -0.2548420000   2.5297850000   1.1499530000  -0.8145110000   2.0676560000  -2.4535250000   1.9846030000   7.0707460000  -2.0551010000   1.7185290000   8.1716920000  -1.7358190000   1.4969010000   9.3102250000  -0.0196100000   0.0082490000   0.0068460000   0.0197750000  -0.0083790000  -0.0068530000  -0.0201160000   0.0130960000  -0.0370950000   0.0106100000  -0.0059160000  -0.0162210000   0.0093410000  -0.0070500000   0.0533240000
   6.2654419121   6.7746909278 3550  5.10E+00   0.1153290000  -0.5996580000   2.8181760000  -0.0034420000   0.0116480000   1.6126480000   0.8233080000  -0.2400680000   9.6970210000   0.0193070000   0.3157150000   9.0156460000  -0.8278800000   0.6703400000   8.3046480000  -0.0049460000   0.0257050000  -0.0507250000   0.0050780000  -0.0257470000   0.0506470000   0.0150630000  -0.0257230000   0.0140390000  -0.0343310000   0.0482220000  -0.0323090000   0.0191370000  -0.0224570000   0.0183480000
   6.2659871518   6.7739210161 3641  7.19E+00  -0.2504240000   2.1026170000   3.7697640000   1.2178960000   2.2538530000   4.1539530000  -3.0055890000  -3.0384310000   4.3537290000  -2.1253250000  -3.8367060000   4.4566290000  -1.4656310000  -4.7824580000   4.3185290000  -0.0260420000  -0.0027120000  -0.0068210000   0.0261920000   0.0026000000   0.0068660000  -0.0282680000  -0.0006750000  -0.0178980000   0.0625510000  -0.0153510000   0.0304330000  -0.0344330000   0.0161380000  -0.0125810000
   6.2668805668   6.7722465518 3777  3.18E+00   0.5118540000   1.1419400000   3.3098980000   0.5817500000   1.0503860000   1.7732580000  -1.1515470000  -1.3199410000   9.8352560000  -1.0705590000  -1.6420530000   8.6968400000  -0.9824360000  -2.0775340000   7.5726340000  -0.0014250000   0.0020000000   0.0318370000   0.0014920000  -0.0017510000  -0.0319340000  -0.0015270000   0.0003340000   0.0269630000  -0.0024750000   0.0266330000   0.0213380000   0.0039350000  -0.0272160000  -0.0482040000
   6.2681215269   6.7740956322 3906  7.21E+00   1.4351420000  -0.0794040000   2.4862230000  -0.0166870000   0.0039680000   1.8657460000  -0.0376340000  -0.9023000000   8.5789130000  -0.0448290000   0.2565040000   8.5678510000   0.0642110000   1.3826040000   8.5157940000   0.0389250000  -0.0022220000   0.0166800000  -0.0389580000   0.0022610000  -0.0166080000   0.0085370000   0.0382980000  -0.0019680000  -0.0080000000   0.0602150000  -0.0008070000  -0.0005030000  -0.0985510000   0.0027030000
