   6.2671193251   6.0116031801    5  5.82E+00  -0.2517560000  -1.5345830000   2.1713380000   0.0013630000   0.0251650000   2.0992220000   0.2718620000   1.3478340000   7.9572720000   0.0106880000   0.2357780000   8.1774790000  -0.2708320000  -0.8661520000   8.2842890000  -0.0068060000  -0.0419550000   0.0019740000   0.0068000000   0.0419050000  -0.0019720000  -0.0081220000  -0.0273450000  -0.0009610000  -0.0080420000  -0.0426240000   0.0145030000   0.0161700000   0.0700190000  -0.0135430000
   6.2698683549   6.0119899298  252  2.81E+00  -0.8680440000   0.1359280000   2.3993660000  -0.4162640000  -1.3530280000   2.2271320000   1.0055820000   2.1167610000   6.9263810000   0.7459360000   2.6955870000   7.8906740000   0.5680600000   3.2961330000   8.8773060000  -0.0112370000   0.0366880000   0.0041480000   0.0109890000  -0.0369250000  -0.0045020000  -0.0043600000   0.0267100000   0.0434240000  -0.0028620000  -0.0228260000  -0.0361240000   0.0074700000  -0.0036470000  -0.0069460000
   6.2676249080   6.0139561846  252  3.16E+00  -0.8672640000   0.1347460000   2.3970580000  -0.4165090000  -1.3530690000   2.2271790000   1.0077100000   2.1165940000   6.9283180000   0.7482490000   2.6947230000   7.8852050000   0.5653690000   3.2972280000   8.8793850000  -0.0110990000   0.0363060000   0.0040570000   0.0108610000  -0.0365270000  -0.0043900000  -0.0078310000   0.0337160000   0.0555060000   0.0032030000  -0.0374980000  -0.0615580000   0.0048660000   0.0040040000   0.0063840000
   6.2684354829   6.0119019951  259  4.72E+00   0.7439850000  -1.2531220000   2.4604270000  -0.0094860000   0.0102760000   1.8894930000  -0.6099810000   0.9767000000   9.1807390000   0.0168890000   0.2775850000   8.4954540000   0.5978020000  -0.4697780000   7.8513480000   0.0198490000  -0.0332910000   0.0149260000  -0.0199690000   0.0334340000  -0.0151710000   0.0106700000  -0.0191480000  -0.0115430000   0.0277080000  -0.0224690000  -0.0322660000  -0.0382580000   0.0414730000   0.0440540000
   6.2655513757   6.0122281489  678  6.86E+00  -0.3189010000   0.7668260000   1.7481930000  -0.9959650000  -0.5202950000   2.3769860000   0.6597220000   1.2509080000   7.8786610000   1.8113240000   1.0861220000   7.6318420000   2.9747060000   1.1715860000   7.4119500000   0.0184860000   0.0350660000  -0.0171040000  -0.0183400000  -0.0351350000   0.0170940000  -0.0182390000   0.0191010000   0.0076520000  -0.0026450000  -0.0365520000  -0.0067020000   0.0207380000   0.0175210000  -0.0009400000
   6.2678585530   6.0115974139  731  2.18E+00  -1.5867570000   1.5099410000   3.5328070000  -2.2782240000   0.1311050000   3.5327480000   3.2032340000   0.4889640000   5.9750540000   4.1692640000  -0.0201330000   5.4855350000   5.1448910000  -0.5360780000   5.0421880000   0.0144530000   0.0289260000  -0.0000890000  -0.0146920000  -0.0290210000  -0.0002080000  -0.0266020000   0.0149210000   0.0184480000  -0.0009300000  -0.0002970000  -0.0090220000   0.0277710000  -0.0145300000  -0.0091280000
   6.2657905256   6.0101031009  735  4.19E+00   0.4861000000   1.4496240000   1.9270650000  -0.0046640000  -0.0146910000   2.1232840000   0.1811830000   1.3835670000   7.9655160000   0.0083200000   0.2308270000   8.0545760000  -0.1947630000  -0.8871320000   8.2635280000   0.0114350000   0.0340950000  -0.0045820000  -0.0114420000  -0.0341940000   0.0046830000  -0.0047120000  -0.0145740000   0.0117360000  -0.0004410000  -0.0280080000  -0.0142380000   0.0051590000   0.0426800000   0.0023990000
   6.2665797621   6.0125969039 1589  2.48E+00   1.4748790000  -0.8615740000   3.6438020000   0.8697350000  -1.5472310000   2.5027660000  -1.1789350000   2.1853600000   6.7480030000  -1.6052000000   3.0318060000   7.4680310000  -2.0526370000   4.0078790000   7.9179700000   0.0015770000   0.0015380000   0.0026230000  -0.0013100000  -0.0019110000  -0.0030570000   0.0028760000  -0.0002180000  -0.0254740000  -0.0093700000   0.0086100000   0.0517210000   0.0062270000  -0.0080200000  -0.0258130000
   6.2651831086   6.0103786483 1734  1.34E+00   1.9410810000   0.5257470000   5.5158120000   2.3037410000  -0.0921120000   4.2539440000  -3.6229400000  -0.0431110000   3.2555940000  -4.1794920000   0.4088740000   4.1826030000  -4.8672670000   0.8507530000   5.0129900000   0.0003240000  -0.0006040000  -0.0012260000  -0.0002470000   0.0006920000   0.0014490000  -0.0173230000   0.0042490000   0.0031100000   0.0160040000   0.0034900000   0.0168530000   0.0012420000  -0.0078280000  -0.0201860000
   6.2686726762   6.0102792901 1924  9.53E+00   1.3798180000  -1.1439920000   2.9044360000  -0.0979730000  -1.2544740000   2.2336670000   0.5559320000   2.5142010000   8.9413140000   0.2133340000   2.5230730000   7.8529920000  -0.3137130000   2.6166380000   6.8262050000   0.0471470000   0.0034670000   0.0214080000  -0.0469760000  -0.0037930000  -0.0215290000  -0.0364330000   0.0074130000  -0.0658200000   0.0288470000  -0.0112290000   0.0171300000   0.0074160000   0.0041430000   0.0488110000
   6.2697368116   6.0118710310 2113  3.33E+00   0.0871210000   0.7519580000   1.7428730000   0.1509880000  -0.5691770000   2.1981470000  -1.1793260000   0.5603120000   7.9511560000  -0.2929010000   1.2742700000   7.9792480000   0.6396480000   1.9660060000   7.9721590000   0.0013260000  -0.0275440000   0.0095310000  -0.0013020000   0.0275820000  -0.0094890000   0.0665960000   0.0497740000   0.0011480000  -0.0434030000  -0.0288430000  -0.0002890000  -0.0232170000  -0.0209690000  -0.0009010000
   6.2660797484   6.0126453435 2169  3.50E+00   0.2747720000   1.2813710000   2.5704120000  -0.0069500000  -0.0142600000   1.7456610000  -0.2060860000  -0.3347600000   7.7464550000   0.0376770000   0.2823920000   8.7518020000   0.1951990000   0.8009300000   9.8045920000   0.0068210000   0.0313050000   0.0198080000  -0.0067360000  -0.0311030000  -0.0202370000  -0.0147060000  -0.0300450000  -0.0337660000   0.0166320000   0.0253240000   0.0096390000  -0.0020110000   0.0045190000   0.0245560000
   6.2674546741   6.0104631787 2235  1.21E+00  -1.1857100000  -1.6665530000   2.8628260000  -1.4463680000  -0.2519110000   2.6192560000   3.2980640000   0.5502790000   6.2209950000   2.6467620000   0.7715990000   7.1812240000   2.0132360000   0.9212600000   8.1277110000   0.0003480000  -0.0020140000   0.0003830000  -0.0005130000   0.0020510000  -0.0002790000   0.0055710000  -0.0054870000  -0.0036940000  -0.0360180000   0.0169340000   0.0465230000   0.0306120000  -0.0114830000  -0.0429340000
   6.2653707193   6.0121678751 2334  6.29E-01   0.5629850000   1.1525980000   1.8797300000  -0.0215190000  -0.1768820000   2.1210780000  -1.1246820000   0.7339720000   8.2273730000   0.0262070000   0.5364230000   8.0915790000   1.1770090000   0.3617860000   7.9878940000   0.0030810000   0.0070530000  -0.0012520000  -0.0031560000  -0.0070450000   0.0013270000  -0.0005080000   0.0017200000   0.0036600000   0.0139620000  -0.0054170000  -0.0089230000  -0.0133800000   0.0036880000   0.0051880000
   6.2654225562   6.0149675007 2828  4.36E+00  -1.2363570000   0.0165950000   2.6778340000   0.0207380000   0.0028980000   1.7448920000   0.5007690000   0.5219490000   7.7181650000   0.0338050000   0.2552040000   8.8085170000  -0.5518260000  -0.0413770000   9.7873770000  -0.0311130000   0.0003020000   0.0229290000   0.0309290000  -0.0004140000  -0.0234090000   0.0172280000   0.0120920000  -0.0604320000  -0.0025370000  -0.0064320000   0.0546380000  -0.0145070000  -0.0055480000   0.0062740000
   6.2676555633   6.0137165416 2918  3.45E+00  -0.2286730000   1.3324530000   2.0761530000   0.0040060000  -0.0105150000   2.0313530000  -0.9442680000  -0.3399030000   8.6291330000  -0.0020210000   0.2138580000   8.2390160000   0.9401870000   0.8356030000   7.9111860000   0.0088670000  -0.0513940000  -0.0017090000  -0.0090230000   0.0512770000   0.0017120000   0.0225090000   0.0178610000  -0.0039410000  -0.0191540000  -0.0202510000  -0.0035910000  -0.0031980000   0.0025060000   0.0075280000
   6.2670897857   6.0110562907 3231  2.96E+00   1.1041220000   0.0096680000   2.7126980000   0.1146310000   0.2102080000   1.7065840000  -0.4417090000  -0.1956240000   9.9795610000  -0.3232620000  -0.1943600000   8.8116620000   0.0423280000  -0.0212310000   7.7127480000  -0.0099030000   0.0020040000  -0.0102790000   0.0098730000  -0.0020250000   0.0097010000   0.0175630000   0.0118790000   0.0002750000  -0.0282220000  -0.0207160000  -0.0255980000   0.0106880000   0.0088590000   0.0259010000
   6.2658197510   6.0141469158 3301  2.86E+00   0.7491700000   0.7202340000   2.0549900000   0.0616080000  -0.5052950000   2.0478500000   0.6533710000   1.9691730000   8.5367020000  -0.0737890000   1.0988790000   8.2549790000  -0.9528660000   0.3717670000   7.9105770000  -0.0123620000  -0.0221070000  -0.0000910000   0.0125500000   0.0221730000  -0.0000030000  -0.0172860000   0.0008280000  -0.0059550000   0.0440500000   0.0033030000   0.0146490000  -0.0269520000  -0.0041980000  -0.0086000000
   6.2679383179   6.0113449829 3315  5.39E+00   0.2987390000  -2.0787230000   3.5762020000   0.2574350000  -1.2863310000   2.3318210000  -0.1305380000   2.8920170000   6.6361390000  -0.4593960000   2.6100900000   7.6661060000  -0.8291090000   2.3914870000   8.7391430000   0.0002410000  -0.0050410000   0.0079370000  -0.0002810000   0.0048090000  -0.0079220000  -0.0447330000  -0.0286760000   0.1343000000   0.0335770000   0.0146030000  -0.0961940000   0.0111950000   0.0143050000  -0.0381210000
   6.2687493374   6.0138600945 3667  5.73E+00   0.4985330000  -1.2584360000   2.0878470000  -0.0036620000   0.0123610000   2.1280270000   0.8258770000  -0.5372030000   8.0589930000  -0.0140710000   0.2571580000   8.1489880000  -0.8284350000   1.0493810000   8.0653570000  -0.0183290000   0.0463470000   0.0014540000   0.0182740000  -0.0463080000  -0.0014900000  -0.0268680000   0.0271980000  -0.0081710000  -0.0328870000   0.0291370000   0.0138720000   0.0598090000  -0.0563740000  -0.0056640000
   6.2662759723   6.0109190821 3772  4.68E+00  -0.1991580000   1.1496840000   2.4916340000   0.0017990000  -0.0127690000   1.8123230000  -0.2819420000   0.9746040000   7.7348000000  -0.0339350000   0.2604950000   8.6923000000   0.3109810000  -0.4911460000   9.5329500000   0.0079770000  -0.0460980000  -0.0270620000  -0.0079100000   0.0458900000   0.0265980000  -0.0083400000   0.0382240000  -0.0585460000  -0.0022880000  -0.0252100000   0.0535460000   0.0105620000  -0.0128060000   0.0054650000
   6.2698247045   6.0126364178 3834  1.44E+00   1.5239250000   0.2130030000   3.0700630000   0.8944920000  -0.2210370000   1.9066820000  -2.3301960000   0.5353500000   9.4042430000  -1.6371340000   0.6137660000   8.4698590000  -1.0041390000   0.7820660000   7.5228000000  -0.0149900000  -0.0104240000  -0.0279830000   0.0151400000   0.0102720000   0.0274960000   0.0052870000   0.0075800000  -0.0136270000   0.0297870000  -0.0062070000  -0.0321340000  -0.0352250000  -0.0012200000   0.0462480000
   6.2651883436   6.0113535767 3834  9.62E-01   1.5263790000   0.2141140000   3.0787260000   0.8948470000  -0.2211020000   1.9061290000  -2.3281170000   0.5371710000   9.4084110000  -1.6383280000   0.6132940000   8.4711160000  -1.0072460000   0.7808570000   7.5199060000  -0.0124730000  -0.0086850000  -0.0234430000   0.0126270000   0.0085320000   0.0229520000   0.0048580000   0.0075610000  -0.0130670000   0.0272030000  -0.0070360000  -0.0285840000  -0.0322150000  -0.0003720000   0.0421430000
   6.2654780458   6.0103101410 3845  3.14E+00   1.2358660000   0.5045510000   2.1886720000  -0.0123780000  -0.0118430000   1.9869280000  -0.4276930000   1.2718640000   8.7560880000  -0.0081920000   0.2774040000   8.3251970000   0.4177980000  -0.7650790000   7.9343150000  -0.0463080000  -0.0190990000  -0.0074690000   0.0462200000   0.0193140000   0.0073840000   0.0079020000  -0.0209600000  -0.0041830000  -0.0174090000   0.0465310000   0.0079290000   0.0095950000  -0.0257860000  -0.0036610000
   6.2691271034   6.0124580998 3853  4.63E+00   1.4614550000   0.9258800000   2.3190330000   0.3549220000   0.1058730000   2.1122010000  -0.3777750000   1.1342570000   7.9905710000  -0.7386700000   0.0563200000   8.1246570000  -0.9323490000  -1.0759530000   8.2165170000  -0.0261760000  -0.0194160000  -0.0049090000   0.0261140000   0.0193350000   0.0049010000  -0.0102160000  -0.0715210000   0.0070880000  -0.0110680000   0.0237640000  -0.0010380000   0.0213460000   0.0478370000  -0.0060420000
