   6.2610566264   6.9077983872  644  4.77E+00  -1.1079320000   1.0321890000   2.7209010000  -0.6944550000   0.0200850000   1.9046320000   2.0210930000  -0.7121880000   8.2139310000   1.2433160000   0.1786590000   8.4605830000   0.5836380000   1.1004020000   8.7523130000   0.0156740000  -0.0383400000  -0.0308390000  -0.0156680000   0.0383440000   0.0309630000   0.0422300000  -0.0376540000  -0.0068200000  -0.0532430000   0.0404210000   0.0041860000   0.0110070000  -0.0027710000   0.0025110000
   6.2644164902   6.9058217227 1073  2.52E+00  -0.5294000000  -1.5024530000   3.1667120000  -0.0860620000  -0.8522910000   1.9229580000   0.4840490000   2.7853920000   7.7652700000   0.1543280000   1.8224300000   8.4317460000  -0.1367330000   0.8853980000   9.1030110000  -0.0023040000  -0.0033750000   0.0065280000   0.0022840000   0.0033440000  -0.0064300000   0.0210230000   0.0567440000  -0.0361710000  -0.0158540000  -0.0347050000   0.0176640000  -0.0051480000  -0.0220080000   0.0184090000
   6.2623062292   6.9059142688 1206  2.55E+00   0.1053510000  -0.8297530000   2.8239180000   0.0030570000   0.0096300000   1.5932820000  -0.9351540000  -0.0260790000   9.7048000000  -0.0593350000   0.2597550000   8.9885210000   0.9577950000   0.5229380000   8.4135930000   0.0010240000  -0.0090750000   0.0132860000  -0.0012110000   0.0090250000  -0.0133260000   0.0189240000   0.0018050000   0.0018070000  -0.0557480000  -0.0076880000   0.0030020000   0.0370120000   0.0059320000  -0.0047700000
   6.2608989527   6.9062872969 1852  3.17E+00   0.1387940000   0.6238420000   2.7117420000  -0.1725920000  -0.4513940000   1.6541740000   0.3841140000   1.9195360000   8.1168030000   0.3541300000   1.0511810000   8.9543270000   0.2032630000   0.1940910000   9.7302130000   0.0063840000   0.0219650000   0.0216270000  -0.0063940000  -0.0221690000  -0.0217480000  -0.0062400000   0.0364250000  -0.0361130000   0.0122630000  -0.0456650000   0.0472730000  -0.0060140000   0.0094440000  -0.0110380000
   6.2647355732   6.9070023170 2090  3.06E+00   0.3624130000   0.4780290000   2.8426560000  -0.0002170000  -0.0070130000   1.5699060000   0.8558070000   0.6838050000   8.3887530000  -0.0288740000   0.3239400000   9.0932610000  -0.8558820000  -0.2344060000   9.7665720000  -0.0059780000  -0.0079250000  -0.0207840000   0.0058360000   0.0078840000   0.0206740000   0.0180230000  -0.0060840000  -0.0116850000   0.0131470000   0.0414520000  -0.0151160000  -0.0310290000  -0.0353260000   0.0269100000
   6.2615746019   6.9092723150 2428  2.80E+00   0.3411290000  -0.2071990000   2.7630550000  -0.0317880000   0.7672940000   1.6575520000   0.1399450000  -2.2621510000   9.3077090000   0.0933880000  -1.1347170000   8.9505950000  -0.0727900000  -0.0173470000   8.5220040000   0.0062850000  -0.0164420000   0.0185650000  -0.0062470000   0.0163140000  -0.0186920000  -0.0063380000  -0.0208160000   0.0027620000   0.0208620000  -0.0277630000   0.0189380000  -0.0145610000   0.0487080000  -0.0215720000
   6.2602357071   6.9059059561 2934  1.99E+00   0.4850630000   0.0353420000   2.9351650000  -0.0070290000   0.0036280000   1.5297910000  -0.8082470000   0.6290710000   8.3604870000  -0.0209190000   0.1995200000   9.1727590000   0.8284940000  -0.1115190000   9.9296770000   0.0049160000   0.0002680000   0.0137990000  -0.0047650000  -0.0003670000  -0.0139520000  -0.0324910000   0.0269130000  -0.0387220000   0.0182090000  -0.0301500000   0.0323260000   0.0141310000   0.0033360000   0.0065490000
   6.2645230836   6.9074511975 3022  7.28E+00   0.7067500000   0.8568580000   2.3751070000   0.4717710000  -0.6850340000   1.9733230000  -0.6291320000   0.3702980000   8.7103230000  -0.9439930000   1.4713740000   8.3869010000  -1.0628790000   2.5800650000   7.9899570000   0.0070940000   0.0466460000   0.0121870000  -0.0071370000  -0.0466530000  -0.0121550000   0.0186260000  -0.0219860000   0.0032760000  -0.0292580000   0.0079320000   0.0048290000   0.0106750000   0.0140610000  -0.0081370000
   6.2640368195   6.9056483561 3107  1.85E+00  -1.0013100000  -0.1723910000   3.0584820000  -0.8319250000   0.1920880000   1.7111080000   2.5761060000  -0.4476210000   9.1810410000   1.5474060000  -0.0915990000   8.7799920000   0.4801810000   0.2555840000   8.4906600000   0.0030650000   0.0064390000  -0.0239540000  -0.0029350000  -0.0064960000   0.0238260000  -0.0294250000   0.0086770000  -0.0018050000  -0.0037130000   0.0034520000  -0.0174140000   0.0330080000  -0.0120720000   0.0193470000
   6.2605027193   6.9098690366 3221  2.87E+00   1.0229620000  -0.9988350000   2.6918140000   0.0108330000  -0.4876650000   1.8865010000  -0.5100110000   2.2181510000   8.2878370000  -0.0062100000   1.1723900000   8.4728590000   0.3961200000   0.0878600000   8.7615730000  -0.0248430000   0.0125880000  -0.0197120000   0.0248360000  -0.0124970000   0.0198100000  -0.0071540000  -0.0008160000   0.0075390000   0.0042020000   0.0283930000  -0.0224770000   0.0029590000  -0.0276680000   0.0148410000
