   6.2614054312   6.2666123852   24  5.33E+00  -0.4443340000  -1.8203490000   3.1626420000   0.3339250000  -0.9652380000   2.0911430000  -1.1972900000   3.0262190000   8.2798240000  -0.5714460000   2.0542840000   8.0795780000  -0.0134390000   1.0546290000   8.0131280000  -0.0204150000  -0.0223650000   0.0280020000   0.0203300000   0.0224690000  -0.0281760000  -0.0013620000  -0.0071050000   0.0091810000   0.0376070000  -0.0478270000  -0.0241710000  -0.0361600000   0.0548280000   0.0151640000
   6.2601008820   6.2678931161   26  7.54E+00   0.6198890000   2.1775880000   3.0180000000  -0.1067900000   1.0922380000   2.2232430000   0.3228740000  -2.9359940000   7.5768770000   0.1385790000  -1.7918880000   7.8346860000   0.0673770000  -0.6232630000   8.2492870000   0.0134450000   0.0200400000   0.0146570000  -0.0134480000  -0.0202160000  -0.0147150000   0.0106810000  -0.0267310000   0.0032510000  -0.0112430000  -0.0665680000  -0.0464430000   0.0005660000   0.0934750000   0.0432490000
   6.2646801198   6.2670041932  779  3.11E+00   1.0628110000   0.8387690000   2.3307140000  -0.1283680000  -0.0176520000   1.9261400000   1.2743790000   0.4537910000   8.0159170000   0.2437670000   0.2256510000   8.5112860000  -0.8832330000   0.0998000000   8.8294260000   0.0203520000   0.0146540000   0.0068740000  -0.0204730000  -0.0146970000  -0.0069670000  -0.0269260000   0.0024860000  -0.0004190000   0.0351950000  -0.0092680000   0.0111450000  -0.0081490000   0.0068250000  -0.0106330000
   6.2646308788   6.2668727257 1165  3.10E+00  -0.9732090000   0.6156190000   2.8940270000  -2.2737910000   0.0136410000   2.9783500000   4.9791830000  -0.0439030000   7.3574650000   4.0957870000   0.1602810000   6.5469090000   3.3633070000   0.5043440000   5.6720520000  -0.0083350000  -0.0037970000   0.0004660000   0.0079350000   0.0037060000  -0.0005840000   0.0609340000  -0.0038580000   0.0440190000  -0.0539710000  -0.0122890000  -0.0206650000  -0.0065630000   0.0162390000  -0.0232370000
   6.2627540563   6.2699441643 1297  4.88E+00   1.8951050000   0.1327040000   2.6298210000   0.4570760000  -0.0544030000   2.0203510000   0.1510920000   0.6398890000   8.7257520000  -0.8542890000   0.3607890000   8.2521780000  -1.9119270000   0.0402820000   7.8247510000   0.0369920000   0.0048300000   0.0157630000  -0.0369200000  -0.0047910000  -0.0156710000  -0.0558400000  -0.0171850000  -0.0200390000   0.0707600000   0.0231870000   0.0193960000  -0.0149930000  -0.0060420000   0.0005520000
   6.2633374314   6.2667162082 1333  4.93E+00  -1.5435280000   1.0888690000   2.9945160000  -1.4632420000  -0.1112730000   2.3631990000   2.2503370000   0.5834990000   8.7328530000   2.6405460000   0.4454720000   7.6106790000   3.1724520000   0.2568810000   6.5639770000   0.0032920000  -0.0494080000  -0.0259260000  -0.0034530000   0.0494350000   0.0260260000  -0.0034840000   0.0014190000   0.0417830000  -0.0167500000   0.0053060000  -0.0274180000   0.0203960000  -0.0067520000  -0.0144660000
   6.2634570924   6.2681092532 1428  7.06E+00  -1.7246850000   0.6030030000   3.7309380000  -1.8513750000  -0.3664300000   2.5520220000   3.6319710000   1.1559500000   8.3633180000   3.4054730000   0.8962080000   7.3123350000   3.1664300000   0.6509950000   6.1680520000   0.0022680000   0.0184650000   0.0224530000  -0.0027640000  -0.0184920000  -0.0225550000  -0.0327040000  -0.0356980000  -0.1556740000   0.0361100000   0.0384370000   0.1803350000  -0.0029090000  -0.0027130000  -0.0245600000
   6.2647860189   6.2660596917 1457  8.68E+00   1.0388570000   0.2466960000   2.8825930000   0.2722310000  -0.4678660000   1.6861740000  -0.2195170000   1.1928020000   7.7081230000  -0.4924910000   1.1903740000   8.8835920000  -0.8358140000   0.9223520000  10.0214130000   0.0214910000   0.0199250000   0.0332550000  -0.0214280000  -0.0200720000  -0.0337150000   0.0071490000  -0.0144100000  -0.0493070000   0.0177560000   0.0458150000  -0.0179040000  -0.0249680000  -0.0312580000   0.0676710000
   6.2622890506   6.2656310936 1842  3.19E+00   0.9555780000  -0.5620650000   2.5513290000  -0.0125620000   0.0021360000   1.7913640000  -0.3295070000   1.1712530000   9.3620270000  -0.0168220000   0.2517380000   8.6839000000   0.3446710000  -0.6478140000   8.0129460000  -0.0424110000   0.0247550000  -0.0333630000   0.0423440000  -0.0245820000   0.0331480000  -0.0024980000   0.0177210000   0.0132770000  -0.0021830000  -0.0149900000  -0.0125070000   0.0047470000  -0.0029040000  -0.0005560000
   6.2603264501   6.2697414078 1855  3.11E+00   1.9784950000  -0.4372440000   2.8007250000   0.9084930000   0.5372370000   2.2490450000  -2.0374180000  -1.7112560000   7.3062720000  -1.6924120000  -0.7323390000   7.8632390000  -1.3539800000   0.2931490000   8.3832850000   0.0236000000  -0.0214960000   0.0122110000  -0.0236050000   0.0215260000  -0.0121470000  -0.0033270000  -0.0035250000  -0.0043600000  -0.0074040000  -0.0348250000  -0.0126870000   0.0107360000   0.0383210000   0.0169830000
   6.2633096377   6.2653640252 2176  3.02E+00   0.1238250000   0.8532550000   2.8099450000   0.1780780000   0.1242770000   1.6073940000  -0.5644690000  -0.1983980000  10.1709510000  -0.3897330000   0.0525700000   9.0006000000  -0.0401250000   0.1721760000   7.8687740000   0.0009170000  -0.0125400000  -0.0209060000  -0.0009660000   0.0125570000   0.0204390000   0.0014010000  -0.0205940000   0.0623900000  -0.0189710000   0.0259220000  -0.0424560000   0.0176190000  -0.0053440000  -0.0194670000
   6.2628905464   6.2672268212 2198  3.45E+00   0.8069950000  -0.8102730000   2.7537700000  -0.0114560000   0.0140860000   1.6905730000   0.3091970000  -0.3388640000   9.8234030000   0.0107990000   0.2386420000   8.8766490000  -0.3109350000   0.8280890000   7.8974920000   0.0213250000  -0.0215120000   0.0275840000  -0.0212130000   0.0213030000  -0.0279180000  -0.0142020000   0.0252190000  -0.0416040000   0.0199460000  -0.0336450000   0.0543340000  -0.0058560000   0.0086350000  -0.0123950000
   6.2621370426   6.2681316807 2211  7.59E+00  -1.1792050000  -1.3316280000   2.4284660000   0.0900090000  -0.5952740000   2.1474180000  -0.8709260000   0.5303440000   8.2383180000  -0.1519340000   1.3489810000   7.9938420000   0.6097510000   2.2014930000   7.8841990000  -0.0139120000  -0.0080450000   0.0031170000   0.0139230000   0.0081230000  -0.0029860000   0.0952060000   0.1077770000  -0.0184330000  -0.0544810000  -0.0616620000  -0.0006560000  -0.0407360000  -0.0461920000   0.0189570000
   6.2609097784   6.2652079719 2334  1.27E+00   0.4518860000   1.1463980000   2.0683250000  -0.0213210000  -0.1898830000   2.0162940000  -1.1118110000   0.8625850000   8.4309250000   0.0210380000   0.5666080000   8.2874250000   1.1740290000   0.2758330000   8.1487550000  -0.0059900000  -0.0168370000  -0.0006220000   0.0058890000   0.0168590000   0.0006760000  -0.0104130000   0.0034390000   0.0030080000  -0.0275040000   0.0053860000  -0.0006850000   0.0380180000  -0.0088470000  -0.0023770000
   6.2616826233   6.2690426822 2334  9.61E-01   0.4534970000   1.1560670000   2.0719120000  -0.0213600000  -0.1902160000   2.0145970000  -1.1099600000   0.8642430000   8.4338870000   0.0217730000   0.5670470000   8.2908620000   1.1717200000   0.2748990000   8.1514630000  -0.0041680000  -0.0117400000  -0.0004660000   0.0040690000   0.0117610000   0.0005210000  -0.0087790000   0.0029890000   0.0027190000  -0.0249600000   0.0048790000  -0.0007820000   0.0338380000  -0.0078900000  -0.0019910000
   6.2607324368   6.2688642983 2509  2.98E+00  -0.8471330000   0.1307490000   2.3355980000   0.4200480000  -0.5899060000   1.9025850000  -1.0059370000   1.8410620000   7.5021940000  -0.7173410000   1.3102270000   8.4828540000  -0.5000080000   0.8009240000   9.4818280000  -0.0213580000   0.0120780000   0.0072160000   0.0214830000  -0.0123300000  -0.0074020000   0.0084270000  -0.0236850000   0.0516620000   0.0101360000  -0.0088130000   0.0071430000  -0.0186890000   0.0327500000  -0.0586200000
   6.2608727892   6.2669763629 2527  5.44E+00   1.1027380000   0.2190060000   2.3019060000  -0.1611620000  -0.5564690000   1.9976040000   1.2786460000   0.8166240000   8.7287460000   0.2719700000   1.3383170000   8.4056340000  -0.7474060000   1.6317230000   7.8408160000   0.0196050000   0.0120060000   0.0047170000  -0.0194740000  -0.0120750000  -0.0048290000   0.0029010000  -0.0163200000  -0.0133380000   0.0290210000   0.0215500000   0.0444380000  -0.0320530000  -0.0051600000  -0.0309880000
   6.2601988332   6.2673477441 2752  2.06E+01   1.6525700000  -0.6750570000   3.4951860000   2.0254170000   0.3219260000   2.8535840000  -4.7749590000  -0.7361010000   6.4800030000  -3.7129350000  -0.3741490000   6.7062450000  -2.6572960000   0.1394020000   7.0151380000   0.0502720000   0.1343880000  -0.0865930000  -0.0501670000  -0.1345090000   0.0862420000   0.0512190000   0.0275840000   0.0167830000  -0.0969760000  -0.0605750000  -0.0371960000   0.0456520000   0.0331120000   0.0207640000
   6.2637529691   6.2678153769 2752  2.09E+01   1.6536660000  -0.6751020000   3.4946740000   2.0259970000   0.3220430000   2.8532890000  -4.7754630000  -0.7365080000   6.4819170000  -3.7151450000  -0.3749330000   6.7072070000  -2.6580970000   0.1398150000   7.0140060000   0.0502590000   0.1345610000  -0.0866630000  -0.0501510000  -0.1346830000   0.0863070000   0.0552960000   0.0290320000   0.0175070000  -0.1025490000  -0.0627940000  -0.0381160000   0.0471450000   0.0338840000   0.0209650000
   6.2643796240   6.2695319502 2752  1.77E+01   1.6511390000  -0.6908240000   3.5031750000   2.0278090000   0.3225910000   2.8522790000  -4.7774030000  -0.7379490000   6.4875260000  -3.7207290000  -0.3766480000   6.7104760000  -2.6608560000   0.1407980000   7.0104520000   0.0432150000   0.1162200000  -0.0747590000  -0.0430980000  -0.1163440000   0.0743960000   0.0639760000   0.0321440000   0.0188880000  -0.1136000000  -0.0671630000  -0.0394270000   0.0495070000   0.0351420000   0.0209020000
   6.2643825654   6.2665840776 2791  2.32E+00  -0.6547330000   0.5601100000   2.0900650000  -1.8127060000  -0.1462510000   2.7213460000   2.2573820000   0.8048290000   7.3903830000   3.2815360000   0.4903580000   6.9627860000   4.3735250000   0.2098580000   6.6611270000   0.0134060000   0.0081130000  -0.0072550000  -0.0132890000  -0.0081780000   0.0071480000   0.0500460000  -0.0108750000  -0.0078380000  -0.0385720000   0.0040530000  -0.0064920000  -0.0115910000   0.0068870000   0.0144370000
   6.2643241275   6.2683386895 2793  6.83E+00  -1.2759690000   0.5447060000   3.0121110000  -0.9203780000  -0.1320150000   1.8721870000   2.5569780000   0.1976690000   9.2390070000   1.7466790000   0.5781250000   8.4988440000   0.8087760000   0.6810000000   7.8422040000   0.0119170000  -0.0227340000  -0.0384210000  -0.0119080000   0.0226850000   0.0380150000  -0.0338760000  -0.0094650000  -0.0154930000  -0.0123090000   0.0363320000  -0.0310820000   0.0461760000  -0.0268170000   0.0469810000
   6.2626580923   6.2692588661 2914  4.45E+00   1.6651550000   0.2702540000   2.4729940000   0.8965990000  -0.8854130000   2.4411530000  -1.4279660000   1.0069500000   8.2412120000  -1.6776040000   1.8466060000   7.5288780000  -1.8954040000   2.6994230000   6.7605600000  -0.0197590000  -0.0297420000  -0.0007900000   0.0197750000   0.0296500000   0.0008810000  -0.0207030000   0.0772620000  -0.0674270000   0.0151520000  -0.0632360000   0.0558320000   0.0055350000  -0.0139330000   0.0115040000
   6.2613493666   6.2697451268 3337  2.52E+00  -1.0913180000  -1.0597980000   3.8156360000  -1.8410850000  -0.9143930000   2.6979720000   3.9651700000   2.1262860000   7.9955280000   3.3751390000   1.9493730000   7.0094030000   2.7647050000   1.7314720000   6.0290080000  -0.0330550000   0.0062980000  -0.0491310000   0.0326900000  -0.0065530000   0.0489910000  -0.0107380000  -0.0054850000  -0.0155360000   0.0082390000   0.0065750000   0.0099540000   0.0028630000  -0.0008340000   0.0057220000
   6.2646915140   6.2661460535 3411  4.06E+00   1.1895760000   0.6973500000   2.5325680000  -0.0119200000  -0.0129760000   1.8113100000   0.1063060000  -0.7509070000   8.0327300000  -0.0547240000   0.2509400000   8.6561940000  -0.0806400000   1.2710710000   9.2646050000   0.0306090000   0.0181620000   0.0183790000  -0.0306470000  -0.0179750000  -0.0185230000   0.0117480000  -0.0209650000  -0.0125980000  -0.0193970000  -0.0035820000  -0.0009740000   0.0076870000   0.0243600000   0.0137160000
   6.2632451247   6.2652021424 3777  2.18E+00   1.3934650000   1.2781480000   3.5732700000   0.6362020000   1.7056280000   2.4207880000  -1.1975320000  -1.6882300000   7.3575790000  -1.1812500000  -2.9001360000   7.4644170000  -1.1808480000  -4.0458220000   7.7249750000  -0.0025380000   0.0014640000  -0.0040640000   0.0027130000  -0.0014390000   0.0036990000  -0.0025330000   0.0656340000   0.0052710000   0.0034590000  -0.0619640000  -0.0161300000  -0.0011010000  -0.0036960000   0.0112240000
   6.2602974105   6.2673010373 3819  1.21E+01  -0.9302220000   0.4319260000   2.8950960000   0.0037570000   0.0497260000   1.6075140000  -0.3273400000  -0.0852020000  10.1270570000   0.1280670000   0.1902360000   9.0605590000   0.2710390000   0.3545090000   7.8616910000  -0.0305270000   0.0124520000   0.0417660000   0.0304230000  -0.0124930000  -0.0422920000  -0.0307900000  -0.0139880000   0.0208690000   0.0421780000   0.0124250000   0.0453510000  -0.0112840000   0.0016040000  -0.0656950000
   6.2644143583   6.2660449079 3820  2.02E+00   0.2636670000   0.8898520000   2.3913780000  -0.1704590000  -0.4259420000   1.8485170000  -0.6748000000   0.7459780000   7.9833000000   0.2732070000   1.0222890000   8.6543850000   1.3044100000   1.2454590000   9.1384680000   0.0042090000   0.0125830000   0.0051460000  -0.0040260000  -0.0125890000  -0.0054060000  -0.0147280000  -0.0091190000  -0.0245990000   0.0315940000   0.0174390000   0.0471640000  -0.0170490000  -0.0083140000  -0.0223040000
   6.2646964339   6.2664677848 3848  2.21E+01  -0.7339810000   0.9926990000   2.3078070000  -0.0252390000  -0.5748630000   1.8898370000   0.8516420000   1.6586210000   7.6787270000   0.0152990000   1.2736080000   8.5211870000  -0.6908320000   0.8814240000   9.3419370000  -0.0283250000   0.0623580000   0.0165830000   0.0280650000  -0.0625570000  -0.0168100000   0.0762890000   0.0315970000  -0.0680480000  -0.1053570000  -0.0431360000   0.0942490000   0.0293280000   0.0117390000  -0.0259740000
   6.2620025322   6.2680654064 3848  2.30E+01  -0.7424350000   1.0009730000   2.3109850000  -0.0252820000  -0.5750890000   1.8896310000   0.8523800000   1.6586570000   7.6800310000   0.0158240000   1.2736710000   8.5209250000  -0.6912190000   0.8819450000   9.3416560000  -0.0290290000   0.0635060000   0.0169350000   0.0287700000  -0.0637030000  -0.0171590000   0.0756470000   0.0313240000  -0.0671970000  -0.1042570000  -0.0426230000   0.0927730000   0.0288700000   0.0114960000  -0.0253510000
