   6.2710777570   6.7924913051  690  3.83E+00  -1.3997940000  -1.4116610000   3.5149580000  -0.2997340000  -2.2146450000   3.7587730000   0.6008220000   4.0511580000   6.2218300000   0.5383620000   4.3338950000   5.1145060000   0.5801700000   4.5324910000   3.9462390000   0.0307360000  -0.0223970000   0.0068420000  -0.0307460000   0.0224490000  -0.0067760000   0.0040390000   0.0111280000  -0.0656170000  -0.0120510000  -0.0089700000   0.0822660000   0.0080220000  -0.0022090000  -0.0167150000
   6.2720782414   6.7947528141  814  2.67E+00   1.1749750000  -0.4816860000   3.2540170000   0.9026590000  -1.9199000000   2.7566250000  -1.7699860000   3.5537500000   5.7674040000  -1.7010120000   3.7184080000   6.9182870000  -1.5351970000   3.9613250000   8.0679890000   0.0059230000   0.0309740000   0.0107690000  -0.0058230000  -0.0311320000  -0.0107040000   0.0069460000   0.0097530000   0.0232350000  -0.0161670000  -0.0197050000  -0.0445520000   0.0091210000   0.0101100000   0.0212540000
   6.2744199875   6.7948743407 1035  4.32E+00  -1.6463210000   0.1970270000   2.8403360000  -0.8500310000  -0.6513810000   2.1294110000   0.5367130000   1.1215540000   8.5406480000   1.5702310000   1.4862820000   8.0710110000   2.6335050000   1.6911120000   7.5879210000   0.0305560000  -0.0324950000  -0.0272260000  -0.0305010000   0.0325500000   0.0272570000  -0.0232430000  -0.0186000000   0.0121130000   0.0029510000   0.0246910000  -0.0042600000   0.0202370000  -0.0061470000  -0.0078840000
   6.2711261355   6.7945717254 1799  3.26E+00   0.4193190000   0.9222130000   2.7516260000  -0.0047200000  -0.0120600000   1.6027620000   0.6743740000  -0.4318850000   8.3502640000   0.0053180000   0.3042300000   8.9784810000  -0.6812130000   0.8933020000   9.7328740000   0.0086960000   0.0193290000   0.0237030000  -0.0088100000  -0.0191870000  -0.0237630000  -0.0026590000  -0.0081490000   0.0116550000   0.0070140000   0.0151080000  -0.0240480000  -0.0042420000  -0.0071010000   0.0124530000
   6.2706387932   6.7935260983 1831  2.62E+00   0.9539440000   0.2168560000   2.4357540000  -0.0838940000  -0.5800930000   1.9023920000  -0.8529440000   0.6408020000   8.5409140000   0.1242220000   1.3348010000   8.5498910000   1.1185780000   1.9283030000   8.3874370000  -0.0153640000  -0.0117830000  -0.0078790000   0.0153970000   0.0118190000   0.0078790000  -0.0290050000  -0.0274210000  -0.0098120000   0.0366560000   0.0387450000   0.0181750000  -0.0076840000  -0.0113600000  -0.0083630000
   6.2746756768   6.7917049037 2401  2.03E+00   0.3469910000  -0.6010170000   2.8331100000  -0.6526350000  -0.6845110000   1.8078610000   1.9558120000   0.9418640000   9.3507110000   1.1309620000   1.4933220000   8.6957620000   0.4327390000   2.0812610000   7.9152110000  -0.0066430000  -0.0006130000  -0.0068410000   0.0066930000   0.0004440000   0.0067630000   0.0275940000  -0.0108070000   0.0087760000  -0.0111540000  -0.0124410000   0.0245970000  -0.0164900000   0.0234170000  -0.0332950000
   6.2747780238   6.7926858635 2714  3.84E+00   1.3337100000   0.6852520000   2.9047040000   0.7572550000  -0.2262450000   1.9115660000  -0.3742580000   0.7997650000   8.9823220000  -1.4620100000   0.7059040000   8.5222090000  -2.3941590000   0.4447380000   7.8914450000   0.0020500000   0.0032720000   0.0035610000  -0.0020320000  -0.0032390000  -0.0035630000   0.0185380000  -0.0109080000  -0.0073340000  -0.0655720000   0.0121840000  -0.0069050000   0.0470160000  -0.0013090000   0.0142410000
   6.2704983954   6.7938154065 2843  5.33E+00  -1.5031560000   0.0677350000   3.8841050000  -2.2088150000   0.9600700000   3.1233680000   4.3694460000  -1.2011650000   7.3621890000   4.0868900000  -1.5315430000   6.2320500000   3.6885990000  -1.7605270000   5.1170550000  -0.0251830000   0.0318260000  -0.0270660000   0.0250420000  -0.0317240000   0.0271350000   0.0091630000   0.0231640000   0.0615170000   0.0135620000  -0.0183480000  -0.0139530000  -0.0225840000  -0.0049180000  -0.0476330000
   6.2732013135   6.7910555085 2864  4.45E+00  -0.9211060000   0.4949180000   2.9337300000  -0.0819010000   0.4868970000   1.5906190000   0.1745850000   0.0463540000   9.9839210000   0.1426350000  -0.6178780000   9.0151110000   0.1854080000  -1.3577080000   8.1208880000  -0.0228200000   0.0003040000   0.0364790000   0.0227840000  -0.0001110000  -0.0365660000   0.0051770000  -0.0052810000   0.0058080000  -0.0092890000  -0.0092890000  -0.0368740000   0.0041480000   0.0143770000   0.0311530000
   6.2734529127   6.7917457247 3285  9.64E-01   0.3485780000   0.2053560000   2.8912860000  -0.0042140000   0.0012370000   1.5193750000   0.4294800000  -0.3482430000  10.1107040000   0.0335870000   0.2614440000   9.1565750000  -0.4556130000   0.8205360000   8.2463950000  -0.0027140000  -0.0016560000  -0.0108280000   0.0028270000   0.0015380000   0.0106490000   0.0090740000  -0.0260630000   0.0392270000  -0.0036980000   0.0296860000  -0.0444620000  -0.0054880000  -0.0035050000   0.0054140000
   6.2720289888   6.7927586870 3459  4.79E+00   1.2435210000  -0.7934800000   3.5385240000   0.8058430000  -1.3844940000   2.2732720000  -0.6263590000   3.1554830000   7.1187830000  -1.4434650000   2.8488260000   7.8804200000  -2.3929620000   2.3580740000   8.3903940000   0.0012100000   0.0015810000   0.0035190000  -0.0012210000  -0.0017400000  -0.0035610000  -0.0405470000  -0.0234250000   0.0120680000   0.0559140000   0.0390310000   0.0020210000  -0.0153550000  -0.0154480000  -0.0140480000
   6.2717132525   6.7926751826 3550  3.24E+00   0.1201330000  -0.6174280000   2.8386690000  -0.0034540000   0.0118160000   1.6037470000   0.8177590000  -0.2421330000   9.7126500000   0.0206960000   0.3207070000   9.0390240000  -0.8236150000   0.6689370000   8.3146310000  -0.0029350000   0.0152000000  -0.0298760000   0.0030710000  -0.0152450000   0.0297820000   0.0080210000  -0.0222280000   0.0068380000  -0.0216470000   0.0433840000  -0.0194950000   0.0134900000  -0.0211110000   0.0127510000
   6.2721565295   6.7914164241 3579  1.26E+00  -0.5976850000   0.2210800000   3.0189530000  -0.5219310000  -0.0232540000   1.5678230000   1.4429450000  -0.3309530000   9.9299970000   0.9239240000   0.2957930000   9.1032830000   0.5077760000   0.8987850000   8.2171000000  -0.0004330000   0.0013000000   0.0080500000   0.0004200000  -0.0014510000  -0.0083040000  -0.0061450000   0.0149380000  -0.0257200000  -0.0229430000   0.0174730000  -0.0168030000   0.0291010000  -0.0322610000   0.0427760000
   6.2740751278   6.7914556236 3603  3.89E+00   0.3346910000   0.0507080000   2.9029260000  -0.0043410000   0.0036240000   1.5539210000   0.7454270000  -0.2473990000   9.9082250000  -0.0233650000   0.2939030000   9.1620530000  -0.7272910000   0.6931450000   8.2714930000  -0.0081070000  -0.0011660000  -0.0325480000   0.0082380000   0.0010900000   0.0323550000   0.0341680000  -0.0297120000   0.0215820000  -0.0110050000   0.0227190000   0.0194570000  -0.0232950000   0.0070690000  -0.0408460000
   6.2730120511   6.7902839281 3777  3.61E+00   0.5678220000   1.1088660000   3.3058050000   0.5813530000   1.0517060000   1.7733170000  -1.1481630000  -1.2962690000   9.8289590000  -1.0754840000  -1.6409590000   8.6991980000  -0.9836670000  -2.1065360000   7.5771240000  -0.0002390000   0.0012130000   0.0297280000   0.0003060000  -0.0009590000  -0.0298250000  -0.0004440000  -0.0004380000   0.0232120000  -0.0053920000   0.0340480000   0.0373760000   0.0057680000  -0.0338640000  -0.0604900000
   6.2709463214   6.7949192112 3882  5.09E+00  -0.3915480000  -1.4443730000   3.7080600000  -1.0202080000  -1.3405460000   2.2731530000   2.7673090000   3.4250580000   7.6928130000   1.8713390000   2.6987490000   7.8358500000   0.9477170000   2.0226910000   7.8397350000   0.0159420000  -0.0026540000   0.0362200000  -0.0158780000   0.0026010000  -0.0364080000  -0.0239580000  -0.0138280000  -0.0061900000  -0.0314160000  -0.0324620000   0.0154650000   0.0553100000   0.0463430000  -0.0090870000
   6.2744511568   6.7926790319 3882  5.05E+00  -0.3906380000  -1.4444510000   3.7027950000  -1.0205350000  -1.3409700000   2.2729880000   2.7668800000   3.4274400000   7.6973820000   1.8708920000   2.6987940000   7.8365270000   0.9500600000   2.0223930000   7.8358140000   0.0155930000  -0.0025830000   0.0352310000  -0.0155300000   0.0025300000  -0.0354170000  -0.0224250000  -0.0126450000  -0.0065690000  -0.0368360000  -0.0366560000   0.0156380000   0.0591980000   0.0493540000  -0.0088830000
   6.2702350150   6.7941158952 3960  2.76E+00   0.3437170000   1.1415810000   2.6651890000  -0.0084250000  -0.0152410000   1.6959310000  -1.0445380000   0.4575640000   8.3939110000  -0.0060990000   0.2486520000   8.8616520000   1.0695380000   0.0476420000   9.3170660000   0.0078670000   0.0257000000   0.0215710000  -0.0077630000  -0.0257260000  -0.0215560000   0.0334950000  -0.0057700000   0.0148680000  -0.0522590000   0.0083250000  -0.0219060000   0.0186600000  -0.0025290000   0.0070230000
