   6.2803260714   6.1377699175   83  4.76E+00  -0.8336020000  -0.5840130000   2.5176420000   0.2948670000  -0.2630460000   1.8271520000  -0.7660710000   0.0654320000   9.5189260000  -0.5333620000   0.7472510000   8.6479020000  -0.2536550000   1.4117950000   7.7064590000   0.0445900000   0.0126070000  -0.0273390000  -0.0446240000  -0.0129000000   0.0270200000   0.0223330000   0.0545450000  -0.0755920000  -0.0277340000  -0.0587960000   0.0859900000   0.0054360000   0.0045440000  -0.0100800000
   6.2832059425   6.1391716107  327  2.26E+00   0.0257340000   1.2228550000   1.9791220000   0.4996910000  -0.2068940000   2.0907100000   0.1692620000   0.7214390000   8.6328770000  -0.9247940000   0.6516460000   8.1636910000  -1.9722190000   0.4332820000   7.6736540000  -0.0069720000   0.0211060000  -0.0016100000   0.0070640000  -0.0210640000   0.0016460000   0.0306150000  -0.0075510000   0.0118490000  -0.0311280000   0.0172490000  -0.0113160000   0.0004210000  -0.0097400000  -0.0005690000
   6.2849265294   6.1397894200  378  6.24E+00   1.3912380000   0.6629660000   2.2346830000  -0.0209880000  -0.0086000000   1.9995430000   1.1304630000   0.6108880000   8.5656200000  -0.0110350000   0.2579800000   8.3477770000  -1.1050100000  -0.1156970000   8.0419300000   0.0379130000   0.0180330000   0.0063580000  -0.0378680000  -0.0180120000  -0.0063570000   0.0663670000   0.0185280000   0.0083900000  -0.0327200000  -0.0049790000   0.0051700000  -0.0336920000  -0.0135700000  -0.0135600000
   6.2811860747   6.1350171987  378  6.23E+00   1.3921280000   0.6634150000   2.2360960000  -0.0210080000  -0.0086070000   2.0012280000   1.1297770000   0.6117400000   8.5622120000  -0.0108510000   0.2564240000   8.3450490000  -1.1044210000  -0.1153710000   8.0388810000   0.0381140000   0.0181290000   0.0063800000  -0.0380690000  -0.0181090000  -0.0063790000   0.0658990000   0.0187800000   0.0082100000  -0.0335460000  -0.0059760000   0.0050640000  -0.0323970000  -0.0128230000  -0.0132750000
   6.2848852794   6.1354199382 1016  6.56E+00  -0.6969700000   2.1924580000   3.1475490000  -1.7266430000   1.1742220000   3.3538170000   3.7279490000  -1.0835040000   6.3987100000   3.0941230000  -1.9857990000   5.9169470000   2.6164920000  -2.7405720000   5.2125650000   0.0026400000   0.0025850000  -0.0005110000  -0.0026520000  -0.0026050000   0.0005930000   0.0308390000   0.0363800000  -0.0006620000  -0.0786190000  -0.1021260000  -0.0370690000   0.0477930000   0.0657660000   0.0376500000
   6.2839243261   6.1353437453 1316  1.17E+01  -1.7227720000   0.8698830000   2.7193050000  -0.2483430000   0.5894090000   1.9726230000   0.7964960000  -1.6837230000   7.5747320000   0.4286660000  -0.8729420000   8.3603670000   0.2305330000   0.0282570000   9.1272800000  -0.0524270000   0.0099930000   0.0265980000   0.0523340000  -0.0098460000  -0.0266130000   0.0170950000  -0.0090210000  -0.0128790000  -0.0202820000  -0.0294440000  -0.0149730000   0.0032810000   0.0383180000   0.0278670000
   6.2817163382   6.1360586193 1392  5.59E+00   0.8021650000  -1.6126310000   2.6048110000  -0.0750940000  -0.4238810000   2.0282530000  -0.5768260000   0.3071830000   8.8249550000   0.1778980000   1.0234050000   8.2724000000   0.7677760000   1.8307930000   7.6724740000   0.0240720000  -0.0326480000   0.0158850000  -0.0241220000   0.0325290000  -0.0158500000  -0.0130190000   0.0048020000  -0.0007900000   0.0353100000   0.0036900000  -0.0091100000  -0.0222400000  -0.0083730000   0.0098650000
   6.2816818339   6.1392261309 1575  3.02E+00   1.5782320000   0.2370230000   3.4696940000   1.7590780000  -0.7476640000   2.5540780000  -2.2885260000   1.4445640000   6.6162370000  -3.2523850000   1.6199810000   7.2395870000  -4.1546150000   1.7460800000   7.9759350000   0.0077570000  -0.0416250000  -0.0387710000  -0.0074430000   0.0414290000   0.0384120000  -0.0251000000   0.0023830000   0.0272430000   0.0170170000   0.0016160000  -0.0318450000   0.0077690000  -0.0038040000   0.0049610000
   6.2828945268   6.1388910471 1609  1.44E+00   0.7919490000  -1.5536430000   4.4950650000  -0.1244200000  -2.4192790000   3.7163510000   0.3428100000   3.6206130000   4.7100230000   0.2159290000   4.6628540000   5.2008480000   0.0665830000   5.7470270000   5.5433450000   0.0072130000   0.0066230000   0.0061500000  -0.0072540000  -0.0071660000  -0.0061300000  -0.0062800000   0.0437730000   0.0073650000   0.0004910000   0.0076020000   0.0206880000   0.0058300000  -0.0508330000  -0.0280730000
   6.2825456756   6.1351410577 2055  2.91E+00  -0.8157950000   0.0184220000   1.8582120000  -0.1757770000  -1.2436920000   2.4761770000   0.5099320000   3.2640980000   6.5810020000   0.3449930000   2.5500070000   7.4897330000   0.1603540000   1.7194340000   8.3139730000  -0.0136230000   0.0268060000  -0.0131360000   0.0136000000  -0.0269000000   0.0131630000  -0.0033990000  -0.0166380000   0.0086110000   0.0071020000   0.0350070000  -0.0152630000  -0.0036800000  -0.0182750000   0.0066250000
   6.2805776242   6.1380720083 2174  4.25E+00  -1.4199810000   0.1607840000   2.6774720000  -0.3534940000   0.1657270000   1.8299310000   1.0934010000  -0.6933180000   7.7328510000   0.7085720000  -0.0080530000   8.5839440000   0.2295710000   0.5492260000   9.5165990000   0.0415890000   0.0002440000  -0.0330700000  -0.0417270000  -0.0000650000   0.0329190000  -0.0181300000   0.0131910000   0.0348790000   0.0328450000  -0.0145260000  -0.0573630000  -0.0145780000   0.0011570000   0.0226340000
   6.2845912465   6.1350096979 2334  4.69E+00   0.5466190000   1.2277940000   1.9502570000  -0.0218850000  -0.1839470000   2.0722970000  -1.1515400000   0.8020380000   8.3287540000   0.0260370000   0.5474890000   8.1761920000   1.2068540000   0.3159590000   8.0621750000   0.0102750000   0.0255670000  -0.0021790000  -0.0103520000  -0.0255570000   0.0022440000  -0.0671160000   0.0158930000   0.0121120000   0.0083430000  -0.0057680000  -0.0102900000   0.0588500000  -0.0101350000  -0.0018870000
   6.2830436468   6.1391135781 2334  4.48E+00   0.5419440000   1.2204520000   1.9538360000  -0.0218450000  -0.1840650000   2.0706000000  -1.1513510000   0.8041290000   8.3320410000   0.0253990000   0.5480890000   8.1794080000   1.2072420000   0.3144710000   8.0647240000   0.0091930000   0.0229550000  -0.0018770000  -0.0092720000  -0.0229440000   0.0019410000  -0.0664890000   0.0158380000   0.0120090000   0.0055610000  -0.0051780000  -0.0099230000   0.0610060000  -0.0106700000  -0.0021500000
   6.2830891263   6.1355932557 2354  5.95E+00   1.4039280000   0.1517010000   6.1625380000   2.0775780000   0.7600120000   4.9517000000  -3.8184680000  -0.5313810000   3.8496790000  -3.7887750000  -1.2307120000   2.9064700000  -3.8016930000  -1.6622940000   1.8513820000  -0.0102810000  -0.0093820000   0.0185680000   0.0105090000   0.0092560000  -0.0186740000  -0.0048210000   0.0094200000  -0.0225390000   0.0076510000  -0.0589890000  -0.0419930000  -0.0030590000   0.0496950000   0.0646390000
   6.2806275607   6.1398678517 2479  2.52E+00  -0.3105780000   0.5436060000   2.3138720000   0.5123420000  -0.7171850000   1.9126570000  -0.2634020000   0.8105300000   7.8086120000  -0.9217170000   1.5544020000   8.4824280000  -1.5838630000   2.2578070000   9.1267990000  -0.0194500000   0.0297720000   0.0093700000   0.0193770000  -0.0297430000  -0.0098140000   0.0206460000  -0.0259920000  -0.0213120000  -0.0311320000   0.0399790000   0.0337540000   0.0105590000  -0.0140170000  -0.0119990000
   6.2829274970   6.1399008318 2546  6.51E-01   1.2735210000  -1.1551360000   3.8428770000   0.6467970000  -1.8675160000   2.7071190000  -0.6001910000   2.7074560000   6.6075080000  -1.1775520000   3.6984770000   6.9908700000  -1.8263230000   4.6033890000   7.3835400000   0.0046800000   0.0050930000   0.0082320000  -0.0045810000  -0.0054850000  -0.0086270000   0.0209580000  -0.0477530000  -0.0152480000  -0.0059640000   0.0380540000   0.0083980000  -0.0150920000   0.0100910000   0.0072460000
   6.2843942237   6.1352081394 2654  7.19E+00  -0.8168140000  -2.1279850000   5.0905140000  -1.1810830000  -1.7342310000   3.6422620000   1.9815530000   3.6582370000   6.4051260000   2.2303980000   3.3652350000   5.2711900000   2.2941720000   3.2984120000   4.1279430000   0.0078220000  -0.0083360000   0.0308890000  -0.0077480000   0.0083670000  -0.0308070000  -0.0180990000   0.0237700000   0.0268050000   0.0334470000  -0.0445900000  -0.0898410000  -0.0154230000   0.0207900000   0.0629540000
   6.2829802214   6.1359930274 2690  2.45E+00  -1.3264850000   0.9814700000   3.0646260000  -0.7044920000   0.3553820000   1.8276440000   1.2596800000  -0.1290380000   9.7205800000   1.3240340000  -0.3694440000   8.5986680000   1.3483480000  -0.7426480000   7.5048430000  -0.0104500000   0.0105270000   0.0206110000   0.0102280000  -0.0103130000  -0.0209170000   0.0001930000  -0.0209930000  -0.0490830000   0.0031140000   0.0156000000  -0.0002560000  -0.0030860000   0.0051800000   0.0496440000
   6.2838441738   6.1371640068 2717  1.28E+00  -1.4337710000  -0.0085920000   2.2975090000   0.0141000000   0.0032000000   1.9452330000  -0.2753090000   1.2941290000   7.9381060000   0.0233840000   0.2531750000   8.4044620000   0.2776680000  -0.8119520000   8.8941680000  -0.0145350000  -0.0001590000   0.0035490000   0.0145850000   0.0000050000  -0.0035740000  -0.0047330000   0.0060360000   0.0000630000  -0.0021750000   0.0354300000  -0.0208130000   0.0068590000  -0.0413110000   0.0207750000
   6.2841492295   6.1358177542 2999  3.33E+00   0.2720810000   1.3463000000   2.6363550000  -0.0236180000   0.2001460000   1.7469800000  -0.0349460000  -0.8112770000   7.7988520000  -0.0492460000  -0.0843290000   8.7470490000   0.1727320000   0.4778560000   9.7450200000   0.0022470000   0.0088220000   0.0067530000  -0.0022630000  -0.0085550000  -0.0070650000   0.0158740000  -0.0256390000  -0.0131180000  -0.0285120000   0.0438710000   0.0229700000   0.0126530000  -0.0184990000  -0.0095390000
   6.2847242209   6.1352128726 3337  2.49E+00  -1.2308850000  -1.0669040000   4.0131220000  -1.9424160000  -0.8913290000   2.8360990000   2.5545080000   1.6573110000   6.1410870000   3.5712460000   1.9445160000   6.7276470000   4.5430150000   2.0893530000   7.3926810000  -0.0190240000   0.0045490000  -0.0313380000   0.0186410000  -0.0048430000   0.0310550000  -0.0450740000  -0.0199200000  -0.0196410000   0.0245660000   0.0250660000  -0.0008590000   0.0208900000  -0.0048530000   0.0207830000
   6.2823950377   6.1358116693 3337  2.72E+00  -1.2257780000  -1.0593160000   4.0019960000  -1.9425970000  -0.8913850000   2.8364260000   2.5574710000   1.6578220000   6.1378070000   3.5725620000   1.9428410000   6.7280690000   4.5396480000   2.0899020000   7.3947100000  -0.0219500000   0.0049990000  -0.0355640000   0.0215650000  -0.0052950000   0.0352790000  -0.0448670000  -0.0195190000  -0.0197020000   0.0283230000   0.0249590000   0.0017780000   0.0169290000  -0.0051440000   0.0182090000
   6.2814318059   6.1387837238 3343  3.84E+00  -1.1022730000   0.9993570000   2.2063450000   0.0087070000  -0.0107050000   2.0020220000   0.3423410000  -0.8643590000   8.6120210000  -0.0475270000   0.2536530000   8.3535250000  -0.2807010000   1.3521180000   7.9806190000  -0.0175500000   0.0159140000   0.0032160000   0.0175410000  -0.0160250000  -0.0032510000   0.0291360000  -0.0577330000   0.0073720000  -0.0355160000   0.0446100000   0.0026020000   0.0063890000   0.0132350000  -0.0099390000
   6.2822243407   6.1389715681 3650  5.73E+00   0.9680740000  -1.2069830000   2.1965290000  -0.0132400000   0.0202330000   2.0598820000  -0.6925880000   1.1429590000   8.0569600000   0.0232830000   0.2691690000   8.2293300000   0.6802410000  -0.6823560000   8.3405620000   0.0257980000  -0.0322480000   0.0036150000  -0.0257840000   0.0322720000  -0.0035830000   0.0404780000  -0.0604220000   0.0079240000  -0.0175770000   0.0392360000  -0.0019290000  -0.0229150000   0.0211620000  -0.0060280000
   6.2818640899   6.1378774473 3939  3.70E+00  -1.0006040000   0.6514220000   2.3240920000  -0.3144980000  -0.6737460000   1.9598530000   0.2222540000   1.0064860000   9.4221500000   0.5249620000   1.4582630000   8.3642470000   1.0173840000   1.9102870000   7.3656280000  -0.0136920000   0.0262470000   0.0072000000   0.0134810000  -0.0264750000  -0.0073530000   0.0038730000  -0.0112780000   0.0310150000  -0.0326450000  -0.0048600000  -0.0018610000   0.0289830000   0.0163660000  -0.0290010000
