   6.2833417400   6.6042651056  112  2.41E+00  -1.1012080000  -0.4581860000   2.6885440000   0.0139340000   0.0054470000   1.7090070000  -0.3477090000   1.2192520000   9.4017230000   0.0025190000   0.2593340000   8.8324300000   0.3456070000  -0.7245960000   8.2644130000  -0.0257530000  -0.0106300000   0.0225770000   0.0256830000   0.0107970000  -0.0226780000   0.0013530000  -0.0063490000  -0.0020140000  -0.0062210000   0.0227380000   0.0087840000   0.0049380000  -0.0165570000  -0.0066680000
   6.2832075615   6.6045096418  290  2.90E+00   0.9189080000   0.9323330000   2.4633250000  -0.0114180000  -0.0111700000   1.8492990000   0.0260690000   1.3631110000   8.3091360000  -0.0353660000   0.2624670000   8.6374110000  -0.0003890000  -0.8754230000   8.8169360000   0.0017320000   0.0017220000   0.0011380000  -0.0017500000  -0.0018100000  -0.0011510000   0.0040240000  -0.0589120000   0.0072980000  -0.0096360000   0.0109710000   0.0107360000   0.0056310000   0.0480290000  -0.0180210000
   6.2818019829   6.6039518778  483  5.54E+00   0.3058790000  -0.7522320000   2.9118470000  -0.0005100000   0.0085750000   1.5783790000  -0.2896840000   0.9994180000   9.9368320000  -0.0589850000   0.1952610000   9.1110540000   0.3172420000  -0.4537540000   8.1584600000   0.0075150000  -0.0186930000   0.0326180000  -0.0075980000   0.0187950000  -0.0330000000   0.0077850000   0.0135120000  -0.0032820000  -0.0337530000   0.0063510000   0.0527590000   0.0260510000  -0.0199650000  -0.0490950000
   6.2806021381   6.6002975759  788  3.23E+00  -0.6629330000  -1.3051320000   3.2152190000  -0.2173790000  -1.0411430000   1.9510110000   0.3392100000   3.3188780000   8.6139320000   0.3799550000   2.1716330000   8.3406900000   0.5029710000   1.0205100000   8.1795430000   0.0164250000   0.0097860000  -0.0467440000  -0.0164840000  -0.0096750000   0.0465690000   0.0052070000   0.0097100000   0.0103890000  -0.0092070000  -0.0258980000  -0.0215940000   0.0040590000   0.0160760000   0.0113800000
   6.2832419168   6.6048804853  901  7.98E-01   0.2865980000  -0.6016280000   3.0098120000   0.6277710000  -0.1809000000   1.6244760000  -1.8992780000   0.4261660000   9.8502040000  -1.1047980000   0.5830910000   9.0214330000  -0.4246530000   0.7651500000   8.0759750000  -0.0032050000  -0.0040010000   0.0127870000   0.0031780000   0.0038610000  -0.0131570000   0.0121820000   0.0057600000  -0.0285380000  -0.0035380000  -0.0075930000   0.0342980000  -0.0086180000   0.0019730000  -0.0053900000
   6.2847858747   6.6034967453 1758  2.33E+00  -0.1581740000   1.1263350000   3.1085580000  -0.3642590000   0.9085930000   1.7471240000   0.6534030000  -0.9669860000   9.8381050000   0.6928820000  -1.4802130000   8.7636570000   0.6556130000  -1.8428440000   7.6628340000  -0.0047540000  -0.0049370000  -0.0313540000   0.0047130000   0.0051340000   0.0312070000  -0.0059430000   0.0219750000   0.0244340000   0.0097230000  -0.0418560000  -0.0560580000  -0.0037390000   0.0196840000   0.0317720000
   6.2816702472   6.6029104819 1786  3.23E+00   0.1162990000  -0.6271750000   2.5982970000   0.1094570000  -1.9793530000   2.7213960000  -0.0206660000   4.9847880000   6.6804370000  -0.2208690000   3.8555940000   6.9858340000  -0.3675080000   2.7333910000   7.3215020000  -0.0002770000  -0.0561180000   0.0050790000   0.0003060000   0.0561490000  -0.0052600000   0.0074750000   0.0243380000  -0.0039010000  -0.0096830000  -0.0178550000  -0.0015870000   0.0021800000  -0.0065130000   0.0056700000
   6.2840503287   6.6025692015 2028  4.89E+00   0.2422960000  -0.7325280000   3.1775600000   0.8020350000  -0.6793800000   1.7160700000  -1.7961370000   1.9482930000   9.8447460000  -1.4030040000   1.5746760000   8.7864000000  -1.1714590000   0.9964160000   7.7898620000  -0.0137280000  -0.0013720000   0.0358420000   0.0138770000   0.0012990000  -0.0362360000  -0.0188960000  -0.0054210000   0.0265540000   0.0312830000   0.0148000000  -0.0380150000  -0.0125350000  -0.0093050000   0.0118550000
   6.2818424424   6.6038261607 2329  3.96E+00  -0.1469290000   1.2481600000   2.6438050000  -0.0021050000  -0.0163090000   1.7041790000  -0.9310280000   0.5489030000   8.2178690000  -0.0025820000   0.2593400000   8.8456550000   0.9527380000  -0.0531030000   9.4652710000  -0.0038360000   0.0340500000   0.0252790000   0.0039870000  -0.0340880000  -0.0253680000   0.0312030000  -0.0107770000   0.0212770000  -0.0418890000   0.0152350000  -0.0271240000   0.0105340000  -0.0044200000   0.0059360000
   6.2836645266   6.6046628442 2532  3.75E+00  -0.6035290000  -1.2394560000   3.3687530000   0.0335500000  -2.4555260000   3.5822070000   0.2231540000   3.7079700000   5.9479920000  -0.0902140000   4.7001330000   5.3542580000  -0.2849640000   5.7929180000   4.9311270000   0.0160120000  -0.0306200000   0.0052990000  -0.0160910000   0.0305100000  -0.0055270000   0.0164330000  -0.0205830000   0.0282910000  -0.0194400000  -0.0097730000  -0.0295400000   0.0030870000   0.0304660000   0.0014770000
   6.2837737465   6.6048574438 3336  4.10E+00  -0.5524590000   1.2715860000   2.4398710000   0.0018330000  -0.0166420000   1.7994220000  -0.6909160000   1.1188910000   8.2689510000   0.0412510000   0.2446860000   8.6106730000   0.6855990000  -0.6119010000   9.1277730000  -0.0115040000   0.0267920000   0.0133290000   0.0116150000  -0.0269100000  -0.0133020000  -0.0203710000   0.0189350000   0.0057040000   0.0106360000   0.0001020000  -0.0295940000   0.0096240000  -0.0189190000   0.0238640000
   6.2839004801   6.6016442916 3337  2.30E+00  -0.6098860000  -0.3212060000   2.7106970000  -1.8667040000  -0.9203840000   2.7366470000   3.4562360000   2.0955810000   8.1383220000   3.4431390000   1.8842420000   6.9764200000   3.3202070000   1.7944590000   5.7874320000  -0.0299350000  -0.0142790000   0.0005940000   0.0296730000   0.0141300000  -0.0005990000  -0.0062070000   0.0105620000   0.0142540000   0.0156300000  -0.0159020000   0.0232130000  -0.0091620000   0.0054890000  -0.0374620000
   6.2837261920   6.6007138800 3431  6.21E+00   0.9806510000  -0.1544310000   2.9557030000   1.2188180000   1.0260800000   2.1225080000  -2.1856110000  -1.9374000000   6.9388420000  -2.3633690000  -1.6284030000   8.0674690000  -2.1890690000  -1.2672550000   9.2195930000  -0.0006540000  -0.0035320000   0.0024840000   0.0007980000   0.0037100000  -0.0026070000   0.0219460000   0.0000080000  -0.0064040000  -0.0529520000  -0.0233520000  -0.0598170000   0.0308630000   0.0231660000   0.0663450000
   6.2835778667   6.6016367719 3433  3.74E+00   0.6790030000   0.6456820000   2.8247650000   0.8262030000  -0.5499640000   1.8064890000  -1.0446590000   1.5920310000   9.6697470000  -1.5574680000   1.2667110000   8.6639320000  -1.9551900000   0.8507010000   7.6274510000  -0.0037780000   0.0315010000   0.0267510000   0.0040150000  -0.0314890000  -0.0269470000   0.0087570000  -0.0048020000   0.0015040000  -0.0107780000   0.0154220000   0.0115600000   0.0017830000  -0.0106320000  -0.0128680000
   6.2830076754   6.6011324071 3469  1.51E+01   0.0939870000  -0.4908020000   2.6828780000   1.3323350000  -1.6363570000   2.6941110000  -2.3625680000   3.8933710000   8.0058500000  -2.3874380000   3.2768500000   7.0559220000  -2.5051170000   2.5376670000   6.0744120000  -0.0444780000   0.0411780000  -0.0005430000   0.0448720000  -0.0414400000   0.0003410000  -0.0077640000  -0.0509200000  -0.0686250000   0.0222050000   0.1066620000   0.1347150000  -0.0148350000  -0.0554800000  -0.0658890000
   6.2801908396   6.6005955070 3608  4.59E+00  -1.0895920000   0.4348880000   2.3035570000   0.2465470000   0.7957100000   1.9836480000   0.3529210000  -2.0127440000   7.9560120000  -0.4935540000  -1.2697080000   8.3185290000  -1.1450780000  -0.3477820000   8.7485380000   0.0157990000   0.0042470000  -0.0037280000  -0.0158600000  -0.0042750000   0.0037980000   0.0211520000   0.0024480000   0.0015800000  -0.0051400000  -0.0524930000  -0.0253660000  -0.0159500000   0.0500740000   0.0237170000
   6.2833491371   6.6015528679 3738  4.05E+00  -0.3602530000  -1.1194940000   3.2907840000  -1.0765910000  -0.7918760000   1.9232860000   1.9015990000   2.0864620000   9.5422310000   1.9011130000   1.6903590000   8.4358230000   2.0706970000   1.3576210000   7.3135310000   0.0187860000  -0.0087290000   0.0360230000  -0.0190690000   0.0085850000  -0.0362230000   0.0112880000   0.0054350000   0.0025040000  -0.0242080000  -0.0079380000   0.0047730000   0.0132020000   0.0026460000  -0.0070770000
   6.2827498332   6.6047614651 3922  6.03E+00  -1.5482940000  -0.5610870000   3.1202390000  -0.5789160000  -1.1752440000   2.2285100000   0.4514130000   1.4379360000   8.2061840000   1.1512170000   2.3783030000   7.9726170000   1.6731660000   3.3691590000   7.4836860000   0.0003250000  -0.0001900000  -0.0003250000  -0.0002800000   0.0001990000   0.0002230000  -0.0292940000  -0.0223680000  -0.0071280000   0.0081490000  -0.0402360000   0.0505380000   0.0211000000   0.0625950000  -0.0433090000
