   6.2846700606   6.5054224917   40  5.05E+00  -0.7165610000  -0.3595960000   3.0693780000  -0.2152400000  -0.5377790000   1.6070620000   0.1851030000   0.7181760000   7.9775270000   0.4809980000   1.1799700000   9.0437120000   0.5739150000   1.7921580000  10.0151430000  -0.0116480000   0.0040900000   0.0336200000   0.0116250000  -0.0041620000  -0.0341520000  -0.0206660000  -0.0006530000  -0.0302540000   0.0378650000   0.0136490000   0.0736070000  -0.0171760000  -0.0129240000  -0.0428220000
   6.2805227554   6.5099405093  420  4.52E+00  -1.1235090000  -1.0195190000   2.7409880000   0.1197050000  -0.5758900000   1.8802520000  -0.3282580000   2.4550870000   8.7121790000  -0.2354050000   1.3222370000   8.5005380000  -0.0220720000   0.1803560000   8.3445630000  -0.0324990000  -0.0115240000   0.0224640000   0.0324460000   0.0116860000  -0.0225610000   0.0114410000  -0.0369960000  -0.0021070000  -0.0176180000   0.0248980000  -0.0052550000   0.0062300000   0.0119360000   0.0074590000
   6.2801258769   6.5067071691  677  4.44E+00  -0.5073010000   0.5245790000   2.9081660000   0.1402960000   0.1683790000   1.5179190000  -0.0716550000  -0.2103470000   8.0101360000  -0.2434550000  -0.0032570000   9.1605060000  -0.4142950000   0.0264880000  10.3502190000  -0.0168110000   0.0092860000   0.0358370000   0.0167690000  -0.0091810000  -0.0362320000   0.0014360000  -0.0126630000  -0.0046370000   0.0056960000   0.0221910000  -0.0475130000  -0.0070900000  -0.0096320000   0.0525450000
   6.2833620180   6.5072064875  957  2.22E+00  -0.9992580000   0.3731940000   2.5998200000   0.0787210000  -0.2840320000   1.7249410000  -0.2595600000   1.7519180000   9.3774110000  -0.1230570000   0.7597250000   8.8097720000   0.0217430000  -0.2395520000   8.2317460000  -0.0214270000   0.0131230000   0.0173650000   0.0213960000  -0.0129550000  -0.0175290000   0.0062180000  -0.0410700000  -0.0232330000  -0.0032510000   0.0163210000   0.0076250000  -0.0029350000   0.0245820000   0.0157720000
   6.2807141125   6.5098508744 1338  1.50E+00   1.3186720000   0.2472210000   2.3119770000  -0.0168470000  -0.0024170000   1.9279070000  -0.9440720000   0.9497740000   8.5330150000  -0.0046450000   0.2599880000   8.4516870000   0.9486160000  -0.4607780000   8.3494290000  -0.0204470000  -0.0037920000  -0.0058550000   0.0203650000   0.0038560000   0.0058990000   0.0080630000  -0.0072430000  -0.0007660000  -0.0409390000   0.0334200000   0.0038010000   0.0329580000  -0.0262420000  -0.0030780000
   6.2826584747   6.5095704208 1640  6.35E+00  -1.4058680000   0.7735570000   3.0339830000  -0.6575210000   0.1544250000   1.7723390000   0.5361490000  -0.1473610000   9.6907980000   1.1974820000  -0.0395990000   8.6937660000   1.9373000000   0.0447880000   7.7413750000  -0.0211900000   0.0174780000   0.0356600000   0.0209790000  -0.0174820000  -0.0357120000  -0.0237590000  -0.0060160000   0.0460850000  -0.0160760000   0.0034910000  -0.0054340000   0.0400470000   0.0025290000  -0.0405990000
   6.2818074325   6.5091437290 1885  5.50E+00   0.9889820000   0.2905510000   2.8840750000   0.7508910000  -0.5499290000   1.8180420000  -2.2392930000   1.7228900000   9.2037330000  -1.3888660000   1.2828140000   8.6131550000  -0.5305300000   0.7299520000   8.0701470000  -0.0073140000  -0.0257190000  -0.0327850000   0.0072560000   0.0257600000   0.0324170000   0.0848940000  -0.0524230000  -0.0543860000  -0.0473800000   0.0366780000   0.0251490000  -0.0374560000   0.0157050000   0.0296060000
   6.2818362774   6.5088211300 1930  2.27E+00   0.8813700000  -1.4296330000   3.2523060000  -0.2600150000  -1.3853100000   2.2486260000  -0.2315440000   3.7613690000   7.9135570000   0.4888070000   2.8057750000   7.8749330000   1.1076450000   1.8286650000   7.7408590000   0.0192020000  -0.0007600000   0.0168370000  -0.0192980000   0.0007640000  -0.0169970000  -0.0298310000   0.0300950000  -0.0042480000   0.0478610000  -0.0480610000   0.0065630000  -0.0179340000   0.0179630000  -0.0021550000
   6.2806587805   6.5096536568 2793  7.94E+00  -0.7937160000   0.0198830000   3.0844440000  -0.9944010000  -0.1414420000   1.7333380000   2.4877240000   0.4518420000   9.7273930000   1.7461980000   0.3827360000   8.8171440000   1.2177000000   0.6536610000   7.8037590000  -0.0065050000  -0.0052400000  -0.0435290000   0.0063610000   0.0050940000   0.0431360000   0.0104610000   0.0235970000  -0.0127180000  -0.0345800000  -0.0433650000   0.0022320000   0.0242610000   0.0199140000   0.0108800000
   6.2824958789   6.5050791698 2864  3.23E+00  -0.3482480000  -0.5762010000   2.9279080000   0.0053990000   0.0113080000   1.5283540000  -0.2975500000   0.0954700000  10.3028860000  -0.0318490000   0.2773160000   9.1441090000   0.3164340000   0.3638500000   8.0164220000  -0.0084000000  -0.0139030000   0.0328550000   0.0082900000   0.0138330000  -0.0332230000  -0.0065230000  -0.0136190000   0.0525710000  -0.0026820000   0.0182110000  -0.0425120000   0.0093150000  -0.0045220000  -0.0096900000
   6.2814527194   6.5080538467 2866  1.43E+00  -0.4159790000  -0.8175820000   3.2972480000  -0.4410410000  -1.3101330000   1.9464870000   1.0164070000   3.2672760000   9.3379750000   0.8567630000   2.5970180000   8.4136220000   0.5692980000   2.0654590000   7.4181740000  -0.0001720000  -0.0028290000  -0.0075620000   0.0001120000   0.0025440000   0.0071750000  -0.0153610000  -0.0156650000  -0.0405600000   0.0165990000  -0.0095140000   0.0176030000  -0.0011780000   0.0254630000   0.0233440000
   6.2820501032   6.5094698275 2982  4.42E+00   0.5443550000   0.2924610000   2.8571730000  -0.0039900000  -0.0042400000   1.5583960000  -0.4676570000   0.2660700000  10.1414090000   0.0535090000   0.2655780000   9.1199600000   0.4131180000   0.2249850000   8.0504430000  -0.0025030000  -0.0013380000  -0.0060650000   0.0024350000   0.0013390000   0.0056640000   0.0162430000  -0.0032240000  -0.0605140000   0.0326770000   0.0023300000  -0.0443910000  -0.0488520000   0.0008920000   0.1053070000
   6.2833871401   6.5096679540 3166  4.02E+00   1.3234580000   1.1286040000   3.3841510000   0.5473090000   1.5750130000   2.2830060000  -1.5583310000  -3.6716110000   7.6281730000  -0.9498740000  -2.6918920000   7.8245030000  -0.5453800000  -1.5570220000   7.8840920000  -0.0095710000   0.0055010000  -0.0137060000   0.0096060000  -0.0055230000   0.0134150000  -0.0086520000   0.0168590000  -0.0067860000   0.0075440000  -0.0666200000   0.0120920000   0.0010730000   0.0497830000  -0.0050150000
   6.2834788508   6.5058805111 3253  3.92E+00  -0.1358410000  -1.2050710000   2.5060230000  -0.0004810000   0.0144910000   1.8600630000   0.9733750000   0.7907440000   8.2456340000  -0.0033280000   0.2734170000   8.6116450000  -0.9599160000  -0.3047690000   8.8433310000   0.0035550000   0.0322430000  -0.0170530000  -0.0036560000  -0.0322850000   0.0170450000  -0.0231290000  -0.0173780000   0.0010800000  -0.0395810000  -0.0152520000   0.0225890000   0.0628110000   0.0326710000  -0.0236610000
   6.2844656682   6.5062665940 3277  4.38E+00  -0.8697300000  -0.7400850000   5.1489100000  -0.4635110000  -1.9866220000   5.8775960000   1.1013450000   4.9953900000   0.8290740000   0.8625180000   3.8994240000   1.2799590000   0.6208470000   2.7333010000   1.5327140000  -0.0050710000   0.0153420000  -0.0088580000   0.0049890000  -0.0155390000   0.0092130000   0.0125190000   0.0542190000  -0.0350020000   0.0006240000   0.0127590000   0.0330030000  -0.0130610000  -0.0667810000   0.0016430000
   6.2842013876   6.5059193419 3494  2.57E+00  -1.3590430000  -0.5554420000   3.1706580000  -0.7178100000  -0.9780970000   2.0158280000   0.8822060000   2.0814710000   9.3301210000   1.3047540000   2.0148210000   8.2489570000   1.8088630000   2.0135340000   7.2113120000   0.0168360000  -0.0111510000  -0.0303770000  -0.0170290000   0.0110340000   0.0303590000   0.0152770000   0.0035680000  -0.0196650000  -0.0000820000  -0.0091060000  -0.0297220000  -0.0150020000   0.0056550000   0.0494050000
   6.2813119368   6.5082249267 3535  3.36E-01   0.6074800000  -0.0015730000   2.9853560000   0.6357060000   0.2430620000   1.6104460000  -1.1605870000   0.1108900000   7.8644730000  -1.1648380000  -0.1697300000   9.0091000000  -1.1781160000  -0.5096120000  10.1425740000   0.0006980000   0.0053130000  -0.0301420000  -0.0005170000  -0.0053560000   0.0297720000  -0.0011610000  -0.0028710000  -0.0025660000   0.0018960000   0.0126100000  -0.0164310000  -0.0009160000  -0.0096960000   0.0193670000
   6.2824977047   6.5086960171 3556  1.54E+01  -1.5210390000  -0.6034950000   3.0049040000  -0.3134940000  -0.4401210000   1.7927370000   1.6110310000   1.1407110000   9.2018370000   0.6101310000   1.0309360000   8.6843870000  -0.4075600000   1.0091380000   8.1373350000  -0.0454220000  -0.0062060000   0.0455020000   0.0455720000   0.0061090000  -0.0457380000  -0.0842360000  -0.0021730000  -0.0445380000   0.0411230000  -0.0059760000   0.0213100000   0.0429630000   0.0082460000   0.0234630000
   6.2837800730   6.5062815321 3856  1.15E+00   0.8961900000  -0.7039730000   2.6757580000  -0.0161990000   0.0090530000   1.7114620000  -0.6947360000   0.8867360000   8.1224650000   0.0086750000   0.2552770000   8.8221430000   0.7126640000  -0.3915570000   9.5399410000   0.0128120000  -0.0100160000   0.0135350000  -0.0126990000   0.0099110000  -0.0135970000  -0.0013710000   0.0003690000   0.0017450000  -0.0215440000   0.0215880000  -0.0269060000   0.0228030000  -0.0218510000   0.0252230000
   6.2835638686   6.5058344163 3933  6.94E+00   0.7867510000   0.9302720000   2.8351510000  -0.1810160000   0.5050400000   1.7160890000   0.5741920000  -1.4031510000   7.8897710000   0.2951260000  -0.7705890000   8.8641270000   0.0587300000   0.0884070000   9.7079610000   0.0197740000   0.0087560000   0.0228460000  -0.0198330000  -0.0086000000  -0.0230000000   0.0104060000  -0.0055540000  -0.0333750000   0.0032810000  -0.0656930000  -0.0170610000  -0.0136290000   0.0710910000   0.0505900000
