   6.2951249084   6.9520143123   67  5.07E+00  -0.1353920000  -0.3576070000   2.8390270000   0.0054480000   0.0058640000   1.5444740000  -0.7317570000  -0.3591900000   9.8670560000  -0.0004460000   0.2331210000   9.1049210000   0.7134120000   0.8651040000   8.4067620000   0.0062870000   0.0162890000  -0.0581390000  -0.0063850000  -0.0163860000   0.0581040000  -0.0391150000  -0.0284500000   0.0442350000   0.0317050000   0.0185460000  -0.0413820000   0.0075080000   0.0100010000  -0.0028180000
   6.2961689130   6.9526469111  107  3.53E+00  -0.0636360000  -0.1618120000   2.9772720000   0.0130400000  -0.6476680000   1.5454500000  -0.5662900000   1.3238190000  10.1668520000  -0.1008380000   1.4020240000   9.0760240000   0.5808760000   1.5561670000   8.1150750000  -0.0012640000   0.0074530000   0.0220930000   0.0011050000  -0.0075900000  -0.0222600000   0.0040950000   0.0033330000   0.0312520000  -0.0275440000  -0.0107810000  -0.0273160000   0.0236100000   0.0075850000  -0.0037690000
   6.2962622279   6.9527156752  251  2.73E-01  -0.1180530000  -0.3328960000   2.9428020000   0.0034600000   0.0061670000   1.4939450000   0.3634750000   0.9790940000   8.3688310000  -0.0088930000   0.2334170000   9.2125940000  -0.3666400000  -0.4764720000  10.0699720000  -0.0013390000  -0.0037150000   0.0155010000   0.0012640000   0.0035500000  -0.0156490000   0.0061400000   0.0128030000  -0.0088620000  -0.0089780000  -0.0188840000   0.0122060000   0.0029130000   0.0062450000  -0.0031970000
   6.2965850554   6.9519284138  427  4.07E+00  -0.1863490000   0.3610890000   2.6973690000   0.6453680000  -0.0201120000   1.6704480000  -0.0839210000   0.4941720000   8.5648630000  -1.1826580000   0.3211320000   8.9145030000  -2.2396440000   0.0301200000   9.2316770000   0.0265950000  -0.0122230000  -0.0329150000  -0.0267320000   0.0122040000   0.0328220000  -0.0222320000  -0.0125720000   0.0073860000  -0.0469950000   0.0029720000   0.0142390000   0.0693640000   0.0096180000  -0.0215330000
   6.2961320169   6.9510658310 2092  6.27E-01  -0.5429300000  -0.0796850000   3.0013360000  -0.4975050000  -0.4673740000   1.6202540000   0.5528410000   0.5291960000   9.9630330000   0.9480450000   1.1046740000   9.0026330000   1.2543320000   1.6684050000   7.9988770000   0.0002450000  -0.0025500000  -0.0088690000  -0.0003500000   0.0023950000   0.0087720000  -0.0142240000  -0.0135310000   0.0195370000   0.0123230000   0.0009890000   0.0046710000   0.0020060000   0.0126970000  -0.0241100000
   6.2957581200   6.9547822739 3171  2.08E+00   0.2533530000   0.7657710000   2.9439230000  -0.2438580000   0.3869750000   1.5739200000   0.3447060000  -1.5231040000   9.6245480000   0.4547290000  -0.4431910000   9.1192310000   0.5158540000   0.5625860000   8.4848530000   0.0068150000   0.0051410000   0.0187230000  -0.0068380000  -0.0052570000  -0.0188840000  -0.0067860000  -0.0425890000   0.0106360000   0.0082660000   0.0246750000   0.0099170000  -0.0014570000   0.0180310000  -0.0203930000
   6.2953919257   6.9536854117 3242  2.82E+00   1.0441680000  -0.7398110000   2.5418200000  -0.2562420000  -0.5174790000   1.8959540000   0.2624760000   2.3535220000   8.2080080000   0.3777490000   1.1925240000   8.4961400000   0.6678990000   0.0699560000   8.7861680000   0.0056700000  -0.0009530000   0.0028650000  -0.0057050000   0.0009760000  -0.0027750000   0.0060150000   0.0471860000  -0.0097040000  -0.0252050000  -0.0158210000  -0.0005450000   0.0192260000  -0.0313880000   0.0101590000
   6.2950651277   6.9535783061 3262  1.78E+00  -0.8377100000  -0.2963700000   2.6083640000   0.3912720000  -0.1930920000   1.7319590000  -1.4717150000  -0.1895570000   8.4313260000  -0.6823790000   0.5891670000   8.8388970000   0.0826470000   1.4179660000   9.1203800000  -0.0187510000  -0.0015450000   0.0133840000   0.0188490000   0.0016150000  -0.0134120000  -0.0064100000  -0.0009910000  -0.0092030000   0.0235540000   0.0142460000   0.0225100000  -0.0172420000  -0.0133260000  -0.0132800000
   6.2983373282   6.9509686200 3373  2.09E+00   0.9937950000  -0.7963120000   3.2085320000   0.2932190000  -1.1075830000   1.9296060000  -0.5681450000   2.9830620000   7.4830410000  -0.5698820000   2.3326500000   8.4462380000  -0.5310640000   1.5352070000   9.3385240000   0.0072080000   0.0031800000   0.0131840000  -0.0072010000  -0.0032640000  -0.0131640000   0.0023310000  -0.0232510000   0.0181630000  -0.0060100000   0.0570060000  -0.0418640000   0.0036720000  -0.0336710000   0.0236810000
   6.2987053984   6.9538657321 3737  1.25E+00   0.3933430000  -0.1741200000   2.9153450000  -0.0044100000  -0.0010100000   1.5069070000   0.0555410000  -0.6371720000   8.4313530000  -0.0476480000   0.2471000000   9.1844590000  -0.0225280000   1.1553620000   9.9655630000   0.0022630000  -0.0009200000   0.0079890000  -0.0022850000   0.0010580000  -0.0081160000   0.0065360000   0.0153820000   0.0153970000  -0.0155560000  -0.0481370000  -0.0444530000   0.0090420000   0.0326170000   0.0291820000
