   6.2983293249   6.8222956844  286  3.05E+00  -0.6587600000  -0.4904760000   2.7458980000   0.0093930000   0.0059800000   1.6342810000  -0.9681280000   0.4995490000   8.3681180000  -0.0069280000   0.1923740000   8.9730790000   0.9679250000   0.0447510000   9.5620190000   0.0171020000   0.0126210000  -0.0283720000  -0.0169380000  -0.0127050000   0.0282740000   0.0056280000   0.0099370000   0.0037420000   0.0389850000  -0.0281170000   0.0243860000  -0.0447760000   0.0182640000  -0.0280290000
   6.2950703301   6.8239351123  724  3.77E+00   1.7067990000   0.1733250000   3.5899550000   1.9801640000  -1.1085550000   3.0525910000  -4.7555210000   1.9743630000   6.2111870000  -3.5992880000   2.2034190000   6.3014250000  -2.5394600000   2.5846860000   6.5879920000   0.0036260000  -0.0172300000  -0.0072490000  -0.0037300000   0.0171240000   0.0071490000  -0.0148520000   0.0092960000   0.0132640000   0.0530920000  -0.0096450000  -0.0193990000  -0.0381360000   0.0004550000   0.0062350000
   6.2969993432   6.8221469286  724  3.69E+00   1.7034410000   0.1725660000   3.5857770000   1.9809550000  -1.1088450000   3.0524640000  -4.7591730000   1.9736450000   6.2146160000  -3.6009130000   2.2074140000   6.3015500000  -2.5383280000   2.5839020000   6.5853650000   0.0038090000  -0.0178110000  -0.0074390000  -0.0039110000   0.0177070000   0.0073400000  -0.0196880000   0.0075340000   0.0128380000   0.0567430000  -0.0076880000  -0.0192770000  -0.0369520000   0.0002580000   0.0065390000
   6.2987932651   6.8203284659  724  3.62E+00   1.7000080000   0.1721560000   3.5817460000   1.9817470000  -1.1091390000   3.0523350000  -4.7628000000   1.9729190000   6.2180300000  -3.6026330000   2.2114210000   6.3017080000  -2.5371500000   2.5831170000   6.5827310000   0.0039510000  -0.0181860000  -0.0075410000  -0.0040510000   0.0180840000   0.0074420000  -0.0242920000   0.0057870000   0.0124480000   0.0598900000  -0.0058320000  -0.0192450000  -0.0354990000   0.0001470000   0.0068970000
   6.2959221986   6.8233283062  756  3.16E+00   1.0317000000  -0.5204100000   3.1820490000   0.8438190000  -0.1657320000   1.7111460000  -2.6055210000   0.9809960000   9.2421750000  -1.5542980000   0.5641710000   8.8189750000  -0.5069120000   0.1436490000   8.3922850000   0.0032900000  -0.0062550000   0.0258670000  -0.0033680000   0.0062900000  -0.0260920000  -0.0542800000   0.0212190000   0.0220350000   0.0074990000  -0.0021170000  -0.0039260000   0.0468580000  -0.0191370000  -0.0178850000
   6.2964876379   6.8218939097  770  1.54E+00  -1.1269750000   1.6971760000   4.3145490000  -0.8503580000   1.8526080000   5.7690140000   0.4606180000  -3.4759790000   1.7161460000   1.5838060000  -3.1926050000   1.4184370000   2.6683190000  -2.7989700000   1.1365460000  -0.0026370000  -0.0014950000  -0.0140870000   0.0027300000   0.0015450000   0.0140880000  -0.0357730000  -0.0030490000   0.0090790000   0.0140080000  -0.0115960000  -0.0033490000   0.0216720000   0.0145950000  -0.0057320000
   6.2986865386   6.8206478500  830  1.23E+00  -0.6676550000   0.7231140000   2.1924240000   0.8040010000   0.5260400000   2.0128110000  -0.8101650000   0.1373710000   8.7770700000  -1.4366680000  -0.7257870000   8.2737690000  -2.0846440000  -1.5775790000   7.8224370000  -0.0167470000   0.0022420000   0.0021010000   0.0167380000  -0.0022500000  -0.0019890000   0.0013900000   0.0048920000   0.0073160000  -0.0146120000  -0.0251490000  -0.0228090000   0.0132310000   0.0202650000   0.0153810000
   6.2951776868   6.8244251506 1256  4.35E+00   1.3570810000  -0.1197990000   2.8468780000   0.3716280000  -0.8826220000   1.9635410000  -1.1957570000   2.6296320000   7.6009300000  -0.7447730000   1.8900310000   8.4300720000  -0.1866450000   1.0547800000   9.0860750000   0.0180030000   0.0139130000   0.0161500000  -0.0179700000  -0.0139860000  -0.0161400000  -0.0091270000   0.0197530000  -0.0369050000  -0.0173400000   0.0159910000   0.0225120000   0.0264340000  -0.0356710000   0.0143840000
   6.2995074942   6.8212271552 1432  6.09E+00   0.3561610000   0.2801970000   2.7961710000  -0.2462180000  -0.5070760000   1.5742050000   0.6356530000   0.7218310000  10.1554660000   0.4114630000   1.0756120000   9.0450150000   0.2626990000   1.6731970000   8.0175390000   0.0155320000   0.0201730000   0.0313710000  -0.0155220000  -0.0204050000  -0.0315750000   0.0090450000   0.0084290000   0.0270610000  -0.0097550000  -0.0402060000  -0.0057800000   0.0007000000   0.0320080000  -0.0210760000
   6.2950825438   6.8202069249 1626  2.37E+00   1.4972000000   0.3887960000   2.7927000000   0.4269100000   0.7388010000   1.8781620000  -0.3484280000  -0.2571540000   9.1785730000  -0.7550360000  -1.0870350000   8.4828160000  -1.3111900000  -1.9533860000   7.8986570000  -0.0012280000   0.0004110000  -0.0009650000   0.0012710000  -0.0003510000   0.0011040000  -0.0236320000  -0.0295830000  -0.0138680000   0.0383030000   0.0387990000   0.0087990000  -0.0147140000  -0.0092760000   0.0049290000
   6.2975870771   6.8245821062 1626  2.28E+00   1.5062130000   0.3781700000   2.7934320000   0.4269250000   0.7391630000   1.8778720000  -0.3481180000  -0.2551410000   9.1750380000  -0.7564160000  -1.0886310000   8.4845310000  -1.3111080000  -1.9553420000   7.9023060000   0.0021120000  -0.0006980000   0.0018760000  -0.0020710000   0.0007560000  -0.0017380000  -0.0234880000  -0.0294640000  -0.0138830000   0.0368900000   0.0367930000   0.0078910000  -0.0134420000  -0.0073870000   0.0058530000
   6.2995317547   6.8234963268 1802  3.78E+00  -0.7486760000  -0.4004640000   3.2163400000  -0.6497200000  -0.5463510000   1.6383940000   1.4657220000   1.4106030000   7.8234840000   1.2198910000   1.2761980000   8.9606980000   0.9105390000   1.0728720000  10.0657680000  -0.0028290000   0.0039630000   0.0435610000   0.0026450000  -0.0041100000  -0.0437530000  -0.0063140000  -0.0055700000   0.0116940000   0.0064600000   0.0075070000   0.0052600000   0.0000380000  -0.0017900000  -0.0167620000
   6.2993464809   6.8213096889 1912  1.44E+00  -1.1208810000  -0.1729370000   2.6853300000   0.0105320000   0.0035160000   1.6954570000   1.0852730000   0.3859310000   9.2797040000   0.0144550000   0.2557840000   8.8666710000  -1.0781040000   0.1030620000   8.4286010000  -0.0173760000  -0.0027140000   0.0152090000   0.0175350000   0.0027330000  -0.0152810000  -0.0350740000  -0.0055690000  -0.0138350000   0.0517330000   0.0091390000   0.0199140000  -0.0168180000  -0.0035900000  -0.0060070000
   6.2966258612   6.8232423012 2131  1.85E+00  -0.1185060000   0.1381080000   2.8359420000   0.4640040000   1.0132630000   1.7102930000  -0.6488620000  -0.5943470000   8.2473990000  -0.8697440000  -1.5854450000   8.8453100000  -1.0081060000  -2.5969720000   9.3933580000  -0.0119900000  -0.0180630000   0.0230550000   0.0120020000   0.0179830000  -0.0233380000   0.0053820000  -0.0016940000  -0.0016060000  -0.0143630000  -0.0217410000   0.0183460000   0.0089690000   0.0235150000  -0.0164560000
   6.2972132269   6.8213007884 2172  3.71E+00  -0.4362180000   1.0071600000   2.5715960000   0.0054760000  -0.0177010000   1.7419590000   0.4207200000   1.3034590000   9.0250260000   0.0473240000   0.2481620000   8.8041720000  -0.4561140000  -0.7771300000   8.5051200000   0.0108900000  -0.0251860000  -0.0203730000  -0.0108180000   0.0252790000   0.0203850000  -0.0327600000  -0.0643550000  -0.0184410000   0.0428660000   0.0640960000   0.0228450000  -0.0101780000   0.0001660000  -0.0044160000
   6.2984961161   6.8211755059 2209  5.15E+00   0.8423910000   1.3413160000   2.7132410000   0.2535030000   0.1868910000   1.8265240000  -0.9637300000  -1.1740860000   8.5816430000  -0.4916340000  -0.1261200000   8.6913730000   0.0136680000   0.9385500000   8.6019150000   0.0149050000   0.0292110000   0.0224450000  -0.0149370000  -0.0292840000  -0.0224790000   0.0195680000   0.0397220000  -0.0086480000  -0.0239620000  -0.0456010000   0.0213140000   0.0044260000   0.0059520000  -0.0126320000
   6.2965986185   6.8213821933 2209  5.32E+00   0.8477360000   1.3430670000   2.7165290000   0.2536290000   0.1870420000   1.8256180000  -0.9646390000  -1.1760700000   8.5873280000  -0.4922560000  -0.1269060000   8.6907030000   0.0140780000   0.9402600000   8.6010540000   0.0154900000   0.0301330000   0.0232300000  -0.0155230000  -0.0302090000  -0.0232640000   0.0187950000   0.0380370000  -0.0085190000  -0.0254170000  -0.0486300000   0.0210190000   0.0066550000   0.0106690000  -0.0124660000
   6.2971911216   6.8200846247 2606  4.69E+00  -0.3229890000   0.6131100000   2.9193590000  -0.0723450000   0.2648040000   1.5191290000  -0.2855920000   0.4470630000   8.3334420000   0.0864500000  -0.3525250000   9.1285880000   0.6023550000  -0.8558680000  10.0441240000  -0.0007380000   0.0009930000   0.0041420000   0.0007980000  -0.0011540000  -0.0044110000   0.0075390000   0.0254220000   0.0052240000  -0.0071510000  -0.0557260000   0.0046560000  -0.0004490000   0.0304650000  -0.0096110000
   6.2983338731   6.8221372910 3032  5.96E+00   0.9293880000   1.2779800000   2.6648600000   0.7707210000  -0.0946430000   1.9291390000  -2.6091000000   0.3578890000   8.2033870000  -1.4217340000   0.4044550000   8.4422460000  -0.2313290000   0.4183150000   8.6577590000   0.0038730000   0.0338440000   0.0181670000  -0.0039520000  -0.0338430000  -0.0181320000  -0.0651230000  -0.0043540000  -0.0133230000   0.0047410000   0.0054600000   0.0022260000   0.0604610000  -0.0011070000   0.0110620000
   6.2955947701   6.8237350732 3445  3.11E+00  -0.4734450000   0.6131910000   2.8509410000   0.0054050000  -0.0043860000   1.5355300000  -0.4873960000   0.9130760000   8.2793250000   0.0166630000   0.1991640000   9.1137590000   0.4777190000  -0.3916420000  10.0317770000  -0.0089080000   0.0114730000   0.0244600000   0.0090070000  -0.0116320000  -0.0246830000  -0.0246030000   0.0386290000  -0.0295470000   0.0175230000  -0.0335950000   0.0052820000   0.0069820000  -0.0048740000   0.0244890000
   6.2964156475   6.8244293237 3592  1.23E+01  -0.1610110000  -0.9798870000   2.4159610000  -1.5537330000  -1.5602750000   3.1692040000   1.9310040000   2.9622840000   6.9076400000   2.7855950000   3.1369090000   6.1595360000   3.7477250000   3.2246500000   5.4896220000   0.0503270000   0.0210240000  -0.0271770000  -0.0502640000  -0.0209460000   0.0271720000   0.0505660000   0.0034920000  -0.0305490000  -0.0555940000   0.0020800000   0.0221050000   0.0049660000  -0.0056500000   0.0084490000
   6.2998088699   6.8249681118 3824  6.35E-01  -0.0324530000   0.1962840000   2.9277780000  -0.0029410000  -0.1649130000   1.4952160000  -0.1984380000   1.0694510000   8.2047850000  -0.0102770000   0.5340790000   9.2184850000   0.2228880000   0.0285400000  10.2241930000  -0.0001800000   0.0023540000   0.0095610000   0.0002220000  -0.0025290000  -0.0098400000   0.0086650000  -0.0130420000   0.0308100000  -0.0017660000  -0.0111040000   0.0135130000  -0.0069420000   0.0243220000  -0.0440430000
   6.2996591318   6.8207492645 3846  3.66E+00  -0.5213630000   1.7082380000   2.7466060000  -0.8086640000   0.5500950000   2.0456050000   0.7940660000   0.0265150000   8.6847180000   1.4637300000  -0.7911040000   8.1778490000   2.1786270000  -1.5998940000   7.7881010000  -0.0079560000  -0.0322290000  -0.0194420000   0.0080210000   0.0321560000   0.0195520000   0.0103740000  -0.0078760000   0.0047400000   0.0223510000  -0.0335910000  -0.0343210000  -0.0327910000   0.0415400000   0.0294710000
