   6.2972173318   6.2512851206  140  1.78E+00  -0.6768240000  -1.2436650000   2.3192720000   0.0083620000   0.0152640000   1.9686920000  -0.0130040000   1.4037250000   8.5728660000   0.0473540000   0.2614100000   8.3909490000  -0.0216680000  -0.9101670000   8.1510250000  -0.0042550000  -0.0077790000   0.0021340000   0.0042800000   0.0079390000  -0.0021860000  -0.0068590000  -0.0315460000  -0.0074840000   0.0172120000   0.0668500000   0.0162760000  -0.0103780000  -0.0354640000  -0.0087400000
   6.2997521436   6.2530073696  407  4.58E+00   0.5328300000   1.4186330000   2.2193360000  -0.0057960000  -0.0169330000   1.9548810000  -1.1269220000   0.1608980000   8.1039910000   0.0077450000   0.1771200000   8.3731810000   1.1164830000   0.3890070000   8.7085110000   0.0125200000   0.0333030000   0.0061820000  -0.0124110000  -0.0333480000  -0.0061210000   0.0194100000   0.0135680000   0.0113500000  -0.0185740000  -0.0269560000  -0.0173810000  -0.0009450000   0.0134320000   0.0059690000
   6.2993173759   6.2505005396  885  3.79E+00  -1.3458050000  -0.6460780000   3.3278130000  -0.7586820000  -1.5038700000   2.3543470000   0.6430150000   2.1463360000   7.2308210000   1.3782260000   3.0089130000   7.6754670000   2.1961920000   3.8339560000   8.0405820000   0.0061170000  -0.0090670000  -0.0103510000  -0.0061730000   0.0088650000   0.0099600000  -0.0374350000  -0.0506560000  -0.0284240000  -0.0198640000  -0.0006240000   0.0092260000   0.0573550000   0.0514820000   0.0195900000
   6.2973389092   6.2514819090 1040  4.63E+00   0.5504240000  -0.9403140000   2.8362740000   0.6882250000   0.1692330000   1.7227720000  -1.2496960000   0.1800820000   7.6662870000  -1.3000850000  -0.1001470000   8.7966610000  -1.2461750000  -0.2031750000   9.9486480000  -0.0035600000  -0.0293660000   0.0292660000   0.0037650000   0.0292470000  -0.0296870000   0.0055040000   0.0060090000   0.0311590000  -0.0114470000  -0.0215800000   0.0011340000   0.0057390000   0.0156910000  -0.0318720000
   6.2986969281   6.2521256297 1220  4.17E+00   1.0053410000   0.2407850000   1.8650700000  -0.0588250000  -0.8483800000   2.2245690000  -0.0068310000   2.9166730000   7.5499160000   0.1030960000   1.7855060000   7.9043890000   0.1598810000   0.6524750000   8.2899360000   0.0261020000   0.0267310000  -0.0087680000  -0.0261000000  -0.0266610000   0.0088200000  -0.0060400000   0.0293440000  -0.0059580000   0.0072940000   0.0091990000  -0.0107480000  -0.0012570000  -0.0386130000   0.0166540000
   6.2958453040   6.2509178409 1220  4.36E+00   1.0092170000   0.2438850000   1.8680800000  -0.0588890000  -0.8490840000   2.2238820000  -0.0068770000   2.9192580000   7.5551400000   0.1039930000   1.7854290000   7.9047910000   0.1593330000   0.6532670000   8.2876510000   0.0268950000   0.0275350000  -0.0089090000  -0.0268920000  -0.0274660000   0.0089630000  -0.0063750000   0.0312780000  -0.0062100000   0.0079510000   0.0044950000  -0.0096790000  -0.0015790000  -0.0358420000   0.0158350000
   6.2977658959   6.2505889560 1257  6.27E+00  -0.1492020000   1.4360010000   2.3959390000  -0.0010860000  -0.0200190000   1.8499180000   0.9171310000   0.7894900000   9.1318490000  -0.0169400000   0.3185800000   8.5923680000  -0.8895870000  -0.3314690000   8.0291920000  -0.0035310000   0.0352500000   0.0132220000   0.0037010000  -0.0351070000  -0.0133530000   0.0116740000  -0.0064780000   0.0040130000   0.0385440000   0.0571260000   0.0302770000  -0.0503880000  -0.0507920000  -0.0341590000
   6.2969061305   6.2503557883 1266  5.07E+00  -0.7157720000  -1.1209040000   2.1735490000   0.0101250000   0.0133230000   2.0198330000   1.1218070000   0.6088590000   8.1416340000  -0.0277560000   0.3054760000   8.2680630000  -1.1064410000  -0.1464260000   8.4282780000   0.0311750000   0.0487320000  -0.0065630000  -0.0312420000  -0.0487030000   0.0066350000   0.0372060000  -0.0004830000   0.0001600000  -0.0317420000   0.0137260000  -0.0051570000  -0.0053970000  -0.0132710000   0.0049250000
   6.2999762438   6.2542255916 1452  6.74E+00  -1.2230580000   0.6906000000   2.9531180000  -0.8031250000  -0.2997190000   1.8544640000   1.0534660000   1.0326070000   9.6512440000   1.5603480000   0.7004110000   8.6048660000   1.8632390000   0.5826320000   7.4426030000  -0.0085440000   0.0199330000   0.0220630000   0.0082750000  -0.0199790000  -0.0223200000  -0.0361880000   0.0285980000   0.0442500000   0.0354070000  -0.0365330000   0.0074250000   0.0010500000   0.0079820000  -0.0514180000
   6.2966890325   6.2504313430 1669  5.71E+00  -0.3246120000   1.1784990000   2.6758560000   0.7688160000   0.3654580000   1.8184160000  -1.7232270000  -1.1953290000   9.4432200000  -1.3841140000  -0.4158380000   8.6745090000  -1.0569270000   0.2957360000   7.7958480000  -0.0329540000   0.0245060000   0.0256550000   0.0330490000  -0.0245910000  -0.0261340000   0.0155870000   0.0331920000  -0.0448560000  -0.0127740000  -0.0248440000   0.0468550000  -0.0029070000  -0.0082640000  -0.0015200000
   6.2951619475   6.2531333923 1792  3.48E+00  -0.6394800000  -0.9821020000   2.5094760000   0.0030400000   0.0106440000   1.7905020000  -0.8799720000   0.5709370000   7.9555680000   0.0513550000   0.2452460000   8.6450630000   0.8665270000  -0.0586520000   9.4555030000   0.0179090000   0.0275410000  -0.0200010000  -0.0176920000  -0.0276410000   0.0198250000  -0.0423610000   0.0138950000  -0.0168300000   0.0285180000  -0.0074890000  -0.0113340000   0.0136260000  -0.0063050000   0.0283400000
   6.2961285251   6.2534452728 3044  1.80E+00  -0.4505270000  -1.1350610000   3.0931780000   0.0581800000  -0.7075260000   1.7378570000  -0.0106170000   1.5133670000   7.5832380000  -0.1036830000   1.5904320000   8.7582130000  -0.1737310000   1.5854420000   9.9690380000  -0.0074150000  -0.0063120000   0.0195910000   0.0073840000   0.0060830000  -0.0199410000   0.0023440000  -0.0048070000  -0.0079280000   0.0002550000   0.0100010000  -0.0621770000  -0.0025680000  -0.0049650000   0.0704550000
   6.2989952945   6.2548853647 3125  1.75E+00  -0.9058830000  -0.1924090000   2.6849830000   0.0119820000  -0.0021280000   1.6665010000  -0.1217870000  -0.3187720000   7.9119340000  -0.0054800000   0.2477780000   8.9037330000   0.1231310000   0.8431910000   9.9131850000   0.0253930000   0.0053080000  -0.0283170000  -0.0253920000  -0.0051850000   0.0279500000   0.0068920000   0.0310060000   0.0542640000  -0.0086610000  -0.0372990000  -0.0627150000   0.0017680000   0.0061700000   0.0088180000
   6.2984417542   6.2540517877 3848  9.00E+00  -0.6348050000   0.8665380000   2.2655530000  -0.0251430000  -0.5721800000   1.8918620000   0.8407670000   1.6565530000   7.6707990000   0.0182530000   1.2761660000   8.5166400000  -0.6889010000   0.8761220000   9.3458270000  -0.0182850000   0.0428950000   0.0111040000   0.0180450000  -0.0430890000  -0.0113210000   0.0689870000   0.0280830000  -0.0626690000  -0.0856400000  -0.0326060000   0.0752190000   0.0168940000   0.0047170000  -0.0123340000
   6.2958307766   6.2515812322 3910  3.02E+00   0.5871030000  -1.4415470000   2.3737280000  -0.0328000000  -0.1597250000   1.9776890000   0.9459880000   1.2309090000   7.9935330000   0.0956640000   0.5175120000   8.3367860000  -0.8909810000  -0.0432010000   8.7226530000   0.0042560000  -0.0088230000   0.0027890000  -0.0042940000   0.0087640000  -0.0026960000  -0.0291580000  -0.0067220000   0.0126390000   0.0683620000   0.0137830000  -0.0285890000  -0.0391670000  -0.0070020000   0.0158560000
   6.2972172016   6.2517036798 3920  5.97E+00   0.2414610000   0.1908000000   2.0386870000   0.2241050000  -1.3412730000   2.2720740000  -0.3437400000   2.3682070000   8.9854750000  -0.4562220000   2.6159310000   7.8081690000  -0.4482240000   3.0423210000   6.6784190000   0.0004010000   0.0338950000  -0.0052500000  -0.0003780000  -0.0341770000   0.0052000000   0.0124000000  -0.0017740000   0.0617640000  -0.0194250000  -0.0278750000  -0.0168910000   0.0070020000   0.0299310000  -0.0448230000
