   6.3094802992   6.4976145994   32  3.27E+00   0.1325510000   1.4181130000   2.1732170000  -0.0048430000  -0.0172890000   1.9666540000   1.2111020000   0.1535400000   8.3471940000   0.0059610000   0.2817950000   8.3782390000  -1.1997390000   0.3195910000   8.4056200000   0.0000960000   0.0010690000   0.0002000000  -0.0001160000  -0.0010550000  -0.0001240000   0.0644840000  -0.0119410000  -0.0004380000  -0.0071350000   0.0152040000  -0.0020620000  -0.0573300000  -0.0032770000   0.0024250000
   6.3085818295   6.4977159829   45  5.27E+00   0.0901310000   1.0150550000   2.5925300000  -0.0022770000  -0.0076430000   1.7150390000   0.1177380000   1.1488630000   8.1078790000   0.0712820000   0.2616080000   8.8559290000  -0.1655590000  -0.6833560000   9.5165400000  -0.0042230000  -0.0467810000  -0.0401830000   0.0042330000   0.0466250000   0.0400010000  -0.0144520000  -0.0292110000   0.0172730000   0.0278080000   0.0342340000  -0.0124170000  -0.0133650000  -0.0048680000  -0.0046740000
   6.3077851830   6.4956163282  332  5.84E+00  -0.9706680000  -0.9625230000   3.8744470000  -1.3832320000  -2.2227740000   4.2194180000   1.8736690000   3.3813270000   4.6433040000   2.5281210000   4.2771190000   4.1790470000   3.1978330000   5.2572460000   3.9037930000  -0.0144160000  -0.0439510000   0.0119360000   0.0142480000   0.0436410000  -0.0120750000  -0.0233140000  -0.0280840000   0.0286190000  -0.0193660000  -0.0378270000  -0.0219220000   0.0428490000   0.0662210000  -0.0065580000
   6.3072375852   6.4967761594  420  4.05E+00  -0.9550910000  -1.1084110000   2.7770420000   0.1192350000  -0.5844350000   1.8617940000  -0.3262800000   2.4392490000   8.8076250000  -0.2315610000   1.3366910000   8.5458570000  -0.0352020000   0.2336220000   8.3050100000  -0.0146940000  -0.0070990000   0.0124560000   0.0146430000   0.0072490000  -0.0125950000   0.0149490000  -0.0813920000  -0.0169020000  -0.0108160000   0.0130280000  -0.0014000000  -0.0040810000   0.0682140000   0.0184410000
   6.3058563821   6.4961296194  536  4.75E+00  -0.2587570000  -1.1021640000   2.5650430000   1.2337100000  -0.6993870000   2.1972170000  -1.8310230000   1.4540150000   9.0411000000  -2.2485440000   1.5222400000   7.9425030000  -2.6261470000   1.6532680000   6.8626450000  -0.0414500000  -0.0112580000   0.0102300000   0.0416190000   0.0111380000  -0.0102310000   0.0035750000   0.0044560000   0.0050390000  -0.0223460000  -0.0036310000  -0.0559050000   0.0186020000  -0.0007060000   0.0508680000
   6.3084457986   6.4988835449  577  1.55E+00  -1.2880080000  -0.6198030000   2.3377310000   0.0161910000   0.0082210000   1.9275580000  -0.6735230000  -0.7145150000   8.3491960000  -0.0017340000   0.2371560000   8.4539070000   0.6751140000   1.2221490000   8.5317010000  -0.0175100000  -0.0084160000   0.0055310000   0.0175430000   0.0084560000  -0.0054790000   0.0052780000   0.0090860000   0.0006330000  -0.0279460000  -0.0436840000  -0.0028250000   0.0226360000   0.0345580000   0.0021410000
   6.3071681788   6.4964189216 1106  6.35E+00  -0.4508760000   1.1812780000   2.5620730000  -0.0734410000  -0.0843630000   1.7050350000   0.4362680000  -0.5625970000   8.1637460000   0.1720540000   0.4152300000   8.7914790000  -0.1702420000   1.2854630000   9.5609420000  -0.0098050000   0.0329080000   0.0222860000   0.0097650000  -0.0327440000  -0.0223440000   0.0019010000  -0.0298940000  -0.0049090000   0.0202400000  -0.0086040000  -0.0436050000  -0.0221010000   0.0383350000   0.0485710000
   6.3091036974   6.4982260767 2686  2.58E+00   1.2613430000  -0.4300370000   2.2772670000  -0.1099750000  -0.0791290000   1.9245050000  -0.0188160000   1.5722250000   8.5560520000   0.1045460000   0.3949600000   8.4242980000   0.4101130000  -0.7587650000   8.3661310000   0.0018770000  -0.0004550000   0.0005100000  -0.0019340000   0.0005390000  -0.0004330000   0.0081490000   0.0300310000   0.0088650000  -0.0276460000   0.0001610000  -0.0134620000   0.0195540000  -0.0302770000   0.0045200000
   6.3090697568   6.4971764342 2690  8.54E+00  -0.9555380000   0.1808170000   2.7586690000  -1.6429100000   1.5901630000   2.8094070000   2.5281760000  -2.4299420000   5.7511920000   3.0002380000  -2.5322410000   6.8569020000   3.4848510000  -2.9344960000   7.8978850000   0.0171330000  -0.0352640000  -0.0013360000  -0.0173640000   0.0355320000   0.0012820000  -0.0170670000  -0.0140800000  -0.0472600000  -0.0115590000   0.0542950000  -0.0090940000   0.0288570000  -0.0404820000   0.0564090000
   6.3081922192   6.4960861966 2785  2.51E+00   0.2361940000  -0.7777000000   2.9274230000  -0.6172720000  -0.4507280000   1.6899330000   1.6617810000   0.8908600000   9.8682270000   1.1031150000   1.1437500000   8.8729900000   0.5780420000   1.2382430000   7.8476710000   0.0173100000  -0.0067030000   0.0249490000  -0.0172980000   0.0065330000  -0.0252810000  -0.0032810000  -0.0084690000  -0.0118880000  -0.0200220000   0.0229430000  -0.0278430000   0.0232900000  -0.0143030000   0.0400630000
   6.3085992398   6.4999432230 2785  2.68E+00   0.2390010000  -0.7834340000   2.9313370000  -0.6178410000  -0.4510020000   1.6883830000   1.6609710000   0.8928970000   9.8716800000   1.1051090000   1.1424490000   8.8760200000   0.5800180000   1.2389120000   7.8494370000   0.0184860000  -0.0072450000   0.0266640000  -0.0184730000   0.0070720000  -0.0269990000  -0.0048800000  -0.0074910000  -0.0145140000  -0.0169960000   0.0214430000  -0.0228060000   0.0218630000  -0.0137790000   0.0376540000
   6.3075530872   6.4990774134 2829  3.89E+00  -0.6549720000  -0.6247880000   3.0643820000  -1.0024850000   0.0130290000   1.7212620000   2.1142560000   0.1898630000   9.9187230000   1.8926090000   0.2065670000   8.7743650000   1.5128850000   0.3170350000   7.7061180000   0.0062130000  -0.0116040000   0.0241610000  -0.0063770000   0.0115130000  -0.0245240000  -0.0158160000   0.0073510000  -0.0155250000  -0.0015750000  -0.0061790000  -0.0719600000   0.0175540000  -0.0010810000   0.0878490000
   6.3091752086   6.4995702990 2958  1.33E+00  -0.3009350000   1.2056880000   2.5205500000   0.0037390000  -0.0155530000   1.7773240000   0.1116190000  -0.8168350000   8.2264110000  -0.0267690000   0.2472730000   8.7504750000  -0.0912370000   1.3205960000   9.1706390000  -0.0007100000   0.0028500000   0.0017300000   0.0006780000  -0.0026870000  -0.0018110000   0.0081790000  -0.0243790000  -0.0172220000  -0.0151880000   0.0588120000   0.0370920000   0.0070400000  -0.0345960000  -0.0197890000
   6.3095404887   6.4966227361 3143  5.63E+00   0.1827890000   1.2965790000   2.5773410000  -0.0035860000  -0.0178150000   1.7716580000   0.5082440000   1.2415000000   9.1784420000  -0.0163560000   0.2193600000   8.7910550000  -0.4895740000  -0.7112130000   8.2128630000   0.0042500000   0.0299180000   0.0183370000  -0.0042020000  -0.0298270000  -0.0184170000   0.0303370000   0.0585820000   0.0099320000  -0.0205660000  -0.0387850000   0.0152750000  -0.0098190000  -0.0198890000  -0.0251280000
   6.3050174307   6.4980560949 3274  2.96E+00   0.8565080000  -1.3577170000   2.7211510000   0.1839340000  -0.4164140000   1.9537130000  -1.5368900000   1.2006610000   8.4552630000  -0.3458010000   1.0381640000   8.4279410000   0.8239080000   0.8728780000   8.2903440000  -0.0173110000   0.0241870000  -0.0197110000   0.0172310000  -0.0241820000   0.0197090000  -0.0500330000   0.0067660000  -0.0043900000   0.0248940000  -0.0032700000   0.0125740000   0.0252200000  -0.0035020000  -0.0081820000
   6.3052159151   6.4952862192 3309  8.05E+00  -1.3470040000   0.4676450000   3.8394570000  -2.3621960000  -0.2580190000   2.9225070000   3.2044160000   0.7607790000   6.1105510000   4.3455770000   0.7280300000   6.5380620000   5.4156230000   0.6395120000   7.1449380000   0.0221080000   0.0159150000   0.0200330000  -0.0224700000  -0.0159860000  -0.0202650000  -0.0698010000  -0.0007380000  -0.0151790000  -0.0114570000   0.0107040000  -0.0422850000   0.0816200000  -0.0098950000   0.0576960000
   6.3080469210   6.4964343088 3574  4.59E+00  -1.2173420000  -0.0456060000   2.4834300000  -0.0965920000  -0.5007290000   1.8671920000  -0.6389350000   0.4056160000   8.2771890000   0.2280680000   1.1614140000   8.5038410000   1.0268250000   1.9138260000   8.8585270000   0.0467810000  -0.0189410000  -0.0257200000  -0.0466290000   0.0190530000   0.0256480000   0.0047730000   0.0084050000   0.0134710000   0.0303080000   0.0202550000  -0.0097330000  -0.0352330000  -0.0287720000  -0.0036670000
   6.3078171553   6.4962898663 3577  6.16E+00   1.1646360000  -0.0777230000   2.7429660000   1.7315700000   1.3569540000   2.8416510000  -3.6644150000  -1.9472340000   7.8383530000  -3.1264620000  -2.2592290000   6.8192470000  -2.7098170000  -2.4411550000   5.6789440000  -0.0120820000  -0.0307650000  -0.0021580000   0.0123230000   0.0310080000   0.0021420000  -0.0253210000   0.0176090000   0.0278790000   0.0061720000  -0.0123690000   0.0520150000   0.0189080000  -0.0054830000  -0.0798780000
   6.3091345910   6.4993937717 3614  5.93E+00   1.4878080000  -0.1452300000   2.3099420000  -0.0157370000   0.0014270000   1.9541170000  -1.0681770000   0.8288770000   8.4158770000  -0.0086020000   0.2577750000   8.4257840000   1.0594940000  -0.3326910000   8.3552390000   0.0339110000  -0.0032910000   0.0080340000  -0.0339710000   0.0033280000  -0.0080180000  -0.0477760000   0.0249580000  -0.0036820000  -0.0212800000   0.0140080000   0.0110890000   0.0691160000  -0.0390030000  -0.0074220000
   6.3094845851   6.4963181308 3738  1.82E+00  -1.1528270000  -1.6029730000   3.1695350000  -0.8115860000  -0.6330080000   2.1503920000   2.4840850000   1.3573330000   7.3829100000   1.5103500000   1.3738490000   8.0537560000   0.5079890000   1.5613860000   8.6330870000   0.0007200000   0.0020480000  -0.0020820000  -0.0007760000  -0.0020620000   0.0021670000   0.0064200000   0.0117720000  -0.0099160000  -0.0095210000  -0.0226270000   0.0175400000   0.0031560000   0.0108690000  -0.0077080000
   6.3072509133   6.4952131944 3819  5.90E+00  -0.6251410000   0.3605800000   2.7424350000   0.0101990000  -0.0076880000   1.5896980000  -0.1515760000   0.8079470000  10.0482970000   0.0564310000   0.3348300000   9.0126990000   0.0976590000  -0.3559530000   8.0749780000   0.0232310000  -0.0133980000  -0.0422670000  -0.0232510000   0.0135830000   0.0419520000  -0.0050200000  -0.0320650000  -0.0278030000   0.0182450000   0.0285570000  -0.0073870000  -0.0132050000   0.0033230000   0.0355040000
   6.3057497802   6.4956454878 3882  2.66E+00  -1.3310000000  -1.3234790000   3.7030100000  -0.9161360000  -1.2177020000   2.3418940000   2.3131290000   2.4272860000   6.6406520000   1.7401410000   2.4887060000   7.6776570000   1.0398120000   2.5570070000   8.6676610000   0.0038860000   0.0009960000  -0.0127570000  -0.0039920000  -0.0010610000   0.0127900000   0.0040650000   0.0002270000  -0.0210030000   0.0420950000  -0.0048790000  -0.0320430000  -0.0460540000   0.0047180000   0.0530120000
   6.3095845551   6.4958904669 3919  4.00E-01   0.9561510000  -0.2877830000   2.7749330000   0.0493160000  -0.9253230000   1.8560820000  -0.3327390000   2.2962580000   7.4838740000  -0.1142590000   1.9545870000   8.5746620000   0.1119760000   1.5635340000   9.6357940000  -0.0042860000  -0.0031270000  -0.0044240000   0.0043690000   0.0028740000   0.0042600000   0.0057420000  -0.0110350000   0.0267280000   0.0019090000   0.0003240000   0.0136260000  -0.0077350000   0.0109650000  -0.0401900000
