   6.3076483978   6.1195378030    9  3.26E+00   0.5804270000  -1.2174950000   2.1352050000  -0.0078990000   0.0119350000   2.0361880000   0.3752460000   1.3360090000   7.9984670000   0.0333900000   0.2406620000   8.2475660000  -0.3974330000  -0.8119010000   8.5075640000  -0.0215970000   0.0451230000  -0.0035780000   0.0215850000  -0.0452060000   0.0036430000  -0.0074330000  -0.0013820000   0.0035690000   0.0074000000  -0.0164390000  -0.0020270000   0.0000460000   0.0179040000  -0.0016080000
   6.3088660692   6.1191074595  440  3.36E+00  -1.0110780000   1.1384960000   2.0174290000   0.0102140000  -0.0104690000   2.0497950000   0.3441220000  -0.8646580000   8.0997820000   0.0013320000   0.2398600000   8.1793500000  -0.3324290000   1.3528270000   8.3969280000  -0.0205330000   0.0230950000  -0.0005920000   0.0205280000  -0.0230610000   0.0007160000  -0.0091000000   0.0320670000   0.0133240000   0.0110700000  -0.0414860000  -0.0259920000  -0.0019660000   0.0093850000   0.0125440000
   6.3067998118   6.1150000760  893  4.59E+00   0.4511160000   1.4872620000   1.9932400000  -0.0053760000  -0.0186510000   2.0613600000   0.9523350000   0.9196530000   8.3641460000   0.0027580000   0.2629610000   8.1637980000  -0.9559770000  -0.4299390000   8.0880030000   0.0118690000   0.0391610000  -0.0017090000  -0.0118130000  -0.0391210000   0.0018200000  -0.0054230000  -0.0057160000   0.0084780000   0.0188680000   0.0173620000  -0.0174420000  -0.0135020000  -0.0116860000   0.0088540000
   6.3063915183   6.1195247186  980  6.45E+00  -0.4727690000   1.4344530000   1.9980320000  -0.8317660000  -0.0876370000   2.2234610000   2.2509080000  -0.5327720000   7.9042670000   1.4545390000   0.3199290000   7.8983620000   0.8410030000   1.3275830000   7.9372670000   0.0095820000   0.0405370000  -0.0060170000  -0.0095220000  -0.0406690000   0.0060840000  -0.0003040000   0.0246830000   0.0041220000  -0.0117120000  -0.0370100000  -0.0090910000   0.0119560000   0.0124580000   0.0049030000
   6.3073818164   6.1195583893 1087  4.60E+00   1.3377070000  -1.2470190000   2.6615140000  -0.2396360000  -1.3654520000   2.4881690000  -0.5857390000   2.1163080000   7.5087820000   0.4000120000   2.7810500000   7.4237040000   1.3979740000   3.3816070000   7.3252600000   0.0443640000   0.0033760000   0.0048880000  -0.0442330000  -0.0033450000  -0.0049950000  -0.0217400000  -0.0180200000   0.0026290000   0.0276310000   0.0255300000  -0.0031210000  -0.0060220000  -0.0075400000   0.0005990000
   6.3078499172   6.1196302688 1342  6.43E+00  -1.1875360000  -1.9403350000   3.3559170000  -0.1035960000  -1.2710940000   2.4631110000   0.1700070000   1.4922710000   7.9164430000   0.1605410000   2.6252710000   7.4943830000   0.3016790000   3.6950220000   6.9459350000  -0.0251110000  -0.0154720000   0.0206310000   0.0250730000   0.0155400000  -0.0207710000   0.0091220000  -0.0558770000   0.0141820000  -0.0249160000   0.0038660000   0.0204500000   0.0158320000   0.0519430000  -0.0344920000
   6.3095044962   6.1173310712 1342  5.93E+00  -1.1851950000  -1.9371250000   3.3480860000  -0.1036750000  -1.2716480000   2.4630880000   0.1704750000   1.4921120000   7.9136120000   0.1616390000   2.6257170000   7.4925230000   0.3006330000   3.6974090000   6.9507710000  -0.0236890000  -0.0145450000   0.0193330000   0.0236520000   0.0146150000  -0.0194750000   0.0089560000  -0.0561000000   0.0145540000  -0.0242690000   0.0057080000   0.0185280000   0.0153510000   0.0503210000  -0.0329400000
   6.3095083468   6.1159423624 1368  5.02E+00   0.0226190000  -0.8199760000   2.6220510000  -0.1797330000   0.3017650000   1.6921660000  -0.0469960000  -0.1882660000   7.7870000000   0.3212300000  -0.1868750000   8.8926100000   0.7020550000  -0.4392010000   9.9222580000   0.0010320000  -0.0055760000   0.0044070000  -0.0009620000   0.0056020000  -0.0050070000   0.0128340000  -0.0198330000   0.0319580000   0.0233160000   0.0149880000   0.0748610000  -0.0362200000   0.0048200000  -0.1062180000
   6.3090213782   6.1194897854 1368  5.44E+00   0.0128700000  -0.8292980000   2.6268360000  -0.1797710000   0.3021180000   1.6909410000  -0.0458340000  -0.1911190000   7.7890500000   0.3224090000  -0.1869660000   8.8954360000   0.7008100000  -0.4374600000   9.9238990000   0.0015030000  -0.0086770000   0.0069570000  -0.0014340000   0.0087020000  -0.0075620000   0.0123200000  -0.0199010000   0.0308240000   0.0258690000   0.0140070000   0.0817420000  -0.0382590000   0.0058690000  -0.1119620000
   6.3093570467   6.1183243636 1505  5.35E+00  -0.6334980000  -1.3773110000   2.2636760000   0.0141010000   0.0207230000   2.0026460000  -1.1477080000   0.5068750000   8.5949400000   0.0031550000   0.2948450000   8.3140110000   1.1148260000  -0.0572630000   8.0206370000  -0.0157260000  -0.0338870000   0.0063530000   0.0156120000   0.0339520000  -0.0063560000  -0.0518110000   0.0011460000   0.0124870000   0.0101010000   0.0206680000  -0.0019370000   0.0418240000  -0.0218790000  -0.0105470000
   6.3086260916   6.1175907373 1667  8.91E+00   1.3914270000   0.4579620000   2.3961260000   0.1317510000  -0.3826670000   1.9259700000   0.1857160000   0.2567110000   9.2396760000  -0.3196920000   0.9261290000   8.4501870000  -0.6913830000   1.6180010000   7.6482680000   0.0345690000   0.0230050000   0.0128900000  -0.0344850000  -0.0231950000  -0.0129810000  -0.0133850000   0.0336900000  -0.0374680000  -0.0392610000   0.0427890000  -0.0546530000   0.0525610000  -0.0762900000   0.0922110000
   6.3052050401   6.1175857079 1801  4.93E+00  -1.6606450000  -0.6095600000   2.3938210000  -0.0999490000  -0.8611180000   2.2570980000   0.9307370000   2.7185850000   7.5608810000   0.2285870000   1.8252060000   7.8945780000  -0.4985410000   0.9379490000   8.0905650000  -0.0429640000   0.0069470000   0.0037560000   0.0430180000  -0.0069050000  -0.0037920000   0.0072340000   0.0121050000  -0.0121580000  -0.0204590000  -0.0311530000   0.0237100000   0.0131710000   0.0190070000  -0.0115160000
   6.3063047151   6.1158259262 1867  6.27E+00  -1.7932300000   0.4452440000   2.7407660000  -0.6703860000  -0.3967840000   2.0091620000   0.1671100000   1.1095620000   7.8771130000   1.3015640000   0.9506170000   8.2121760000   2.3168600000   0.8180740000   8.7523110000  -0.0303010000   0.0226880000   0.0196100000   0.0304680000  -0.0227940000  -0.0198980000  -0.0285580000   0.0052040000   0.0096690000   0.0650220000  -0.0107600000  -0.0083920000  -0.0366310000   0.0056620000  -0.0009890000
   6.3063489260   6.1184381063 1914  3.36E+00  -0.9867420000  -0.1025620000   2.6351690000   0.0112480000   0.0014250000   1.6976850000  -0.1400120000  -0.2602530000   7.8086530000  -0.0394960000   0.2986810000   8.8570470000   0.1756530000   0.7230500000   9.8989120000   0.0331130000   0.0035020000  -0.0312960000  -0.0331240000  -0.0033470000   0.0307460000   0.0062160000  -0.0187720000  -0.0158970000  -0.0035500000   0.0485530000   0.0674420000  -0.0026560000  -0.0299370000  -0.0509950000
   6.3065466973   6.1174863253 2181  5.14E+00  -0.7344470000  -0.7710820000   2.7299100000  -0.0484960000  -0.2061670000   1.7082750000   0.5662080000   0.3694650000   7.7675180000   0.0531260000   0.6979010000   8.8122080000  -0.3176160000   0.8725210000   9.9148480000   0.0299130000   0.0246890000  -0.0447800000  -0.0301200000  -0.0247030000   0.0443040000   0.0305510000  -0.0229090000  -0.0381190000  -0.0363260000   0.0309870000   0.0264710000   0.0059820000  -0.0080640000   0.0121250000
   6.3092033447   6.1153516504 2771  3.29E+00  -0.5047730000  -1.1707590000   2.9264750000   0.0458170000  -0.5579120000   1.7838490000   0.5158050000   1.0815740000   7.6565590000  -0.0319740000   1.3153580000   8.7058980000  -0.6888210000   1.4787750000   9.7157930000   0.0090880000   0.0101320000  -0.0190690000  -0.0092390000  -0.0102750000   0.0186830000   0.0185760000  -0.0136860000  -0.0470680000   0.0277020000   0.0076140000  -0.0124320000  -0.0461280000   0.0062140000   0.0598870000
   6.3051329465   6.1189239381 2921  4.11E+00   1.2300130000   0.6455490000   2.1424430000   0.3747630000  -0.4402260000   2.0704610000  -1.0441150000  -0.0968860000   8.0126940000  -0.6709650000   1.0285110000   8.1419700000  -0.4013460000   2.1703840000   8.4009850000  -0.0237370000  -0.0300850000  -0.0019200000   0.0237760000   0.0302090000   0.0019710000  -0.0161910000  -0.0277190000   0.0061600000   0.0120210000  -0.0182700000  -0.0251590000   0.0041320000   0.0458660000   0.0189480000
   6.3081050516   6.1150925521 3273  2.65E+00  -0.6498760000  -1.2524770000   2.3338100000   0.0077990000   0.0160640000   1.9616080000   0.2773400000  -0.8412010000   8.8090760000   0.0129160000   0.2669210000   8.4202150000  -0.2850410000   1.3271800000   7.9273080000  -0.0042760000  -0.0082950000   0.0024580000   0.0043210000   0.0081630000  -0.0025100000   0.0099260000  -0.0520450000   0.0124250000   0.0053390000   0.0068240000   0.0139920000  -0.0153100000   0.0453530000  -0.0263650000
   6.3081185009   6.1157786008 3323  8.34E+00  -2.2201540000  -0.4594120000   2.9431110000  -0.9058830000  -1.2936180000   2.7333550000   0.9732120000   2.6914740000   7.9034340000   1.6345480000   2.5318440000   6.9413630000   2.4638180000   2.5851460000   6.0504400000  -0.0333890000   0.0212380000   0.0054110000   0.0333000000  -0.0212300000  -0.0052280000   0.0067080000   0.0144420000   0.0107600000  -0.0608620000  -0.0312480000   0.0298220000   0.0542430000   0.0167990000  -0.0407650000
   6.3089580835   6.1188378412 3804  8.90E+00  -0.1836700000  -1.4289050000   3.1749510000   0.2148210000  -1.0337130000   1.9530960000  -0.1405590000   1.2674030000   7.6116070000  -0.3219810000   2.1767710000   8.3501730000  -0.6790290000   3.0388180000   9.1668740000   0.0196870000   0.0194810000  -0.0604960000  -0.0196820000  -0.0195670000   0.0600940000  -0.0066800000  -0.0175000000  -0.0066360000   0.0459600000  -0.0513090000  -0.0652490000  -0.0392840000   0.0688950000   0.0722860000
   6.3073931457   6.1180955820 3839  1.52E+01  -0.8449830000  -1.2954690000   2.1743710000  -0.1126550000   0.2626980000   2.0483900000   0.2620310000   0.9590530000   8.4689640000   0.2750560000  -0.2067690000   8.2853000000   0.1473470000  -1.3465190000   7.9453310000  -0.0278250000  -0.0591540000   0.0047360000   0.0278480000   0.0592700000  -0.0048060000  -0.0088670000   0.0119730000  -0.0070510000   0.0210690000   0.0180090000   0.0245680000  -0.0122250000  -0.0300980000  -0.0174480000
   6.3058308673   6.1172275196 3908  1.37E+00   0.6675480000  -1.0972220000   2.3988450000  -0.6778710000  -0.6786560000   2.1195440000   1.2399480000   2.1936660000   7.1685250000   1.2046420000   1.5251090000   8.1083470000   1.1991260000   0.8076120000   9.0091090000  -0.0079870000   0.0024300000  -0.0016390000   0.0079020000  -0.0026660000   0.0015860000   0.0012070000  -0.0314440000   0.0395120000  -0.0037480000   0.0047860000   0.0004690000   0.0026260000   0.0268930000  -0.0399280000
