   6.3006177284   6.2115959159   73  8.34E+00   0.1028190000  -2.1371440000   4.4801820000  -0.9679390000  -2.0092470000   3.6399470000   1.8853740000   2.9750930000   6.0061430000   1.7137190000   3.9083790000   5.2247870000   1.6557900000   4.9478930000   4.6117780000  -0.0390750000   0.0046150000  -0.0306900000   0.0389340000  -0.0046620000   0.0304500000   0.0185460000  -0.0553870000   0.0623630000  -0.0218630000  -0.0039880000  -0.0401000000   0.0034590000   0.0594210000  -0.0220230000
   6.3026709491   6.2103024123  247  1.34E+00  -0.9851360000   1.0638050000   2.3042920000   0.0101130000  -0.0135840000   1.9146320000   1.0690020000   0.4285250000   8.0180040000   0.0121240000   0.2585270000   8.4752450000  -1.0665430000   0.0658900000   8.9135380000  -0.0162370000   0.0175390000   0.0063880000   0.0161050000  -0.0175650000  -0.0064010000  -0.0220670000  -0.0048670000   0.0096310000   0.0323990000   0.0080030000  -0.0130140000  -0.0102010000  -0.0031100000   0.0033960000
   6.3029245083   6.2125180297  561  3.87E+00   0.6565410000   0.2056190000   1.8509190000  -0.3787090000  -0.7138870000   2.2156780000   0.2962220000   0.4650510000   8.2778520000   0.7137980000   1.5448860000   8.0096480000   1.0179300000   2.6152530000   7.5282770000  -0.0078390000  -0.0069790000   0.0027820000   0.0078510000   0.0069510000  -0.0028070000  -0.0152060000  -0.0224330000  -0.0058100000   0.0067490000  -0.0303190000   0.0409710000   0.0084450000   0.0527800000  -0.0351340000
   6.3044456519   6.2120563301  608  2.51E+00   0.5932400000  -1.3257960000   2.4087570000  -0.0063510000   0.0163110000   1.9103890000   0.2036690000  -0.7944810000   8.9538460000  -0.0031600000   0.2490450000   8.4841350000  -0.2069560000   1.2972670000   7.9856300000   0.0135560000  -0.0303850000   0.0113170000  -0.0135280000   0.0302330000  -0.0113350000  -0.0036730000   0.0197520000  -0.0095690000   0.0040130000  -0.0226370000   0.0107110000  -0.0003670000   0.0030370000  -0.0011230000
   6.3004682975   6.2115628126  898  7.24E+00   0.2200620000  -0.9895800000   2.1076300000  -0.4617360000   0.2515190000   2.0321140000   1.1964390000  -1.1770840000   7.8452940000   0.8750420000  -0.1779700000   8.3211790000   0.4388260000   0.8045600000   8.6275610000  -0.0087690000   0.0159550000  -0.0010170000   0.0087110000  -0.0158050000   0.0009410000  -0.0261230000   0.0518520000   0.0135720000  -0.0182660000   0.0701520000   0.0368960000   0.0444470000  -0.1221550000  -0.0503930000
   6.3015131102   6.2124989854  964  7.02E+00   0.3993830000  -1.5011520000   2.5581200000  -0.2322430000  -2.2076000000   3.7649460000   1.0340410000   4.9596940000   4.3757130000   0.5240380000   4.2438080000   5.1444230000  -0.2927250000   3.6620400000   5.7993530000   0.0124220000   0.0138720000  -0.0236220000  -0.0122490000  -0.0139190000   0.0234930000  -0.0285970000  -0.0016680000   0.0049680000   0.0666140000   0.0034900000  -0.0121560000  -0.0381910000  -0.0017750000   0.0073180000
   6.3034979555   6.2115897682  982  5.53E+00   1.7371680000  -0.0245460000   2.8180450000   0.4551310000  -0.0991890000   1.9003570000  -0.6956250000   1.3728740000   7.8242610000  -0.8474260000   0.4791990000   8.5451910000  -1.0506990000  -0.5480160000   9.0936940000   0.0339630000   0.0019250000   0.0242870000  -0.0339120000  -0.0020940000  -0.0244220000  -0.0092020000  -0.0390940000   0.0143880000   0.0145250000   0.0564250000  -0.0075270000  -0.0053750000  -0.0171610000  -0.0067260000
   6.3036217595   6.2149676971 1039  4.83E+00  -0.2143280000  -0.9793970000   2.6747010000  -0.7178530000  -0.0290490000   1.7883270000   0.9807900000   0.9033750000   7.6934960000   1.3457280000   0.2464300000   8.6579460000   1.6076130000  -0.1939110000   9.7083530000  -0.0116640000   0.0219110000  -0.0205880000   0.0115870000  -0.0221740000   0.0202100000  -0.0259360000   0.0500320000  -0.0461720000   0.0334540000  -0.0651390000   0.0460630000  -0.0074410000   0.0153710000   0.0004860000
   6.3016318150   6.2139155564 1231  3.61E+00   1.1848970000   1.0011500000   2.3499450000   0.1023610000  -0.0271460000   1.9359570000  -1.0001470000  -0.4897540000   8.8046040000  -0.2115020000   0.2583720000   8.4498560000   0.5730500000   1.0559670000   8.0366180000   0.0239220000   0.0227110000   0.0090700000  -0.0240460000  -0.0228660000  -0.0091980000   0.0420500000   0.0436020000  -0.0221660000  -0.0575160000  -0.0631530000   0.0325830000   0.0155910000   0.0197060000  -0.0102890000
   6.3016721521   6.2127627458 1231  3.86E+00   1.1794320000   1.0111440000   2.3535940000   0.1025520000  -0.0272270000   1.9349360000  -1.0003070000  -0.4895640000   8.8088500000  -0.2108540000   0.2573690000   8.4535940000   0.5721170000   1.0563050000   8.0344350000   0.0245020000   0.0236130000   0.0094450000  -0.0246260000  -0.0237710000  -0.0095780000   0.0418700000   0.0436350000  -0.0225260000  -0.0591780000  -0.0654440000   0.0345060000   0.0174320000   0.0219660000  -0.0118470000
   6.3016645348   6.2116140813 1231  4.08E+00   1.1734830000   1.0206740000   2.3570580000   0.1027490000  -0.0273020000   1.9339180000  -1.0005190000  -0.4894290000   8.8131230000  -0.2101090000   0.2564740000   8.4572750000   0.5711620000   1.0566160000   8.0322670000   0.0249390000   0.0243980000   0.0097720000  -0.0250630000  -0.0245560000  -0.0099120000   0.0413150000   0.0433090000  -0.0227090000  -0.0602520000  -0.0671660000   0.0361670000   0.0190610000   0.0240160000  -0.0133180000
   6.3016081888   6.2104719896 1231  4.26E+00   1.1670440000   1.0297230000   2.3603280000   0.1029510000  -0.0273710000   1.9329010000  -1.0007830000  -0.4893480000   8.8174250000  -0.2092630000   0.2556900000   8.4608950000   0.5701840000   1.0568970000   8.0301150000   0.0252410000   0.0250640000   0.0100540000  -0.0253650000  -0.0252240000  -0.0101980000   0.0403800000   0.0426210000  -0.0227150000  -0.0607310000  -0.0683170000   0.0375580000   0.0204750000   0.0258560000  -0.0146990000
   6.3016380573   6.2131472423 1316  5.25E-01   1.1180970000   0.0067600000   2.6771620000  -0.0130970000   0.0005670000   1.6999190000  -0.1413120000  -0.3809110000   9.8300270000  -0.0081970000   0.2940110000   8.8706740000   0.1424310000   0.8446130000   7.8535030000   0.0126720000   0.0000060000   0.0108160000  -0.0126760000  -0.0001750000  -0.0111830000  -0.0002170000  -0.0151520000   0.0064820000   0.0018620000   0.0332650000  -0.0226970000  -0.0016420000  -0.0179440000   0.0165820000
   6.3023667005   6.2125995285 1316  1.24E+00   0.2174870000   1.7057230000   3.3914610000  -1.0061850000   1.7422310000   2.5545170000   1.3924950000  -1.9307940000   6.9535640000   1.8181430000  -2.9336980000   7.3453830000   2.2540620000  -3.9878060000   7.5619210000   0.0099840000  -0.0002000000   0.0067100000  -0.0101250000   0.0004390000  -0.0070950000   0.0173700000  -0.0425150000   0.0035550000  -0.0076820000   0.0209910000   0.0143220000  -0.0095470000   0.0212850000  -0.0174920000
   6.3031854628   6.2146307047 1551  3.18E+00  -0.9848000000  -0.0588060000   2.0888460000   0.5170020000  -0.3875240000   2.0145880000  -0.0023750000   0.7337020000   9.0113090000  -0.9510470000   0.9043760000   8.3179140000  -1.8036630000   1.2141550000   7.5527080000  -0.0305500000   0.0066630000   0.0014590000   0.0307120000  -0.0067740000  -0.0015260000   0.0248770000   0.0054930000   0.0102360000  -0.0176770000  -0.0192440000   0.0041080000  -0.0073620000   0.0138630000  -0.0142770000
   6.3043484848   6.2127314947 1584  5.97E+00   0.7519750000  -1.0411290000   2.9638240000  -0.2200710000  -1.1164910000   2.0044980000   0.1094890000   3.2713520000   8.9374960000   0.3522430000   2.3313380000   8.2752730000   0.6777940000   1.3078170000   7.6537990000  -0.0350970000  -0.0027670000  -0.0347850000   0.0349670000   0.0026850000   0.0342830000   0.0020490000   0.0055970000   0.0096960000  -0.0319660000   0.0774980000   0.0347050000   0.0300470000  -0.0830130000  -0.0438990000
   6.3003024612   6.2120625505 1780  6.58E+00  -1.4082080000  -0.5489070000   2.3263220000   0.0143150000   0.0038150000   1.9848240000  -0.1306190000  -0.9158450000   8.5958360000   0.0149240000   0.2786860000   8.4077360000   0.1366420000   1.4098390000   8.0344400000  -0.0347510000  -0.0135060000   0.0083620000   0.0347490000   0.0134470000  -0.0083890000  -0.0097670000  -0.0733250000   0.0016270000   0.0068800000   0.0383860000   0.0200900000   0.0028890000   0.0349970000  -0.0216910000
   6.3014416498   6.2132977783 2032  6.23E+00   0.4825170000  -1.2437740000   2.2373130000  -0.0063990000   0.0091790000   1.9962080000  -0.1905210000   1.4468590000   8.4904580000   0.0437100000   0.2546580000   8.3422550000   0.1592650000  -0.9178360000   8.1377280000  -0.0179860000   0.0461290000  -0.0088780000   0.0180000000  -0.0460410000   0.0088770000  -0.0221270000   0.0800370000   0.0078170000   0.0249120000  -0.0423260000   0.0004670000  -0.0027980000  -0.0377990000  -0.0082830000
   6.3020684502   6.2103642062 2181  2.99E+00   1.2466350000   0.7425690000   2.0034020000  -0.0113970000  -0.0097680000   2.0684930000  -1.0197530000   0.7881950000   8.2322950000  -0.0167040000   0.2540880000   8.1581910000   1.0106710000  -0.2892660000   8.1877970000   0.0048720000   0.0029390000  -0.0002220000  -0.0049420000  -0.0029050000   0.0003450000   0.0723580000  -0.0382590000   0.0040230000  -0.0456900000   0.0239080000  -0.0129060000  -0.0265980000   0.0143180000   0.0087590000
   6.3013775064   6.2142312948 2561  5.61E+00  -0.7885900000  -0.5754850000   2.4335960000  -0.0568800000   0.3519990000   1.7795550000   0.1930850000  -1.1001160000   7.8165700000   0.0886070000  -0.3294890000   8.6687680000   0.0741570000   0.3134210000   9.6361590000   0.0335710000   0.0426480000  -0.0301020000  -0.0336330000  -0.0424080000   0.0298790000   0.0019620000   0.0253700000   0.0493330000  -0.0088460000  -0.0002470000  -0.0340700000   0.0069450000  -0.0253630000  -0.0150400000
   6.3048665260   6.2124423412 2861  3.89E+00  -1.3423030000  -0.2157050000   1.9781850000   0.0196940000   0.0035870000   2.0833310000   1.0541000000   0.7470400000   8.1844490000   0.0217800000   0.2125250000   8.1188070000  -1.0842380000  -0.2232290000   8.1926950000   0.0381700000   0.0061480000   0.0029560000  -0.0380970000  -0.0061460000  -0.0028280000  -0.0238500000  -0.0033010000   0.0094400000   0.0503890000   0.0053270000  -0.0219560000  -0.0266110000  -0.0020290000   0.0123880000
   6.3002555971   6.2117418594 3104  2.47E+00   1.0418290000   0.7826800000   2.2859230000  -0.0159640000  -0.0143570000   1.9202800000   0.6564690000   1.1472390000   8.8333260000   0.0025160000   0.2576420000   8.4776420000  -0.6442690000  -0.6305840000   8.0693640000  -0.0346380000  -0.0260720000  -0.0119410000   0.0347260000   0.0261930000   0.0119100000  -0.0157430000  -0.0218910000  -0.0113190000   0.0099620000   0.0143560000   0.0095960000   0.0056920000   0.0074140000   0.0017540000
   6.3001415236   6.2119677284 3277  1.74E+00  -0.7935310000  -0.1947890000   5.8686660000  -0.5609350000  -1.5529400000   6.0871770000   1.4073090000   3.2939490000  -0.2554170000   1.0095610000   3.0753760000   0.7945490000   0.6862610000   2.8530860000   1.8895610000   0.0052070000  -0.0307750000   0.0050420000  -0.0053020000   0.0303640000  -0.0047830000  -0.0161300000  -0.0118920000   0.0602040000   0.0012100000   0.0048030000  -0.0314840000   0.0150150000   0.0075000000  -0.0289790000
   6.3023816292   6.2114352274 3455  6.37E+00   0.9092000000  -1.3811040000   3.3925330000  -0.3766750000  -1.8401850000   2.5779630000   0.5463140000   3.1156600000   6.2069600000   0.7559720000   3.6182120000   7.2270310000   0.7101000000   4.1331790000   8.2802110000   0.0359470000   0.0126840000   0.0227200000  -0.0359340000  -0.0130910000  -0.0228750000  -0.0093990000   0.0233190000   0.0455090000   0.0272350000  -0.0211670000  -0.0418480000  -0.0178490000  -0.0017460000  -0.0035070000
   6.3038310171   6.2138462635 3487  3.87E+00  -0.5664950000   0.9308330000   2.5046100000  -1.2032320000  -0.3926940000   2.1026740000   1.1163410000   1.1209570000   7.6650770000   2.1924810000   1.0244370000   8.1718470000   3.2826930000   0.7002370000   8.5424730000   0.0110410000   0.0229020000   0.0068460000  -0.0110440000  -0.0229900000  -0.0072110000  -0.0227660000  -0.0114640000  -0.0180230000  -0.0134360000   0.0358900000   0.0143340000   0.0362050000  -0.0243380000   0.0040540000
   6.3048179814   6.2128968930 3693  2.16E+00  -0.8816370000  -1.0674500000   2.5612540000  -0.6322320000   0.2368410000   1.9234670000   1.3796540000  -0.9928920000   7.6715240000   1.1122710000  -0.1819640000   8.4765710000   0.9984380000   0.7015790000   9.1987050000  -0.0014510000  -0.0071940000   0.0034810000   0.0012570000   0.0073840000  -0.0036580000   0.0087400000   0.0141470000   0.0052000000  -0.0255690000   0.0253790000   0.0369380000   0.0170240000  -0.0397160000  -0.0419610000
   6.3004320432   6.2142535928 3920  6.86E+00   0.3342530000   0.2202020000   2.0437480000   0.2224850000  -1.3383980000   2.2730110000  -0.3497580000   2.3920470000   8.9842970000  -0.4474190000   2.6105190000   7.8204960000  -0.4465710000   3.0063330000   6.6653480000   0.0029860000   0.0412550000  -0.0061830000  -0.0029460000  -0.0415920000   0.0060850000   0.0081210000   0.0049880000   0.0305890000  -0.0136700000  -0.0389000000   0.0337210000   0.0055090000   0.0342500000  -0.0642110000
