   6.3042063331   6.2939860427   19  1.06E+01  -1.0651860000  -1.2221470000   2.9084870000  -0.5835590000  -0.1051190000   1.8549290000   0.3054930000   1.0595680000   7.9759870000   1.0125880000   0.4251690000   8.6279470000   1.9159120000  -0.0890760000   9.1010270000  -0.0144960000  -0.0337450000   0.0317430000   0.0145380000   0.0335420000  -0.0319450000   0.0545220000  -0.0247850000   0.0236620000  -0.0086200000  -0.0196080000   0.0220780000  -0.0459430000   0.0445960000  -0.0455390000
   6.3046623680   6.2936795650   62  9.31E+00  -0.5691540000  -0.1823470000   2.1147100000   0.8894260000   0.4379130000   2.0434030000  -2.3543540000  -1.4242760000   8.3302770000  -1.5457390000  -0.5994890000   8.3292930000  -0.8914170000   0.3864310000   8.0796560000  -0.0401910000  -0.0171370000   0.0019560000   0.0401890000   0.0169780000  -0.0021550000   0.0185990000   0.0403200000  -0.0158120000  -0.0317300000  -0.0868200000   0.0397960000   0.0131330000   0.0466580000  -0.0237860000
   6.3048987061   6.2905453141   62  9.47E+00  -0.5722810000  -0.1738290000   2.1158080000   0.8896640000   0.4379440000   2.0432840000  -2.3545200000  -1.4228770000   8.3337300000  -1.5448420000  -0.6006440000   8.3306050000  -0.8929200000   0.3852090000   8.0757440000  -0.0402580000  -0.0168930000   0.0019880000   0.0402570000   0.0167330000  -0.0021900000   0.0202140000   0.0423310000  -0.0161860000  -0.0325080000  -0.0883350000   0.0404600000   0.0122950000   0.0461650000  -0.0240720000
   6.3014052592   6.2925633923  166  2.58E+00   0.4546160000   1.1281930000   2.5070490000  -0.0055200000  -0.0165430000   1.8087290000  -0.2706730000  -0.7171450000   8.0565450000  -0.0222920000   0.2100070000   8.7229320000   0.2863360000   1.2587070000   9.2051890000  -0.0059430000  -0.0147710000  -0.0090290000   0.0059760000   0.0148960000   0.0088910000   0.0072670000   0.0205360000  -0.0009380000  -0.0195910000  -0.0570690000  -0.0009560000   0.0122900000   0.0364080000   0.0020310000
   6.3046586412   6.2930895024  348 -1.92E-01  -0.9691220000   0.5957600000   2.6033410000   0.0100630000  -0.0124090000   1.7214150000   0.6482020000   0.8076340000   9.6388660000  -0.0105470000   0.2640790000   8.8258680000  -0.6294860000  -0.2937630000   7.9755970000   0.0009580000  -0.0005170000  -0.0009260000  -0.0008290000   0.0006540000   0.0006190000   0.0101140000   0.0053810000   0.0076200000   0.0002070000   0.0071180000   0.0106540000  -0.0104490000  -0.0126360000  -0.0179660000
   6.3049919363   6.2935370718  724  3.92E+00  -1.3979280000  -0.0253380000   2.4683170000   0.0151370000   0.0028560000   1.8225980000  -0.9807150000   0.3931530000   8.0245780000   0.0213470000   0.3018560000   8.6027710000   0.9771660000   0.0552490000   9.2605360000  -0.0322460000  -0.0006540000   0.0146720000   0.0324170000   0.0006440000  -0.0147970000   0.0251840000  -0.0129000000   0.0236900000  -0.0371890000   0.0271510000  -0.0399990000   0.0118330000  -0.0142420000   0.0164340000
   6.3036873659   6.2942774127 1103  1.48E+00   0.1387650000   0.9323100000   2.2877340000  -0.2307760000  -0.4545770000   1.8480470000   0.7300910000   1.7095060000   7.6799770000   0.3596040000   1.0758650000   8.5859160000   0.1437680000   0.3820480000   9.5020690000   0.0046340000   0.0174650000   0.0054560000  -0.0047610000  -0.0176610000  -0.0056380000   0.0032850000  -0.0166630000   0.0213680000  -0.0159020000   0.0143730000  -0.0140030000   0.0127430000   0.0024850000  -0.0071840000
   6.3028735320   6.2941244342 1480  2.86E+00   0.8640560000   1.0626690000   2.1167140000  -0.0063430000  -0.0117040000   2.0386550000   1.0171470000   0.8049200000   8.2089230000  -0.0138040000   0.2682620000   8.3073920000  -1.0295440000  -0.3271320000   8.2410390000  -0.0237950000  -0.0293550000  -0.0021180000   0.0237810000   0.0293620000   0.0021120000  -0.0156710000  -0.0126280000  -0.0079550000   0.0184230000   0.0187540000   0.0178060000  -0.0027380000  -0.0061320000  -0.0098460000
   6.3004692651   6.2900191266 1620  2.53E+00   0.7034040000   1.0152890000   2.6056960000   2.0032800000   0.5147460000   2.7944750000  -3.4210630000  -0.7391830000   5.7216760000  -3.6452770000  -0.6268920000   6.8587100000  -3.8916240000  -0.7372730000   8.0102560000   0.0233640000  -0.0089090000   0.0033770000  -0.0230750000   0.0090460000  -0.0033710000  -0.0085020000  -0.0128900000   0.0288640000   0.0128200000   0.0290980000  -0.0424140000  -0.0046070000  -0.0163450000   0.0135430000
   6.3024051471   6.2908667273 2007  1.28E+01  -0.8626850000  -2.0824230000   3.8985500000  -0.7550740000  -1.3208410000   2.6983570000   2.0455250000   3.1122480000   6.1738960000   1.4279900000   2.8153060000   7.1366620000   0.7078600000   2.1897800000   7.7479570000   0.0010650000   0.0075350000  -0.0119270000  -0.0011520000  -0.0076480000   0.0118610000  -0.0164840000  -0.0294330000  -0.0132750000  -0.0471610000  -0.0072230000   0.1011880000   0.0637320000   0.0367700000  -0.0878470000
   6.3022008050   6.2912896797 2139  2.77E+00  -0.9727610000  -0.7202650000   2.6836140000   0.0144340000   0.0051440000   1.7036490000  -0.2239230000  -0.4919170000   7.9707410000  -0.0047980000   0.2534380000   8.8344420000   0.2167240000   1.0090220000   9.7209560000  -0.0247960000  -0.0181750000   0.0244700000   0.0248190000   0.0183190000  -0.0247840000   0.0055600000   0.0188500000   0.0247060000  -0.0098390000  -0.0336270000  -0.0428420000   0.0042570000   0.0146330000   0.0184500000
   6.3023624651   6.2902874826 2210  1.84E+00   1.1294010000  -0.5181540000   2.6365320000   0.0904660000  -0.0469320000   1.7403820000   0.3270120000   1.0157150000   9.6166700000  -0.1883710000   0.3963920000   8.7313540000  -0.7085660000  -0.3585790000   7.9719260000  -0.0011290000   0.0005870000  -0.0010430000   0.0012760000  -0.0004300000   0.0008480000   0.0175410000   0.0133220000   0.0390370000  -0.0062900000   0.0103850000  -0.0327620000  -0.0113990000  -0.0238640000  -0.0060800000
   6.3029617842   6.2946033047 2752  3.39E-01   1.6308450000  -0.8816350000   3.6044890000   2.0594820000   0.3312170000   2.8351580000  -4.8411720000  -0.7893780000   6.5756830000  -3.7782360000  -0.3469530000   6.7956150000  -2.7108230000   0.1388770000   6.9375020000  -0.0051930000  -0.0147940000   0.0092780000   0.0053280000   0.0146950000  -0.0095620000   0.0009300000   0.0033050000  -0.0045120000  -0.0064680000  -0.0091600000   0.0077200000   0.0054030000   0.0059540000  -0.0029240000
   6.3030224102   6.2934952158 2756  2.52E+00   0.9920500000   0.9441720000   2.1613930000  -0.0093290000  -0.0153300000   2.0052850000   0.7962420000  -0.5844850000   8.2210070000   0.0278470000   0.2809480000   8.3548200000  -0.8330580000   1.0783300000   8.3571940000  -0.0223190000  -0.0213720000  -0.0034470000   0.0223080000   0.0214150000   0.0034670000  -0.0214620000   0.0122790000  -0.0047620000   0.0230920000  -0.0032160000   0.0123670000  -0.0016190000  -0.0091050000  -0.0076240000
   6.3017040316   6.2921450970 2802  4.28E+00  -0.7811860000  -0.3247870000   2.8123700000   0.2469260000  -0.6328290000   1.7073170000  -0.4478410000   0.8908840000   7.7725200000  -0.3942810000   1.4354210000   8.8508670000  -0.4401660000   1.9001880000   9.8804150000  -0.0211700000   0.0062980000   0.0224780000   0.0212180000  -0.0063940000  -0.0231010000  -0.0088830000  -0.0257630000  -0.0425300000   0.0120210000   0.0671020000   0.1257920000  -0.0031860000  -0.0412430000  -0.0826380000
   6.3013699398   6.2917438434 3337  4.77E-01  -1.0741840000  -1.1874320000   3.7879450000  -1.7035820000  -0.9162530000   2.5629050000   2.6987010000   1.7554550000   6.1778630000   3.1471880000   1.9687420000   7.2413270000   3.5144950000   2.1050920000   8.3488680000  -0.0118790000   0.0050000000  -0.0229520000   0.0115570000  -0.0052250000   0.0228250000  -0.0011800000  -0.0028280000   0.0105510000   0.0056000000   0.0075850000  -0.0165150000  -0.0040980000  -0.0045310000   0.0060910000
   6.3021304260   6.2947138264 3436  2.75E+00  -1.2048480000   0.7193250000   2.4837580000   0.1433730000   0.7798330000   1.9549390000  -0.3590410000  -2.0233460000   7.5686000000  -0.3121400000  -1.2034800000   8.4186330000  -0.0467620000  -0.3255260000   9.1928310000   0.0020470000   0.0001390000  -0.0007880000  -0.0020620000   0.0000400000   0.0007460000   0.0132240000  -0.0036410000  -0.0098080000  -0.0362540000  -0.0311030000  -0.0138050000   0.0230450000   0.0345650000   0.0236560000
   6.3015670220   6.2911888600 3517  5.59E+00  -0.7317810000   1.2555030000   2.3995870000   0.0104090000  -0.0191600000   1.8329390000  -0.7041460000   0.9756130000   9.1826340000   0.0089190000   0.3050310000   8.5848690000   0.6915720000  -0.5003370000   8.0686060000  -0.0198600000   0.0340980000   0.0151890000   0.0197350000  -0.0339350000  -0.0152410000   0.0338600000  -0.0434750000  -0.0234540000  -0.0267010000   0.0471150000   0.0117680000  -0.0070340000  -0.0038030000   0.0117370000
   6.3025355864   6.2910049363 3542  3.20E+00  -0.9154440000   1.4576640000   4.7798510000  -0.5286520000   1.6632340000   6.2561600000   1.3439190000  -3.3819790000  -0.3914720000   0.9713990000  -2.7858000000   0.5190070000   0.6247490000  -2.2374870000   1.4571200000  -0.0079840000  -0.0040670000  -0.0301800000   0.0078930000   0.0044180000   0.0304890000  -0.0144140000   0.0224540000   0.0420610000  -0.0127700000   0.0215440000   0.0242550000   0.0272760000  -0.0443490000  -0.0666260000
   6.3023094478   6.2948504769 3556  1.07E+01   0.1810470000  -1.3141730000   2.5749970000  -0.3191920000  -0.3234050000   1.8488980000  -0.4632380000   0.7282270000   8.0536110000   0.6284740000   0.8682720000   8.4704060000   1.5741610000   1.0055970000   9.1928040000  -0.0305670000   0.0606900000  -0.0444450000   0.0307810000  -0.0606820000   0.0443730000  -0.0041810000   0.0009500000   0.0237940000  -0.0134440000  -0.0048570000  -0.0647930000   0.0174110000   0.0038990000   0.0410710000
   6.3046742238   6.2938846616 3556  9.77E+00   0.1973530000  -1.3249670000   2.5732380000  -0.3194140000  -0.3233400000   1.8488150000  -0.4632540000   0.7282680000   8.0525570000   0.6287660000   0.8679960000   8.4684660000   1.5740390000   1.0061220000   9.1958400000  -0.0269790000   0.0524400000  -0.0378920000   0.0271920000  -0.0524300000   0.0378250000  -0.0041800000   0.0010200000   0.0240550000  -0.0166450000  -0.0054950000  -0.0679500000   0.0206120000   0.0044650000   0.0439620000
