   6.3015671097   6.9889757573  392  5.78E+00  -0.9075530000   0.3957250000   2.6253080000  -0.8074840000  -0.9821940000   2.0687090000   0.7604360000   1.6115240000   8.9749860000   1.5670330000   1.9729320000   8.2019190000   2.1531440000   2.4754640000   7.3720160000  -0.0009870000   0.0135820000   0.0055270000   0.0009940000  -0.0136330000  -0.0054630000  -0.0069880000   0.0152050000  -0.0121450000   0.0737490000   0.0171000000  -0.0567250000  -0.0667680000  -0.0322540000   0.0688060000
   6.3025438795   6.9874581612  534  4.66E+00   1.2018120000  -0.5220560000   3.8849650000   2.5741420000  -0.7515420000   4.0331260000  -4.1552530000   0.7452840000   5.1730060000  -4.6517720000   1.6896010000   4.6374190000  -5.2842900000   2.4602840000   3.9597120000   0.0284200000  -0.0046940000   0.0030240000  -0.0282970000   0.0047960000  -0.0031160000   0.0024770000  -0.0332590000   0.0049330000   0.0334970000   0.0100730000   0.0328960000  -0.0360970000   0.0230840000  -0.0377360000
   6.3035174909   6.9852651944  563  3.16E+00   0.6835610000   0.3286250000   2.8797860000  -0.0094510000  -0.0002450000   1.5584720000  -0.4564500000   1.1154570000   8.4395570000   0.0260560000   0.2914350000   9.1488080000   0.4410210000  -0.6660460000   9.7288310000   0.0127320000   0.0059740000   0.0241770000  -0.0126500000  -0.0060810000  -0.0242660000  -0.0137950000   0.0081290000  -0.0202930000   0.0058070000   0.0281140000   0.0106930000   0.0079060000  -0.0361360000   0.0096880000
   6.3035930147   6.9868004262 1206  6.02E+00   0.1022730000  -0.8761470000   2.8534970000   0.0028230000   0.0102090000   1.5585190000  -0.9554510000  -0.0118710000   9.7828410000  -0.0505510000   0.2601560000   9.0519440000   0.9728570000   0.5084590000   8.4596900000   0.0024760000  -0.0227610000   0.0332370000  -0.0026440000   0.0227180000  -0.0332660000  -0.0222990000  -0.0101140000   0.0324350000  -0.0299550000   0.0003420000  -0.0159560000   0.0524220000   0.0098150000  -0.0164490000
   6.3006154212   6.9891337178 1548  8.83E+00   0.0380860000  -0.0733660000   2.5804330000   1.0093260000  -0.8105720000   1.9423950000  -1.2008030000   1.8050700000   9.4209190000  -1.7359500000   1.7729970000   8.3372980000  -2.5392510000   1.6044350000   7.4581300000   0.0308290000  -0.0233360000  -0.0201740000  -0.0306590000   0.0233530000   0.0202270000   0.0073390000  -0.0065130000   0.0606460000   0.0357470000   0.0196780000  -0.0452970000  -0.0432550000  -0.0131820000  -0.0154010000
   6.3026949033   6.9874377945 1864  1.87E+00   0.9604860000  -0.5878880000   2.6958850000  -0.0078230000   0.0084560000   1.6876830000  -1.0187550000   0.7437640000   9.1514630000  -0.0194920000   0.2459280000   8.8658410000   1.0119450000  -0.2459010000   8.5956250000   0.0161130000  -0.0099340000   0.0168310000  -0.0162340000   0.0099880000  -0.0168220000   0.0410160000  -0.0188590000  -0.0090590000  -0.0372790000   0.0155170000   0.0047290000  -0.0036160000   0.0032880000   0.0043200000
   6.3021523095   6.9882833931 2006  7.83E+00  -0.2577710000   0.4219490000   2.7215490000  -0.6437730000  -0.6010310000   1.8113630000   2.0430660000   0.8139290000   8.1053990000   1.2483810000   1.3108710000   8.7761710000   0.2511740000   1.8647910000   9.0896960000  -0.0042760000  -0.0112610000  -0.0100400000   0.0041990000   0.0112520000   0.0099710000  -0.0561990000   0.0305760000   0.0102960000   0.0691190000  -0.0339580000   0.0157260000  -0.0128420000   0.0033910000  -0.0259530000
   6.3031297135   6.9866978915 2038  4.33E+00   1.6224600000  -0.3403330000   3.3687160000   1.2477660000  -0.2215880000   2.0357240000  -1.1400530000   0.7211170000   8.5336910000  -2.2908820000   0.6379330000   8.2120820000  -3.4740570000   0.6157700000   7.9235840000  -0.0094280000   0.0029670000  -0.0333560000   0.0093210000  -0.0029780000   0.0333520000   0.0387210000   0.0066160000   0.0146600000   0.0354260000  -0.0088140000   0.0001770000  -0.0740400000   0.0022090000  -0.0148340000
   6.3001681857   6.9867072167 2316  1.66E+00  -0.9083000000   0.9218120000   2.7997020000  -0.1948170000   0.1931670000   1.7047730000   1.0086190000  -1.0392330000   8.4758150000   0.3491520000  -0.1575660000   8.8780140000  -0.2405370000   0.8223930000   9.1702410000  -0.0082460000   0.0084080000   0.0126770000   0.0082080000  -0.0083890000  -0.0126340000   0.0005180000   0.0120920000  -0.0032130000  -0.0011420000  -0.0253290000   0.0072660000   0.0006620000   0.0132190000  -0.0040960000
   6.3010222494   6.9874752142 2763  7.12E+00  -0.1561660000  -0.3467810000   3.0930690000  -0.5325310000  -1.3135260000   1.8952400000   0.2967010000   1.7058610000   8.1418780000   0.9299650000   2.6465290000   8.5302830000   1.6746090000   3.5769900000   8.7955010000   0.0102850000   0.0263600000   0.0325470000  -0.0102450000  -0.0263640000  -0.0327670000  -0.0158210000  -0.0329530000  -0.0191010000  -0.0384800000  -0.0266130000   0.0086820000   0.0542610000   0.0595700000   0.0106390000
   6.3032767189   6.9854771236 2763  7.44E+00  -0.1559660000  -0.3455070000   3.0899890000  -0.5327620000  -1.3140230000   1.8948730000   0.2978650000   1.7057020000   8.1389270000   0.9290550000   2.6468650000   8.5305530000   1.6752660000   3.5793000000   8.8002710000   0.0102550000   0.0263020000   0.0323430000  -0.0102160000  -0.0263060000  -0.0325600000  -0.0160690000  -0.0335830000  -0.0193800000  -0.0412060000  -0.0296060000   0.0075500000   0.0572360000   0.0631930000   0.0120470000
   6.3028854199   6.9866473650 3032  4.89E+00  -1.0733140000   0.0968170000   2.5665170000   0.0095540000  -0.0003730000   1.7485030000   1.0040890000  -0.4013760000   8.6523670000  -0.0264910000   0.2112230000   8.7808100000  -0.9642950000   0.9262490000   8.8629530000   0.0432810000  -0.0038820000  -0.0326470000  -0.0433220000   0.0038860000   0.0327190000   0.0494500000  -0.0197590000  -0.0068680000  -0.0426150000   0.0040000000   0.0073390000  -0.0067940000   0.0157560000  -0.0005430000
   6.3002510440   6.9890969331 3159  4.55E+00  -1.2223710000  -0.6427620000   2.8753720000  -0.2154700000  -1.1954450000   2.0931420000   0.9226230000   3.2324350000   7.3795490000   0.3869730000   2.4530250000   8.1212540000  -0.0599980000   1.6246030000   8.8902330000   0.0252040000  -0.0138110000  -0.0195270000  -0.0252200000   0.0138320000   0.0196130000   0.0272490000   0.0300530000  -0.0279000000  -0.0068060000   0.0195010000  -0.0186530000  -0.0204270000  -0.0495760000   0.0464660000
   6.3012631037   6.9871158692 3250  1.04E+01   0.4581830000   0.0978170000   2.5204180000  -0.8002630000  -0.5214990000   1.7891800000   2.2112960000   1.1620530000   7.8650300000   1.3936900000   1.2303200000   8.6480750000   0.7103100000   1.2003520000   9.5496930000   0.0337410000   0.0166470000   0.0196480000  -0.0339200000  -0.0166460000  -0.0196380000  -0.0626640000  -0.0014950000   0.0828250000  -0.0108220000   0.0066990000  -0.0111780000   0.0736660000  -0.0052050000  -0.0716570000
   6.3044851142   6.9859810748 3298  4.66E+00  -0.4310510000  -1.0352060000   2.9973670000   0.0115950000  -0.5600650000   1.6983550000  -0.1669590000   2.4613500000   9.0497130000   0.0866550000   1.2999280000   8.8305190000   0.0711530000   0.1127950000   8.6516020000   0.0003000000   0.0003670000  -0.0008840000  -0.0002710000  -0.0002440000   0.0008250000  -0.0276680000   0.0531860000   0.0134040000   0.0439110000  -0.0114740000  -0.0111210000  -0.0162720000  -0.0418350000  -0.0022240000
   6.3002454358   6.9886742087 3309  2.77E+00  -1.3814890000   0.2499710000   3.7690970000  -2.1790100000  -0.3319290000   2.7199550000   3.9793010000   0.7977260000   5.8248950000   4.0046440000   0.8434890000   6.9831910000   3.9839700000   0.8987290000   8.1124600000  -0.0036350000  -0.0026200000  -0.0046630000   0.0034600000   0.0025960000   0.0047450000  -0.0009780000   0.0025830000   0.0393020000   0.0022650000   0.0013450000   0.0590700000  -0.0011120000  -0.0039040000  -0.0984540000
   6.3001475064   6.9883808046 3315  3.40E+00  -0.7722010000  -1.0002700000   3.9654750000  -0.7375060000  -2.4270320000   3.4703250000   0.9789360000   5.3584940000   6.4656300000   1.3540630000   4.7121020000   5.5591080000   1.7365100000   3.9760270000   4.7808770000  -0.0005720000   0.0210970000   0.0073590000   0.0004410000  -0.0211820000  -0.0073100000   0.0024150000  -0.0086730000   0.0055890000   0.0252840000  -0.0416320000  -0.0738550000  -0.0275680000   0.0503900000   0.0682170000
