   6.3021439954   6.7628148242  288  3.54E+00  -0.8679220000  -0.7797830000   3.6289190000  -1.0494580000  -1.4494390000   2.2053640000   2.7121630000   3.6863590000   8.2911960000   1.8949720000   2.9127250000   7.9241280000   1.1612220000   2.1027190000   7.5186240000   0.0048750000   0.0180690000   0.0384180000  -0.0049390000  -0.0182010000  -0.0387250000   0.0182810000   0.0097880000   0.0034730000  -0.0376320000  -0.0228840000  -0.0093960000   0.0194150000   0.0132290000   0.0062310000
   6.3010630563   6.7600378595  324  7.30E+00  -0.8025720000  -1.0552150000   3.3241200000  -0.2690460000  -1.3772620000   2.0602530000  -0.2383220000   3.6458490000   8.6032610000   0.5123560000   2.7303500000   8.1866150000   1.2479460000   1.9370240000   7.7534380000   0.0087100000  -0.0052570000  -0.0207160000  -0.0088110000   0.0052800000   0.0206830000  -0.0708020000   0.0927190000   0.0386340000   0.0791570000  -0.1087370000  -0.0435330000  -0.0082530000   0.0159950000   0.0049310000
   6.3000750843   6.7632285245  690  3.63E+00  -1.4164300000  -1.4632630000   3.5460830000  -0.2992070000  -2.2142830000   3.7608160000   0.5984720000   4.0227640000   6.2173740000   0.5440960000   4.3194220000   5.0978040000   0.5766280000   4.5731920000   3.9510740000   0.0430390000  -0.0288810000   0.0082890000  -0.0430400000   0.0289600000  -0.0082610000   0.0047390000   0.0065760000  -0.0324170000  -0.0108890000  -0.0043480000   0.0306230000   0.0061510000  -0.0023070000   0.0017650000
   6.3002241724   6.7634528896  843  2.21E+00  -0.7128500000  -1.4089320000   2.6193100000   0.0336980000  -0.2982700000   1.8885710000   0.6283440000  -0.1064280000   8.7546430000  -0.0445840000   0.8218820000   8.4733440000  -0.7182590000   1.7555190000   8.2886340000  -0.0132250000  -0.0196500000   0.0130050000   0.0132320000   0.0196870000  -0.0128810000   0.0045370000  -0.0055880000   0.0097010000  -0.0148800000   0.0192170000  -0.0204680000   0.0103360000  -0.0136660000   0.0106430000
   6.3045796714   6.7620480707 1036  1.73E+00  -0.6605440000   1.0105500000   2.5215690000   0.0056110000  -0.0085710000   1.7482300000  -0.6108100000   1.1421870000   8.3830680000   0.0211800000   0.2582800000   8.7438730000   0.6085030000  -0.6692640000   9.1641780000   0.0026400000  -0.0040290000  -0.0030210000  -0.0025670000   0.0039440000   0.0030580000   0.0329190000  -0.0535060000   0.0265430000  -0.0286120000   0.0547330000  -0.0309680000  -0.0043790000  -0.0011430000   0.0043890000
   6.3037468488   6.7609063344 1114  8.78E+00   0.2978610000   1.6988890000   3.1233430000   0.4920790000   0.7949470000   1.8529900000  -0.7253090000  -0.3581270000   9.3630860000  -0.8121030000  -1.2514280000   8.5823570000  -1.1413780000  -2.0919480000   7.7442980000  -0.0049290000   0.0230670000   0.0324480000   0.0050130000  -0.0229520000  -0.0324100000  -0.0117130000   0.0253860000   0.0173300000   0.0483150000   0.0298300000   0.0419130000  -0.0366870000  -0.0553320000  -0.0592810000
   6.3030067732   6.7618280689 1301  1.11E+01  -1.6023340000  -1.3236440000   3.5635110000  -0.3892250000  -1.6575740000   2.6291690000   0.7195820000   2.4381490000   7.8939500000   0.6325510000   3.3365920000   7.1711950000   0.8504020000   4.1064760000   6.3686300000  -0.0302450000   0.0083860000   0.0232910000   0.0301930000  -0.0082850000  -0.0233150000   0.0207030000   0.0348400000  -0.0407380000  -0.0254390000   0.0454330000  -0.0275190000   0.0047890000  -0.0803730000   0.0682800000
   6.3011538259   6.7628150726 1513  2.40E+00  -0.3427350000   0.8199790000   3.0477460000  -0.1664320000   0.7764500000   1.6397390000   0.3918070000  -1.7407350000   7.8917640000   0.3342180000  -1.2166170000   8.9721490000   0.2100920000  -0.5877210000   9.9927960000   0.0021310000  -0.0004510000  -0.0171770000  -0.0021660000   0.0006460000   0.0170290000  -0.0014360000  -0.0148940000  -0.0436360000   0.0111140000  -0.0208540000  -0.0015110000  -0.0096430000   0.0355530000   0.0452940000
   6.3006926547   6.7617750219 2109  1.13E+01  -1.1810790000  -0.9508620000   4.3400090000  -1.2352690000  -2.1493810000   3.6658670000   2.5995450000   4.9421700000   4.4975740000   2.3363300000   4.1889540000   5.2933470000   1.8902250000   3.3953100000   5.9482540000  -0.0017510000  -0.0380110000  -0.0214230000   0.0016800000   0.0378780000   0.0212470000  -0.0433190000  -0.0824290000   0.0719860000   0.0031790000  -0.0136270000   0.0208220000   0.0402110000   0.0961880000  -0.0926320000
   6.3013586050   6.7608759442 2210  4.51E+00   0.3636730000  -0.6913930000   2.9050100000  -0.0040490000   0.0099930000   1.5398870000   0.1588760000   0.9889910000   8.2275220000  -0.0650360000   0.2378330000   9.1227160000  -0.1127410000  -0.4862040000  10.0516850000   0.0097030000  -0.0186350000   0.0360530000  -0.0097540000   0.0184480000  -0.0362320000   0.0152560000   0.0156510000  -0.0121980000  -0.0260010000  -0.0110810000   0.0017430000   0.0107960000  -0.0043840000   0.0106330000
   6.3013643303   6.7602617015 2552  2.24E+00  -0.0717810000  -1.1941510000   2.5885190000  -0.0013250000   0.0179520000   1.7919530000   0.4985460000   1.2884620000   8.4129100000  -0.0543150000   0.2786850000   8.7153160000  -0.4466310000  -0.8244170000   8.9331900000   0.0000300000   0.0008410000  -0.0005110000  -0.0000830000  -0.0008630000   0.0005480000   0.0218060000   0.0160050000  -0.0102690000  -0.0225610000   0.0154120000   0.0092310000   0.0008080000  -0.0313960000   0.0010010000
   6.3017605034   6.7616692316 3097  1.15E+00  -0.6650180000   1.4476680000   2.7173770000  -0.5712370000   0.2936480000   1.8700200000   1.6896320000  -1.3027000000   8.5449830000   1.0339570000  -0.3155040000   8.5240020000   0.4289750000   0.6694630000   8.5467340000   0.0006380000  -0.0075940000  -0.0055320000  -0.0005870000   0.0075130000   0.0055840000   0.0129270000  -0.0142220000   0.0043420000  -0.0367970000   0.0472780000  -0.0081420000   0.0238180000  -0.0329750000   0.0037480000
   6.3043789176   6.7644481135 3659  9.34E+00  -0.1783280000  -1.4252540000   3.3012160000   0.4686280000  -1.0109830000   1.8598740000  -0.1462260000   1.2391600000   8.2094070000  -0.8749750000   2.1412190000   8.4529290000  -1.5261410000   2.9799960000   8.9495560000  -0.0210200000  -0.0134040000   0.0465900000   0.0208980000   0.0134590000  -0.0468150000   0.0101800000  -0.0097930000   0.0169100000  -0.0186770000   0.0182320000  -0.0313810000   0.0086190000  -0.0084940000   0.0146960000
   6.3042281178   6.7627660504 3824  5.57E-01   0.0161570000  -0.1616510000   2.9216480000  -0.0031430000  -0.1595470000   1.5142700000  -0.2113180000   1.0719600000   8.1607020000   0.0159960000   0.5379710000   9.1869350000   0.2139900000   0.0188630000  10.1971880000  -0.0003040000  -0.0000470000  -0.0242310000   0.0003620000  -0.0001390000   0.0239500000  -0.0022440000   0.0017910000   0.0001000000   0.0110550000  -0.0206480000   0.0357440000  -0.0088680000   0.0190430000  -0.0355630000
   6.3047158285   6.7615466970 3953  4.62E+00  -0.9409500000   0.8749430000   2.6409900000  -0.3748030000  -0.0409190000   1.8111690000  -0.2060090000   0.9818630000   8.9918550000   0.6988190000   0.2900070000   8.7005650000   1.6125470000  -0.3626590000   8.2660460000   0.0229960000  -0.0372200000  -0.0336960000  -0.0230670000   0.0372570000   0.0337180000  -0.0025930000   0.0049740000  -0.0067020000  -0.0340530000   0.0181960000   0.0310370000   0.0367170000  -0.0232070000  -0.0243560000
