   6.3013891141   6.7097708570  217  5.43E+00  -0.3575540000  -0.0447200000   2.6454350000   0.3994620000  -0.7924230000   1.7604870000   0.1123090000   1.0460670000   8.2070770000  -0.7296890000   1.7673010000   8.6691880000  -1.5370180000   2.2752690000   9.3272170000   0.0209600000  -0.0207230000  -0.0246220000  -0.0211070000   0.0207890000   0.0243920000   0.0253390000  -0.0334360000   0.0022460000  -0.0495260000   0.0612690000   0.0024340000   0.0243330000  -0.0279000000  -0.0044510000
   6.3036282033   6.7079122389  252  5.12E+00  -0.0085750000  -1.9460490000   3.4882210000  -0.1841180000  -1.2268820000   2.2463130000  -0.8246090000   2.7448380000   7.9288950000   0.3156900000   2.5570550000   7.8873840000   1.5076910000   2.2732180000   7.7128630000  -0.0005230000   0.0019840000  -0.0033920000   0.0003930000  -0.0019710000   0.0033860000   0.0327570000  -0.0099970000  -0.0082230000  -0.1238400000   0.0356650000   0.0277420000   0.0912130000  -0.0256810000  -0.0195130000
   6.3011202907   6.7086808878  449  4.81E+00   0.8835370000   1.1563340000   2.3884170000  -0.0114020000  -0.0142750000   1.8686780000  -0.8121700000   1.0681450000   8.4408570000  -0.0238910000   0.2121070000   8.5519490000   0.8313850000  -0.5412560000   8.6573080000   0.0216790000   0.0283260000   0.0126260000  -0.0216610000  -0.0283920000  -0.0125450000   0.0170710000  -0.0059400000   0.0029300000   0.0270400000  -0.0445060000   0.0021280000  -0.0441290000   0.0505110000  -0.0051400000
   6.3018296965   6.7055120876  676  5.38E+00  -0.4379260000  -0.6471730000   3.2059680000  -0.4621440000  -1.0919660000   1.8054010000   1.4767490000   2.9304530000   9.3601790000   0.7421900000   2.3295500000   8.6336290000   0.3017470000   1.5027530000   7.9411810000   0.0001050000   0.0020000000   0.0062120000  -0.0001170000  -0.0020450000  -0.0065470000   0.0367670000  -0.0014940000   0.0192560000  -0.0688870000  -0.0061600000  -0.0416420000   0.0321330000   0.0077000000   0.0227210000
   6.3038720504   6.7064228835 1234  5.87E+00  -0.8472670000   1.1839230000   2.4104360000   0.0080020000  -0.0118440000   1.8490640000   0.4976990000  -0.7814650000   8.7542020000  -0.0493180000   0.2214640000   8.5890890000  -0.4472570000   1.2874480000   8.4126520000  -0.0220720000   0.0308210000   0.0145080000   0.0220730000  -0.0309090000  -0.0144530000  -0.0112460000   0.0456780000  -0.0063560000  -0.0189040000   0.0006580000  -0.0029730000   0.0301500000  -0.0462480000   0.0092740000
   6.3016941183   6.7052234610 1324  2.55E+00  -0.4248480000  -1.2530100000   3.3376190000  -0.3368710000  -2.4790460000   3.9617730000   0.8824530000   5.5536600000   3.8653660000   0.6272490000   4.8008340000   4.7359800000   0.3558570000   3.9899460000   5.5842070000   0.0026860000  -0.0372980000   0.0189220000  -0.0026730000   0.0371800000  -0.0191080000   0.0020930000   0.0059200000  -0.0114150000   0.0094850000   0.0283600000  -0.0213470000  -0.0115910000  -0.0341610000   0.0329480000
   6.3004651709   6.7090695684 1335  6.91E+00   0.7971780000   0.7689850000   2.9613910000   0.0433490000   0.5514440000   1.5908840000  -0.1166520000  -1.6967370000   9.8234540000  -0.0871310000  -0.7878910000   9.0020860000  -0.0846600000   0.1733860000   8.2880700000   0.0200400000   0.0057210000   0.0362850000  -0.0200100000  -0.0058440000  -0.0365050000  -0.0035910000  -0.0607110000   0.0638720000   0.0051070000   0.0252040000  -0.0469030000  -0.0015470000   0.0356300000  -0.0167480000
   6.3002886116   6.7066928320 1815  5.96E+00   0.3425900000  -0.5020760000   2.7362270000   0.0837720000   0.5953670000   1.6180290000  -0.1831280000  -1.4787760000   7.9903460000  -0.1584380000  -0.8457250000   9.0071530000  -0.1378960000  -0.1404400000   9.9959880000   0.0071800000  -0.0302820000   0.0308130000  -0.0071500000   0.0304580000  -0.0310230000  -0.0011980000  -0.0183320000  -0.0351890000   0.0002150000  -0.0274420000  -0.0219030000   0.0009530000   0.0455990000   0.0573010000
   6.3041185224   6.7055325785 2061  7.07E+00   0.1726640000   0.4358030000   2.9999290000   0.4223680000  -0.1002120000   1.4907420000  -0.5913470000   0.5871550000   8.0834710000  -0.8299440000   0.4843610000   9.2236200000  -0.9059040000   0.2099380000  10.3594530000  -0.0077690000   0.0167210000   0.0468890000   0.0078140000  -0.0167700000  -0.0473190000   0.0068880000  -0.0134120000   0.0208590000  -0.0185980000   0.0233680000  -0.0126910000   0.0116640000  -0.0099070000  -0.0077370000
   6.3021433253   6.7089001638 2447  3.84E+00   1.2965270000  -0.3936490000   2.9741670000   0.3215350000  -0.6506760000   1.7637760000  -1.3065850000   1.7340400000   7.8194920000  -0.5791160000   1.4347040000   8.7061910000   0.0538160000   1.1510440000   9.6498850000   0.0254790000   0.0066810000   0.0316140000  -0.0253210000  -0.0067820000  -0.0316240000  -0.0156120000   0.0053230000  -0.0055410000   0.0240360000  -0.0074820000   0.0045360000  -0.0085820000   0.0022600000   0.0010150000
   6.3025761103   6.7060998235 2529  8.16E+00   1.0277480000  -0.2232270000   2.4645130000   0.5362630000   0.9565920000   1.9824900000  -0.7693770000  -0.6261420000   9.1705050000  -0.9577640000  -1.4529960000   8.3183900000  -1.2546110000  -2.3588160000   7.5297970000  -0.0181750000   0.0437240000  -0.0178120000   0.0182330000  -0.0435860000   0.0178880000   0.0024750000   0.0326830000   0.0424150000   0.0265820000   0.0417930000   0.0133940000  -0.0291150000  -0.0746140000  -0.0558850000
   6.3037272365   6.7063936113 2790  1.17E+01  -1.1260310000  -1.4776080000   3.2917090000  -0.4167920000  -1.1716930000   2.2529520000   0.0480180000   1.6728900000   8.3083640000   0.7918610000   2.4168440000   7.8624760000   1.5100370000   3.1452810000   7.3313190000   0.0604940000   0.0261090000  -0.0885620000  -0.0604440000  -0.0260560000   0.0885660000   0.0462210000   0.0475580000  -0.0337900000  -0.0129970000  -0.0150980000   0.0158200000  -0.0332730000  -0.0325130000   0.0179660000
   6.3044080346   6.7092864784 2916  6.96E-01  -0.6813470000  -0.5531990000   2.7500280000  -0.7082500000   0.4758700000   1.7678650000   2.0623570000  -1.4293190000   9.0893450000   1.3187540000  -0.5748870000   8.7287140000   0.5277590000   0.2067980000   8.3568260000  -0.0002580000   0.0112220000  -0.0107620000   0.0003330000  -0.0113140000   0.0106430000   0.0137010000  -0.0237110000   0.0080380000  -0.0150880000   0.0324070000  -0.0107710000   0.0013110000  -0.0086040000   0.0028520000
   6.3016668069   6.7070663489 3445  5.68E+00  -0.4177170000   0.5475080000   2.7379660000   0.0046040000  -0.0032630000   1.5782330000  -0.4957970000   0.8850160000   8.2073580000   0.0141300000   0.1923230000   9.0147770000   0.4885150000  -0.3599130000   9.9718930000   0.0191310000  -0.0249590000  -0.0525040000  -0.0190340000   0.0248090000   0.0523450000  -0.0047800000   0.0122540000   0.0071080000  -0.0121010000   0.0012940000  -0.0550900000   0.0167840000  -0.0133980000   0.0481410000
   6.3040867752   6.7080754941 3762  1.29E+01   0.2082890000   1.1257370000   2.4316950000  -0.7560080000   0.1952130000   1.8348400000   2.1741700000  -0.2707460000   7.8510860000   1.3236370000  -0.0252180000   8.5286460000   0.5947470000  -0.0685180000   9.4308470000   0.0036380000   0.0035750000   0.0023480000  -0.0037500000  -0.0035090000  -0.0022160000  -0.1111570000   0.0106050000   0.1179590000   0.0680410000   0.0118990000  -0.0976200000   0.0432280000  -0.0225700000  -0.0204720000
   6.3006574155   6.7053293043 3926  3.59E+00  -0.6466700000  -0.4586220000   3.0743560000  -0.3243260000  -0.7853680000   1.6605420000   1.1949280000   2.1620460000   9.8175290000   0.6928780000   1.6721430000   8.8504910000  -0.0545690000   1.2215730000   8.0527920000  -0.0028820000   0.0029220000   0.0126530000   0.0029910000  -0.0029910000  -0.0129690000  -0.0017290000   0.0161960000   0.0379620000   0.0206660000  -0.0171110000  -0.0465290000  -0.0190460000   0.0009830000   0.0088830000
