   6.3127667282   6.0346617354  333  3.08E+00   0.7806330000  -1.2158180000   2.2219280000  -0.0095570000   0.0156960000   1.9975780000  -0.9570350000  -0.3504980000   8.7380630000   0.0377890000   0.2135570000   8.3257050000   0.9272140000   0.8760710000   7.8966760000   0.0059260000  -0.0092940000   0.0017220000  -0.0060280000   0.0091920000  -0.0017370000  -0.0625390000  -0.0261700000   0.0234680000   0.0486120000   0.0053600000  -0.0146340000   0.0140300000   0.0209110000  -0.0088200000
   6.3142961553   6.0327860655  554  5.30E+00  -1.2518610000  -0.2719610000   2.0674440000   0.3272160000  -0.2932240000   2.0454660000  -1.1372010000  -0.1361090000   8.7373720000  -0.5314600000   0.7915040000   8.2497090000  -0.0191600000   1.7111700000   7.7249850000  -0.0420140000   0.0005500000   0.0006200000   0.0419840000  -0.0006730000  -0.0006250000  -0.0359560000  -0.0466300000   0.0232230000   0.0398580000   0.0435140000  -0.0208940000  -0.0038720000   0.0032400000  -0.0023240000
   6.3145498858   6.0333680155 1000  1.68E+00  -0.7419950000   1.2116980000   2.1003530000   0.0121500000  -0.0190140000   2.0351210000   1.1090990000   0.0200840000   7.9678020000   0.0187500000   0.3049930000   8.3029890000  -1.1371060000   0.4572510000   8.5041470000   0.0022900000  -0.0037460000  -0.0001620000  -0.0023780000   0.0037910000   0.0001310000  -0.0059970000  -0.0082480000  -0.0063990000   0.0228810000   0.0152680000   0.0117830000  -0.0167960000  -0.0070650000  -0.0053530000
   6.3113262253   6.0313007301 1024  5.93E+00  -2.0374470000   0.0106670000   2.9985650000  -0.8804680000  -0.7091880000   2.2225110000   1.2458380000   1.1832570000   8.9762090000   1.6330880000   1.5374590000   7.9004950000   2.0538450000   1.8914350000   6.8054310000  -0.0290440000   0.0180170000   0.0194990000   0.0288140000  -0.0182070000  -0.0195330000  -0.0130760000  -0.0137450000   0.0419030000  -0.0171250000  -0.0099690000   0.0292330000   0.0304310000   0.0239040000  -0.0711030000
   6.3131156601   6.0325606958 1341  3.75E-01  -1.1347370000  -0.3066480000   2.6412410000   0.0159280000   0.0051170000   1.7172520000  -0.4383470000   0.1038270000   9.9090500000   0.0040310000   0.2256980000   8.8279400000   0.4272630000   0.4081790000   7.7222610000  -0.0165430000  -0.0044990000   0.0131210000   0.0163700000   0.0043990000  -0.0136040000  -0.0037970000   0.0030640000   0.0053240000  -0.0078290000  -0.0123930000   0.0276350000   0.0118000000   0.0094300000  -0.0324760000
   6.3122367976   6.0349542137 1413  2.73E+00   1.7493320000   0.7012050000   2.4133760000   0.5713080000  -0.1639440000   2.1119750000  -2.0924680000   0.5353520000   7.4818870000  -1.0451040000   0.5719220000   8.0718870000  -0.0864430000   0.4975790000   8.7600030000   0.0124710000   0.0091640000   0.0032700000  -0.0123370000  -0.0091460000  -0.0031880000  -0.0447500000  -0.0079790000  -0.0139900000   0.0373600000   0.0156720000  -0.0024890000   0.0072560000  -0.0077110000   0.0163960000
   6.3131737930   6.0334576529 1641  3.67E+00  -0.8520050000  -1.1723230000   2.2563940000   0.0166340000   0.0137190000   1.9689890000  -0.2035340000   1.3541950000   8.8191240000  -0.0480740000   0.2595640000   8.3522580000   0.2102280000  -0.8560300000   7.9362890000  -0.0103750000  -0.0140880000   0.0033870000   0.0103030000   0.0142980000  -0.0035070000  -0.0007380000   0.0446590000   0.0231960000  -0.0199090000   0.0205860000  -0.0039990000   0.0207190000  -0.0654550000  -0.0190770000
   6.3138217106   6.0302063670 1667  5.15E+00   1.3410090000   0.3863100000   2.3576220000   0.1308190000  -0.3753790000   1.9504950000   0.1790260000   0.2507130000   9.1934550000  -0.3046520000   0.9188820000   8.4298960000  -0.6881510000   1.5975560000   7.5896620000   0.0111810000   0.0069570000   0.0037290000  -0.0110520000  -0.0072080000  -0.0039110000  -0.0424960000   0.0707330000  -0.0850600000   0.0101250000  -0.0284960000   0.0353890000   0.0322410000  -0.0419870000   0.0498530000
   6.3135714494   6.0312684726 1714  3.86E+00   0.9837060000   1.2916870000   2.4491570000   1.0872790000  -0.0491320000   2.1823430000  -1.4491530000   0.5291980000   9.0073090000  -1.9620910000   0.3029270000   7.9451390000  -2.5700240000   0.0950680000   6.9760410000   0.0035860000  -0.0459830000  -0.0091090000  -0.0033740000   0.0460120000   0.0091350000   0.0125810000   0.0095860000   0.0462780000  -0.0187110000  -0.0152360000  -0.0749330000   0.0059180000   0.0056210000   0.0286290000
   6.3148749951   6.0332235857 2126  2.20E+00   1.3181500000  -0.4797500000   2.1105890000  -0.0118830000   0.0083050000   2.0172170000  -0.5515430000  -0.7262760000   8.7088730000  -0.0278880000   0.2421250000   8.2379640000   0.5487780000   1.2209360000   7.9006660000  -0.0161250000   0.0058820000  -0.0011040000   0.0160300000  -0.0060180000   0.0011490000  -0.0144570000  -0.0319320000   0.0251470000   0.0028940000   0.0168730000  -0.0303650000   0.0116590000   0.0151950000   0.0051740000
   6.3110552887   6.0301624856 2211  6.96E+00  -1.1339500000  -1.3846450000   2.4565970000   0.0672400000  -0.5626180000   2.1834260000  -1.0608960000   0.7412570000   8.2395060000  -0.0540530000   1.3136120000   8.0586190000   0.8371010000   1.8573810000   7.6527750000  -0.0091910000  -0.0063010000   0.0020910000   0.0092340000   0.0062820000  -0.0021320000   0.0082240000   0.0081190000  -0.0190580000   0.1054710000   0.0575110000  -0.0125630000  -0.1137380000  -0.0656110000   0.0316630000
   6.3121699614   6.0300088230 2243  9.61E-01   1.3453660000  -0.2327970000   2.9156300000   0.4583450000  -0.1920500000   1.7404020000  -0.5911840000   0.4734830000   7.6409580000  -0.9046680000   0.5406360000   8.7622220000  -1.1035290000   0.7821510000   9.9067800000   0.0049430000  -0.0002550000   0.0063020000  -0.0048270000   0.0001670000  -0.0068200000   0.0008530000   0.0131670000   0.0259510000  -0.0048320000  -0.0291210000  -0.0483650000   0.0038630000   0.0160420000   0.0229320000
   6.3146317214   6.0342206054 2540  4.42E+00  -0.3808490000  -2.4432270000   3.8753660000  -0.8006030000  -1.3714180000   2.7807270000   2.1813180000   3.4830130000   6.2405660000   1.4868770000   2.7863600000   6.8816250000   0.7248910000   2.1160790000   7.4628260000   0.0116750000  -0.0297370000   0.0303360000  -0.0115850000   0.0297590000  -0.0304720000  -0.0049810000   0.0017130000  -0.0025350000  -0.0000170000  -0.0126330000   0.0120810000   0.0049080000   0.0108980000  -0.0094100000
   6.3109910542   6.0315067975 2790  1.68E+01   0.4933530000  -0.9905080000   1.9622170000  -0.4617310000  -1.3900860000   2.7044400000   1.4258430000   3.6598370000   6.4252960000   0.8192260000   2.7755950000   7.0158180000   0.2340820000   1.9490390000   7.6788910000  -0.0986500000  -0.0412340000   0.0767090000   0.0986970000   0.0413310000  -0.0767170000   0.0423910000   0.0637250000  -0.0351490000  -0.0134310000  -0.0250360000  -0.0044900000  -0.0290070000  -0.0387870000   0.0396470000
   6.3140365199   6.0332641126 2807  7.26E+00   1.3797100000   0.5724230000   1.9987660000  -0.0705120000  -0.0660710000   2.1209840000   0.6504800000   1.4004090000   8.0281770000   0.1423210000   0.3302160000   8.1856280000  -0.4920920000  -0.6667150000   8.1094540000   0.0403950000   0.0177590000  -0.0033940000  -0.0403730000  -0.0177980000   0.0033380000   0.0050390000   0.0322460000  -0.0172580000   0.0102770000  -0.0253980000   0.0314760000  -0.0153390000  -0.0068090000  -0.0141620000
   6.3142504011   6.0337644400 3199  2.75E+00  -1.4870050000  -0.4055160000   3.1479610000  -0.7227480000  -1.1343720000   2.1247330000   1.6155260000   2.6874940000   9.1506630000   1.4492840000   2.2766330000   8.0524530000   0.9997640000   1.9820020000   6.9958190000  -0.0037500000   0.0033950000   0.0047830000   0.0035790000  -0.0037360000  -0.0052000000  -0.0159980000   0.0134390000   0.0182570000   0.0371950000  -0.0195710000  -0.0144070000  -0.0210250000   0.0064730000  -0.0034330000
   6.3114913683   6.0305919166 3317  1.37E+00  -1.6706220000  -0.8492690000   3.2468810000  -0.5463750000  -1.5140090000   2.4479330000   1.0698610000   2.8229020000   6.3140710000   0.9987160000   2.9948990000   7.4814920000   1.0143910000   3.2313510000   8.6406570000  -0.0213630000   0.0125200000   0.0151490000   0.0211670000  -0.0128770000  -0.0152540000   0.0068370000   0.0042660000  -0.0085330000  -0.0125800000  -0.0122610000  -0.0103510000   0.0059390000   0.0083520000   0.0189900000
   6.3128836692   6.0330227398 3493  5.80E+00  -1.0459350000   1.1162910000   2.1419090000  -0.5981880000  -0.2754640000   2.1769690000   2.3020810000   0.5461750000   7.8812830000   1.1172420000   0.6787240000   8.0564420000  -0.0873980000   0.9373880000   8.0647060000  -0.0010860000   0.0034380000  -0.0001110000   0.0011970000  -0.0035030000   0.0000200000   0.0544000000   0.0007880000  -0.0161810000   0.0327030000  -0.0263670000   0.0229940000  -0.0872140000   0.0256450000  -0.0067220000
   6.3125543323   6.0308132934 3713  2.44E+00  -1.7253940000  -0.0203360000   2.9331860000  -0.8648930000  -0.9776540000   2.2513260000   2.6552710000   2.5516230000   8.0974060000   1.6236060000   1.9811550000   7.8957030000   0.5540860000   1.5327280000   7.5480410000  -0.0006220000   0.0006430000   0.0003590000   0.0006570000  -0.0007830000  -0.0007690000   0.0350250000   0.0277740000  -0.0007990000   0.0163850000  -0.0146330000   0.0240610000  -0.0514450000  -0.0130010000  -0.0228510000
   6.3105409816   6.0336764225 3834  2.71E+00   1.6732320000   0.3754570000   3.0078850000   0.8574400000  -0.2182430000   1.9483910000  -2.5427290000   0.3556130000   9.0932950000  -1.5995490000   0.6713430000   8.3953040000  -0.6441760000   0.8943910000   7.6853280000   0.0021790000   0.0015280000   0.0026460000  -0.0021630000  -0.0016590000  -0.0030860000  -0.0572280000  -0.0243310000   0.0424960000   0.0092180000   0.0179960000  -0.0077170000   0.0479950000   0.0064660000  -0.0343390000
   6.3130301390   6.0317126030 3834  2.84E+00   1.6662770000   0.3697320000   3.0015790000   0.8579150000  -0.2182260000   1.9480160000  -2.5423720000   0.3568620000   9.0980800000  -1.5992400000   0.6713270000   8.3960010000  -0.6466990000   0.8934270000   7.6822920000  -0.0005160000  -0.0004320000  -0.0008540000   0.0005320000   0.0003020000   0.0004160000  -0.0594520000  -0.0249050000   0.0443110000   0.0118000000   0.0185940000  -0.0094120000   0.0476360000   0.0064410000  -0.0344620000
   6.3115879003   6.0301350748 3938  3.37E+00  -0.4624140000  -1.7850290000   2.8392880000  -0.2869240000  -0.6142620000   2.0799880000   1.3873360000   0.7442340000   7.7114950000   0.5099430000   1.3567570000   8.2262950000  -0.3080480000   2.1051630000   8.5473950000   0.0030160000   0.0205500000  -0.0133420000  -0.0032670000  -0.0205430000   0.0131720000   0.0134380000   0.0038700000  -0.0165070000  -0.0472090000   0.0137390000   0.0409370000   0.0340220000  -0.0176170000  -0.0242600000
