   6.3144827508   6.3561968906  610  3.92E+00  -0.4394170000  -0.8857340000   3.0730540000   0.2334340000  -1.9431650000   2.5502240000  -0.3208570000   4.4501130000   8.2875050000  -0.4759980000   3.8207170000   7.2826470000  -0.4599540000   3.1298040000   6.3165800000   0.0279060000  -0.0440020000  -0.0217750000  -0.0278730000   0.0436150000   0.0215480000   0.0157380000   0.0179410000   0.0368080000  -0.0263810000  -0.0038840000  -0.0241220000   0.0106100000  -0.0136690000  -0.0124590000
   6.3145567542   6.3567223742  899  3.67E+00   0.0766740000  -0.2664140000   2.5907520000   0.8694200000  -1.3615560000   2.2379070000  -1.5271030000   3.6042880000   8.6149610000  -1.6021890000   2.6831670000   7.9156950000  -1.6170670000   1.8858690000   7.1040690000   0.0171890000  -0.0236880000  -0.0077410000  -0.0169770000   0.0235450000   0.0074300000   0.0020740000  -0.0188500000  -0.0297820000  -0.0072420000  -0.0537900000  -0.0265290000   0.0049560000   0.0727830000   0.0566220000
   6.3127379027   6.3565320896 1223  4.71E+00  -0.5665740000  -0.4134560000   1.7822770000   0.7902350000  -0.8679120000   2.3937480000  -0.6745010000   1.2418410000   8.2556190000  -1.4467980000   1.8252930000   7.6187030000  -2.1503240000   2.4362020000   6.9589910000  -0.0315010000   0.0105460000  -0.0141630000   0.0314860000  -0.0105450000   0.0142290000  -0.0207320000   0.0218730000  -0.0213270000  -0.0296350000   0.0151030000  -0.0213740000   0.0503810000  -0.0369760000   0.0426350000
   6.3136939651   6.3568091866 1545  2.36E+00  -1.1981250000  -0.5572070000   2.4246260000   0.0147440000   0.0049790000   1.8488570000  -0.5848160000  -0.6332240000   8.1450660000   0.0407670000   0.2260500000   8.5658300000   0.5560640000   1.1614440000   9.0393890000  -0.0004160000  -0.0001680000   0.0001730000   0.0005200000   0.0002830000  -0.0002190000   0.0316600000   0.0600680000   0.0325140000  -0.0160330000  -0.0517770000  -0.0302200000  -0.0157310000  -0.0084060000  -0.0022480000
   6.3111679885   6.3584397789 1572  1.32E+00   0.5196830000   0.6025170000   2.8037550000  -0.1565550000   0.2862880000   1.5812310000   0.4070020000  -0.1327190000  10.2450070000   0.2451370000  -0.2511780000   9.0508880000   0.1581080000  -0.4588000000   7.8880200000  -0.0049870000  -0.0022800000  -0.0091910000   0.0049950000   0.0024100000   0.0087980000   0.0131230000   0.0010620000   0.0664150000  -0.0163050000   0.0073540000  -0.0530340000   0.0031750000  -0.0085470000  -0.0129870000
   6.3104330951   6.3575861837 1949  3.03E+00  -0.7272680000  -1.3584440000   3.4501580000  -0.5254680000  -1.0641320000   1.9967850000   1.0348950000   1.9995210000   9.4191230000   0.9555190000   2.2891200000   8.3168890000   0.9179370000   2.3698340000   7.1488100000  -0.0023850000  -0.0035160000   0.0168480000   0.0022550000   0.0032050000  -0.0170540000  -0.0015970000   0.0024400000  -0.0709900000  -0.0024960000   0.0133220000   0.0550520000   0.0042240000  -0.0154520000   0.0161430000
   6.3128389730   6.3565194616 2093  1.31E+01   1.5159910000   0.5951200000   2.2379010000  -0.1197120000   0.5356420000   2.0438700000  -0.2687510000   0.3406650000   8.5623000000   0.1124310000  -0.7667530000   8.2401720000   0.6867120000  -1.7900100000   7.9044470000   0.0549680000   0.0020120000   0.0065380000  -0.0550320000  -0.0019900000  -0.0064910000  -0.0108890000   0.0664270000   0.0185280000  -0.0346240000  -0.0081570000   0.0012150000   0.0455770000  -0.0582920000  -0.0197900000
   6.3137384689   6.3593882070 2520  5.33E+00   0.3373010000  -1.3114480000   2.7062410000  -0.0295370000  -0.1014570000   1.7438320000   0.8738680000   0.7338120000   7.9830630000   0.0244710000   0.4377950000   8.7647540000  -0.7659750000   0.2145400000   9.5588390000   0.0101340000  -0.0337300000   0.0267500000  -0.0103530000   0.0335950000  -0.0269660000   0.0194130000   0.0106950000  -0.0110000000  -0.0667130000  -0.0279220000   0.0534270000   0.0475190000   0.0173620000  -0.0422110000
   6.3130112773   6.3592057017 2659  3.48E+00   0.4853630000   0.2134700000   2.2937920000  -0.3157610000  -1.0569350000   1.9914960000   0.4032760000   1.8977330000   9.4822360000   0.6057660000   2.1137650000   8.3128030000   0.6883820000   2.4682880000   7.1880330000   0.0152660000   0.0241330000   0.0056750000  -0.0153110000  -0.0243980000  -0.0058240000  -0.0164940000  -0.0012700000   0.0569150000   0.0227910000  -0.0111870000  -0.0505200000  -0.0062520000   0.0127220000  -0.0062450000
   6.3145558954   6.3575648117 2700  7.31E+00  -0.9817880000   0.4417880000   2.8804740000  -0.7475260000  -0.7328740000   1.8162590000   1.6379600000   1.6052170000   9.8216160000   1.3901150000   1.5583350000   8.6251250000   1.1136680000   1.5449370000   7.4524070000  -0.0069630000   0.0343920000   0.0310480000   0.0067950000  -0.0345760000  -0.0314100000   0.0158250000   0.0051870000   0.0849710000  -0.0026080000  -0.0068150000  -0.0361000000  -0.0130500000   0.0018120000  -0.0485090000
   6.3125434418   6.3585382115 2864  4.96E+00  -0.2934850000  -0.4833160000   2.8067810000   0.0048700000   0.0104770000   1.5802980000  -0.2934270000   0.1165800000  10.2031410000  -0.0597470000   0.2958570000   9.0666900000   0.3324480000   0.3271210000   7.9224930000   0.0127620000   0.0211820000  -0.0528590000  -0.0128940000  -0.0212410000   0.0523820000   0.0088500000  -0.0097800000   0.0042530000  -0.0353500000   0.0174360000   0.0434550000   0.0266300000  -0.0075960000  -0.0472300000
   6.3106830842   6.3573670730 2928  2.73E+00  -1.2788610000   0.4301170000   2.5102090000   0.0152770000  -0.0101120000   1.7974380000  -0.0469820000  -0.7849540000   8.1071020000  -0.0053530000   0.2698830000   8.6889810000   0.0552780000   1.2934300000   9.2363110000  -0.0269960000   0.0092520000   0.0148630000   0.0269950000  -0.0090400000  -0.0150110000  -0.0003170000  -0.0436780000  -0.0230890000   0.0000140000   0.0613900000   0.0332050000   0.0003040000  -0.0179240000  -0.0099680000
   6.3113319772   6.3552653446 2961  3.07E+00   0.0985330000  -1.2625190000   2.5907280000  -0.0049940000   0.0122780000   1.7903540000   1.0366580000   0.2864390000   9.2814690000  -0.0173620000   0.1940730000   8.7305830000  -1.0048900000   0.2737710000   8.0610180000   0.0015490000  -0.0183930000   0.0115280000  -0.0013760000   0.0183410000  -0.0116670000   0.0337140000   0.0131850000   0.0090230000  -0.0106740000  -0.0260280000   0.0148650000  -0.0232130000   0.0128950000  -0.0237490000
   6.3146027261   6.3570002185 3009  2.41E+00   1.4464300000  -0.7383150000   3.2182950000   1.2409860000   0.1366540000   2.0303300000  -2.0862790000   0.4614820000   9.2993230000  -2.3011880000  -0.0512650000   8.2539210000  -2.4751420000  -0.3712880000   7.1629550000   0.0021150000  -0.0086770000   0.0117930000  -0.0018720000   0.0087220000  -0.0118950000   0.0048420000   0.0191010000   0.0090230000  -0.0152320000  -0.0481680000  -0.0606960000   0.0101470000   0.0290230000   0.0517750000
   6.3119873233   6.3571394326 3460  1.98E+00   1.1401030000  -0.0742740000   3.1307720000   0.8337290000  -0.5160470000   1.7887000000  -1.4986090000   1.0179580000   7.5001140000  -1.6113940000   1.1590660000   8.6759790000  -1.5273960000   1.3815530000   9.8576040000  -0.0007550000  -0.0012730000  -0.0038600000   0.0009790000   0.0011520000   0.0035210000   0.0131990000   0.0025450000  -0.0210790000  -0.0288940000  -0.0175490000  -0.0332680000   0.0154710000   0.0151250000   0.0546860000
   6.3104587997   6.3599135186 3738  1.36E+00  -0.8284280000  -1.5260040000   3.2516680000  -0.9152080000  -0.6948860000   2.0583900000   2.8232700000   1.7605250000   8.4778630000   1.6873670000   1.5181910000   8.1736130000   0.5329930000   1.3540250000   7.9024620000   0.0001150000  -0.0006700000   0.0008630000   0.0000080000   0.0005820000  -0.0010770000   0.0462660000   0.0148790000   0.0151310000  -0.0089170000  -0.0148600000  -0.0098920000  -0.0374730000   0.0000690000  -0.0050250000
   6.3107380321   6.3576415126 3882  3.68E+00  -1.4190020000  -1.3141490000   3.6855830000  -0.9071710000  -1.2072500000   2.3479220000   2.2468930000   2.3280500000   6.5873960000   1.6985010000   2.4743090000   7.6547360000   1.0980810000   2.6142620000   8.7091170000   0.0030420000   0.0006420000  -0.0079850000  -0.0032070000  -0.0007310000   0.0079990000   0.0251400000  -0.0065470000  -0.0522430000   0.0174340000  -0.0027670000  -0.0177380000  -0.0424100000   0.0094040000   0.0699680000
