   6.3154181655   6.7025942812  252  7.68E+00  -0.0093720000  -1.9411340000   3.4689110000  -0.1836560000  -1.2267150000   2.2466560000  -0.8246530000   2.7467120000   7.9313990000   0.3066020000   2.5568850000   7.8907310000   1.5123020000   2.2703260000   7.7073520000  -0.0017180000   0.0068540000  -0.0116970000   0.0015630000  -0.0068450000   0.0116840000   0.0507200000  -0.0128780000  -0.0093030000  -0.1588260000   0.0421830000   0.0321340000   0.1082600000  -0.0293130000  -0.0228170000
   6.3192247252   6.7006041913  779  3.05E+00   1.0806490000   0.3755300000   2.4341240000  -0.1371880000  -0.0200010000   1.7567410000   1.2794730000   0.5149040000   8.2839950000   0.1760660000   0.3252540000   8.6880670000  -0.7945770000   0.0048340000   9.2681530000  -0.0023260000  -0.0007400000  -0.0012720000   0.0021510000   0.0007300000   0.0012890000   0.0270530000  -0.0052880000   0.0065550000  -0.0361040000   0.0135890000  -0.0185450000   0.0092260000  -0.0082910000   0.0119730000
   6.3152588093   6.7037820112  905  6.07E+00  -0.9072040000   0.0947350000   2.8541070000  -0.1399220000  -0.4561370000   1.6894790000  -0.2937050000   0.4876680000   9.6648160000   0.3407530000   1.1363360000   8.9565790000   0.7938640000   1.6190510000   7.9952170000  -0.0094850000   0.0067200000   0.0142690000   0.0093760000  -0.0068710000  -0.0144510000   0.0184890000   0.0204240000  -0.0541450000   0.0074750000   0.0050700000   0.0450500000  -0.0258560000  -0.0253440000   0.0092760000
   6.3199001597   6.7006918729 1114  4.43E+00   0.3072720000   1.5833880000   3.0474630000   0.4903050000   0.7933130000   1.8564880000  -0.7386220000  -0.3802800000   9.3890410000  -0.8168290000  -1.2569750000   8.5800820000  -1.1162500000  -2.0501950000   7.7073610000   0.0008260000  -0.0034430000  -0.0051780000  -0.0007410000   0.0035640000   0.0051970000  -0.0104380000   0.0329630000   0.0232840000   0.0395050000   0.0051110000   0.0255160000  -0.0291520000  -0.0381940000  -0.0488190000
   6.3166877316   6.7006301295 1153  6.21E+00  -0.4247980000   1.0311240000   2.4961300000   0.0033950000  -0.0124610000   1.7435530000  -1.0890920000   0.5159470000   8.3333710000   0.0235210000   0.2229920000   8.7448480000   1.0812440000   0.0015970000   9.2381080000   0.0182910000  -0.0444510000  -0.0320500000  -0.0181240000   0.0444010000   0.0320310000  -0.0707960000   0.0218830000  -0.0185820000   0.0471580000  -0.0203450000   0.0007310000   0.0234700000  -0.0014870000   0.0178700000
   6.3161555392   6.7026195354 1253  1.43E+01   0.7964690000  -0.6559020000   3.3156600000   1.0856710000  -0.2190760000   1.6882590000  -2.3528200000   0.7216960000   9.9704640000  -1.9738960000   0.6682790000   8.8352110000  -1.6376680000   0.5997450000   7.7576960000  -0.0106740000  -0.0163280000   0.0604780000   0.0108400000   0.0162480000  -0.0607390000  -0.0152540000   0.0007380000   0.0406720000   0.0479100000  -0.0058730000  -0.1391260000  -0.0328210000   0.0052160000   0.0987150000
   6.3159385916   6.7049942021 1799  2.96E+00   0.3815490000   0.8311320000   2.6650280000  -0.0041590000  -0.0109940000   1.6294910000   0.6621800000  -0.4153040000   8.2890310000  -0.0026520000   0.3014870000   8.9469820000  -0.6634550000   0.8791930000   9.6897150000  -0.0097630000  -0.0211470000  -0.0260880000   0.0096310000   0.0213020000   0.0259680000  -0.0010680000  -0.0083580000   0.0093380000  -0.0279750000   0.0432390000   0.0166260000   0.0291740000  -0.0350360000  -0.0258450000
   6.3189273983   6.7033307528 2023  2.19E+00   1.2693540000  -0.3762670000   2.6433770000   0.1594890000   0.1973170000   1.7709810000  -0.6937160000  -1.1969630000   8.9939520000  -0.3248670000  -0.0898740000   8.7511820000   0.0610940000   0.9903630000   8.4265080000   0.0194400000  -0.0100880000   0.0153140000  -0.0194780000   0.0099900000  -0.0153210000  -0.0093460000  -0.0324050000   0.0027480000  -0.0013880000   0.0063020000   0.0089800000   0.0107710000   0.0262010000  -0.0117210000
   6.3177453699   6.7034248260 2061  6.73E+00   0.1982520000   0.4575850000   2.9936470000   0.4223010000  -0.1003960000   1.4905290000  -0.5966570000   0.5835070000   8.0806660000  -0.8242050000   0.4851050000   9.2280460000  -0.9061770000   0.2125730000  10.3603910000  -0.0069210000   0.0173020000   0.0464080000   0.0069730000  -0.0173500000  -0.0468480000   0.0075210000  -0.0127360000   0.0118040000  -0.0184570000   0.0215090000   0.0025540000   0.0108820000  -0.0087250000  -0.0139190000
   6.3168121295   6.7011350195 2068  3.89E+00  -0.5201080000  -0.0868870000   2.9554380000   0.0065860000  -0.0000350000   1.4724840000   0.2211820000   0.5155220000   8.1503100000   0.0083120000   0.2411500000   9.2415560000  -0.2275460000  -0.0032310000  10.3731380000  -0.0138100000  -0.0023200000   0.0386020000   0.0137340000   0.0022250000  -0.0389080000  -0.0135760000  -0.0133650000   0.0669370000   0.0176150000   0.0138170000  -0.0813880000  -0.0039630000  -0.0003560000   0.0147580000
   6.3199844677   6.7034833450 2124  2.07E+00   0.5191770000  -0.1299850000   2.9432800000  -0.0050620000   0.0037410000   1.4825970000   0.0458380000  -0.2477440000   8.1811680000  -0.0038150000   0.2440300000   9.2304730000  -0.0504030000   0.7417310000  10.3008570000   0.0123040000  -0.0030880000   0.0340640000  -0.0122920000   0.0031850000  -0.0344000000  -0.0012590000   0.0142010000   0.0329350000   0.0016120000  -0.0206820000  -0.0473440000  -0.0003650000   0.0063830000   0.0147450000
   6.3192477012   6.7038237716 2233  3.27E+00  -1.0268510000   0.9271210000   2.3892450000   0.0118700000  -0.0124700000   1.8707290000   0.4044520000   1.3251000000   8.4280180000  -0.0135750000   0.2503980000   8.5899070000  -0.3888460000  -0.8215310000   8.6313540000  -0.0113100000   0.0101970000   0.0056680000   0.0112820000  -0.0102550000  -0.0056310000  -0.0070130000  -0.0262940000  -0.0033950000  -0.0244660000  -0.0545080000   0.0142010000   0.0315070000   0.0808600000  -0.0108430000
   6.3167731938   6.7049822715 2393  1.57E+00   0.4968470000   1.5553280000   3.0256860000   1.5553430000   0.8764500000   2.4058980000  -2.0787050000  -0.5276520000   7.8629100000  -2.8143250000  -1.3917900000   7.5259370000  -3.6076540000  -2.2150550000   7.2823220000   0.0206060000  -0.0132740000  -0.0121230000  -0.0206580000   0.0131680000   0.0119890000   0.0024820000   0.0106610000   0.0108870000  -0.0044250000  -0.0194460000  -0.0194110000   0.0019950000   0.0088920000   0.0086580000
   6.3177271729   6.7024082941 2619  2.71E+00  -0.5892660000  -0.2720140000   3.0721110000  -0.6134870000  -0.5131830000   1.6431520000   1.4647970000   0.7666370000   7.8853530000   1.1497240000   1.1049050000   8.9876570000   0.7731390000   1.6716920000   9.9689860000  -0.0001360000  -0.0004090000  -0.0024050000  -0.0000720000   0.0003540000   0.0021410000   0.0047150000   0.0059330000  -0.0333400000   0.0103360000  -0.0368470000   0.0114690000  -0.0148440000   0.0309680000   0.0221350000
   6.3163942536   6.7046989967 2690  7.74E+00   0.4309500000   0.5233020000   2.4930970000  -0.7502610000   0.3795990000   1.8228220000   0.9393360000   0.3310320000   9.4231640000   1.2682930000  -0.5205920000   8.6661010000   1.8283980000  -1.1813300000   7.8117290000  -0.0439510000  -0.0052960000  -0.0249290000   0.0437890000   0.0054130000   0.0248780000   0.0084150000   0.0261590000   0.0079230000  -0.0505180000  -0.0046230000   0.0387950000   0.0422650000  -0.0216520000  -0.0466660000
   6.3180639071   6.7025165055 2875  5.60E+00  -1.1760260000  -0.6335130000   2.7678810000  -0.1000740000  -0.1088310000   1.7501350000   0.8627450000  -0.4188560000   9.1698370000   0.2141120000   0.5148200000   8.8231910000  -0.4495920000   1.3034960000   8.2928330000  -0.0274080000  -0.0134030000   0.0259380000   0.0274630000   0.0133330000  -0.0259850000   0.0096550000  -0.0249240000  -0.0058160000  -0.0291290000   0.0587000000   0.0004840000   0.0194200000  -0.0337060000   0.0053790000
   6.3175562610   6.7008798365 3329  2.73E+00   0.9998060000  -0.1690300000   3.0440150000   0.7022420000  -0.8202350000   1.8387340000  -0.7661590000   1.7776860000   9.6593460000  -1.3452870000   1.7272650000   8.5952420000  -1.7940940000   1.7204420000   7.5145650000  -0.0057470000  -0.0127290000  -0.0235110000   0.0058990000   0.0126310000   0.0234370000   0.0381490000   0.0055370000   0.0554640000  -0.0488450000  -0.0087680000  -0.0636890000   0.0105440000   0.0033290000   0.0082990000
   6.3158051479   6.7007618791 3808  6.00E+00  -0.8613450000  -0.7138590000   2.5077500000   0.0073140000   0.0105940000   1.7691000000   1.0818580000   0.6230450000   9.1022900000   0.0232570000   0.2085860000   8.6928910000  -1.0815770000  -0.0998890000   8.3798730000   0.0396240000   0.0330130000  -0.0336410000  -0.0394980000  -0.0329940000   0.0336760000   0.0479180000   0.0261400000   0.0262210000  -0.0213650000  -0.0258300000  -0.0268110000  -0.0266780000  -0.0003290000   0.0005550000
