   6.3164054111   6.4534307606  288  1.88E-01  -0.6081360000  -1.1585420000   3.6018900000  -0.9606670000  -1.3531070000   2.1699520000   1.3594090000   2.2357030000   7.0057000000   1.7250770000   2.7532970000   7.9780310000   2.1817030000   3.2158200000   8.9422160000   0.0032110000   0.0016770000   0.0132520000  -0.0033920000  -0.0019730000  -0.0135430000   0.0182410000   0.0130270000   0.0303390000  -0.0160790000  -0.0004410000  -0.0117560000  -0.0019810000  -0.0122900000  -0.0182920000
   6.3178276482   6.4508278068  326  4.81E+00  -1.2891370000   0.1341310000   2.2678230000   0.0160040000  -0.0003520000   1.9366140000  -0.7356200000   1.1616460000   8.2372490000  -0.0052340000   0.2601340000   8.4525350000   0.7408420000  -0.6759480000   8.6038560000   0.0577060000  -0.0059600000  -0.0146200000  -0.0576720000   0.0059260000   0.0146600000  -0.0064490000   0.0072090000  -0.0045060000  -0.0282690000   0.0371150000   0.0002350000   0.0346840000  -0.0442890000   0.0042310000
   6.3171627826   6.4506010793  326  3.30E-01   0.3548480000   0.8177760000   2.7158480000   0.0220460000  -0.0354080000   1.6276430000   0.5788820000   0.0618950000   9.9301370000  -0.0760270000   0.2922530000   8.9963510000  -0.6542660000   0.5317010000   8.0175760000  -0.0036510000  -0.0095440000  -0.0122600000   0.0038090000   0.0094830000   0.0119520000  -0.0062530000   0.0047240000  -0.0191280000  -0.0149150000   0.0012060000  -0.0063390000   0.0210110000  -0.0058690000   0.0257750000
   6.3164600053   6.4505774972  331  3.66E+00   0.1917330000  -1.2799180000   2.4577950000   0.1179700000  -2.1571640000   3.5940250000  -0.5258750000   4.2225610000   4.2972480000  -0.1768590000   4.2947070000   5.4048890000   0.0573900000   4.0951290000   6.5422300000  -0.0003910000  -0.0049680000   0.0064180000   0.0004510000   0.0048850000  -0.0063670000   0.0010590000  -0.0154460000   0.0317050000   0.0072620000   0.0331690000  -0.0326480000  -0.0083810000  -0.0176410000   0.0008920000
   6.3181136019   6.4510608793  471  3.33E+00   1.4247130000   0.4902360000   2.2623170000  -0.0140130000  -0.0099870000   1.9485690000  -1.1456370000   0.5692320000   8.5195030000  -0.0187620000   0.2399980000   8.4082360000   1.1399450000  -0.0427340000   8.2954970000   0.0331620000   0.0115530000   0.0072420000  -0.0332590000  -0.0115380000  -0.0072010000  -0.0089770000   0.0060640000   0.0021650000  -0.0308750000   0.0003300000  -0.0000910000   0.0399500000  -0.0064090000  -0.0021140000
   6.3154051153   6.4545365331  632  3.39E+00   0.1281410000   0.7454920000   2.7512900000  -0.0002110000  -0.0051090000   1.5878820000  -0.1918610000  -0.2268610000  10.1179550000   0.0125540000   0.1698110000   9.0393400000   0.1754160000   0.7656060000   7.9938320000  -0.0031840000  -0.0185970000  -0.0289700000   0.0031450000   0.0184370000   0.0285390000  -0.0012040000   0.0149400000  -0.0047830000  -0.0039470000  -0.0554590000   0.0506780000   0.0051910000   0.0406790000  -0.0454630000
   6.3172375213   6.4506596444  632  3.68E+00   0.1274160000   0.7408400000   2.7462030000  -0.0001970000  -0.0050370000   1.5896800000  -0.1913570000  -0.2254220000  10.1133160000   0.0124410000   0.1697600000   9.0365240000   0.1749750000   0.7641410000   7.9919210000  -0.0036790000  -0.0214780000  -0.0334470000   0.0036400000   0.0213170000   0.0330140000  -0.0003820000   0.0166650000  -0.0092090000  -0.0044170000  -0.0560240000   0.0529560000   0.0048380000   0.0395190000  -0.0433150000
   6.3159247853   6.4519377920  883  2.79E+00   1.1567540000   0.6065920000   2.4433970000  -0.0125700000  -0.0070730000   1.8356490000   0.5405060000   1.1955080000   8.9702170000  -0.0582860000   0.2823140000   8.6328580000  -0.5068500000  -0.7226580000   8.2287020000  -0.0002050000  -0.0000680000  -0.0000760000   0.0002410000   0.0002140000   0.0000410000  -0.0253700000  -0.0619350000  -0.0242490000   0.0089160000   0.0558910000   0.0221600000   0.0164170000   0.0058980000   0.0021240000
   6.3168232508   6.4524879247  914  5.20E-01   1.0449030000  -0.7847420000   2.2075100000  -0.1729670000  -0.0469500000   1.9649390000  -0.1075250000   1.4611310000   8.4426550000   0.2745530000   0.3461050000   8.3743570000   0.6994280000  -0.7493560000   8.3194770000  -0.0039260000   0.0023990000  -0.0007590000   0.0038960000  -0.0023390000   0.0008290000  -0.0007150000   0.0116440000   0.0027990000  -0.0027470000  -0.0113280000  -0.0052790000   0.0034910000  -0.0003760000   0.0024110000
   6.3193982083   6.4525436583  957  4.24E+00  -1.0922850000   0.3808480000   2.5699300000   0.0795490000  -0.2834220000   1.7339320000  -0.2593450000   1.7465310000   9.3853870000  -0.1221540000   0.7637860000   8.8026660000   0.0225770000  -0.2407450000   8.1860830000  -0.0321130000   0.0182660000   0.0228700000   0.0320770000  -0.0180870000  -0.0230850000   0.0058420000  -0.0393690000  -0.0241290000  -0.0084060000   0.0543710000   0.0330210000   0.0026010000  -0.0151820000  -0.0086760000
   6.3183692223   6.4543864469  988  4.60E+00   0.7218890000  -0.8221500000   2.4376590000  -0.6878080000  -0.7160250000   2.0107120000   2.4025860000   1.7062870000   8.5494070000   1.2561040000   1.5431640000   8.2721850000   0.0440620000   1.4507400000   8.0463230000   0.0093480000  -0.0006910000   0.0028330000  -0.0091750000   0.0006500000  -0.0029350000   0.0320420000   0.0091760000   0.0120730000   0.0627760000  -0.0066610000   0.0005800000  -0.0949910000  -0.0024740000  -0.0125510000
   6.3161921438   6.4520592232 1028  2.47E+00  -0.8055000000   0.3492790000   2.7495500000   0.0140360000  -0.0045350000   1.6389180000   0.7112840000   0.1972010000   8.0500190000   0.0553210000   0.2052250000   9.0051490000  -0.7721660000   0.3370590000   9.8326540000   0.0082580000  -0.0035940000  -0.0113330000  -0.0084070000   0.0035770000   0.0110720000  -0.0345180000   0.0089500000   0.0262380000   0.0475220000  -0.0177330000  -0.0186170000  -0.0128550000   0.0088000000  -0.0073600000
   6.3186702020   6.4524974233 1522  3.35E+00  -0.2206240000   1.0404080000   2.7357440000   0.0026060000  -0.0152320000   1.6311310000   0.1490150000   0.9855940000   9.8641450000   0.0411430000   0.2063990000   8.9936590000  -0.1790170000  -0.4423390000   8.0669150000  -0.0047320000   0.0225340000   0.0234540000   0.0047860000  -0.0223900000  -0.0237070000  -0.0084460000   0.0055650000  -0.0074090000   0.0063790000  -0.0441270000  -0.0323670000   0.0020130000   0.0384180000   0.0400290000
   6.3160717816   6.4523447953 1884  3.73E+00  -0.8402680000  -1.8134360000   3.0496140000  -0.3528220000  -0.6805590000   2.0761770000   0.1325780000   0.6704230000   8.7471090000   0.6597750000   1.5424790000   8.1858060000   1.1871510000   2.3724440000   7.5479600000  -0.0124110000  -0.0288350000   0.0248370000   0.0123950000   0.0288220000  -0.0247900000   0.0108800000   0.0152480000  -0.0153650000  -0.0073540000  -0.0070140000   0.0145280000  -0.0035100000  -0.0082210000   0.0007910000
   6.3162062473   6.4540585995 2113  4.14E+00  -0.3108160000   0.8653010000   1.9834850000   0.1715120000  -0.6377440000   2.0273280000  -1.1644210000   0.5981850000   8.2194710000  -0.3004140000   1.3942540000   8.2774950000   0.5529480000   2.1733600000   8.3179010000  -0.0128020000   0.0399640000  -0.0011200000   0.0128770000  -0.0398950000   0.0011570000   0.0003250000   0.0003050000   0.0005630000   0.0274980000   0.0252690000   0.0007240000  -0.0278980000  -0.0256430000  -0.0013230000
   6.3199125398   6.4536165648 2123  4.56E+00  -0.2065610000  -1.2681530000   2.3007280000   0.0012350000   0.0148490000   1.9301980000   0.9507880000  -0.4409130000   8.2972850000   0.0104530000   0.2469290000   8.4325080000  -0.9517910000   0.9489550000   8.5888220000   0.0093780000   0.0580100000  -0.0167140000  -0.0094180000  -0.0579710000   0.0167910000  -0.0027230000   0.0020400000   0.0030830000   0.0407000000  -0.0297710000  -0.0116810000  -0.0379370000   0.0276920000   0.0085220000
   6.3174176891   6.4502701966 2393  7.98E+00   1.5553730000  -0.6148920000   2.8035960000   1.0542060000   0.3886060000   2.1341220000  -2.6263560000  -0.9598130000   7.2567400000  -1.9518040000  -0.4391140000   8.0551270000  -1.2713840000   0.0750750000   8.8625410000  -0.0379880000   0.0760890000  -0.0507070000   0.0380570000  -0.0760280000   0.0507860000   0.0086770000   0.0064850000   0.0130090000  -0.0081500000  -0.0056820000  -0.0141190000  -0.0005960000  -0.0008630000   0.0010310000
   6.3152670555   6.4545186008 2429  3.64E+00  -0.4851610000  -1.4517640000   4.0274450000   0.1086450000  -2.1484060000   2.7549970000  -0.1505080000   3.4322100000   5.9877010000  -0.2299510000   4.1466470000   6.9386750000  -0.1888990000   4.9637200000   7.7917870000  -0.0148270000   0.0171950000   0.0317100000   0.0148050000  -0.0176190000  -0.0318080000   0.0092340000  -0.0067710000  -0.0252200000  -0.0173750000  -0.0116780000   0.0186250000   0.0081630000   0.0188730000   0.0066930000
   6.3180182394   6.4516864880 2529  1.96E+00   1.0521980000   1.0771670000   4.1108240000   1.5201310000   2.0698210000   3.2295030000  -3.3642940000  -4.3669260000   6.5778880000  -2.8060800000  -3.5608810000   5.9868720000  -2.1873860000  -2.6773100000   5.5410660000   0.0081710000   0.0171910000  -0.0151830000  -0.0078590000  -0.0168310000   0.0150240000   0.0340960000   0.0485550000  -0.0209070000  -0.0235830000  -0.0330560000  -0.0003210000  -0.0108250000  -0.0158590000   0.0213870000
   6.3151305387   6.4538706739 2746  1.05E+01  -0.4764090000  -1.5507770000   2.6393760000  -0.1496010000  -2.1962820000   3.8606480000   0.4612370000   4.6807210000   3.7632700000   0.2563600000   4.2843550000   4.9404970000   0.1234760000   3.8571750000   6.0818040000   0.0039990000  -0.0078570000   0.0149610000  -0.0040050000   0.0079060000  -0.0149680000   0.0240040000   0.0392700000  -0.1190860000  -0.0179680000  -0.0083670000   0.0382950000  -0.0060310000  -0.0309520000   0.0807990000
   6.3170421958   6.4548053930 2843  6.47E+00   0.7214230000   0.0133890000   1.9159060000  -0.8463750000  -0.0287290000   2.0552890000   0.5455500000   0.9708710000   8.2784600000   1.5652280000   0.3424210000   8.1676860000   2.4609870000  -0.3976160000   8.2059640000   0.0407360000   0.0010880000  -0.0035440000  -0.0406060000  -0.0011250000   0.0035900000  -0.0422510000   0.0142790000   0.0150690000   0.0681490000  -0.0222130000  -0.0250330000  -0.0260280000   0.0079710000   0.0099180000
   6.3184067806   6.4541477945 3222  4.84E+00  -0.9233940000   0.9808400000   2.5244580000   0.0107340000  -0.0132360000   1.7775330000  -0.6588710000  -0.5891750000   8.1709630000  -0.0496830000   0.2820960000   8.7430310000   0.7007360000   1.0693870000   9.2303850000  -0.0215630000   0.0230300000   0.0172630000   0.0216460000  -0.0228780000  -0.0173710000  -0.0179040000  -0.0426610000  -0.0278430000  -0.0119850000   0.0250230000   0.0182760000   0.0298070000   0.0174860000   0.0096760000
   6.3180682108   6.4506582735 3437  3.40E+00   1.3086230000  -0.3987600000   2.2444000000  -0.0221920000   0.0061880000   1.9624490000   0.9815750000  -0.4573170000   8.4823510000   0.0312620000   0.2675490000   8.3960150000  -0.9766610000   0.9383630000   8.2736320000  -0.0163750000   0.0049920000  -0.0034260000   0.0163960000  -0.0049880000   0.0034810000   0.0323810000  -0.0301950000   0.0025350000   0.0295010000  -0.0058430000   0.0051180000  -0.0619030000   0.0360340000  -0.0077090000
   6.3170593725   6.4520559711 3458  2.88E+00  -0.9675660000  -0.7415180000   2.6763630000   0.0075160000   0.0102100000   1.7083280000   0.6798590000  -0.3410470000   9.5959540000   0.0195100000   0.2447330000   8.8373880000  -0.6710810000   0.8407280000   8.0706210000  -0.0241010000  -0.0186840000   0.0239160000   0.0242420000   0.0185200000  -0.0241190000  -0.0109750000   0.0087370000  -0.0102790000   0.0274180000  -0.0221270000   0.0251970000  -0.0165830000   0.0135540000  -0.0147150000
   6.3183824579   6.4529875680 3529  6.16E+00   1.2697700000  -0.5073750000   2.9198740000   0.3674140000  -0.5332420000   1.7904520000   0.2570960000   0.8222360000   8.0985070000  -0.6672690000   1.3507310000   8.6397760000  -1.6711320000   1.5465510000   9.2909250000  -0.0025160000  -0.0000760000  -0.0032380000   0.0024110000   0.0001070000   0.0029770000   0.0156090000  -0.0314140000  -0.0036220000   0.0381790000   0.0417860000  -0.0349560000  -0.0536830000  -0.0104030000   0.0388390000
   6.3152262432   6.4546460397 3529  6.24E+00   1.2731720000  -0.5139310000   2.9301470000   0.3677100000  -0.5336490000   1.7890990000   0.2563170000   0.8231070000   8.0985570000  -0.6675800000   1.3521710000   8.6426970000  -1.6718130000   1.5470430000   9.2947950000   0.0006440000   0.0000090000   0.0007200000  -0.0007480000   0.0000210000  -0.0009850000   0.0171070000  -0.0323130000  -0.0047380000   0.0376170000   0.0425670000  -0.0343120000  -0.0546210000  -0.0102830000   0.0393150000
   6.3180744719   6.4535786336 3598  1.21E+00   0.2077290000   0.0207110000   2.6968010000  -0.7154010000   0.2320820000   1.6587580000   1.2917080000  -0.2064500000  10.0769760000   1.2598460000  -0.1745170000   8.9235980000   1.3223310000  -0.1352440000   7.7711550000  -0.0168400000   0.0038500000  -0.0190400000   0.0166460000  -0.0038270000   0.0186410000   0.0058750000   0.0016340000  -0.0400150000  -0.0105370000  -0.0004250000  -0.0103280000   0.0048560000  -0.0012310000   0.0507420000
   6.3179666596   6.4518987320 3692  1.23E+00   1.3769620000  -0.2855350000   2.2636720000  -0.0229700000   0.0048080000   1.9708300000  -1.0800800000  -0.2231510000   8.3314550000   0.0012350000   0.2729910000   8.4046920000   1.1071180000   0.6998710000   8.3749450000   0.0021810000  -0.0004560000   0.0004810000  -0.0021890000   0.0004730000  -0.0004530000  -0.0260540000  -0.0168220000  -0.0068000000   0.0055620000   0.0136440000   0.0122310000   0.0205000000   0.0031610000  -0.0054580000
