   6.3185416373   6.3031494281  252  5.73E+00  -1.5909540000  -0.5930120000   3.4830270000  -1.0876810000  -1.3828570000   2.4289510000   2.1566480000   2.1181900000   6.5455870000   1.9860120000   2.7157320000   7.5056500000   1.8848390000   3.4744840000   8.4709300000   0.0080080000  -0.0126590000  -0.0168690000  -0.0082140000   0.0125680000   0.0168240000  -0.0041220000   0.0443690000   0.0550460000   0.0067880000  -0.1081060000  -0.1237470000  -0.0024610000   0.0638280000   0.0687480000
   6.3199650499   6.3032259070  435  5.11E+00  -0.9293640000   1.0013570000   1.9215330000   0.2929480000  -0.0154110000   2.0662700000  -1.5545630000   0.7543190000   8.0432990000  -0.5176610000   0.2421420000   8.1822080000   0.5386700000  -0.2345410000   8.3750220000  -0.0350580000   0.0291670000  -0.0041270000   0.0350670000  -0.0291860000   0.0042170000   0.0199020000  -0.0068530000   0.0077920000  -0.0191590000   0.0035920000  -0.0126830000  -0.0007520000   0.0032800000   0.0048010000
   6.3171143508   6.3028365483  724  3.34E+00  -1.3848450000  -0.0254910000   2.4587870000   0.0149940000   0.0028430000   1.8192900000  -0.9828370000   0.3964510000   8.0301800000   0.0218950000   0.3023700000   8.6085450000   0.9787660000   0.0516380000   9.2677220000  -0.0285000000  -0.0005870000   0.0129590000   0.0286710000   0.0005780000  -0.0130810000   0.0201900000  -0.0124730000   0.0208180000  -0.0358530000   0.0277230000  -0.0397200000   0.0154920000  -0.0152400000   0.0190240000
   6.3153509203   6.3048177126 1480  2.09E+00   0.8752250000   1.0768800000   2.1144640000  -0.0065010000  -0.0118900000   2.0352750000   1.0207380000   0.8063680000   8.2138410000  -0.0153490000   0.2674220000   8.3140860000  -1.0318910000  -0.3279140000   8.2481190000  -0.0167030000  -0.0206070000  -0.0014870000   0.0166830000   0.0206110000   0.0014790000  -0.0054050000  -0.0072060000  -0.0088220000   0.0096370000   0.0141390000   0.0187380000  -0.0042130000  -0.0069360000  -0.0099090000
   6.3150106868   6.3004295806 1693 -3.92E-01  -0.6475260000  -0.9133740000   2.9614940000  -0.7095730000  -0.1579390000   1.7384200000   1.3314590000   0.2375570000   9.9099440000   1.3194040000   0.5557110000   8.7797700000   1.2626440000   0.8792810000   7.6316320000  -0.0003780000   0.0037610000  -0.0063090000   0.0001910000  -0.0039540000   0.0059570000  -0.0026200000  -0.0011590000   0.0048370000   0.0063690000  -0.0076320000   0.0237820000  -0.0035620000   0.0089830000  -0.0282670000
   6.3160634490   6.3043055626 1798  2.25E+00  -0.8349000000   0.4070810000   2.0675750000  -0.0137560000  -0.7801810000   2.0354240000  -0.2660250000   2.8029240000   8.3559300000   0.0111010000   1.6475700000   8.2025670000   0.3789970000   0.5186900000   8.1919610000   0.0027660000  -0.0039410000  -0.0000480000  -0.0028180000   0.0040750000   0.0000510000  -0.0038800000   0.0414590000   0.0149160000  -0.0082120000  -0.0238580000  -0.0251770000   0.0121440000  -0.0177350000   0.0102580000
   6.3196741101   6.3040409221 1798  2.12E+00  -0.8351890000   0.4205170000   2.0621000000  -0.0137290000  -0.7808800000   2.0347690000  -0.2650460000   2.8019620000   8.3606010000   0.0106500000   1.6487720000   8.2032910000   0.3782370000   0.5213950000   8.1903660000  -0.0003470000   0.0005670000   0.0000730000   0.0002950000  -0.0004320000  -0.0000700000  -0.0029610000   0.0382090000   0.0147980000  -0.0083470000  -0.0233570000  -0.0252330000   0.0113600000  -0.0149870000   0.0104320000
   6.3199603556   6.3033109648 1830  4.50E+00  -1.4151670000  -1.1566440000   2.7531410000  -0.1704310000  -0.9633930000   2.1612190000   0.6134200000   3.1714230000   7.8902450000   0.2820840000   2.0305440000   7.9399580000   0.1151560000   0.8762210000   8.1833440000   0.0299450000   0.0047070000  -0.0142440000  -0.0299410000  -0.0045240000   0.0141900000   0.0171530000   0.0227690000   0.0119770000  -0.0243590000   0.0001320000  -0.0306350000   0.0072020000  -0.0230830000   0.0187120000
   6.3166762839   6.3002852860 2113  4.89E+00  -0.1366940000   0.7100230000   1.9040630000   0.1641130000  -0.6131790000   2.0847860000  -1.1931460000   0.5525800000   8.1256840000  -0.3220540000   1.3663620000   8.1838130000   0.6239020000   2.1270010000   8.2000580000   0.0106530000  -0.0468400000   0.0064360000  -0.0106230000   0.0468890000  -0.0064110000  -0.0219520000  -0.0270890000  -0.0026340000  -0.0342580000  -0.0119920000   0.0029170000   0.0561800000   0.0390320000  -0.0003080000
   6.3165586528   6.3044852746 2113  5.14E+00  -0.1389990000   0.7038400000   1.9075540000   0.1642870000  -0.6137290000   2.0831740000  -1.1929400000   0.5531930000   8.1282350000  -0.3214120000   1.3675330000   8.1864990000   0.6224900000   2.1286450000   8.2033220000   0.0116540000  -0.0506070000   0.0067850000  -0.0116220000   0.0506570000  -0.0067600000  -0.0228400000  -0.0278020000  -0.0026600000  -0.0318060000  -0.0102350000   0.0029180000   0.0546140000   0.0379870000  -0.0002830000
   6.3178764747   6.3017737289 2139  2.35E+00  -0.9667280000  -0.7149530000   2.6730510000   0.0143500000   0.0051040000   1.7003270000  -0.2196700000  -0.4911940000   7.9781670000  -0.0078390000   0.2514360000   8.8425070000   0.2147960000   1.0096670000   9.7247300000  -0.0230590000  -0.0168780000   0.0227220000   0.0230800000   0.0170200000  -0.0230300000   0.0069820000   0.0227910000   0.0286410000  -0.0113400000  -0.0362660000  -0.0444030000   0.0043370000   0.0133340000   0.0160700000
   6.3180956268   6.3034335804 2529  3.83E+00   0.8046090000  -0.0584260000   2.7874640000   0.7267880000   1.2128500000   1.9453530000  -1.7649020000  -2.3158570000   9.4311240000  -1.3830060000  -2.0199420000   8.3807750000  -0.8773280000  -1.5336900000   7.3874670000   0.0014780000  -0.0229100000   0.0149860000  -0.0013420000   0.0231230000  -0.0155300000   0.0177800000   0.0197210000  -0.0236750000  -0.0490720000  -0.0541770000   0.0656840000   0.0311560000   0.0342430000  -0.0414650000
   6.3165714808   6.3013133109 2756  1.89E+00   1.0056470000   0.9577970000   2.1606900000  -0.0095140000  -0.0154890000   2.0018850000   0.7980890000  -0.5864610000   8.2250930000   0.0257200000   0.2823160000   8.3641200000  -0.8332400000   1.0792110000   8.3631520000  -0.0141060000  -0.0135070000  -0.0021760000   0.0140880000   0.0135560000   0.0021890000  -0.0138150000   0.0039490000  -0.0064610000   0.0130730000   0.0071150000   0.0145860000   0.0007590000  -0.0111130000  -0.0081380000
   6.3178220409   6.3033173347 2836  4.18E+00  -0.0389970000   1.3903000000   2.6748650000  -0.0791720000   0.2528390000   1.7270630000   0.0054430000   0.6696060000   8.0160180000   0.1914820000  -0.2873530000   8.7615090000   0.2486690000  -1.1165490000   9.6140460000   0.0003090000   0.0087160000   0.0071270000  -0.0002740000  -0.0088910000  -0.0074720000  -0.0191470000   0.0684210000  -0.0396020000   0.0246860000  -0.0507830000   0.0080780000  -0.0055730000  -0.0174630000   0.0318690000
   6.3196195852   6.3016984957 3142  2.29E+00  -0.5798760000   1.0334540000   2.1530690000  -0.1126980000  -0.3147320000   1.9191490000   1.1163730000   1.3048540000   7.8838560000   0.1638490000   0.8384200000   8.4257420000  -0.6399940000   0.2601580000   9.0718160000   0.0012160000  -0.0036740000  -0.0006040000  -0.0013930000   0.0036010000   0.0006130000   0.0285360000   0.0024480000  -0.0022500000  -0.0282560000   0.0114880000  -0.0129660000  -0.0001020000  -0.0138630000   0.0152070000
   6.3150100276   6.3034920719 3248  7.20E+00  -1.5266160000  -0.2619660000   2.8370830000  -0.5687080000  -0.3186860000   1.8801310000   1.7943950000   0.7442960000   7.6264190000   1.0339300000   0.7540040000   8.5195790000   0.3658880000   0.9854520000   9.4105800000   0.0411420000  -0.0024540000  -0.0411250000  -0.0414040000   0.0023850000   0.0410500000  -0.0038210000   0.0169970000   0.0153950000  -0.0515520000  -0.0167200000   0.0488580000   0.0556360000  -0.0002080000  -0.0641770000
   6.3155045646   6.3049663331 3367  5.85E+00  -1.4241820000  -0.1817510000   2.2858170000  -0.3099010000  -1.2806160000   2.4343210000   0.1568400000   1.5915670000   8.0276490000   0.6515080000   2.5767200000   7.5742900000   0.9915230000   3.5689320000   6.9859470000  -0.0285080000   0.0281430000  -0.0037930000   0.0285640000  -0.0281080000   0.0037460000  -0.0212540000  -0.0231400000   0.0044650000   0.0168430000  -0.0170770000   0.0259240000   0.0043550000   0.0401820000  -0.0303420000
   6.3154779945   6.3001153353 3738  2.96E+00  -0.4675890000  -1.2597360000   3.2997320000  -1.0404860000  -0.7698800000   1.9525100000   2.1797670000   2.0850170000   9.4677920000   1.9072250000   1.6259950000   8.3907120000   1.6143860000   1.3063670000   7.2753200000   0.0120430000  -0.0104840000   0.0284020000  -0.0122720000   0.0102640000  -0.0287570000   0.0109810000   0.0285720000   0.0456030000  -0.0015390000  -0.0276560000  -0.0109070000  -0.0092130000  -0.0006960000  -0.0343420000
   6.3175342277   6.3003368941 3781  7.70E+00  -0.2417520000   1.5014180000   2.2643640000   0.0055090000  -0.0210250000   1.9704010000   1.0847990000   0.6029080000   8.1461670000   0.0261520000   0.1555260000   8.4310520000  -1.1167130000  -0.0215710000   8.5425380000  -0.0062860000   0.0385470000   0.0074370000   0.0062010000  -0.0386350000  -0.0074730000  -0.0019260000   0.0204700000  -0.0113850000  -0.0242950000  -0.0441960000   0.0254860000   0.0263060000   0.0238140000  -0.0140660000
   6.3173327864   6.3019321834 3803  4.96E+00   0.6472040000   0.1844960000   1.8416190000  -0.2762730000  -0.7700230000   2.1960720000   1.6029220000   1.9035760000   7.5844710000   0.4723250000   1.6473080000   7.9847690000  -0.6184950000   1.3815270000   8.3388400000  -0.0300180000  -0.0310010000   0.0115080000   0.0299020000   0.0309780000  -0.0114670000   0.0771260000   0.0169930000  -0.0274700000  -0.0690760000  -0.0143110000   0.0256780000  -0.0079340000  -0.0026590000   0.0017510000
   6.3188546855   6.3021953838 3858  7.42E+00   1.0612840000  -0.9902490000   3.0011100000   0.8917720000  -0.1639160000   1.9102300000  -2.1234070000   0.4410810000   7.4111700000  -1.6567380000   0.7072960000   8.4470830000  -1.1534760000   0.5966460000   9.5195960000  -0.0050560000   0.0249830000  -0.0329840000   0.0053030000  -0.0249490000   0.0328400000   0.0129890000  -0.0191360000   0.0295750000  -0.0226870000   0.0465110000  -0.0479290000   0.0094520000  -0.0274090000   0.0184970000
   6.3157872425   6.3040586577 3920  4.81E+00   0.1131450000   0.0880220000   2.0413990000   0.2263420000  -1.3444320000   2.2706660000  -0.3371220000   2.3357470000   8.9788620000  -0.4648950000   2.6278470000   7.7950350000  -0.4514150000   3.0880910000   6.7017540000  -0.0000170000   0.0002280000  -0.0000820000   0.0000200000  -0.0004410000   0.0000900000   0.0165870000  -0.0093380000   0.0846750000  -0.0247710000  -0.0089340000  -0.0732650000   0.0081800000   0.0184850000  -0.0114170000
   6.3166033650   6.3032634534 3940  5.34E+00  -0.5467730000  -0.3375420000   2.1658730000  -1.7882900000   0.5321260000   2.5826340000   4.2399430000  -1.3628650000   7.2035150000   3.2698330000  -0.7039890000   7.1857050000   2.2710090000  -0.0572780000   7.3686370000   0.0318890000  -0.0223360000  -0.0107120000  -0.0318670000   0.0222400000   0.0104590000  -0.0014830000  -0.0007470000   0.0130570000   0.0375770000  -0.0212980000  -0.0334990000  -0.0361160000   0.0221410000   0.0206960000
