   6.3164357781   6.9226130659  107  1.17E+01   0.6166330000   0.1099010000   2.9512590000   0.0013480000  -0.6426000000   1.5714640000  -0.6968230000   1.2262800000  10.0411350000   0.0318720000   1.4304080000   9.1003790000   0.6273120000   1.5899700000   8.0942220000   0.0221950000   0.0271250000   0.0497350000  -0.0222830000  -0.0272550000  -0.0499500000  -0.0426860000  -0.0122540000   0.0412520000   0.0463740000   0.0133930000  -0.0312990000  -0.0035990000  -0.0010080000  -0.0097380000
   6.3173845523   6.9244212717  251  3.52E-01  -0.1126350000  -0.3193790000   2.8998360000   0.0034260000   0.0060420000   1.5030600000   0.3611210000   0.9836970000   8.3487780000  -0.0133790000   0.2249440000   9.1929440000  -0.3610890000  -0.4749390000  10.0619600000   0.0005570000   0.0015840000  -0.0071680000  -0.0006350000  -0.0017550000   0.0070130000   0.0117020000   0.0240830000  -0.0189390000  -0.0151970000  -0.0314430000   0.0215890000   0.0035730000   0.0075310000  -0.0024940000
   6.3173820873   6.9213239234  320  5.70E+00  -0.6699650000  -0.7078380000   2.9543590000  -0.7994530000  -0.1546600000   1.7431260000   2.4123140000  -0.0551700000   9.1242090000   1.5054310000   0.5866550000   8.7423860000   0.4924360000   1.1194490000   8.4223770000  -0.0068870000   0.0296220000  -0.0649210000   0.0070060000  -0.0296990000   0.0648480000  -0.0053810000  -0.0077650000   0.0052270000   0.0285830000   0.0056490000  -0.0054160000  -0.0233200000   0.0021930000   0.0002610000
   6.3199467339   6.9243488619  431  1.13E+00   0.0655350000   0.0749250000   2.8510220000  -0.3386810000  -0.4692450000   1.5662520000   1.3189130000   0.8049840000   9.9695600000   0.6533220000   1.0732130000   9.0638840000  -0.1220350000   1.4158390000   8.2255410000  -0.0001580000  -0.0003720000  -0.0007880000   0.0002950000   0.0002180000   0.0005920000  -0.0272630000   0.0131230000  -0.0222040000   0.0494050000  -0.0250320000   0.0322810000  -0.0222780000   0.0120630000  -0.0098810000
   6.3157928971   6.9214730213  523  5.58E+00  -0.2040900000  -0.5752980000   2.9351440000  -0.2417080000  -0.4452470000   1.5922640000  -0.1777890000   0.2248670000   8.4809250000   0.4320270000   1.1198860000   8.9858420000   1.0734750000   1.8820290000   9.6375560000  -0.0017030000   0.0060810000  -0.0622490000   0.0017900000  -0.0059600000   0.0620900000  -0.0139310000  -0.0312610000  -0.0024300000  -0.0044050000   0.0198330000  -0.0235250000   0.0182490000   0.0113060000   0.0261130000
   6.3151382575   6.9245152319  523  5.70E+00  -0.2085430000  -0.5655180000   2.9338650000  -0.2418130000  -0.4457070000   1.5909510000  -0.1774660000   0.2264680000   8.4824640000   0.4342350000   1.1192780000   8.9860770000   1.0723000000   1.8825640000   9.6424780000  -0.0015220000   0.0056820000  -0.0630760000   0.0016090000  -0.0055600000   0.0629210000  -0.0133380000  -0.0295870000  -0.0012410000  -0.0057950000   0.0164800000  -0.0264440000   0.0190460000   0.0129850000   0.0278390000
   6.3153698147   6.9212124905  913  3.91E+00   0.2942330000  -0.8127230000   2.7108590000  -0.0064640000   0.0113110000   1.6682260000   1.0753080000   0.4559530000   9.2903710000  -0.0045360000   0.2771320000   8.9243000000  -1.0581550000   0.0183930000   8.5090650000  -0.0116510000   0.0320530000  -0.0405160000   0.0117620000  -0.0320150000   0.0405160000  -0.0387470000  -0.0123940000  -0.0163310000   0.0078080000   0.0108470000   0.0067250000   0.0308270000   0.0015080000   0.0096060000
   6.3172027875   6.9203800610 1900  4.20E+00   1.2393090000   0.2282310000   2.6510410000  -0.0156050000  -0.0048960000   1.7161020000  -0.2948240000   1.3775940000   9.0467160000   0.0073360000   0.2527270000   8.8469020000   0.2891730000  -0.8695710000   8.5754830000   0.0338340000   0.0063240000   0.0252430000  -0.0338570000  -0.0062350000  -0.0252190000  -0.0051640000   0.0143850000  -0.0009550000   0.0009660000   0.0076690000   0.0092700000   0.0042210000  -0.0221440000  -0.0083380000
   6.3154348787   6.9226192626 2090  4.37E+00   0.3518750000   0.4667280000   2.8047760000  -0.0001400000  -0.0068750000   1.5634900000   0.8589720000   0.6812260000   8.3980420000  -0.0296880000   0.3204750000   9.1069770000  -0.8581560000  -0.2292030000   9.7814150000  -0.0115330000  -0.0154490000  -0.0404790000   0.0113910000   0.0154060000   0.0403660000   0.0255560000  -0.0023930000  -0.0178160000   0.0037650000   0.0355200000  -0.0073690000  -0.0291800000  -0.0330840000   0.0252980000
   6.3159992118   6.9229076104 2142  3.99E+00   1.0384140000  -0.7760320000   2.6038710000  -0.3982990000  -0.8966230000   2.0053020000   0.8601840000   0.8896630000   8.8612630000   0.7068340000   1.8916820000   8.3192190000   0.5329770000   2.9047810000   7.7157050000   0.0345080000   0.0028930000   0.0144270000  -0.0344950000  -0.0029410000  -0.0143420000  -0.0079190000   0.0445090000  -0.0265190000   0.0128940000  -0.0676230000   0.0421210000  -0.0049880000   0.0231610000  -0.0156870000
   6.3160039467   6.9224926199 2205  1.88E+00   0.4115970000   0.0757780000   2.8584880000  -0.0029500000   0.0025400000   1.5281880000   0.8943140000   0.3314240000   8.3844010000  -0.0122910000   0.1994490000   9.1590380000  -0.8962880000   0.1890650000   9.9288970000  -0.0093970000  -0.0016660000  -0.0299640000   0.0092240000   0.0016220000   0.0297880000   0.0308270000   0.0119550000  -0.0234960000  -0.0318170000  -0.0195410000   0.0231760000   0.0011640000   0.0076300000   0.0004960000
   6.3165931642   6.9211509262 2261  3.65E+00  -0.1410250000   1.0491680000   2.4506370000  -0.0333960000  -0.1540380000   1.7646640000   0.2506550000  -0.5978040000   9.0182930000   0.1182040000   0.5026210000   8.7381990000  -0.1637210000   1.6113630000   8.4556060000   0.0027420000  -0.0304710000  -0.0173300000  -0.0026910000   0.0303650000   0.0173770000  -0.0184000000   0.0652230000  -0.0155570000   0.0285800000  -0.0642810000   0.0136090000  -0.0102300000  -0.0008350000   0.0019010000
   6.3153347634   6.9200761808 2327  5.24E+00   0.5095750000   1.5150730000   2.6674080000   0.4112920000   0.1920740000   1.8062480000  -1.3616800000  -1.0768710000   8.3738810000  -0.7492290000  -0.1403530000   8.6304970000  -0.1620720000   0.8151890000   8.9595360000   0.0026250000   0.0355480000   0.0232190000  -0.0026440000  -0.0355730000  -0.0231050000   0.0287320000   0.0482700000   0.0194550000  -0.0182770000  -0.0357890000  -0.0214120000  -0.0104350000  -0.0124560000   0.0018430000
   6.3156504734   6.9247299151 2534  3.13E+00   1.5942110000   0.0676180000   3.7567340000   2.1347040000  -1.1928390000   3.4744760000  -3.0759040000   2.2751700000   6.4366310000  -3.9677360000   2.3853560000   5.6488960000  -4.7071990000   2.5748960000   4.7348920000   0.0109390000  -0.0255480000  -0.0057670000  -0.0109410000   0.0254850000   0.0056380000   0.0319750000   0.0026510000   0.0139580000  -0.0222960000  -0.0125310000   0.0163890000  -0.0096770000   0.0099430000  -0.0302180000
   6.3189337016   6.9219136882 2843  5.81E+00  -1.1592100000  -1.1727250000   2.9836780000  -1.0275310000   0.0252970000   1.9513650000   2.8481460000  -0.4599020000   8.2724410000   1.8651570000   0.1872690000   8.3625760000   0.9564620000   0.9545390000   8.5174270000  -0.0035790000  -0.0330510000   0.0285220000   0.0036800000   0.0329920000  -0.0284580000   0.0150140000   0.0009650000   0.0040100000   0.0098180000  -0.0339750000  -0.0145950000  -0.0249340000   0.0330700000   0.0105210000
   6.3156410187   6.9203218559 3045  5.01E+00  -0.4586010000  -1.6500960000   3.5085810000   0.2281320000  -1.5595890000   2.3161210000  -0.3798790000   3.7547040000   6.7069600000  -0.3308750000   3.0753400000   7.6968100000  -0.4821900000   2.5172530000   8.7279430000   0.0207470000   0.0027540000  -0.0359270000  -0.0207130000  -0.0027760000   0.0360620000  -0.0141620000   0.0317480000  -0.0300010000   0.0283140000  -0.0335730000   0.0148830000  -0.0141860000   0.0018480000   0.0149830000
   6.3198645353   6.9232934888 3277  1.44E+00   0.3092940000  -1.1981260000   3.9407900000   0.2251830000  -2.3742060000   3.1056590000  -0.2303580000   5.6584230000   5.8243930000  -0.4732220000   4.6074730000   6.3121560000  -0.5585000000   3.5032820000   6.6795880000  -0.0002400000  -0.0036660000  -0.0026590000   0.0002770000   0.0035590000   0.0024680000   0.0135060000   0.0101630000  -0.0138750000  -0.0253750000  -0.0275850000   0.0277790000   0.0118330000   0.0175280000  -0.0137130000
