   6.3240006773   6.1445999255   22  3.03E+00  -0.7675660000  -0.6266280000   2.6087960000  -0.1728180000   0.4198440000   1.7128060000   0.3073810000  -0.2043240000   9.9303530000   0.3357240000  -0.5371710000   8.8351700000   0.3520460000  -0.7620720000   7.7197770000  -0.0074930000  -0.0130660000   0.0110440000   0.0073970000   0.0132000000  -0.0115150000   0.0007040000  -0.0103280000  -0.0625800000   0.0013200000  -0.0156020000  -0.0254580000  -0.0019280000   0.0257970000   0.0885090000
   6.3239113611   6.1402751041   56  6.47E+00   0.4342720000   0.1828100000   1.6501570000   0.0605620000  -1.1292410000   2.4161550000  -0.2881500000   3.1518180000   6.8040830000  -0.1542420000   2.2747290000   7.5889600000   0.0741200000   1.4564130000   8.3292720000   0.0091610000   0.0320790000  -0.0187740000  -0.0091570000  -0.0322200000   0.0188650000   0.0059100000   0.0109590000  -0.0064930000   0.0086120000  -0.0921970000   0.0778160000  -0.0145260000   0.0813790000  -0.0714140000
   6.3208817800   6.1412047799  195  2.93E+00   0.6571530000  -0.6180950000   1.9684370000  -0.6649760000   0.0888400000   2.0931440000   0.2641770000   0.5766240000   8.6937580000   1.2192450000   0.1056330000   8.2225410000   2.1001870000  -0.3729940000   7.5571150000   0.0176690000  -0.0094600000  -0.0017340000  -0.0178410000   0.0095250000   0.0016490000   0.0102530000  -0.0077470000  -0.0187830000  -0.0368250000   0.0249690000   0.0528290000   0.0267440000  -0.0172870000  -0.0339620000
   6.3212588013   6.1423854296  235  3.13E+00   1.3991150000  -0.2695050000   2.2597770000  -0.0167440000   0.0025590000   1.9729990000  -0.1144990000   1.4183660000   8.6451830000   0.0277450000   0.2383820000   8.4095500000   0.0891430000  -0.9054420000   8.0469780000   0.0066510000  -0.0012410000   0.0013500000  -0.0066430000   0.0013740000  -0.0014130000  -0.0122140000   0.0647760000   0.0063060000   0.0145150000  -0.0224760000   0.0132960000  -0.0023090000  -0.0424320000  -0.0195390000
   6.3234241788   6.1441421807  988  4.90E+00  -0.4302350000   0.6790680000   1.7823590000  -0.5554910000  -0.6184190000   2.2067950000   2.0094220000   1.5822380000   7.3379560000   1.0121260000   1.3279070000   7.9048010000   0.0321410000   1.1543360000   8.5955680000  -0.0043220000  -0.0446360000   0.0146350000   0.0042650000   0.0446280000  -0.0145080000   0.0026220000   0.0056570000   0.0085100000   0.0447160000  -0.0022680000  -0.0516020000  -0.0472820000  -0.0033810000   0.0429650000
   6.3248448896   6.1404317993 1061  1.14E+01   0.3401150000  -1.7806700000   2.8189560000  -0.4220190000  -0.7852860000   2.2074100000  -0.4074020000   1.5754200000   7.8758980000   0.7921030000   1.7045440000   8.0775350000   1.8990080000   1.8667570000   7.8595670000  -0.0171970000   0.0225030000  -0.0138380000   0.0173590000  -0.0226060000   0.0136690000  -0.0614410000  -0.0028020000  -0.0364460000   0.1456700000   0.0116450000   0.0493150000  -0.0843910000  -0.0087400000  -0.0127000000
   6.3212289108   6.1400797039 1286  6.86E+00  -0.9144060000  -1.3661590000   2.6873370000  -1.7179420000  -0.0420880000   2.6364830000   3.5545040000   1.4617660000   7.4153960000   3.2024790000   0.3397430000   7.1705380000   2.6788350000  -0.7328650000   6.8663480000   0.0177540000  -0.0293240000   0.0010450000  -0.0179190000   0.0294990000  -0.0012610000   0.0065440000   0.0518780000   0.0079380000   0.0385890000   0.0210750000   0.0156390000  -0.0449680000  -0.0731280000  -0.0233610000
   6.3208100071   6.1428397341 1333  3.43E+00  -1.4951350000  -1.1831780000   3.4959740000  -1.6748400000  -0.0757210000   2.3844210000   2.9277700000   0.3683380000   6.4283390000   3.0444870000   0.4329760000   7.5865140000   3.2455000000   0.4470140000   8.7490490000   0.0046910000  -0.0294900000   0.0295910000  -0.0050490000   0.0294470000  -0.0296780000   0.0094460000  -0.0018590000   0.0232460000  -0.0170560000   0.0050540000  -0.0350450000   0.0079680000  -0.0031510000   0.0118850000
   6.3213843616   6.1440487768 1412  3.22E+00   0.4175930000  -0.6324110000   2.5753940000  -0.8080370000  -0.9361560000   2.0358000000   1.4645430000   1.6448610000   7.1272700000   1.3954570000   2.0067740000   8.2356400000   1.4971180000   2.2515680000   9.3619190000  -0.0408050000  -0.0101780000  -0.0180800000   0.0405470000   0.0099450000   0.0176820000   0.0114710000   0.0000800000   0.0259810000  -0.0203880000   0.0157450000   0.0069960000   0.0091750000  -0.0155920000  -0.0325780000
   6.3233320032   6.1406208364 1749  5.32E+00   0.7011510000   0.1038660000   2.1013470000  -0.3846700000  -1.0640780000   2.1309730000   0.0762870000   1.2321020000   7.8074420000   0.6454080000   2.2026560000   8.0659510000   1.3161730000   3.1097630000   8.3636840000   0.0310500000   0.0334220000  -0.0008590000  -0.0309800000  -0.0333550000   0.0006110000   0.0307470000   0.0362190000   0.0154540000  -0.0283750000  -0.0189500000  -0.0144080000  -0.0024420000  -0.0173360000  -0.0007980000
   6.3219434943   6.1419144542 1854  9.09E+00  -1.6839940000  -0.5321530000   2.9214890000  -0.8264370000   0.2253170000   1.9251590000   1.2259170000   0.1585980000   9.5417980000   1.4753580000  -0.0232740000   8.3736910000   1.9000650000  -0.5452160000   7.3745240000  -0.0139620000  -0.0122280000   0.0161630000   0.0137010000   0.0123960000  -0.0162840000   0.0003920000  -0.0129750000   0.0597800000  -0.0252810000   0.0501860000  -0.0398850000   0.0251510000  -0.0373790000  -0.0197740000
   6.3219499403   6.1432182498 2921  5.91E+00   1.1894960000   0.6392220000   2.1368290000   0.3774500000  -0.4432910000   2.0610530000  -1.0527360000  -0.0880060000   8.0249000000  -0.6789860000   1.0283060000   8.1638050000  -0.3975700000   2.1773640000   8.4197270000  -0.0348940000  -0.0464710000  -0.0031810000   0.0349270000   0.0465780000   0.0032390000  -0.0120900000  -0.0163790000   0.0063220000   0.0038340000  -0.0428100000  -0.0270970000   0.0082240000   0.0590810000   0.0207170000
   6.3209979210   6.1427626244 3122  3.95E+00  -0.8718910000  -1.2360790000   2.7737380000   0.5342500000  -1.1948320000   2.2425150000  -0.2166010000   1.4900280000   7.7162050000  -0.9567400000   2.4531460000   7.9057390000  -1.6784210000   3.4012380000   7.9757590000  -0.0187290000  -0.0005330000   0.0069960000   0.0186360000   0.0005020000  -0.0073420000   0.0515620000  -0.0658370000  -0.0178330000  -0.0270350000   0.0330470000   0.0218480000  -0.0244330000   0.0328210000  -0.0036690000
   6.3235129021   6.1408219357 3122  4.14E+00  -0.8811090000  -1.2433810000   2.7771840000   0.5345980000  -1.1952210000   2.2422290000  -0.2183720000   1.4911440000   7.7127110000  -0.9567460000   2.4545730000   7.9061440000  -1.6778020000   3.4014520000   7.9801600000  -0.0221030000  -0.0007360000   0.0082710000   0.0220100000   0.0007030000  -0.0086200000   0.0511480000  -0.0656370000  -0.0180500000  -0.0276560000   0.0343870000   0.0220550000  -0.0233990000   0.0312830000  -0.0036570000
   6.3214403096   6.1447116503 3237 -3.70E-02   0.3682150000   1.0712960000   2.6003010000  -0.0049990000  -0.0100990000   1.7067830000  -0.0126850000  -0.3185550000   9.8688690000  -0.0133900000   0.2412150000   8.8553750000   0.0245040000   0.8080920000   7.7967070000  -0.0003320000  -0.0010190000  -0.0010090000   0.0003360000   0.0008540000   0.0004890000   0.0024580000   0.0127410000  -0.0247440000  -0.0061570000  -0.0318970000   0.0608230000   0.0036960000   0.0193210000  -0.0355600000
   6.3246353157   6.1430740954 3273  3.34E+00  -0.6712220000  -1.2943630000   2.3397800000   0.0080740000   0.0165660000   1.9530230000   0.2728320000  -0.8378760000   8.8223970000   0.0108760000   0.2597400000   8.4324410000  -0.2790300000   1.3293790000   7.9473080000  -0.0122310000  -0.0236530000   0.0070050000   0.0122750000   0.0235120000  -0.0070540000   0.0068990000  -0.0369990000   0.0080990000   0.0085980000  -0.0130500000   0.0190110000  -0.0155420000   0.0501910000  -0.0270600000
   6.3222865183   6.1409205999 3420  6.06E+00  -1.1679420000  -0.9473600000   2.2933530000   0.0179390000   0.0134490000   1.9835760000   0.8285230000   1.0469450000   7.9823880000  -0.0215430000   0.2672750000   8.3910360000  -0.8283590000  -0.5673970000   8.6687320000  -0.0278090000  -0.0225270000   0.0073140000   0.0277230000   0.0224590000  -0.0073480000   0.0566490000   0.0466860000  -0.0316800000  -0.0331110000  -0.0167670000   0.0290870000  -0.0234520000  -0.0298510000   0.0026270000
   6.3237838903   6.1406466337 3564  3.00E+00  -0.3349900000   1.4391400000   2.8317420000  -0.2127670000   0.5770550000   1.7810460000   0.5294870000  -0.4274810000   9.7739150000   0.3667720000  -0.8184700000   8.6969760000   0.2788960000  -1.2430470000   7.6251060000   0.0046050000  -0.0324560000  -0.0396880000  -0.0046410000   0.0327260000   0.0393920000   0.0006220000  -0.0141840000  -0.0310310000  -0.0095980000   0.0006380000  -0.0127470000   0.0090120000   0.0132770000   0.0440760000
   6.3219027621   6.1418744054 3882  3.97E+00  -1.5206450000  -1.2883570000   3.5701720000  -0.8904050000  -1.1868110000   2.3607610000   2.0623860000   2.1495820000   6.5883050000   1.6109250000   2.4405090000   7.6019560000   1.2710060000   2.7144040000   8.6909820000   0.0227260000   0.0036740000  -0.0436630000  -0.0229660000  -0.0037780000   0.0436440000  -0.0158440000   0.0160330000   0.0626530000   0.0061860000  -0.0138660000  -0.0634250000   0.0098970000  -0.0020620000   0.0007910000
