   6.3215955397   6.1624911895   39  5.69E+00   0.8528010000   1.2090870000   2.3247900000  -0.0092630000  -0.0179120000   1.8675740000  -0.4609940000   1.1237080000   9.1526280000  -0.0103610000   0.2650820000   8.5156200000   0.4613060000  -0.6217510000   7.9823300000   0.0215250000   0.0307240000   0.0114690000  -0.0216200000  -0.0305590000  -0.0115270000   0.0146220000  -0.0270880000  -0.0097160000   0.0202200000  -0.0390400000  -0.0412240000  -0.0347470000   0.0659640000   0.0509990000
   6.3220370240   6.1648394948   62  6.18E+00  -0.5118160000   0.3109710000   2.1574280000   0.8976640000   0.4379460000   2.0381760000  -2.3689860000  -1.3999240000   8.5083480000  -1.5225500000  -0.5855520000   8.3334150000  -0.9389480000   0.3203720000   7.9219060000   0.0168310000   0.0014790000  -0.0014490000  -0.0167980000  -0.0016090000   0.0012450000  -0.0268350000  -0.0011470000  -0.0144220000   0.0742230000   0.0385960000   0.0097310000  -0.0474210000  -0.0373180000   0.0048950000
   6.3228863105   6.1609904877  141  9.57E+00  -0.4173190000  -0.8889560000   2.3005860000   0.1387320000   0.2453080000   1.8267690000  -0.0821350000   0.6682790000   9.4610450000  -0.3423700000  -0.1355230000   8.5779750000  -0.3274140000  -1.0479900000   7.8324240000   0.0259180000   0.0529220000  -0.0221540000  -0.0259370000  -0.0527170000   0.0219910000   0.0319870000   0.0407530000   0.0610980000  -0.0485690000  -0.0331300000  -0.0704300000   0.0166010000  -0.0078280000   0.0094950000
   6.3228198294   6.1616673320  332  1.55E+00  -0.0517900000  -2.1382600000   3.7791130000  -0.6314340000  -1.5178610000   2.6118110000   1.0638020000   2.8243120000   8.3279440000   1.2101120000   3.0512020000   7.1636570000   1.1845660000   3.2881200000   6.0134040000  -0.0020340000   0.0021730000  -0.0040620000   0.0020070000  -0.0023560000   0.0041220000  -0.0150480000  -0.0054630000   0.0362410000   0.0254060000   0.0040340000  -0.0410720000  -0.0103300000   0.0016110000   0.0047710000
   6.3207095563   6.1649643456 1165  4.78E+00  -1.6329750000  -0.5872420000   3.5836730000  -1.4336030000  -0.4697140000   2.2458010000   1.7035490000   1.4194940000   7.2052320000   2.6326240000   1.1731580000   7.9030510000   3.5827940000   0.7703560000   8.4213070000   0.0082290000   0.0048020000  -0.0557560000  -0.0084250000  -0.0050580000   0.0553800000  -0.0068280000  -0.0075110000  -0.0177420000   0.0369350000   0.0049710000   0.0473280000  -0.0299120000   0.0027960000  -0.0292090000
   6.3243883924   6.1604690906 1176  5.44E+00   1.0974420000  -1.3886170000   2.9894600000   0.2828600000  -0.5679030000   1.9039130000   0.1736680000   1.8484480000   9.2439990000  -0.5518260000   1.3788650000   8.4317800000  -1.2412290000   0.7278490000   7.7305380000   0.0224420000  -0.0225230000   0.0297950000  -0.0222260000   0.0225730000  -0.0300040000   0.0146750000  -0.0034070000   0.0217720000  -0.0151750000   0.0158910000  -0.0291380000   0.0002840000  -0.0125330000   0.0075760000
   6.3249831703   6.1635981119 1205  5.09E+00   0.9515190000   1.5258340000   2.8035120000   0.4246610000   0.4992880000   1.8927310000  -1.4456310000  -1.5962240000   8.9963540000  -0.8148830000  -0.6871730000   8.4592910000  -0.1234490000   0.2100590000   8.0250930000   0.0024520000   0.0047660000   0.0041250000  -0.0025260000  -0.0048710000  -0.0043770000  -0.0446400000  -0.0695060000   0.0466490000   0.0045740000   0.0221730000  -0.0303150000   0.0401400000   0.0474360000  -0.0160810000
   6.3216227825   6.1608007915 1572  8.25E+00   0.7537580000  -0.0463040000   2.6068900000  -0.1532340000   0.2689300000   1.6585680000   0.3046460000  -0.7076040000  10.0584260000   0.2740240000  -0.2480550000   8.9070540000   0.2074430000   0.2413100000   7.8087400000  -0.0420370000   0.0145790000  -0.0440910000   0.0420450000  -0.0146700000   0.0436770000   0.0007730000  -0.0381000000   0.1024790000   0.0040310000   0.0149310000  -0.0580960000  -0.0048120000   0.0232600000  -0.0439690000
   6.3231574178   6.1612831109 1572  8.64E+00   0.7492580000  -0.0404400000   2.6052310000  -0.1532180000   0.2690230000   1.6580870000   0.3049500000  -0.7036360000  10.0608610000   0.2749450000  -0.2494390000   8.9071090000   0.2066500000   0.2375440000   7.8087710000  -0.0446760000   0.0152890000  -0.0470250000   0.0446850000  -0.0153790000   0.0466120000   0.0005980000  -0.0375280000   0.1029330000   0.0043330000   0.0148260000  -0.0598470000  -0.0049400000   0.0227920000  -0.0426730000
   6.3239372226   6.1618330226 1572  8.92E+00   0.7456380000  -0.0348770000   2.6044980000  -0.1532130000   0.2691200000   1.6575940000   0.3052540000  -0.6996200000  10.0631690000   0.2758590000  -0.2508470000   8.9072630000   0.2058630000   0.2337500000   7.8088540000  -0.0466550000   0.0157480000  -0.0492860000   0.0466640000  -0.0158380000   0.0488740000   0.0004180000  -0.0368600000   0.1031420000   0.0046390000   0.0146000000  -0.0613040000  -0.0050660000   0.0223490000  -0.0414260000
   6.3239200375   6.1624505741 1572  9.08E+00   0.7429360000  -0.0296230000   2.6047350000  -0.1532190000   0.2692210000   1.6570890000   0.3055580000  -0.6955590000  10.0653490000   0.2767650000  -0.2522790000   8.9075180000   0.2050820000   0.2299290000   7.8089890000  -0.0479040000   0.0159450000  -0.0507940000   0.0479130000  -0.0160330000   0.0503820000   0.0002330000  -0.0361000000   0.1031010000   0.0049500000   0.0142540000  -0.0624550000  -0.0051910000   0.0219350000  -0.0402350000
   6.3230770685   6.1631340022 1572  9.09E+00   0.7411770000  -0.0246840000   2.6059730000  -0.1532380000   0.2693260000   1.6565720000   0.3058610000  -0.6914540000  10.0674010000   0.2776630000  -0.2537350000   8.9078770000   0.2043080000   0.2260800000   7.8091740000  -0.0483800000   0.0158730000  -0.0514920000   0.0483900000  -0.0159620000   0.0510800000   0.0000430000  -0.0352500000   0.1028080000   0.0052640000   0.0137870000  -0.0632920000  -0.0053160000   0.0215510000  -0.0391050000
   6.3213951224   6.1638821885 1572  8.96E+00   0.7403710000  -0.0200570000   2.6082240000  -0.1532680000   0.2694360000   1.6560420000   0.3061640000  -0.6873040000  10.0693250000   0.2785530000  -0.2552140000   8.9083400000   0.2035400000   0.2222040000   7.8094070000  -0.0480670000   0.0155410000  -0.0513540000   0.0480770000  -0.0156290000   0.0509420000  -0.0001520000  -0.0343110000   0.1022580000   0.0055830000   0.0132000000  -0.0638060000  -0.0054420000   0.0211980000  -0.0380400000
   6.3224177837   6.1637114731 1596  2.44E+00   0.0539560000  -1.5791440000   3.1784600000  -0.7658370000  -0.9398810000   2.0568480000   1.6839700000   1.6162300000   7.1022500000   1.4512890000   1.9967580000   8.2017410000   1.0479280000   2.3659710000   9.2692720000   0.0151560000  -0.0119670000   0.0207620000  -0.0154000000   0.0117520000  -0.0210370000  -0.0060490000  -0.0055990000  -0.0173150000   0.0321080000  -0.0079770000  -0.0220950000  -0.0258150000   0.0137910000   0.0396830000
   6.3228562651   6.1636837338 1667  4.35E+00   1.3411980000   0.4486750000   2.3900200000   0.1333620000  -0.3865330000   1.9110260000   0.1927820000   0.2540960000   9.2757870000  -0.3223260000   0.9239390000   8.4715760000  -0.7013540000   1.6421550000   7.6711190000   0.0258300000   0.0177960000   0.0102320000  -0.0257490000  -0.0179860000  -0.0103130000   0.0007690000   0.0156390000  -0.0131200000  -0.0371180000   0.0308190000  -0.0452030000   0.0362680000  -0.0462680000   0.0584040000
   6.3238598200   6.1613815302 1788  5.51E+00   0.4546550000   1.4170350000   2.5022030000  -0.0671410000   0.3261230000   1.8866930000   0.0081900000   0.5786190000   9.1884980000   0.0418680000  -0.4155430000   8.5406190000   0.2670560000  -1.2970120000   7.8210310000  -0.0219600000  -0.0458360000  -0.0258600000   0.0218920000   0.0459890000   0.0257740000   0.0124780000   0.0223240000   0.0057670000  -0.0186240000  -0.0562560000  -0.0244430000   0.0062130000   0.0337780000   0.0187610000
   6.3238269403   6.1621000248 2171  2.83E+00  -0.9613600000  -0.7598140000   2.6042070000   0.0130690000   0.0050150000   1.7524390000   0.6198880000  -0.2324780000   7.8799870000  -0.0421220000   0.1869440000   8.7888200000  -0.5929660000   0.8026390000   9.6072920000  -0.0129410000  -0.0100750000   0.0111680000   0.0127250000   0.0101430000  -0.0115350000   0.0262480000   0.0009900000  -0.0294000000  -0.0429430000  -0.0031270000   0.0494570000   0.0169100000   0.0020680000  -0.0196910000
   6.3220887222   6.1645967832 2354  5.07E+00   2.2282680000  -1.4539640000   3.9136830000   1.3687530000  -0.7857990000   2.8472770000  -3.3944830000   1.5960300000   5.9522290000  -2.4907090000   1.7278470000   6.6661620000  -1.7120230000   1.8106300000   7.5781340000   0.0150340000  -0.0117000000   0.0186720000  -0.0151660000   0.0117930000  -0.0186400000   0.0160470000   0.0011030000   0.0337790000  -0.0318680000  -0.0014400000  -0.0774550000   0.0159530000   0.0002440000   0.0436440000
   6.3236936804   6.1613233689 2639  3.89E+00  -1.3620310000   0.1797610000   2.1861990000   0.0191200000  -0.0016050000   1.9903370000   0.8945900000   1.0169970000   8.5761530000  -0.0426600000   0.2666220000   8.3701150000  -0.8722410000  -0.5327860000   8.0636580000   0.0241070000  -0.0031360000  -0.0034170000  -0.0240440000   0.0032230000   0.0033860000   0.0618860000   0.0417990000   0.0075910000  -0.0455370000  -0.0172950000   0.0048160000  -0.0164130000  -0.0245910000  -0.0123760000
   6.3214848075   6.1615972024 2793  1.14E+00  -1.4845870000   0.7657630000   2.9556810000  -0.8900210000  -0.1281680000   1.9296810000   2.6492110000   0.1536430000   9.0119910000   1.6354600000   0.4790500000   8.4460610000   0.6615690000   0.7662640000   7.8252590000  -0.0052020000   0.0077650000   0.0088040000   0.0052090000  -0.0078610000  -0.0091740000   0.0513470000  -0.0178640000   0.0245310000  -0.0321710000   0.0134540000  -0.0087430000  -0.0191830000   0.0045060000  -0.0154180000
   6.3231725677   6.1614543920 3070  1.17E+00   0.1526300000  -0.7440470000   2.6618190000   0.4789640000   0.2456460000   1.6860540000  -0.7305180000   0.0420130000   7.7242000000  -0.9500710000  -0.1999520000   8.8642800000  -0.9579450000  -0.3841750000  10.0343450000   0.0030120000   0.0090110000  -0.0090920000  -0.0029260000  -0.0090800000   0.0085850000   0.0155960000   0.0065140000  -0.0090800000  -0.0289530000  -0.0069300000  -0.0129140000   0.0132720000   0.0004850000   0.0225020000
   6.3230330760   6.1640727840 3123  3.24E+00   1.0088450000  -1.2694490000   2.3077600000   0.2890650000  -0.0535200000   2.0994100000  -1.3938950000  -0.4296410000   8.0721040000  -0.5568150000   0.4075410000   8.1998870000   0.3046710000   1.1586470000   8.1431010000  -0.0063880000   0.0108190000  -0.0018430000   0.0064230000  -0.0107740000   0.0018250000  -0.0127400000  -0.0199420000  -0.0133200000   0.0602490000   0.0684300000   0.0214880000  -0.0475430000  -0.0485350000  -0.0081510000
   6.3239664331   6.1636455342 3199  5.71E+00   0.7542630000  -1.1870930000   2.6635760000  -0.6587410000  -1.0141450000   2.2312980000   2.2841440000   2.4372090000   7.9985980000   1.1449610000   2.2051720000   7.9863990000   0.0987310000   1.7347270000   7.6957710000   0.0134040000  -0.0016400000   0.0040550000  -0.0133100000   0.0015550000  -0.0043250000  -0.0247410000  -0.0228820000  -0.0193590000   0.0172010000   0.0386080000   0.0374260000   0.0074460000  -0.0156410000  -0.0177970000
   6.3221168407   6.1628107065 3446  6.10E+00  -0.0432690000   1.1539110000   2.4476560000   0.0042770000  -0.0180500000   1.7751460000  -0.1190730000   1.1326510000   9.5394540000  -0.0580600000   0.2497030000   8.7047600000   0.1440250000  -0.6149810000   7.9073870000   0.0021140000  -0.0525150000  -0.0301700000  -0.0021690000   0.0526970000   0.0299640000   0.0044350000   0.0535970000   0.0525150000  -0.0180760000  -0.0306480000  -0.0343410000   0.0136970000  -0.0231310000  -0.0179690000
   6.3243360759   6.1612931270 3639  3.69E+00  -0.8058830000   1.0804070000   2.0346570000   0.0080090000  -0.0147270000   2.0659500000  -1.1635420000   0.3294790000   8.1050330000   0.0086810000   0.2583460000   8.2522070000   1.1677990000   0.1697370000   8.2552100000   0.0306640000  -0.0412270000   0.0011810000  -0.0305860000   0.0412250000  -0.0011910000  -0.0122260000  -0.0004700000  -0.0093200000   0.0374010000  -0.0002370000   0.0176840000  -0.0252540000   0.0007090000  -0.0083550000
   6.3247850712   6.1609000794 3920  4.36E+00   0.4657240000   0.1702240000   2.0653680000   0.2201510000  -1.3328880000   2.2742410000  -0.3598980000   2.4269500000   8.9787830000  -0.4316980000   2.6101550000   7.8311530000  -0.4448590000   2.9473340000   6.6553540000   0.0049380000   0.0299810000  -0.0042840000  -0.0048770000  -0.0303770000   0.0041390000   0.0027540000   0.0114880000  -0.0131780000  -0.0053480000  -0.0413620000   0.0815790000   0.0025340000   0.0302710000  -0.0682560000
