   6.3238358486   6.0593515783    5  3.38E+00  -0.2414480000  -1.4773430000   2.1508170000   0.0012550000   0.0243050000   2.0772930000   0.2604680000   1.3446930000   7.9853490000   0.0150790000   0.2484020000   8.2292130000  -0.2628440000  -0.8718000000   8.3281890000  -0.0042030000  -0.0260230000   0.0012940000   0.0042050000   0.0260040000  -0.0013040000  -0.0146020000  -0.0562020000   0.0031630000   0.0076610000   0.0202590000   0.0092970000   0.0069380000   0.0359620000  -0.0124490000
   6.3205241869   6.0555998148    5  3.67E+00  -0.2429160000  -1.4859140000   2.1525980000   0.0012720000   0.0244230000   2.0789770000   0.2612500000   1.3445850000   7.9832020000   0.0147580000   0.2473920000   8.2253470000  -0.2633770000  -0.8709860000   8.3247140000  -0.0046430000  -0.0287420000   0.0014220000   0.0046460000   0.0287200000  -0.0014310000  -0.0142810000  -0.0546490000   0.0029120000   0.0064430000   0.0152370000   0.0097230000   0.0078360000   0.0394340000  -0.0126250000
   6.3210789122   6.0556175298   36  8.50E-01  -0.1881430000   1.4328530000   2.2687140000   0.0003110000  -0.0199780000   1.9145140000  -0.9558530000  -0.0775690000   7.8938900000  -0.0022660000   0.2456670000   8.4745240000   0.9678550000   0.5903240000   9.0410250000  -0.0026030000   0.0204540000   0.0049890000   0.0027910000  -0.0203960000  -0.0051130000   0.0238530000   0.0090990000   0.0150940000  -0.0260500000  -0.0108910000  -0.0154480000   0.0020080000   0.0017340000   0.0004770000
   6.3249691891   6.0587714099  173  3.81E+00  -1.1037470000  -0.0969010000   2.1583920000  -0.2372410000   1.1167810000   2.1826830000   0.1214190000  -0.6271050000   7.9739640000   0.4098950000  -1.7923740000   8.0608910000   0.8252550000  -2.9110630000   7.9391110000  -0.0090000000  -0.0126490000  -0.0002640000   0.0090010000   0.0125610000   0.0000440000  -0.0031310000   0.0461760000  -0.0138400000  -0.0198130000  -0.0073670000   0.0301240000   0.0229420000  -0.0387210000  -0.0160630000
   6.3243533466   6.0596170227  454  4.79E+00  -1.9691380000   0.6295850000   2.6550740000  -0.6632140000   0.6802820000   2.2938300000   1.8598280000  -1.8919170000   7.3324370000   1.2668780000  -1.0091190000   7.8358360000   0.6254440000  -0.1000290000   8.1631940000   0.0556790000   0.0021490000  -0.0153990000  -0.0556720000  -0.0021620000   0.0153670000  -0.0036530000   0.0026570000  -0.0100780000  -0.0120780000   0.0221680000   0.0301690000   0.0157240000  -0.0248120000  -0.0200590000
   6.3218740586   6.0553348080  541  3.60E+00   0.9917970000   1.3267720000   2.0567890000  -0.0913380000   0.2491990000   2.0904840000  -0.0829700000   0.8992060000   8.4162240000   0.1941470000  -0.2088530000   8.1372250000   0.3309030000  -1.3829010000   7.9064140000   0.0199210000   0.0198160000  -0.0005610000  -0.0199080000  -0.0197250000   0.0006410000  -0.0095340000  -0.0008040000   0.0051490000   0.0128220000   0.0510030000  -0.0009480000  -0.0033000000  -0.0502900000  -0.0042800000
   6.3245479269   6.0553112101 1032  1.46E+00  -0.5549680000   1.1020600000   2.6866630000  -0.0345040000   0.1059750000   1.6842490000   0.0834510000   0.2706950000   7.7361700000   0.0230490000   0.0617950000   8.8982370000   0.1065350000  -0.2281110000  10.0043290000  -0.0071920000   0.0137150000   0.0135640000   0.0071240000  -0.0137210000  -0.0141870000   0.0103290000  -0.0052830000  -0.0041700000  -0.0163760000  -0.0027910000   0.0608890000   0.0061150000   0.0080800000  -0.0560960000
   6.3201582259   6.0580750973 1341  1.44E+00  -1.1616910000  -0.3143230000   2.6549180000   0.0162270000   0.0051870000   1.7101850000  -0.4401560000   0.0957130000   9.9140220000   0.0009400000   0.2327630000   8.8430830000   0.4316010000   0.4111280000   7.7403550000  -0.0250120000  -0.0068010000   0.0198930000   0.0248340000   0.0067010000  -0.0203750000   0.0026460000   0.0036640000  -0.0095700000  -0.0143010000  -0.0114290000   0.0410580000   0.0118340000   0.0078640000  -0.0310050000
   6.3226585676   6.0590601554 1643  2.58E+00   1.2618680000  -0.1272070000   2.6368570000  -0.0166060000  -0.0030190000   1.7221070000  -0.4256810000   0.6278670000   9.8463450000   0.0138500000   0.2571710000   8.8231900000   0.4187160000  -0.1101570000   7.7645590000   0.0335510000  -0.0032340000   0.0238010000  -0.0336200000   0.0033140000  -0.0243380000  -0.0040610000   0.0017960000   0.0024840000  -0.0022470000   0.0057080000   0.0204750000   0.0063770000  -0.0075850000  -0.0224210000
   6.3206075763   6.0561715639 2055  5.79E+00  -0.7634650000   0.0673370000   1.7968280000  -0.1754390000  -1.2373220000   2.4788980000   0.5115580000   3.2161260000   6.5251370000   0.3480990000   2.5473020000   7.5033400000   0.1514120000   1.7345390000   8.3499000000  -0.0160960000   0.0356230000  -0.0186660000   0.0160580000  -0.0357910000   0.0186620000   0.0029120000   0.0116890000  -0.0349010000   0.0037440000   0.0160400000   0.0219360000  -0.0066180000  -0.0275620000   0.0129680000
   6.3247009630   6.0595616843 2216  3.54E+00  -0.4089980000   0.6116800000   2.2649140000   0.1832830000   2.0255620000   2.6607480000  -0.3184330000  -2.9836770000   6.0332980000  -0.3382830000  -3.4735320000   7.0927380000  -0.3172090000  -3.8757680000   8.2122820000  -0.0160330000  -0.0381250000  -0.0108190000   0.0160570000   0.0385490000   0.0106000000   0.0022350000  -0.0034380000   0.0212150000  -0.0054050000   0.0077230000  -0.0530690000   0.0031460000  -0.0047090000   0.0320730000
   6.3237546139   6.0578109756 2526  4.97E+00  -1.7250880000   0.0672400000   2.9485320000  -0.6044220000  -0.2653940000   1.8771990000   2.0046440000   0.4438870000   9.2898210000   1.1405140000   0.7457980000   8.5447590000   0.2664940000   1.0051230000   7.7358990000  -0.0307020000   0.0090470000   0.0291470000   0.0307190000  -0.0092280000  -0.0296290000   0.0140210000  -0.0074820000   0.0091710000   0.0350680000  -0.0048190000   0.0382890000  -0.0491050000   0.0124820000  -0.0469780000
   6.3230153807   6.0569571216 2813  3.29E-01   0.1965010000   1.2865230000   2.6758820000   0.4514330000   0.1997930000   1.7551920000  -1.0761190000  -0.3155200000   7.5936650000  -0.8031440000  -0.1632730000   8.7487170000  -0.5879130000   0.0468960000   9.9054520000   0.0006680000  -0.0025140000  -0.0022770000  -0.0004480000   0.0026350000   0.0018610000  -0.0122150000  -0.0014940000  -0.0328200000   0.0077760000  -0.0095560000  -0.0087780000   0.0042180000   0.0109280000   0.0420140000
   6.3236330924   6.0566725501 2837  2.82E+00   1.0981640000   0.6776480000   2.7114190000   0.4445010000  -0.2119010000   1.7630660000  -1.4568130000   0.8222310000   9.7003110000  -0.7598960000   0.7042130000   8.7558580000  -0.2618730000   0.3523800000   7.7518810000   0.0002210000   0.0003070000   0.0001290000  -0.0001860000  -0.0002560000  -0.0006520000  -0.0170690000  -0.0151990000   0.0011450000   0.0359280000   0.0273110000  -0.0089750000  -0.0188930000  -0.0121620000   0.0083520000
   6.3236977629   6.0570642554 2918  3.19E+00  -0.2322640000   1.3394160000   2.0552430000   0.0039590000  -0.0107630000   2.0127430000  -0.9543060000  -0.3598560000   8.6753230000   0.0102010000   0.2135060000   8.2731760000   0.9415070000   0.8566200000   7.9336110000   0.0080400000  -0.0461310000  -0.0014450000  -0.0081630000   0.0460290000   0.0014600000  -0.0278010000  -0.0109670000   0.0157420000   0.0208030000   0.0004090000  -0.0182900000   0.0071200000   0.0106600000   0.0025330000
