   6.3233186655   6.1119399911  200  1.09E+00   0.4445800000  -1.3681050000   2.1810580000   0.0009610000   0.0184020000   2.0405680000   1.0699310000   0.6304250000   8.0270980000   0.0072380000   0.2224930000   8.2854080000  -1.1081770000  -0.1154820000   8.4257600000   0.0011020000  -0.0034960000   0.0003830000  -0.0011720000   0.0034530000  -0.0003770000  -0.0200280000  -0.0013870000  -0.0022210000   0.0198020000  -0.0046300000   0.0093890000   0.0002970000   0.0060600000  -0.0071740000
   6.3227718019   6.1131244966  301  7.60E+00  -0.1631060000  -2.4170430000   4.4873300000   0.9834870000  -1.7099410000   5.2404770000  -2.1098180000   4.2841040000   3.0953760000  -1.8554090000   3.3185340000   2.4338670000  -1.3988280000   2.6045030000   1.6237880000  -0.0242660000  -0.0149160000  -0.0158720000   0.0241770000   0.0149670000   0.0160530000   0.0062980000   0.0427130000   0.0071390000  -0.0130790000  -0.0699320000  -0.0067230000   0.0068700000   0.0271680000  -0.0005970000
   6.3201107187   6.1108574095  460  4.84E+00  -0.2108680000  -2.2536420000   3.3806810000   0.1204090000  -1.1457340000   2.3949460000   0.4175230000   1.7108180000   8.3371800000  -0.2277440000   2.4224130000   7.6325070000  -0.8346210000   3.0224190000   6.7603780000  -0.0055150000  -0.0184680000   0.0164600000   0.0055770000   0.0183530000  -0.0164510000   0.0199880000  -0.0253610000   0.0106690000   0.0133890000  -0.0043720000   0.0487250000  -0.0334390000   0.0298480000  -0.0594030000
   6.3202181510   6.1128435939  770  2.19E+00  -0.2909060000   2.1088420000   5.1067760000  -1.2527770000   1.3662490000   5.7937180000   2.3119090000  -3.4447470000   1.2777970000   2.2254490000  -2.2847640000   1.3240070000   2.2924560000  -1.1086570000   1.4724890000  -0.0214420000  -0.0164480000   0.0153560000   0.0211960000   0.0164220000  -0.0151140000   0.0091500000   0.0191720000   0.0070940000  -0.0210970000  -0.0338000000  -0.0144890000   0.0121920000   0.0146530000   0.0071540000
   6.3216163555   6.1119091120  950  1.47E+00   1.4498870000  -0.1731180000   2.1083720000  -0.0115130000   0.0036220000   2.0402270000  -1.1657290000   0.3008840000   8.4515220000  -0.0085660000   0.3080810000   8.2405980000   1.1383110000   0.1483310000   8.0412600000   0.0082630000  -0.0009960000   0.0003620000  -0.0083760000   0.0010460000  -0.0003490000  -0.0018700000  -0.0110230000   0.0022160000   0.0063910000   0.0214430000  -0.0055270000  -0.0044080000  -0.0104700000   0.0032990000
   6.3220661959   6.1130359238 1263  4.72E+00   0.4024910000   1.1538660000   2.5052790000  -0.3225150000   0.1189170000   1.7606960000  -0.2011430000   0.1457510000   7.8724680000   0.6059130000   0.1350810000   8.7414010000   1.3316440000  -0.2260850000   9.6154020000   0.0027920000   0.0039120000   0.0027290000  -0.0026270000  -0.0038650000  -0.0031010000  -0.0110360000  -0.0227540000  -0.0037350000   0.0001800000   0.0533630000  -0.0159080000   0.0106910000  -0.0306570000   0.0200150000
   6.3241005792   6.1115263483 1319  2.29E+00   1.4309450000  -0.3753870000   2.7767350000   0.2734510000  -0.7760720000   1.9343510000  -0.4091890000   1.3632880000   9.5298430000  -0.5577000000   1.6285510000   8.4356900000  -0.6279790000   2.0013820000   7.3031430000   0.0106570000   0.0035700000   0.0076650000  -0.0105190000  -0.0039380000  -0.0079580000  -0.0049240000   0.0259700000  -0.0778330000   0.0012380000  -0.0414300000   0.1010150000   0.0035480000   0.0158290000  -0.0228890000
   6.3235043056   6.1106104019 1333  5.07E+00  -1.5511610000   1.3522420000   2.9672480000  -1.4525400000  -0.1147850000   2.3625600000   2.3663620000   0.5476830000   8.7743430000   2.6277010000   0.4570450000   7.6279820000   3.0131000000   0.2849570000   6.5144060000  -0.0027990000   0.0410130000   0.0169570000   0.0025220000  -0.0409840000  -0.0169270000   0.0057970000  -0.0042700000   0.0136900000  -0.0226190000   0.0128500000   0.0051050000   0.0170990000  -0.0086100000  -0.0188250000
   6.3210317559   6.1139133578 1412  4.52E+00   0.4786090000  -0.7238280000   2.5727370000  -0.8036370000  -0.9285890000   2.0451630000   1.4287360000   1.6307160000   7.1290990000   1.3547720000   1.9604590000   8.2280340000   1.5376520000   2.2684510000   9.3192050000  -0.0253050000  -0.0041140000  -0.0105270000   0.0250460000   0.0038720000   0.0101390000   0.0161990000   0.0185000000   0.0652670000  -0.0263550000  -0.0008480000  -0.0082650000   0.0104150000  -0.0174080000  -0.0566140000
   6.3218503547   6.1126685838 1758  3.89E+00   0.9447560000  -0.2526860000   1.7067690000  -0.2408110000   0.5362750000   2.1573920000   0.2623530000   0.4161430000   8.4024590000   0.3790950000  -0.7176710000   7.9860690000   0.5962110000  -1.8520860000   7.7215490000   0.0129070000  -0.0085810000  -0.0048810000  -0.0129250000   0.0085760000   0.0050150000   0.0000140000   0.0582470000   0.0319380000  -0.0095960000  -0.0393180000  -0.0383120000   0.0096000000  -0.0189240000   0.0062400000
   6.3237511146   6.1124819610 2192  3.00E+00   1.1320280000   0.0037190000   2.2360800000  -0.2398370000  -0.4559310000   1.9598800000  -0.5584300000   1.1325780000   9.0780620000   0.4332140000   1.0179220000   8.4387310000   1.3597020000   1.0677430000   7.6592070000   0.0074680000   0.0025020000   0.0014040000  -0.0076830000  -0.0026100000  -0.0016190000  -0.0232900000   0.0122240000   0.0048290000  -0.0160360000  -0.0247080000   0.0380640000   0.0395410000   0.0125910000  -0.0426770000
   6.3230688701   6.1101196575 2387  2.64E+00  -1.4868420000   0.9913930000   2.3763620000  -0.6529690000  -0.1457890000   2.1328780000   1.2473780000  -0.5911210000   8.4433670000   1.1934050000   0.4852860000   8.0808630000   1.2115020000   1.5801360000   7.6897200000   0.0065750000  -0.0090250000  -0.0019260000  -0.0066070000   0.0088590000   0.0019510000   0.0018600000   0.0793600000  -0.0272460000  -0.0074000000  -0.0502470000   0.0164760000   0.0055710000  -0.0289470000   0.0107450000
   6.3208493232   6.1106515162 2536  3.14E+00   1.2755060000  -0.7310910000   3.1110820000   0.4078650000  -0.9959390000   1.9306710000  -0.8648820000   2.5132050000   9.5138170000  -0.6965110000   2.0047480000   8.4570590000  -0.7295870000   1.6895390000   7.3004450000   0.0084940000   0.0024730000   0.0113200000  -0.0082880000  -0.0027600000  -0.0117360000  -0.0154990000   0.0207560000   0.0117480000   0.0293650000  -0.0248930000   0.0247930000  -0.0140720000   0.0044240000  -0.0361250000
   6.3224648032   6.1131230435 2681  3.49E+00  -1.3403750000   0.4867490000   2.3733410000   0.0162040000  -0.0090410000   1.8485980000  -0.2563660000  -0.6507540000   7.9218330000   0.0063880000   0.2873160000   8.5474820000   0.2550920000   1.1372260000   9.2809220000  -0.0270940000   0.0099790000   0.0104710000   0.0271500000  -0.0097430000  -0.0106550000   0.0089570000   0.0286900000   0.0338060000   0.0033390000   0.0164130000  -0.0088110000  -0.0123530000  -0.0453390000  -0.0248110000
   6.3204222205   6.1107530996 3237  8.64E-01   0.3538040000   1.0324700000   2.5783560000  -0.0048260000  -0.0095410000   1.7156950000  -0.0103460000  -0.3169660000   9.8631320000  -0.0233370000   0.2459410000   8.8382980000   0.0296780000   0.8026160000   7.7721390000  -0.0073850000  -0.0215040000  -0.0179550000   0.0073810000   0.0213400000   0.0174420000   0.0040700000   0.0006290000  -0.0040130000  -0.0101110000  -0.0209630000   0.0445300000   0.0060440000   0.0204980000  -0.0400040000
   6.3208855491   6.1117664389 3323  8.54E+00  -2.2279060000  -0.4598830000   2.9308140000  -0.9056550000  -1.2934830000   2.7333390000   0.9758670000   2.6929250000   7.9054890000   1.6340170000   2.5319110000   6.9418380000   2.4609090000   2.5829970000   6.0488840000  -0.0344680000   0.0217740000   0.0052290000   0.0343760000  -0.0217680000  -0.0050460000   0.0070950000   0.0143370000   0.0102920000  -0.0609470000  -0.0309800000   0.0301560000   0.0539430000   0.0166370000  -0.0406300000
   6.3218265887   6.1133482074 3410  3.75E+00  -1.0235920000  -1.0687960000   2.7891120000  -0.0717560000  -0.3018600000   1.7727660000   0.8058850000   1.2514640000   9.6082470000   0.1536900000   0.8412970000   8.6993610000  -0.4984020000   0.3795510000   7.8330200000  -0.0265090000  -0.0213990000   0.0281640000   0.0266360000   0.0213910000  -0.0285790000   0.0188100000   0.0086760000   0.0293410000  -0.0163500000  -0.0039670000  -0.0303220000  -0.0025880000  -0.0047010000   0.0013950000
   6.3245181437   6.1127761450 3566  4.43E+00   1.8377580000  -0.8786550000   3.3515300000   0.8525710000  -1.4187850000   2.5972370000  -0.7520930000   2.0599780000   7.3605650000  -1.5778010000   2.8402960000   7.1597960000  -2.4371880000   3.6366100000   7.0834060000  -0.0435380000  -0.0238790000  -0.0334060000   0.0434800000   0.0238620000   0.0331330000  -0.0377060000   0.0351010000   0.0018970000   0.0383590000  -0.0347790000  -0.0110380000  -0.0005950000  -0.0003040000   0.0094140000
   6.3214931787   6.1129110438 3680  2.94E+00  -1.0904560000  -0.1720370000   2.5872870000   0.1397160000  -0.5206690000   1.7799300000  -0.6744570000   0.6812130000   7.7179670000  -0.1625550000   1.1918130000   8.6897610000   0.1674120000   1.7229590000   9.7074440000  -0.0185490000   0.0052480000   0.0120040000   0.0186980000  -0.0052800000  -0.0124940000  -0.0346890000  -0.0223130000  -0.0407630000   0.0336660000   0.0026480000   0.0029390000   0.0008730000   0.0196970000   0.0383140000
