   6.3214822205   6.5706222151  120  5.93E+00  -0.6296440000   0.1173660000   2.7602670000  -0.7956400000  -1.2018700000   2.0353440000   1.8117960000   1.8057570000   7.2630140000   1.4513590000   2.3542570000   8.2944230000   1.1119620000   3.1096220000   9.1726730000   0.0024800000   0.0205370000   0.0112200000  -0.0027360000  -0.0206540000  -0.0114330000   0.0233910000  -0.0204380000  -0.0684800000  -0.0076950000  -0.0284030000   0.0335100000  -0.0154390000   0.0489580000   0.0351830000
   6.3242764903   6.5726172466  224  2.93E+00   0.2451460000  -0.5041120000   2.8240270000  -0.0021580000   0.0025850000   1.5601110000  -0.3533840000  -0.3117410000   8.1158060000  -0.0481440000   0.3058070000   9.0893670000   0.3848580000   0.7886970000  10.0925370000  -0.0068390000   0.0141260000  -0.0352770000   0.0069170000  -0.0140100000   0.0349570000   0.0005060000  -0.0226460000  -0.0190590000  -0.0222920000   0.0151420000  -0.0152050000   0.0217080000   0.0073890000   0.0345840000
   6.3242739599   6.5705179881  252  6.55E+00  -1.4355690000  -0.1410740000   3.1177080000  -1.1229060000  -1.3769530000   2.4580160000   2.6013690000   2.0208170000   6.6718790000   2.1125310000   2.6950050000   7.5181720000   1.5112710000   3.5294560000   8.2130940000   0.0019360000  -0.0077780000  -0.0041330000  -0.0020830000   0.0077430000   0.0041260000   0.0044240000  -0.0037490000  -0.0242600000   0.0503410000  -0.0731880000  -0.0241850000  -0.0546170000   0.0769710000   0.0484520000
   6.3210043323   6.5741187706  288  7.45E+00  -0.1463390000  -1.7974920000   3.4580300000  -0.7485880000  -1.1054770000   2.1520710000   1.8019250000   2.6102210000   6.9382500000   1.3031250000   2.3353200000   8.0158820000   0.9676760000   1.9586040000   9.0796180000   0.0172270000  -0.0198660000   0.0374920000  -0.0173870000   0.0197300000  -0.0374660000   0.0377270000   0.0101130000  -0.0586610000  -0.0447410000  -0.0012110000   0.0501260000   0.0071740000  -0.0087660000   0.0085090000
   6.3207688014   6.5705349002  324  1.27E+00   0.0644330000  -0.5222350000   2.8469380000   0.0026220000   0.0062780000   1.5473100000  -0.0222770000   0.8405310000  10.1396020000   0.0594200000   0.2550430000   9.1197310000  -0.0394870000  -0.3427690000   8.1084320000  -0.0011310000   0.0098110000  -0.0242100000   0.0011650000  -0.0097010000   0.0238480000  -0.0124630000   0.0039990000   0.0093520000   0.0243910000  -0.0023980000  -0.0100430000  -0.0119610000  -0.0017110000   0.0010540000
   6.3231239183   6.5734743633  564  3.97E+00   0.7671870000  -0.9684090000   2.9524150000   1.6095510000  -0.1153950000   2.2148620000  -2.7729950000   0.6305220000   9.0939510000  -2.8920020000   0.5205600000   7.8895400000  -3.1428140000   0.3036920000   6.7370250000   0.0144840000   0.0145800000  -0.0126050000  -0.0142470000  -0.0145690000   0.0125970000  -0.0009880000   0.0003690000   0.0731400000   0.0182260000   0.0130210000  -0.0372530000  -0.0174750000  -0.0134010000  -0.0358790000
   6.3204108601   6.5717626258  597  1.14E+01  -0.1856460000  -1.2456890000   3.5713010000  -0.1150800000  -1.2981930000   1.8709900000   0.3509230000   2.1478730000   7.4473270000   0.1996980000   2.6808060000   8.5090880000   0.0855970000   3.0893010000   9.5969420000  -0.0026530000   0.0017630000   0.0625690000   0.0025640000  -0.0020690000  -0.0629320000   0.0067960000  -0.0217470000  -0.0266140000  -0.0097810000   0.0322830000   0.0316760000   0.0030750000  -0.0102290000  -0.0046990000
   6.3220411303   6.5725655634  774  4.14E+00  -0.9198660000  -1.9590400000   3.5894530000  -0.7520480000  -1.2138860000   2.4358700000   2.0528150000   2.9801640000   6.6479130000   1.3414580000   2.5099200000   7.4473040000   0.7540260000   2.0091900000   8.3711440000   0.0047150000   0.0209050000  -0.0322550000  -0.0046990000  -0.0208110000   0.0323410000   0.0014570000  -0.0055600000   0.0165510000   0.0128080000   0.0257660000  -0.0609010000  -0.0142810000  -0.0203010000   0.0442640000
   6.3225854396   6.5704258939  788  5.68E+00  -0.2879740000  -1.6646790000   3.3737290000  -0.2164720000  -1.0088390000   1.9792100000   0.3279950000   3.3122450000   8.3887640000   0.4749640000   2.1265950000   8.3756540000   0.4147040000   0.9222710000   8.2276440000  -0.0015140000  -0.0137740000   0.0291550000   0.0015080000   0.0138220000  -0.0294010000  -0.0167460000   0.0373600000  -0.0068770000   0.0317020000   0.0240820000   0.0208900000  -0.0149490000  -0.0614900000  -0.0137660000
   6.3234435446   6.5731364907  903  1.98E+00   0.2115380000  -0.8234140000   2.7261120000   0.9500350000  -0.0562040000   1.8131030000  -1.2840700000   0.4916050000   9.7200540000  -1.7162180000   0.4167960000   8.6194620000  -2.1856080000   0.2157540000   7.5837100000   0.0142430000   0.0147080000  -0.0175510000  -0.0140260000  -0.0146930000   0.0174420000   0.0033080000  -0.0074660000   0.0205420000  -0.0182340000   0.0081100000  -0.0664840000   0.0147100000  -0.0006580000   0.0460520000
   6.3242540076   6.5743254269  926  1.70E+00   0.2308170000   0.6665580000   2.8630120000  -0.0047300000  -0.0085080000   1.5156360000   0.3703470000   0.4793880000  10.2897440000   0.0232980000   0.2213240000   9.1681600000  -0.3787560000   0.0426380000   8.0791140000   0.0042490000   0.0120510000   0.0238480000  -0.0041380000  -0.0120040000  -0.0241770000   0.0111380000   0.0157060000   0.0494680000  -0.0082420000  -0.0208120000  -0.0545010000  -0.0030070000   0.0050580000   0.0053610000
   6.3239789794   6.5724142465  932  4.75E+00  -1.3986660000  -0.2753980000   2.3920090000   0.0173900000   0.0030840000   1.8587950000   1.0081160000   0.7479310000   8.8109020000  -0.0154580000   0.2804630000   8.5377770000  -0.9952410000  -0.2688520000   8.3470350000  -0.0286720000  -0.0056170000   0.0108200000   0.0287580000   0.0056870000  -0.0107580000  -0.0319530000  -0.0222510000  -0.0020140000  -0.0419420000  -0.0111960000  -0.0197740000   0.0738090000   0.0333770000   0.0217260000
   6.3201886576   6.5719537488 1008  3.86E+00   0.1239660000   0.9447900000   2.7950710000   0.0005650000  -0.0082740000   1.5756290000   0.0716300000  -0.4087010000  10.0577330000   0.0737090000   0.2501830000   9.0767730000  -0.1375990000   0.8903600000   8.0843880000   0.0028210000   0.0215260000   0.0274210000  -0.0027550000  -0.0216690000  -0.0277730000  -0.0132510000  -0.0104020000   0.0135050000   0.0329810000  -0.0081920000   0.0162230000  -0.0197970000   0.0187360000  -0.0293770000
   6.3223853210   6.5742238803 1144  1.58E+00  -0.5386230000  -1.7291450000   3.4463260000  -0.6786690000  -1.0774180000   2.1338780000   2.1032440000   1.9236010000   7.2792900000   1.2206270000   2.2331580000   8.0482550000   0.4038110000   2.5774810000   8.8058700000   0.0006760000  -0.0034320000   0.0069480000  -0.0008880000   0.0033980000  -0.0069520000   0.0456470000  -0.0112220000  -0.0348780000  -0.0570070000   0.0117950000   0.0417550000   0.0115730000  -0.0005400000  -0.0068730000
   6.3230758728   6.5741802841 1293  2.77E+00  -0.8030720000  -0.5663820000   3.1163930000  -0.4677810000  -0.8097750000   1.7311950000   1.4391660000   2.2555220000   9.6415010000   0.9133950000   1.6636970000   8.7787050000   0.2619560000   1.2631190000   7.9271970000   0.0009310000  -0.0007350000  -0.0040200000  -0.0008910000   0.0006180000   0.0036800000  -0.0146550000   0.0079110000  -0.0078190000  -0.0179990000  -0.0479800000  -0.0488210000   0.0326130000   0.0401860000   0.0569810000
   6.3225966207   6.5701748032 1302  3.70E+00  -0.6763170000  -1.6179570000   4.9156930000  -1.9631430000  -1.5517590000   4.0512330000   4.3977580000   3.2569420000   5.3710250000   3.5829810000   3.0390190000   4.5333540000   2.7595330000   3.0011520000   3.6844500000   0.0290680000  -0.0015030000   0.0195490000  -0.0290620000   0.0013700000  -0.0194060000   0.0178570000   0.0166530000   0.0176660000  -0.0106190000  -0.0288560000  -0.0087300000  -0.0072430000   0.0123360000  -0.0090780000
   6.3216007154   6.5745024063 1620  4.59E+00   0.5789020000   1.3258500000   2.5367980000   1.9706810000   0.6903340000   2.9454730000  -3.4932370000  -0.5269400000   7.6513200000  -3.6342620000  -1.0471610000   6.6087390000  -3.6570660000  -1.5305150000   5.5184820000  -0.0377690000   0.0172930000  -0.0110640000   0.0378600000  -0.0171950000   0.0111390000   0.0068660000   0.0022530000  -0.0021550000  -0.0125540000   0.0073820000   0.0301260000   0.0055970000  -0.0097340000  -0.0280460000
   6.3235894185   6.5738750867 2011  8.63E+00   0.5212600000  -1.1837510000   2.6579870000  -0.3122610000  -0.3377400000   1.8485240000   0.1651170000   1.8075020000   8.0441580000   0.5464950000   0.9436950000   8.6129110000   0.9513000000  -0.0669230000   9.0919120000  -0.0047160000   0.0047940000  -0.0045450000   0.0047240000  -0.0047990000   0.0045730000   0.0633500000  -0.1500540000   0.0862780000  -0.0696690000   0.1720510000  -0.0859190000   0.0063120000  -0.0219920000  -0.0003870000
   6.3242504013   6.5734918955 2134  5.88E+00   1.2079910000   0.0544050000   2.3911630000  -0.0140380000  -0.0024690000   1.8188910000   1.0743270000   0.0127970000   9.0254170000   0.0333270000   0.3009600000   8.6004720000  -1.1053440000   0.4578500000   8.2847980000  -0.0558670000  -0.0026100000  -0.0261000000   0.0559950000   0.0026160000   0.0261790000  -0.0314930000  -0.0017860000  -0.0018850000   0.0603880000   0.0073630000  -0.0010030000  -0.0290220000  -0.0055820000   0.0028090000
   6.3241188725   6.5701392979 2347  1.43E+01  -0.0528860000  -1.9922590000   3.3853640000  -0.0940050000  -1.0372010000   2.0063650000  -0.1606490000   1.6696450000   9.2644240000   0.1703720000   2.0746330000   8.2232380000   0.5055670000   2.7661660000   7.3300520000   0.0014450000  -0.0340430000   0.0492620000  -0.0014980000   0.0339240000  -0.0491290000   0.0075670000   0.0293750000  -0.0117060000  -0.0059270000  -0.0463110000  -0.0055890000  -0.0015870000   0.0170550000   0.0171610000
   6.3210469262   6.5741614676 2401  5.15E-01  -0.2244690000   1.0923100000   2.5971870000   0.0009500000  -0.0181370000   1.6957000000   0.8260640000   0.7628760000   9.5050250000   0.0143680000   0.2636070000   8.8591230000  -0.8274540000  -0.2513310000   8.2132890000   0.0005140000  -0.0022070000  -0.0018310000  -0.0003470000   0.0023080000   0.0017040000  -0.0337750000  -0.0206010000  -0.0244780000   0.0371620000   0.0225400000   0.0236560000  -0.0035540000  -0.0020410000   0.0009490000
   6.3211019681   6.5722343170 3476  3.77E+00   0.7776820000  -1.8065820000   3.1606300000   0.8406360000  -0.7422100000   2.2354370000  -2.6489070000   1.7925160000   7.4068160000  -1.5479550000   1.6458330000   7.9175800000  -0.4363820000   1.4802360000   8.2872320000   0.0009520000   0.0163610000  -0.0141910000  -0.0009630000  -0.0163520000   0.0142170000  -0.0687170000   0.0086330000  -0.0390130000   0.0508830000  -0.0054850000   0.0401300000   0.0178450000  -0.0031580000  -0.0011430000
   6.3213561254   6.5707159682 3542  6.05E+00  -1.2074790000   0.6295310000   4.0018590000  -2.6553240000   0.7134700000   3.9966240000   3.7771310000  -0.5555290000   4.4296050000   4.8717950000  -1.0026090000   4.5833140000   5.9030370000  -1.6070480000   4.9186710000  -0.0021020000   0.0001440000  -0.0000190000   0.0017420000  -0.0000870000  -0.0000080000  -0.0305510000   0.0027640000   0.0060420000  -0.0519630000   0.0562790000  -0.0439570000   0.0828730000  -0.0591000000   0.0379410000
   6.3246543594   6.5744143368 3606  3.81E+00  -0.7656070000   0.4401320000   2.8046540000   0.0085780000  -0.0076390000   1.5639250000  -0.6702300000   0.2042260000   8.0997690000   0.0242410000   0.3176800000   9.0786000000   0.6574280000   0.2553840000  10.0988300000  -0.0143380000   0.0083390000   0.0228890000   0.0144790000  -0.0083080000  -0.0232220000  -0.0321160000  -0.0148070000  -0.0358590000   0.0078440000   0.0276510000  -0.0112220000   0.0241320000  -0.0128740000   0.0474140000
   6.3214648409   6.5726635660 3766  5.95E+00   0.6207170000  -0.4086850000   3.0188830000   0.0768220000  -0.5928560000   1.5740160000  -0.2131950000   1.8124900000  10.1783680000  -0.1192970000   1.3955900000   9.0320260000  -0.1200250000   0.8141350000   7.9913000000   0.0125410000   0.0042160000   0.0330270000  -0.0124880000  -0.0042390000  -0.0334090000  -0.0116530000   0.0184480000   0.0826120000   0.0171520000   0.0049630000  -0.0642230000  -0.0055520000  -0.0233870000  -0.0180070000
