   6.3326252243   6.0470927270    8  4.35E+00   1.6116930000  -1.0171110000   3.1803660000   0.5797440000  -1.2356190000   2.3393800000  -0.6261850000   1.4171140000   7.6380660000  -1.1264920000   2.5095560000   7.6711460000  -1.5250870000   3.6217070000   7.7206220000  -0.0481520000  -0.0101990000  -0.0393440000   0.0481590000   0.0102060000   0.0389630000   0.0236700000  -0.0372370000   0.0016360000  -0.0228340000   0.0166380000  -0.0035830000  -0.0008440000   0.0205920000   0.0023280000
   6.3302957840   6.0471166618  554  4.95E+00  -1.2366580000  -0.2680350000   2.0609200000   0.3284760000  -0.2945580000   2.0389800000  -1.1380440000  -0.1379330000   8.7555010000  -0.5351510000   0.7923650000   8.2622170000  -0.0227960000   1.7187620000   7.7302690000  -0.0386220000   0.0006360000   0.0005750000   0.0385900000  -0.0007660000  -0.0005850000  -0.0380950000  -0.0505440000   0.0255690000   0.0348850000   0.0348830000  -0.0161150000   0.0032420000   0.0157900000  -0.0094430000
   6.3330983588   6.0462613556  679  6.44E+00  -1.1281250000   0.0213570000   1.7801240000  -0.0362040000  -0.9513920000   2.3256490000   0.7832210000   2.8938440000   7.5273280000   0.1585530000   1.9185450000   7.6837900000  -0.6503610000   1.1037230000   7.9786650000  -0.0261250000   0.0233240000  -0.0130420000   0.0262700000  -0.0232070000   0.0130920000  -0.0210330000  -0.0022650000   0.0126070000   0.0398440000  -0.0027890000  -0.0261680000  -0.0189550000   0.0049370000   0.0135090000
   6.3319104420   6.0480869701  879  5.65E+00  -1.0801280000   1.6632290000   2.4301670000  -1.6584680000   1.4646360000   3.8421900000   3.4205170000  -1.8088990000   4.1014890000   3.0048810000  -2.4759630000   4.9347390000   2.6745750000  -3.0642650000   5.8532770000   0.0116960000   0.0040270000  -0.0286520000  -0.0117940000  -0.0041220000   0.0287450000  -0.0176860000  -0.0368480000   0.0591150000  -0.0130570000  -0.0098580000  -0.0014130000   0.0308420000   0.0468010000  -0.0577940000
   6.3346723719   6.0459785987 1127  3.64E+00   0.4240170000   1.5924810000   2.3389920000   0.7736450000   0.2951970000   2.1157370000  -2.0880580000  -1.2728280000   8.2469430000  -1.4474900000  -0.2918020000   8.0900800000  -0.7158010000   0.6049400000   7.9671870000   0.0136830000  -0.0508810000  -0.0087820000  -0.0137770000   0.0507580000   0.0086610000  -0.0009810000  -0.0160800000   0.0048670000   0.0111360000   0.0410510000  -0.0116010000  -0.0100620000  -0.0248480000   0.0068550000
   6.3308424374   6.0457862101 1160  7.59E+00  -2.2655770000   0.4634240000   3.3161180000  -1.2719810000   1.2133860000   2.7508940000   2.2671900000  -1.5454180000   8.0264150000   2.3886150000  -1.9248830000   6.8817950000   2.4350030000  -2.4110510000   5.8610800000   0.0361560000   0.0272740000  -0.0205220000  -0.0361270000  -0.0272100000   0.0206180000  -0.0097860000   0.0093520000   0.0608130000   0.0175180000  -0.0418020000  -0.1554660000  -0.0077610000   0.0323860000   0.0945580000
   6.3308700599   6.0471270645 1232  8.12E-01   0.2728340000  -1.7845910000   3.3951110000  -0.1324050000  -1.2169180000   2.1461520000   0.5473550000   2.4447670000   6.9103660000   0.2108630000   2.5435850000   8.0149560000  -0.0615750000   2.5234630000   9.1417220000  -0.0032940000   0.0044830000  -0.0100720000   0.0031650000  -0.0048270000   0.0098450000  -0.0067550000  -0.0036530000   0.0411970000  -0.0048490000   0.0116340000  -0.0135760000   0.0117320000  -0.0076370000  -0.0273950000
   6.3306535079   6.0494562620 1289  7.44E+00   0.9981290000  -1.2943460000   3.4028650000   0.6642420000  -1.1079350000   2.1019100000  -0.6576570000   1.8559510000   7.2071900000  -1.2645680000   2.3827420000   8.0328110000  -1.7733080000   2.6578500000   9.0519650000  -0.0141980000   0.0078510000  -0.0555580000   0.0142540000  -0.0081140000   0.0551120000  -0.0254640000   0.0105750000   0.0597620000   0.0123120000   0.0111940000  -0.0618440000   0.0130980000  -0.0215060000   0.0025280000
   6.3338956534   6.0491537066 1304  3.35E+00   0.8228030000   0.8871820000   2.4240760000  -0.0095970000  -0.0132910000   1.7872520000   0.3762270000  -0.4541210000   7.8079720000  -0.0508110000   0.2745330000   8.6674480000  -0.3419920000   0.9461890000   9.6079050000  -0.0240210000  -0.0258900000  -0.0184100000   0.0239090000   0.0260920000   0.0180650000   0.0249410000  -0.0323830000  -0.0269980000  -0.0240750000   0.0153210000  -0.0063250000  -0.0007550000   0.0168600000   0.0336670000
   6.3326462118   6.0474890532 1370  3.21E+00   0.9854730000  -1.3114720000   6.2129350000   1.5577100000  -1.2462280000   4.8985280000  -2.9008160000   2.2292990000   1.8298350000  -2.8629690000   2.5110310000   2.9448510000  -2.7916340000   2.8799470000   4.1047960000   0.0037200000   0.0003840000  -0.0085180000  -0.0037120000  -0.0004830000   0.0083420000   0.0027380000   0.0166650000   0.0440980000  -0.0072770000  -0.0435160000  -0.1095110000   0.0045320000   0.0269500000   0.0655880000
   6.3347390021   6.0477279442 1404  8.79E+00   0.3658820000  -0.9006510000   2.2660040000  -0.0534540000  -2.0522460000   3.0673220000   0.7986810000   4.6602870000   7.1265690000   0.1480510000   3.9198170000   6.3702160000  -0.6659120000   3.3909560000   5.6308080000   0.0013410000   0.0034480000  -0.0024500000  -0.0011290000  -0.0037310000   0.0023890000   0.0472910000   0.0747040000   0.0658880000   0.0095040000  -0.0555860000  -0.0237080000  -0.0570070000  -0.0188350000  -0.0421190000
   6.3320354373   6.0478290689 1521  6.61E+00  -0.6839150000  -1.1130600000   2.2417450000   0.0069500000   0.0152410000   1.9649970000  -0.5353750000   1.2059630000   7.8695970000  -0.0264040000   0.2354700000   8.3934780000   0.5635770000  -0.7010470000   8.8757350000   0.0311800000   0.0508570000  -0.0124520000  -0.0311070000  -0.0510250000   0.0123830000  -0.0233970000   0.0553180000  -0.0290930000  -0.0108770000  -0.0099990000   0.0062840000   0.0342010000  -0.0451510000   0.0228780000
   6.3330658126   6.0476014987 1535  4.76E+00  -1.5883610000  -1.2917600000   3.6719770000  -1.3821940000  -0.5478930000   2.2839440000   3.5983610000   1.4637200000   8.2218950000   2.5683080000   1.2642650000   7.7088770000   1.4767010000   1.0925720000   7.3543560000  -0.0057530000  -0.0206870000   0.0383390000   0.0056780000   0.0205210000  -0.0387580000  -0.0158340000  -0.0001840000   0.0056290000  -0.0153170000  -0.0077480000  -0.0293270000   0.0312260000   0.0080990000   0.0241170000
   6.3311971177   6.0467633673 1570  4.39E+00  -0.5670300000   0.0367150000   2.3288310000  -0.5212150000  -1.3394150000   2.2367170000   1.1985740000   2.8816690000   9.0303380000   0.8984630000   2.6298920000   7.9155850000   0.7657560000   2.5188080000   6.7112190000   0.0013190000  -0.0410940000  -0.0028710000  -0.0014690000   0.0406640000   0.0025340000   0.0148340000   0.0125890000   0.0127370000  -0.0184270000  -0.0162440000   0.0522130000   0.0037420000   0.0040860000  -0.0646130000
   6.3346184955   6.0481909072 1693  3.15E+00   1.2136820000   0.4754270000   2.3398070000  -0.0161720000  -0.0052530000   1.8608140000   0.7011390000  -0.2715070000   9.3129400000   0.0280380000   0.2874320000   8.5596380000  -0.7178860000   0.7396900000   7.8217930000  -0.0224420000  -0.0088190000  -0.0087540000   0.0226370000   0.0087110000   0.0085710000  -0.0315240000   0.0135170000  -0.0270470000  -0.0129360000   0.0248510000  -0.0257310000   0.0442640000  -0.0382590000   0.0529600000
   6.3300512030   6.0472384008 2410  7.15E+00  -1.2931690000  -1.3574570000   3.4209140000  -0.7126650000  -0.8736140000   2.0411750000   1.1657150000   1.9826000000   9.4059640000   1.3588370000   1.8000060000   8.2237090000   1.4549050000   1.8023840000   7.0120670000  -0.0150290000  -0.0125480000   0.0355670000   0.0147940000   0.0122650000  -0.0357940000  -0.0159760000   0.0206160000   0.0646560000   0.0156610000  -0.0316910000  -0.0001280000   0.0005490000   0.0113580000  -0.0643010000
   6.3328771695   6.0454726871 2673  6.72E+00  -0.3242090000   1.7395580000   1.9737700000   0.0992400000   0.2298660000   2.1385130000   0.1195160000  -1.3443960000   7.9753810000  -0.1177600000  -0.1913640000   8.0015600000  -0.5063210000   0.9181200000   8.2144660000  -0.0110770000   0.0395150000  -0.0042970000   0.0111170000  -0.0395370000   0.0044410000  -0.0092860000  -0.0049760000   0.0134550000   0.0285940000  -0.0195740000  -0.0324560000  -0.0193480000   0.0245720000   0.0188580000
   6.3328840026   6.0486959042 2895  4.67E+00  -1.1009250000  -0.4985640000   2.4493410000   0.0106790000   0.0015050000   1.8422320000   0.8444930000   0.6242990000   9.3250330000  -0.0442910000   0.3150310000   8.6402220000  -0.7952140000  -0.1492260000   7.8351060000   0.0438050000   0.0196970000  -0.0240260000  -0.0436280000  -0.0195980000   0.0236370000  -0.0056260000  -0.0153010000  -0.0186770000   0.0126630000   0.0353610000   0.0420500000  -0.0072150000  -0.0201600000  -0.0229840000
   6.3320098504   6.0490213231 3301  1.79E+00   0.8138960000   0.7784360000   1.9995300000   0.0609850000  -0.5102640000   2.0366190000   0.6563470000   1.9690940000   8.5707320000  -0.0842670000   1.1112360000   8.2586750000  -0.9489420000   0.3837220000   7.9333550000   0.0081320000   0.0138660000  -0.0003490000  -0.0079750000  -0.0138040000   0.0002970000  -0.0080940000   0.0091000000   0.0002350000   0.0140480000  -0.0201030000  -0.0021820000  -0.0061110000   0.0109410000   0.0019980000
   6.3332687185   6.0498611217 3309  2.35E+00  -0.3016560000   0.2912480000   1.6623640000  -1.2639620000  -0.3727500000   2.4766470000   1.6320030000   0.8538670000   8.4226010000   2.2424760000   0.9091530000   7.4291550000   3.0161200000   0.9945630000   6.5278410000  -0.0099060000  -0.0068100000   0.0083290000   0.0097500000   0.0067940000  -0.0081920000   0.0184460000   0.0028240000  -0.0048630000  -0.0444490000  -0.0067650000   0.0136680000   0.0261580000   0.0039560000  -0.0089410000
   6.3316225803   6.0496106850 3319  3.86E+00  -0.4498410000   1.4679800000   1.8822230000   0.0063200000  -0.0114670000   2.1350800000   0.0734630000  -0.9248000000   8.1374560000   0.0113900000   0.2441110000   8.0772900000  -0.0852390000   1.3940010000   8.0184520000  -0.0114490000   0.0371210000  -0.0063380000   0.0114610000  -0.0371280000   0.0063940000  -0.0028320000   0.0071620000   0.0013170000   0.0017980000   0.0345910000  -0.0052660000   0.0010230000  -0.0417450000   0.0038920000
   6.3302901007   6.0461957618 3351  8.80E+00   0.3929190000   1.2699260000   2.0126810000  -0.0085920000  -0.0184000000   1.9949630000   0.6962320000   1.0926760000   8.7373550000  -0.0246690000   0.3332060000   8.2593400000  -0.6595540000  -0.6432590000   7.9734480000  -0.0185910000  -0.0596860000  -0.0007200000   0.0186840000   0.0598760000   0.0007520000  -0.0261950000  -0.0485940000  -0.0071370000   0.0356390000   0.0868770000  -0.0012090000  -0.0095370000  -0.0384730000   0.0083140000
