   6.3322197986   6.4826786165  285  1.39E+00  -0.0121820000  -1.1384150000   2.6835450000   0.0018010000   0.0131760000   1.6895700000   0.7176850000  -0.2795850000   8.1259450000   0.0027790000   0.2494730000   8.8617770000  -0.7279960000   0.7859020000   9.6155480000  -0.0002970000  -0.0195740000   0.0168390000   0.0001500000   0.0196470000  -0.0170180000  -0.0284820000   0.0209890000   0.0315630000   0.0345510000  -0.0251800000  -0.0383320000  -0.0059220000   0.0041180000   0.0069480000
   6.3333210177   6.4821158774  326  2.13E+00  -1.3251880000   0.1369540000   2.2690290000   0.0164720000  -0.0004170000   1.9263960000  -0.7234120000   1.1628480000   8.2602110000  -0.0060830000   0.2573070000   8.4622860000   0.7292050000  -0.6748800000   8.6245260000   0.0324610000  -0.0033390000  -0.0082620000  -0.0324270000   0.0033030000   0.0083140000   0.0026150000  -0.0033760000  -0.0005260000  -0.0288700000   0.0367680000  -0.0038270000   0.0262210000  -0.0333550000   0.0043010000
   6.3324963435   6.4817085211  326  1.11E+00   0.3800630000   0.8892690000   2.7294750000   0.0222240000  -0.0362530000   1.6168050000   0.5907320000   0.0800360000   9.9472270000  -0.0913020000   0.2890780000   9.0158170000  -0.6571260000   0.5156560000   8.0391430000   0.0037170000   0.0094390000   0.0112590000  -0.0035730000  -0.0094900000  -0.0115380000   0.0057960000   0.0019640000  -0.0058160000  -0.0402230000   0.0073480000  -0.0381670000   0.0342840000  -0.0092600000   0.0442630000
   6.3305348045   6.4847481212  372  2.10E+00  -0.8229770000  -0.9932400000   2.3920630000   0.0115290000   0.0134420000   1.8759110000   1.1231790000   0.0855690000   8.2642590000  -0.0071190000   0.2910220000   8.5370380000  -1.1235610000   0.3790800000   8.8087470000   0.0148510000   0.0179630000  -0.0091590000  -0.0149650000  -0.0179150000   0.0091940000   0.0056670000  -0.0087820000   0.0005990000  -0.0503490000   0.0201800000   0.0089770000   0.0447960000  -0.0114450000  -0.0096120000
   6.3309453336   6.4827599607  562  2.00E+00   0.2473400000  -0.1940840000   2.5308340000   1.2136970000   0.6517080000   1.9867360000  -1.4345120000  -0.1713340000   7.8464090000  -2.1993920000  -0.9722600000   8.3177860000  -2.9914940000  -1.6536780000   8.8289590000   0.0219150000   0.0191370000  -0.0124270000  -0.0218780000  -0.0192470000   0.0120930000   0.0248490000   0.0360200000  -0.0124690000  -0.0339780000  -0.0528900000   0.0169570000   0.0090910000   0.0169800000  -0.0041540000
   6.3337481518   6.4824141117  593  4.37E+00   0.5108780000   1.4101950000   2.2738010000  -0.0096760000  -0.0126380000   1.8998210000   0.0748090000  -0.8801610000   8.7693170000   0.0131290000   0.2435060000   8.4792380000  -0.0685260000   1.3593100000   8.2351180000   0.0124510000   0.0339720000   0.0089480000  -0.0124400000  -0.0340700000  -0.0088890000  -0.0030260000   0.0274730000  -0.0026580000  -0.0002020000   0.0377890000  -0.0166890000   0.0032170000  -0.0651650000   0.0192870000
   6.3308538440   6.4847733792 1084  3.34E+00  -0.7736650000   0.8700060000   2.4736780000   0.0106700000  -0.0127160000   1.7520320000   0.3761900000  -0.6595030000   9.4321980000   0.0335520000   0.2528880000   8.7224600000  -0.4059260000   1.1660280000   8.1151520000   0.0218480000  -0.0246150000  -0.0201320000  -0.0217730000   0.0244640000   0.0200520000   0.0095550000  -0.0409240000   0.0388540000   0.0005050000   0.0319860000  -0.0408850000  -0.0101350000   0.0090900000   0.0021100000
   6.3316995406   6.4846478718 1449  3.85E+00  -1.0705750000  -0.5969240000   2.1086670000   0.3436280000  -0.0639420000   1.9731680000  -0.5946990000   1.5457720000   8.4156960000  -0.5259530000   0.3906860000   8.3391110000  -0.6591840000  -0.7944360000   8.3380250000  -0.0229190000  -0.0086070000   0.0022210000   0.0229590000   0.0087130000  -0.0021260000  -0.0117260000  -0.0331140000   0.0041840000   0.0279970000   0.0588490000  -0.0109910000  -0.0163110000  -0.0258410000   0.0067120000
   6.3341063788   6.4828028701 1522  4.58E+00  -0.2248040000   1.0631030000   2.7479220000   0.0026680000  -0.0154530000   1.6206810000   0.1468010000   0.9954180000   9.8781620000   0.0457320000   0.2046330000   9.0177500000  -0.1802950000  -0.4511630000   8.0862370000  -0.0059480000   0.0283650000   0.0295140000   0.0060030000  -0.0282190000  -0.0297720000  -0.0091180000   0.0058800000  -0.0081000000   0.0112190000  -0.0341640000  -0.0156490000  -0.0021550000   0.0281380000   0.0240070000
   6.3344800987   6.4847845228 1909  9.83E+00  -1.3969090000  -1.7729620000   3.3206760000  -0.6143700000  -0.8892420000   2.2638600000   0.8826990000   0.8383210000   8.3323640000   1.2093730000   1.8789970000   7.7923790000   1.3657510000   2.9915920000   7.3036400000  -0.0212890000  -0.0240320000   0.0287630000   0.0213530000   0.0240930000  -0.0287520000  -0.0277430000  -0.0564270000   0.0355830000   0.0258020000  -0.0233700000  -0.0062070000   0.0018780000   0.0797370000  -0.0293860000
   6.3314978785   6.4801051129 2427  8.47E-01  -0.3814660000  -1.2830300000   3.3976930000   0.0505450000  -1.3847160000   2.0342100000  -0.4967790000   2.4999870000   7.1918530000  -0.0947060000   2.8120590000   8.2180540000   0.3394730000   3.0731290000   9.2666720000   0.0030010000  -0.0008070000  -0.0094290000  -0.0029030000   0.0005420000   0.0092200000   0.0258000000   0.0159110000   0.0634110000  -0.0205530000  -0.0076630000  -0.0467530000  -0.0053440000  -0.0079830000  -0.0164490000
   6.3319698645   6.4845485394 2496  2.55E+00   1.0351560000  -0.6958450000   2.5907110000  -0.0138370000   0.0070170000   1.7852870000   0.9094280000   0.8764970000   9.1474020000  -0.0373220000   0.2633510000   8.7570370000  -0.8775210000  -0.3777240000   8.2005340000   0.0125020000  -0.0083310000   0.0095730000  -0.0123950000   0.0084120000  -0.0096690000   0.0338860000   0.0161390000   0.0020530000  -0.0178890000   0.0025190000   0.0212860000  -0.0161040000  -0.0187390000  -0.0232440000
   6.3339463859   6.4834330965 2629  6.14E+00  -1.2450930000  -0.9917930000   3.4086480000  -0.5822310000  -1.2415880000   2.1643470000   1.7581910000   3.5003000000   7.9441320000   1.0701370000   2.5466370000   8.1243770000   0.4247080000   1.5389000000   7.9340840000   0.0050430000  -0.0019290000  -0.0096180000  -0.0050520000   0.0018770000   0.0092980000   0.0167250000   0.0163170000  -0.0260170000   0.0071340000   0.0281740000   0.0555380000  -0.0238500000  -0.0444390000  -0.0292010000
   6.3343479181   6.4806361548 2657  6.29E+00   0.2180960000  -0.9237440000   2.6360060000   0.6501730000   0.0757630000   1.8176590000  -0.6641340000   0.8463200000   9.3788030000  -1.2689070000   0.1197350000   8.7042790000  -1.6441620000  -0.5687080000   7.8442110000   0.0169670000   0.0391530000  -0.0321120000  -0.0168170000  -0.0390480000   0.0319150000  -0.0007900000  -0.0179910000  -0.0320920000  -0.0265130000  -0.0051290000   0.0186340000   0.0271530000   0.0230150000   0.0136560000
   6.3307844393   6.4812368373 2672  2.94E+00  -1.2818180000   0.6430200000   2.3157610000   0.0123740000  -0.0044330000   1.8902800000  -1.0887540000   0.5108800000   8.2564720000   0.0146980000   0.2162140000   8.4976470000   1.0966790000  -0.0038880000   8.7791510000  -0.0184300000   0.0092300000   0.0060530000   0.0185710000  -0.0092780000  -0.0060350000   0.0200670000  -0.0002630000   0.0096040000   0.0535050000  -0.0198640000   0.0051070000  -0.0737140000   0.0201750000  -0.0147290000
   6.3349337588   6.4832051661 2700  5.05E+00  -0.9886020000   0.7231940000   2.4723030000  -0.6448110000  -0.6482960000   1.9633630000   2.2729080000   1.0454140000   8.8183880000   1.1824220000   1.4130040000   8.3834960000   0.1220810000   1.7737090000   7.9280690000  -0.0044440000   0.0178310000   0.0065740000   0.0045470000  -0.0179310000  -0.0066880000   0.0842810000  -0.0279780000   0.0324980000  -0.0328370000   0.0097590000  -0.0099240000  -0.0515470000   0.0183180000  -0.0224600000
   6.3346941513   6.4814653402 3222  6.14E+00  -0.9359170000   0.9957850000   2.5278030000   0.0109230000  -0.0133950000   1.7689570000  -0.6656340000  -0.5908490000   8.1890980000  -0.0442980000   0.2831980000   8.7588210000   0.7033030000   1.0700880000   9.2430160000  -0.0250240000   0.0267580000   0.0200760000   0.0251110000  -0.0266030000  -0.0201880000  -0.0245350000  -0.0501500000  -0.0324550000  -0.0015320000   0.0355830000   0.0248010000   0.0259790000   0.0144120000   0.0077660000
   6.3301233390   6.4812095725 3277  2.79E+00  -0.9497920000  -1.0125330000   4.8053510000  -0.4606730000  -1.9900260000   5.8773030000   1.1226680000   4.9509450000   0.7549930000   0.8467080000   3.9210930000   1.2694800000   0.6022630000   2.7956450000   1.6377750000  -0.0092900000   0.0182990000  -0.0200560000   0.0091830000  -0.0185840000   0.0204180000   0.0074070000   0.0149090000  -0.0191130000   0.0010640000   0.0387870000   0.0126740000  -0.0083640000  -0.0534110000   0.0060770000
   6.3305433996   6.4844246613 3471  3.70E+00  -0.5161160000  -0.9506480000   3.3139840000  -0.6452920000  -1.2008240000   1.9509640000   1.3042090000   2.7194840000   9.5504250000   1.1861050000   2.4201580000   8.3949180000   1.0606460000   2.2084870000   7.1963560000  -0.0031720000  -0.0061510000  -0.0329220000   0.0030250000   0.0058440000   0.0326490000   0.0048430000   0.0180820000   0.0484330000   0.0030770000  -0.0103360000   0.0281310000  -0.0077730000  -0.0074390000  -0.0762900000
   6.3309984439   6.4810996778 3577  5.63E+00   1.2126070000  -0.0684160000   2.7477560000   1.7285780000   1.3549610000   2.8436560000  -3.6625150000  -1.9509060000   7.8389980000  -3.1200870000  -2.2509760000   6.8154010000  -2.7045860000  -2.4343110000   5.6708680000  -0.0082070000  -0.0228480000  -0.0015780000   0.0084470000   0.0230910000   0.0015650000  -0.0279380000   0.0176080000   0.0324430000   0.0073250000  -0.0106570000   0.0523740000   0.0203730000  -0.0071950000  -0.0848040000
   6.3342233331   6.4831253711 3892  6.38E+00  -0.0713140000  -1.1081540000   3.0398480000  -0.7590160000  -0.4470830000   1.7380860000   0.7196940000   1.2352260000   7.8220130000   1.4130140000   1.1398720000   8.7726950000   2.0147640000   0.8994050000   9.7216040000   0.0210580000  -0.0203180000   0.0396910000  -0.0210430000   0.0201160000  -0.0400650000  -0.0062430000  -0.0094310000   0.0014540000   0.0387180000   0.0091910000   0.0399470000  -0.0324890000   0.0004420000  -0.0410270000
   6.3329149775   6.4820008585 3949  4.87E+00  -1.3625340000   0.5331980000   2.4896640000  -0.2510040000  -0.2903170000   1.8826170000   1.4680140000   1.2072000000   7.9504630000   0.4899560000   0.7481180000   8.5417630000  -0.4964060000   0.3351850000   9.0793540000  -0.0165040000   0.0121930000   0.0090410000   0.0163830000  -0.0122680000  -0.0090310000   0.0708930000   0.0360600000  -0.0442020000  -0.0326020000  -0.0227350000   0.0255790000  -0.0381700000  -0.0132500000   0.0186130000
