   6.3311974301   6.3920849770   84  5.58E+00  -0.4039910000   0.1839740000   2.8237730000   0.0039260000  -0.0012010000   1.5497240000   0.1130280000   0.4022640000   7.9281300000   0.0289680000   0.2999670000   9.1390840000  -0.1289300000   0.0546340000  10.2947780000   0.0186730000  -0.0085090000  -0.0586070000  -0.0187190000   0.0084580000   0.0581120000   0.0005080000  -0.0024260000  -0.0681890000   0.0088950000   0.0186340000   0.0339830000  -0.0093570000  -0.0161570000   0.0347010000
   6.3343748662   6.3917455556  169  3.00E+00  -1.0248860000  -0.7005100000   3.2812660000  -0.9009520000  -0.7499970000   1.8788980000   0.8438820000   1.2895910000   7.6797640000   1.6368630000   1.6408190000   8.5307970000   2.4914770000   1.9561250000   9.3269840000   0.0020240000  -0.0008960000  -0.0235160000  -0.0020900000   0.0007400000   0.0231050000  -0.0393840000  -0.0205210000  -0.0478290000  -0.0117080000   0.0049470000   0.0065340000   0.0511580000   0.0157300000   0.0417060000
   6.3317275619   6.3920685230  652  4.25E+00  -0.6508190000  -0.9184190000   2.5626990000   0.0081250000   0.0170150000   1.7489340000  -0.0812410000   1.2054720000   8.0289120000  -0.0282410000   0.2240920000   8.7592980000   0.1028680000  -0.7131370000   9.5006490000   0.0122130000   0.0172760000  -0.0150670000  -0.0122120000  -0.0174790000   0.0149430000   0.0008880000   0.0662860000  -0.0448510000  -0.0111570000  -0.0258650000   0.0099270000   0.0102690000  -0.0402180000   0.0350470000
   6.3338766062   6.3932922045 1075  4.68E+00   1.0846180000  -1.2133320000   2.3880090000  -0.0071770000  -0.1491650000   1.9693580000   0.7629000000   1.4529810000   8.4139750000   0.0042950000   0.5323090000   8.3799730000  -0.7986160000  -0.3434990000   8.3104970000   0.0292940000  -0.0285240000   0.0112670000  -0.0292490000   0.0285720000  -0.0112150000   0.0192980000   0.0296860000   0.0000740000   0.0024780000  -0.0119310000   0.0021040000  -0.0218200000  -0.0178040000  -0.0022300000
   6.3307877836   6.3909554424 1816  2.71E+00  -1.0896570000  -0.7293800000   2.1438370000   0.3754620000  -0.3317010000   2.0676290000   0.3642880000   0.3140120000   8.4258710000  -0.6665040000   0.8962760000   8.2476930000  -1.6704410000   1.4033800000   7.9224950000  -0.0245680000  -0.0066690000   0.0012970000   0.0245560000   0.0066870000  -0.0012990000   0.0326810000  -0.0220500000  -0.0025250000  -0.0404390000   0.0296360000   0.0085050000   0.0077690000  -0.0076050000  -0.0059790000
   6.3324855611   6.3940561244 2012  1.52E+01  -1.2123170000   0.4856140000   2.6051790000   0.0728020000  -0.2199490000   1.6966530000   0.4970520000   1.1310190000   9.7019570000  -0.0797700000   0.6338660000   8.8338010000  -0.7243810000   0.1487000000   8.0301000000  -0.0487020000   0.0268070000   0.0343330000   0.0488420000  -0.0267200000  -0.0346080000  -0.0266490000  -0.0175850000  -0.0268440000  -0.0164900000  -0.0197500000  -0.0400420000   0.0429990000   0.0372480000   0.0671620000
   6.3334917202   6.3926348203 2329  6.12E+00   0.5242690000  -1.5990600000   2.6687290000  -0.0345490000  -0.4712140000   2.0096240000   0.9906090000   0.4398110000   8.6194130000   0.0608990000   1.1918610000   8.3352240000  -0.8968090000   1.8072370000   7.9198650000  -0.0065500000   0.0132330000  -0.0077090000   0.0065800000  -0.0132340000   0.0077040000   0.0647530000  -0.0605290000   0.0143920000  -0.0122330000   0.0346140000   0.0134370000  -0.0525500000   0.0259150000  -0.0278240000
   6.3320559950   6.3938273716 2455  3.69E+00  -0.7009550000  -1.0135580000   3.2514860000  -0.1689900000  -1.1445420000   1.8760860000   0.0382730000   2.6880280000   9.6540180000   0.3292860000   2.3728440000   8.5018020000   0.6026740000   1.9983380000   7.3904190000  -0.0040810000   0.0009030000   0.0102990000   0.0039480000  -0.0011220000  -0.0105780000  -0.0230120000   0.0209750000   0.0900950000   0.0118690000  -0.0022110000  -0.0451010000   0.0112760000  -0.0185450000  -0.0447150000
   6.3332647350   6.3938908084 2921  2.47E+00  -1.1557860000  -0.4868530000   2.4364130000   0.0185240000   0.0102660000   1.7965820000   1.0355580000   0.1810670000   8.1067570000  -0.0393670000   0.2626890000   8.6252770000  -1.0257010000   0.2888100000   9.2934040000   0.0110540000   0.0047170000  -0.0059960000  -0.0112320000  -0.0046970000   0.0059870000   0.0364510000  -0.0055880000  -0.0039170000  -0.0152610000   0.0081770000  -0.0239310000  -0.0210110000  -0.0026090000   0.0278570000
   6.3304282358   6.3903109835 2921  2.62E+00  -1.1471770000  -0.4832020000   2.4335750000   0.0184300000   0.0102270000   1.7983400000   1.0348640000   0.1799310000   8.1050140000  -0.0386120000   0.2628200000   8.6213740000  -1.0256470000   0.2898120000   9.2894750000   0.0157070000   0.0066870000  -0.0085330000  -0.0158840000  -0.0066660000   0.0085270000   0.0332120000  -0.0054240000  -0.0022040000  -0.0113540000   0.0080110000  -0.0261860000  -0.0216810000  -0.0026080000   0.0283970000
   6.3317893403   6.3944000194 3637  3.79E+00  -0.9722570000  -1.0030670000   3.3278610000  -0.7324080000  -0.6893850000   1.8109080000   1.3751240000   1.3704030000   7.4857590000   1.3778980000   1.4995830000   8.6481120000   1.3095710000   1.6976930000   9.7695480000  -0.0060860000  -0.0079200000   0.0377410000   0.0058460000   0.0076990000  -0.0380730000  -0.0043120000   0.0080850000   0.0192210000   0.0054670000  -0.0010810000   0.0513120000  -0.0009150000  -0.0067820000  -0.0702020000
   6.3348229452   6.3921578241 3766  1.15E+00   0.6489050000  -0.3224570000   2.8770130000   0.0691420000  -0.5738330000   1.6457140000  -0.2957280000   1.7399870000  10.0075170000  -0.1332560000   1.3280040000   8.9428340000   0.0095680000   0.8369370000   7.8799630000  -0.0161070000  -0.0070210000  -0.0344520000   0.0161190000   0.0069560000   0.0339470000   0.0040800000  -0.0191450000  -0.0352080000  -0.0027580000   0.0245610000   0.0343660000  -0.0013340000  -0.0053510000   0.0013460000
   6.3310425556   6.3945780131 3882  6.15E+00  -1.3751810000  -1.3124000000   3.6352580000  -0.9099250000  -1.2102320000   2.3469310000   2.2665040000   2.3556270000   6.5996450000   1.7142700000   2.4777180000   7.6567500000   1.0776250000   2.5989120000   8.7034760000   0.0153180000   0.0033690000  -0.0424400000  -0.0154530000  -0.0034440000   0.0424610000   0.0170920000  -0.0036760000  -0.0393190000   0.0351670000  -0.0057840000  -0.0394810000  -0.0521240000   0.0095350000   0.0787790000
   6.3318182103   6.3914182947 3933  7.64E+00   0.8857970000   0.8710770000   2.7424190000  -0.1803240000   0.4996390000   1.7299370000   0.5839990000  -1.3377240000   7.8036620000   0.2849260000  -0.7441570000   8.8351930000   0.0468820000   0.0338390000   9.7524740000   0.0170850000   0.0060310000   0.0161820000  -0.0171580000  -0.0058350000  -0.0164050000   0.0233950000  -0.0308210000  -0.0736790000  -0.0095460000  -0.0343620000   0.0139430000  -0.0137760000   0.0649870000   0.0599590000
   6.3346281677   6.3921808769 3957  2.56E+00   1.2250780000   0.3406220000   2.6070260000  -0.0125690000  -0.0020880000   1.7210440000  -0.8967310000   0.3293750000   9.5758400000  -0.0155210000   0.2299760000   8.8179990000   0.8939740000   0.1746270000   8.0461470000   0.0294480000   0.0081670000   0.0209660000  -0.0296300000  -0.0081640000  -0.0212530000   0.0094280000   0.0019770000  -0.0068820000  -0.0335360000  -0.0034740000   0.0250140000   0.0242910000   0.0014950000  -0.0178450000
