   6.3324940755   6.1720450566   23  2.24E+00   1.6606250000  -0.0081450000   3.2817710000   1.1645500000  -0.1515230000   1.9780080000  -1.1844390000   0.6326720000   7.6314520000  -2.1653310000   0.4901570000   8.3031490000  -3.1107260000   0.4443000000   9.0511830000  -0.0095550000  -0.0028060000  -0.0254000000   0.0096420000   0.0027000000   0.0249740000   0.0323460000   0.0103700000  -0.0150830000   0.0125390000  -0.0136240000  -0.0263310000  -0.0449720000   0.0033600000   0.0418400000
   6.3321996356   6.1720877892  252  8.59E+00  -1.5759920000  -0.7571810000   3.4034810000  -2.4088210000  -0.4461140000   4.3645230000   5.4052000000   0.6127860000   4.4102750000   4.4415560000   1.1178460000   4.0118740000   3.3900680000   1.5114320000   3.5672980000  -0.0613770000   0.0228160000   0.0707640000   0.0610390000  -0.0230800000  -0.0706260000  -0.0260570000   0.0040060000  -0.0116060000   0.0718560000  -0.0130480000   0.0322880000  -0.0454600000   0.0093060000  -0.0208200000
   6.3325108596   6.1731453442  678  3.45E+00  -0.5734460000  -1.2444790000   3.1172360000  -1.4591590000  -0.6619880000   2.2744370000   2.8955120000   1.5900550000   8.9424970000   2.7221460000   1.4749760000   7.7910280000   2.3845060000   1.3748940000   6.6545140000  -0.0386930000   0.0252990000  -0.0367940000   0.0383540000  -0.0255390000   0.0365290000  -0.0110380000   0.0006930000  -0.0029190000   0.0264700000  -0.0005370000   0.0200390000  -0.0150920000   0.0000830000  -0.0168550000
   6.3343536764   6.1738552869  678  3.29E+00  -0.5779950000  -1.2515800000   3.1225770000  -1.4594150000  -0.6619900000   2.2743530000   2.8919780000   1.5912820000   8.9452850000   2.7241300000   1.4738420000   7.7907760000   2.3881140000   1.3749790000   6.6519970000  -0.0366550000   0.0243700000  -0.0352470000   0.0363170000  -0.0246090000   0.0349850000  -0.0104880000   0.0013820000   0.0017960000   0.0268810000  -0.0012190000   0.0181510000  -0.0160550000   0.0000760000  -0.0196840000
   6.3324251461   6.1730545743  919  4.42E+00  -1.6355080000   0.2798140000   2.6001910000  -0.4084810000   0.6197280000   1.9887660000   1.1822520000  -1.9822540000   8.5638010000   0.8649980000  -0.8501750000   8.3072220000   0.3114900000   0.1954500000   8.1049930000   0.0184930000   0.0050820000  -0.0092370000  -0.0184100000  -0.0052180000   0.0090810000  -0.0007800000  -0.0517890000   0.0145490000   0.0327150000   0.0225330000  -0.0127640000  -0.0320190000   0.0293910000  -0.0016290000
   6.3327472769   6.1715225960  968  3.97E+00  -1.0570280000  -0.5328670000   2.3439050000   0.4028400000  -0.1726130000   1.8533970000  -0.7964920000  -0.3693940000   7.9040640000  -0.7069400000   0.5678940000   8.5704170000  -0.6180960000   1.5263970000   9.2593620000  -0.0392460000  -0.0096340000   0.0131170000   0.0393020000   0.0097980000  -0.0133380000   0.0032650000   0.0387350000   0.0301040000  -0.0044300000  -0.0537970000  -0.0417750000   0.0011090000   0.0148970000   0.0118930000
   6.3306493287   6.1717089154  988  3.56E+00  -0.3771050000   0.7140550000   1.7812680000  -0.5586690000  -0.6213410000   2.2028170000   2.0301620000   1.5868050000   7.3518010000   1.0222060000   1.3349910000   7.9240270000   0.0163600000   1.1568380000   8.5872260000  -0.0027770000  -0.0203180000   0.0064440000   0.0027200000   0.0203060000  -0.0063350000   0.0199880000   0.0095760000  -0.0041720000   0.0386210000  -0.0037100000  -0.0412310000  -0.0585520000  -0.0058530000   0.0452930000
   6.3323808703   6.1705696492 1165  4.10E+00  -1.6549240000  -0.5937730000   3.5866230000  -1.4328410000  -0.4696430000   2.2457070000   1.6996380000   1.4212840000   7.2143990000   2.6316970000   1.1722790000   7.8999730000   3.5849780000   0.7692850000   8.4147350000   0.0082980000   0.0045870000  -0.0505740000  -0.0084850000  -0.0048380000   0.0502070000  -0.0013170000  -0.0088610000  -0.0130310000   0.0299130000   0.0068710000   0.0411020000  -0.0284090000   0.0022420000  -0.0277040000
   6.3337371814   6.1745292347 1235  5.48E+00   1.5012440000   0.0621240000   2.1945090000   0.1266270000  -0.6094430000   2.1136580000  -1.1157890000   2.2190100000   8.0241250000  -0.2599050000   1.3420910000   8.1423040000   0.5839090000   0.5009560000   8.1702840000   0.0262480000   0.0128500000   0.0015510000  -0.0263060000  -0.0128050000  -0.0015640000  -0.0636130000   0.0666640000  -0.0125310000   0.0400440000  -0.0447350000   0.0151550000   0.0236270000  -0.0219740000  -0.0026110000
   6.3340728600   6.1718485477 1277  3.39E+00  -0.2609900000   1.2366470000   2.8842950000   0.1901590000   0.5663970000   1.6810890000  -0.1588760000  -0.8277480000   7.6832760000  -0.3005120000  -0.8211790000   8.8746430000  -0.5487870000  -0.7747570000  10.0782690000   0.0007170000  -0.0010020000  -0.0020570000  -0.0007150000   0.0011790000   0.0016470000  -0.0005450000   0.0013680000  -0.0420700000   0.0251840000  -0.0071370000  -0.0498970000  -0.0246420000   0.0055920000   0.0923760000
   6.3309412324   6.1747411896 1277  3.23E+00  -0.2668460000   1.2419890000   2.8913820000   0.1902830000   0.5665900000   1.6805340000  -0.1591680000  -0.8326030000   7.6844970000  -0.3001370000  -0.8214160000   8.8765360000  -0.5490280000  -0.7710260000  10.0779510000  -0.0007910000   0.0012350000   0.0019500000   0.0007930000  -0.0010540000  -0.0023610000  -0.0005690000   0.0011550000  -0.0429920000   0.0248870000  -0.0071080000  -0.0464470000  -0.0243210000   0.0057720000   0.0898500000
   6.3322068765   6.1719515677 1279  1.86E+00  -0.3751830000  -0.3868350000   2.3215020000   0.3541380000  -1.6048830000   2.4108540000  -0.0725670000   3.8570280000   8.3863940000  -0.6199990000   3.1725640000   7.5529060000  -1.2070150000   2.4885620000   6.7582090000   0.0081480000  -0.0135620000   0.0008960000  -0.0079240000   0.0133500000  -0.0011550000   0.0272880000   0.0373400000   0.0476100000  -0.0021850000  -0.0120400000  -0.0203860000  -0.0253280000  -0.0250890000  -0.0269640000
   6.3344217986   6.1727500518 1319  3.91E+00   1.4914190000  -0.2725690000   2.7740020000   0.2759310000  -0.7851760000   1.9210560000  -0.3851010000   1.3541030000   9.5607990000  -0.5724640000   1.6380120000   8.4498250000  -0.6571830000   2.0424570000   7.3281470000   0.0309820000   0.0129510000   0.0216630000  -0.0308590000  -0.0132770000  -0.0218970000   0.0032840000   0.0130390000  -0.0197880000  -0.0075760000  -0.0312030000   0.0456530000   0.0041700000   0.0184900000  -0.0256300000
   6.3300197853   6.1748727582 1512  7.82E+00  -0.5209010000   1.5814320000   2.2152030000  -1.4711950000   0.6888690000   2.6502250000   2.0747240000  -0.1547880000   7.6345760000   2.5954220000  -1.0463210000   7.0579910000   3.3572310000  -1.9120830000   6.6927790000  -0.0309150000  -0.0291070000   0.0141900000   0.0310320000   0.0289530000  -0.0141550000   0.0123040000   0.0074320000   0.0185160000  -0.0609790000   0.0288950000  -0.0166940000   0.0485570000  -0.0361740000  -0.0018570000
   6.3309468139   6.1728952631 1788  6.15E+00   0.4423200000   1.4182170000   2.5010450000  -0.0670790000   0.3267070000   1.8847230000   0.0076830000   0.5824970000   9.1858300000   0.0389420000  -0.4199530000   8.5458200000   0.2702250000  -1.3005690000   7.8297070000  -0.0225790000  -0.0483060000  -0.0272740000   0.0225110000   0.0484520000   0.0271920000   0.0129950000   0.0262000000   0.0073620000  -0.0188440000  -0.0633570000  -0.0277540000   0.0059180000   0.0370110000   0.0204730000
   6.3342982915   6.1721643914 1875  5.74E+00  -1.5054140000  -0.3840650000   2.1622690000   0.0195870000   0.0072640000   2.0120160000   0.9376310000   0.9383990000   8.0440800000   0.0226200000   0.1948340000   8.2821810000  -0.9575910000  -0.4090660000   8.5549830000  -0.0409810000  -0.0105300000   0.0040940000   0.0409360000   0.0104490000  -0.0040370000   0.0310780000   0.0369560000  -0.0052510000  -0.0128700000  -0.0366210000  -0.0021300000  -0.0181630000  -0.0002540000   0.0073240000
   6.3345822862   6.1729517513 2062  4.99E+00   1.3918390000   0.9967210000   3.2577560000   0.9418090000   0.4732450000   1.8737550000  -2.2925910000  -1.1360210000   9.3954510000  -1.6616510000  -0.6227130000   8.5662930000  -1.2513310000  -0.1351350000   7.6118160000   0.0098550000   0.0113600000   0.0298350000  -0.0096280000  -0.0113530000  -0.0302750000   0.0003680000   0.0118600000  -0.0313360000   0.0413870000   0.0195670000  -0.0180430000  -0.0419830000  -0.0314350000   0.0498190000
   6.3329184600   6.1738858252 2171  3.81E+00  -0.9804540000  -0.7732360000   2.6141790000   0.0132870000   0.0052240000   1.7471340000   0.6175810000  -0.2374140000   7.8865820000  -0.0386920000   0.1869220000   8.8026390000  -0.5931230000   0.8073940000   9.6161890000  -0.0189780000  -0.0147840000   0.0164100000   0.0187630000   0.0148520000  -0.0167800000   0.0289380000  -0.0015960000  -0.0352730000  -0.0439640000  -0.0014660000   0.0544370000   0.0152400000   0.0029940000  -0.0187950000
   6.3347860361   6.1725514525 2354  4.04E+00   2.2259960000  -1.4399680000   3.8818080000   1.3694190000  -0.7860140000   2.8482710000  -3.3984480000   1.5969970000   5.9610020000  -2.4982860000   1.7286990000   6.6693200000  -1.7055550000   1.8092130000   7.5640340000   0.0091890000  -0.0070280000   0.0110990000  -0.0093230000   0.0071150000  -0.0110770000   0.0274160000   0.0024130000   0.0413620000  -0.0403560000  -0.0020310000  -0.0791310000   0.0130730000  -0.0004690000   0.0377470000
   6.3336543093   6.1727976584 2639  3.44E+00  -1.3820870000   0.1825710000   2.1861350000   0.0193750000  -0.0016370000   1.9869310000   0.8955640000   1.0172840000   8.5811500000  -0.0410480000   0.2661920000   8.3756260000  -0.8744380000  -0.5327670000   8.0715370000   0.0128960000  -0.0016650000  -0.0018320000  -0.0128320000   0.0017520000   0.0018010000   0.0616550000   0.0419900000   0.0077040000  -0.0428760000  -0.0156130000   0.0052610000  -0.0188430000  -0.0264640000  -0.0129330000
   6.3315680775   6.1731079627 2712  7.91E+00  -0.1583730000   1.7648340000   2.0867740000  -0.5706740000   0.4715670000   2.2134470000   1.7183940000  -1.5626870000   7.6310970000   1.0188190000  -0.6381340000   7.8251290000   0.3768460000   0.2630960000   8.3098400000  -0.0158570000  -0.0498130000   0.0048980000   0.0159460000   0.0497140000  -0.0047290000   0.0029270000  -0.0003800000   0.0198980000   0.0184180000  -0.0334560000  -0.0591960000  -0.0214340000   0.0339350000   0.0391290000
   6.3300668233   6.1701305275 3317  9.08E+00  -1.6281000000  -0.3343450000   2.8345900000  -0.5514040000  -1.5298360000   2.4564440000   1.1452810000   2.9891360000   6.2997060000   1.0628500000   3.0510130000   7.4571310000   0.9132600000   3.0695880000   8.6567800000  -0.0366210000   0.0405390000   0.0128430000   0.0364860000  -0.0407880000  -0.0128960000  -0.0052820000  -0.0000180000   0.0287700000   0.0166850000   0.0016280000  -0.0902640000  -0.0112680000  -0.0013610000   0.0615480000
   6.3309718216   6.1734299885 3317  9.46E+00  -1.6270350000  -0.3258200000   2.8273880000  -0.5515080000  -1.5301310000   2.4566030000   1.1467800000   2.9925760000   6.3000620000   1.0640800000   3.0520780000   7.4565250000   0.9112900000   3.0662900000   8.6565380000  -0.0368880000   0.0411840000   0.0126990000   0.0367550000  -0.0414290000  -0.0127510000  -0.0056320000  -0.0000910000   0.0309790000   0.0174770000   0.0020240000  -0.0933840000  -0.0117120000  -0.0016880000   0.0624560000
   6.3317336395   6.1746886640 3382  2.52E+00  -0.7533680000   1.0697250000   2.3449740000   0.0128170000  -0.0138030000   1.8269580000  -0.8985940000   0.2643200000   9.3562790000  -0.0360890000   0.2431340000   8.5814080000   0.9091420000   0.2423760000   7.9308710000   0.0077950000  -0.0111160000  -0.0052880000  -0.0080140000   0.0111070000   0.0051780000   0.0311700000   0.0008740000  -0.0124500000   0.0161580000  -0.0023810000  -0.0356140000  -0.0471090000   0.0015170000   0.0481730000
   6.3330235849   6.1704892048 3630  3.08E+00   0.6792120000  -0.4384090000   2.4916260000  -0.5165400000  -1.0564960000   2.0612000000   1.1358480000   2.2193890000   7.0223620000   0.9675560000   2.2531910000   8.2169500000   0.6747430000   2.0808400000   9.3592800000  -0.0177070000  -0.0092390000  -0.0064740000   0.0175560000   0.0089310000   0.0061650000  -0.0002360000  -0.0126370000  -0.0495400000   0.0161510000   0.0300120000   0.0198100000  -0.0157640000  -0.0170670000   0.0300390000
   6.3339596617   6.1743590058 3639  4.50E+00  -0.7977570000   1.0703030000   2.0306620000   0.0079240000  -0.0145930000   2.0608980000  -1.1610520000   0.3238240000   8.1141350000   0.0062770000   0.2649790000   8.2615550000   1.1670260000   0.1703810000   8.2645740000   0.0363600000  -0.0489290000   0.0013690000  -0.0362920000   0.0489330000  -0.0013760000  -0.0021270000  -0.0023220000  -0.0082340000   0.0235310000   0.0030070000   0.0166700000  -0.0214730000  -0.0006880000  -0.0084300000
   6.3333699863   6.1704192939 3841  5.12E+00   1.0067350000   0.9566200000   2.8571460000   0.3484700000   0.1044000000   1.6692290000  -0.2874920000  -0.1179980000   7.8027570000  -0.7218740000   0.0439940000   8.8813140000  -0.9743670000   0.1909790000  10.0147230000   0.0194260000   0.0251780000   0.0348280000  -0.0194070000  -0.0250730000  -0.0353350000   0.0083930000   0.0000980000   0.0146960000  -0.0219820000   0.0016200000  -0.0121980000   0.0135700000  -0.0018230000  -0.0019910000
   6.3325948663   6.1724641437 3897  4.09E+00  -0.3327520000   2.0410680000   5.0382550000  -1.7706020000   1.6691530000   4.8435220000   4.3667730000  -2.9060700000   3.2657530000   3.2083550000  -2.8155610000   3.0443960000   2.0885060000  -2.7573730000   2.9428730000   0.0172140000   0.0044670000   0.0023360000  -0.0172120000  -0.0042610000  -0.0022440000   0.0121990000  -0.0036590000   0.0102130000  -0.1287160000   0.0132120000  -0.0286160000   0.1165160000  -0.0097600000   0.0183110000
   6.3309726153   6.1726904252 3966  1.17E+00  -0.8602200000   0.2824200000   2.7160720000   0.0913630000   0.1620070000   1.6305300000  -0.2744050000  -0.0434300000  10.1405960000  -0.0788550000  -0.0093510000   8.9918630000  -0.0684930000  -0.0887750000   7.7960520000   0.0017400000  -0.0001990000  -0.0022270000  -0.0017640000   0.0002610000   0.0016490000  -0.0098350000  -0.0069730000  -0.0152450000   0.0214760000   0.0164870000   0.0487790000  -0.0116170000  -0.0095760000  -0.0329570000
