   6.3330807131   6.7122178400  150  3.15E+00   0.9655940000  -1.3796600000   3.3277030000   0.6405260000  -0.9699020000   2.0693940000  -1.6678130000   2.6073250000   7.2586990000  -1.2006550000   2.0648470000   8.1806040000  -0.6906360000   1.4611270000   9.0566310000  -0.0126080000   0.0158970000  -0.0487840000   0.0126530000  -0.0159530000   0.0488380000   0.0089540000  -0.0109340000   0.0113560000  -0.0152890000   0.0189950000  -0.0156800000   0.0062890000  -0.0080060000   0.0042700000
   6.3331123379   6.7143861802  332  3.06E+00  -1.2813840000  -0.7984720000   3.6627050000  -1.4020940000  -2.1689890000   4.4143030000   3.0571580000   4.8466840000   3.0363200000   2.5536580000   4.2351540000   3.9144470000   2.1089490000   3.5444370000   4.7494480000   0.0029840000   0.0342240000  -0.0188570000  -0.0030950000  -0.0343710000   0.0187080000   0.0110330000   0.0036450000  -0.0147350000  -0.0195190000  -0.0056170000   0.0245460000   0.0085970000   0.0021200000  -0.0096630000
   6.3347048709   6.7137763241  341  3.46E+00  -0.9342560000  -0.6325390000   2.7208480000   0.0166780000   0.0065560000   1.6786580000   0.8190730000  -0.3681960000   8.3337700000   0.0245350000   0.2431180000   8.9210440000  -0.8619270000   0.8804700000   9.4153800000  -0.0210260000  -0.0140850000   0.0230150000   0.0209380000   0.0141490000  -0.0230650000  -0.0236180000   0.0154850000   0.0088660000   0.0591470000  -0.0385490000  -0.0201960000  -0.0354410000   0.0230000000   0.0113790000
   6.3328789447   6.7100366865 1064  5.54E+00   0.9394550000  -1.6011620000   3.4357890000   0.4518750000  -1.0015690000   2.0450550000  -0.1097460000   1.6852400000   8.9960340000  -0.8467810000   2.1226540000   8.2366130000  -1.5705420000   2.5119240000   7.3919970000   0.0137110000  -0.0168370000   0.0391080000  -0.0136210000   0.0167730000  -0.0390630000  -0.0386370000   0.0204760000  -0.0456940000   0.0378800000  -0.0178440000   0.0500130000   0.0006670000  -0.0025680000  -0.0043640000
   6.3326086030   6.7117461784 1337  3.88E+00   0.7764340000   0.5947390000   3.3200800000   1.0130300000   0.9738530000   1.8035910000  -1.4937500000  -0.8258490000   7.7638480000  -1.8423440000  -1.5158540000   8.6856490000  -2.2314450000  -2.2496610000   9.5003120000  -0.0062110000  -0.0101070000   0.0403460000   0.0064190000   0.0101670000  -0.0407550000   0.0088930000   0.0209410000  -0.0374620000  -0.0113370000  -0.0274110000   0.0546870000   0.0022350000   0.0064100000  -0.0168160000
   6.3300608964   6.7118791086 1337  3.96E+00   0.7710180000   0.5959030000   3.3212040000   1.0132850000   0.9740750000   1.8033940000  -1.4970250000  -0.8296280000   7.7611050000  -1.8414160000  -1.5142280000   8.6870410000  -2.2298010000  -2.2482840000   9.5029220000  -0.0064220000  -0.0101740000   0.0407560000   0.0066300000   0.0102350000  -0.0411620000   0.0080180000   0.0193900000  -0.0364570000  -0.0097950000  -0.0246840000   0.0529810000   0.0015680000   0.0052330000  -0.0161190000
   6.3325454744   6.7139342541 1337  3.48E+00   0.7368100000   0.6096220000   3.3066090000   1.0150270000   0.9755570000   1.8023030000  -1.5201680000  -0.8566350000   7.7430750000  -1.8346280000  -1.5019960000   8.6945500000  -2.2182960000  -2.2387250000   9.5216830000  -0.0070280000  -0.0093570000   0.0384220000   0.0072340000   0.0094270000  -0.0388010000   0.0011590000   0.0067010000  -0.0255960000   0.0031740000  -0.0008650000   0.0337180000  -0.0045390000  -0.0059050000  -0.0077420000
   6.3324375284   6.7112264614 1628  5.08E+00  -0.9292350000   1.0819310000   2.3155340000   0.0116800000  -0.0143700000   1.8713880000   0.4873270000   1.2835270000   8.4387150000  -0.0317690000   0.2506520000   8.5286890000  -0.4632650000  -0.7804160000   8.6679710000  -0.0141050000   0.0163870000   0.0067030000   0.0140620000  -0.0164570000  -0.0065950000  -0.0112950000  -0.0360240000   0.0086760000  -0.0382160000  -0.0660860000  -0.0001210000   0.0495540000   0.1021790000  -0.0086630000
   6.3329726933   6.7138517778 1726  4.53E+00   0.1638590000   0.1487070000   2.5612020000   0.3334670000  -0.9940000000   1.8636180000  -0.0391780000   1.0784820000   8.2387070000  -0.6583280000   2.0366390000   8.5500470000  -1.1423530000   3.0352020000   8.8752720000   0.0078250000  -0.0529510000  -0.0323900000  -0.0079220000   0.0530240000   0.0321860000   0.0125520000  -0.0020740000   0.0010200000  -0.0361120000   0.0289820000   0.0073830000   0.0236570000  -0.0269820000  -0.0081990000
   6.3302230092   6.7104224553 1783  9.57E+00  -1.1250740000  -0.5113040000   2.4630040000   0.0732700000  -0.0330600000   1.8037690000  -0.3489950000  -0.8499520000   8.9951890000  -0.1537700000   0.3477940000   8.6589900000   0.1693880000   1.4738610000   8.3420960000   0.0020570000   0.0008260000  -0.0010790000  -0.0020810000  -0.0008420000   0.0011520000  -0.0129420000  -0.1218000000   0.0352550000  -0.0121710000   0.0597880000  -0.0191570000   0.0251370000   0.0620280000  -0.0161710000
   6.3349884550   6.7101842206 1783  9.56E+00  -1.1340170000  -0.5131770000   2.4624590000   0.0733610000  -0.0330710000   1.8029160000  -0.3467280000  -0.8493750000   8.9980350000  -0.1568350000   0.3492200000   8.6619320000   0.1695300000   1.4723860000   8.3413350000  -0.0010760000  -0.0004220000   0.0006400000   0.0010510000   0.0004070000  -0.0005680000  -0.0119320000  -0.1218290000   0.0349900000  -0.0134520000   0.0614070000  -0.0188400000   0.0254090000   0.0604370000  -0.0162220000
   6.3328948362   6.7120040963 2068  3.73E+00  -0.5185820000  -0.0866780000   2.9447090000   0.0065620000  -0.0000390000   1.4691340000   0.2189320000   0.5146740000   8.1580030000   0.0104000000   0.2367130000   9.2471810000  -0.2268380000   0.0009590000  10.3786260000  -0.0132210000  -0.0022240000   0.0368760000   0.0131480000   0.0021280000  -0.0371780000  -0.0146370000  -0.0138770000   0.0716190000   0.0184300000   0.0126940000  -0.0830210000  -0.0037200000   0.0012790000   0.0117050000
   6.3341327239   6.7110870972 2305  1.38E+00  -0.2062310000  -0.1124500000   2.3926320000   0.0644660000  -1.5625500000   2.2516850000  -0.1690670000   2.7269880000   8.9961180000  -0.1115030000   3.0911980000   7.8560470000  -0.0561960000   3.4509720000   6.7113630000  -0.0021440000   0.0113590000   0.0010900000   0.0021360000  -0.0115700000  -0.0010990000  -0.0023780000  -0.0139990000   0.0445690000   0.0004330000  -0.0003380000  -0.0022630000   0.0019530000   0.0145480000  -0.0422980000
   6.3311457680   6.7108539808 2346  2.51E+00  -1.4839980000   0.9427950000   2.8752570000  -1.1970880000  -0.2904640000   2.2007360000   1.2479520000   0.8311690000   8.6069160000   2.2544660000   0.7242560000   7.9801110000   3.1316740000   0.7040590000   7.2314720000   0.0019060000  -0.0081140000  -0.0044230000  -0.0018840000   0.0080920000   0.0044400000  -0.0264710000   0.0079700000   0.0043470000   0.0687100000  -0.0147590000  -0.0264420000  -0.0422610000   0.0068100000   0.0220790000
   6.3305754860   6.7112775431 2400  4.07E+00   0.4634680000  -0.6268660000   2.2563860000  -0.8948390000  -0.2607600000   1.9576030000   2.4982010000   0.5338440000   7.6932050000   1.5698580000   0.6913610000   8.3485420000   0.7631570000   0.9766220000   9.1218670000  -0.0073410000   0.0019650000  -0.0015770000   0.0072170000  -0.0019590000   0.0016800000  -0.0448260000   0.0192680000   0.0492760000  -0.0002190000  -0.0165340000  -0.0251400000   0.0451690000  -0.0027400000  -0.0242390000
   6.3343859123   6.7131251987 2684  3.73E+00   0.1100210000   1.2375350000   2.4037720000  -0.0000960000  -0.0113050000   1.8318230000  -0.5364350000  -0.7845160000   8.4786670000  -0.0565510000   0.2576620000   8.6596930000   0.5724380000   1.2572560000   8.7217070000  -0.0033980000  -0.0383830000  -0.0175370000   0.0033720000   0.0383980000   0.0175760000   0.0220930000   0.0230860000  -0.0021540000  -0.0370790000  -0.0279490000   0.0083830000   0.0150120000   0.0048490000  -0.0062680000
   6.3326533960   6.7134344364 2916  1.78E+00  -0.7032620000  -0.5389120000   2.7276260000  -0.7071850000   0.4751580000   1.7699400000   2.0603600000  -1.4308060000   9.0739100000   1.3214480000  -0.5655280000   8.7278210000   0.5237930000   0.2039180000   8.3639770000  -0.0000540000   0.0229330000  -0.0217040000   0.0001290000  -0.0230170000   0.0215920000   0.0126180000  -0.0253040000   0.0072070000  -0.0216410000   0.0436130000  -0.0132840000   0.0089470000  -0.0182250000   0.0061880000
   6.3305940751   6.7107510286 3255  3.49E+00   0.5157920000  -0.6567520000   3.0170580000  -0.1084660000  -0.7192440000   1.6459200000   0.0707800000   1.2369860000  10.0734250000   0.2327420000   1.5287700000   8.9516850000   0.2637090000   1.9365050000   7.7975590000   0.0088510000   0.0007590000   0.0193500000  -0.0088560000  -0.0010430000  -0.0195850000  -0.0077380000   0.0071410000  -0.0019410000   0.0136620000  -0.0390010000   0.0715360000  -0.0059180000   0.0321440000  -0.0693600000
   6.3301163140   6.7142092622 3309  6.33E+00  -1.2023730000   0.6542470000   3.6106280000  -2.4243450000  -0.2130120000   3.0440000000   5.5874230000   0.4772200000   6.2265840000   4.4530100000   0.6582840000   6.4543930000   3.2532380000   0.7388970000   6.4993620000   0.0356800000   0.0254000000   0.0164590000  -0.0359420000  -0.0254520000  -0.0167430000  -0.0063230000  -0.0058950000  -0.0108340000   0.0504750000   0.0093420000   0.0201200000  -0.0438900000  -0.0033950000  -0.0090020000
   6.3303307017   6.7114267617 3309  5.88E+00  -1.1961640000   0.6572520000   3.5889540000  -2.4245690000  -0.2129220000   3.0445960000   5.5885940000   0.4789570000   6.2356630000   4.4509360000   0.6545920000   6.4496080000   3.2543520000   0.7392920000   6.4922610000   0.0357050000   0.0253680000   0.0157340000  -0.0359630000  -0.0254200000  -0.0160160000  -0.0063910000  -0.0052670000  -0.0101040000   0.0458740000   0.0082970000   0.0189400000  -0.0392240000  -0.0029780000  -0.0085530000
   6.3314875785   6.7100943151 3309  5.59E+00  -1.1941140000   0.6580050000   3.5776480000  -2.4246670000  -0.2128680000   3.0449000000   5.5891920000   0.4798350000   6.2402220000   4.4497820000   0.6527260000   6.4471680000   3.2549830000   0.7394960000   6.4887270000   0.0355090000   0.0252040000   0.0152840000  -0.0357650000  -0.0252570000  -0.0155650000  -0.0060970000  -0.0049950000  -0.0097880000   0.0429190000   0.0078440000   0.0183910000  -0.0365660000  -0.0027960000  -0.0083220000
   6.3308802154   6.7112606203 3552  3.92E+00  -1.1914740000  -1.3713450000   3.8931750000  -2.3299960000  -0.8380250000   4.6416780000   4.8985330000   2.1602590000   4.4242050000   4.2201170000   1.8874130000   3.4745780000   3.6450760000   1.3822360000   2.5416840000   0.0030260000  -0.0014380000  -0.0019490000  -0.0031090000   0.0014620000   0.0021170000   0.0309200000  -0.0036990000   0.0347060000  -0.0147830000   0.0375130000   0.0029490000  -0.0160550000  -0.0338370000  -0.0378220000
   6.3326577733   6.7142375897 3655  1.67E+00  -0.7302520000  -0.3704890000   2.8189020000   0.0061660000   0.0012160000   1.6041400000   0.7853740000   0.7693650000   9.7216290000  -0.0480140000   0.2644070000   9.0826080000  -0.7341130000  -0.2629100000   8.2722140000  -0.0030400000  -0.0015260000   0.0049500000   0.0031510000   0.0016090000  -0.0052120000  -0.0029580000  -0.0092580000  -0.0207670000  -0.0006120000   0.0155440000   0.0381510000   0.0034590000  -0.0063690000  -0.0171230000
