   6.3417522500   6.6147602188  171  5.34E+00  -1.3622010000   0.0618080000   2.5519470000   0.0182080000  -0.0001810000   1.7964030000  -1.1153460000   0.0800100000   8.3128190000  -0.0291130000   0.2510020000   8.7491160000   1.1320910000   0.4162470000   8.9879890000  -0.0358140000   0.0016170000   0.0195740000   0.0359110000  -0.0016020000  -0.0196580000  -0.0068640000  -0.0021330000  -0.0152950000  -0.0348160000  -0.0028040000   0.0191650000   0.0415830000   0.0049220000  -0.0037870000
   6.3445998164   6.6147786632  291  5.26E+00  -2.1373020000   0.2616290000   3.2853920000  -1.0772250000   0.0329160000   2.1703220000   1.0010600000   0.5494360000   8.4288550000   2.0531970000   0.2105520000   8.0489050000   2.9721890000  -0.2006960000   7.4839450000  -0.0244950000   0.0052820000   0.0257580000   0.0245290000  -0.0052870000  -0.0258130000   0.0096740000  -0.0111210000  -0.0186430000   0.0364040000  -0.0003190000   0.0081060000  -0.0461120000   0.0114440000   0.0105920000
   6.3422692044   6.6122948490  322  1.25E+01  -0.8152900000   0.1791920000   2.0670340000  -0.3142440000  -1.0224510000   2.1825390000  -0.6182530000   2.1068680000   7.9995300000   0.6071220000   2.0317540000   7.9635700000   1.7832660000   2.1506590000   7.9930810000   0.0377430000  -0.0904170000   0.0087180000  -0.0376060000   0.0904230000  -0.0086370000  -0.0832050000   0.0168250000   0.0076070000   0.0679440000  -0.0302680000  -0.0128450000   0.0151250000   0.0134370000   0.0051570000
   6.3401474523   6.6108020110  606  1.62E+00  -1.3682980000  -0.6465090000   3.3311370000  -0.8935270000  -0.6495580000   1.8963800000   1.8680730000   1.7975560000   7.3816240000   1.7011710000   1.4324050000   8.4744770000   1.4035610000   1.0995980000   9.5769560000  -0.0071340000  -0.0000000000   0.0214740000   0.0070100000  -0.0001510000  -0.0215280000  -0.0110890000  -0.0045040000   0.0239590000   0.0260350000   0.0096210000  -0.0493990000  -0.0148220000  -0.0049660000   0.0254930000
   6.3432328045   6.6147935220  702  2.79E+00   1.0849940000   0.8493640000   2.4227630000  -0.0090540000  -0.0134140000   1.8276650000  -1.1211570000   0.0328520000   8.8995860000  -0.0247620000   0.3188400000   8.6455910000   1.1166050000   0.4289460000   8.3309490000   0.0171570000   0.0135800000   0.0093420000  -0.0173010000  -0.0135660000  -0.0093710000   0.0280850000  -0.0051830000  -0.0088940000  -0.0488950000   0.0151700000   0.0161420000   0.0209530000  -0.0100000000  -0.0072190000
   6.3403533835   6.6110713756  702  2.52E+00   1.0781940000   0.8436250000   2.4208480000  -0.0089540000  -0.0133450000   1.8294080000  -1.1203170000   0.0322130000   8.8952720000  -0.0245960000   0.3185030000   8.6424380000   1.1155710000   0.4298560000   8.3290450000   0.0147530000   0.0116780000   0.0080360000  -0.0148960000  -0.0116640000  -0.0080640000   0.0298310000  -0.0047090000  -0.0092870000  -0.0482600000   0.0149020000   0.0158820000   0.0185730000  -0.0102060000  -0.0065670000
   6.3438786583   6.6118897594  830  5.53E+00   0.1475490000   0.8972010000   3.0774460000   1.1285820000   0.8260060000   1.8222660000  -1.4982280000  -0.8568130000   7.6519380000  -2.0982600000  -1.2078030000   8.6245260000  -2.5723220000  -1.7306250000   9.5801250000  -0.0278590000   0.0021070000   0.0355050000   0.0279840000  -0.0019650000  -0.0359140000   0.0225340000  -0.0020980000  -0.0244180000  -0.0192070000   0.0248540000   0.0032490000  -0.0034510000  -0.0228970000   0.0215790000
   6.3405396689   6.6107352859 1076  4.47E+00  -0.8843490000   0.5985140000   2.6595340000  -0.2999530000  -0.4541210000   1.7007350000   1.3501900000   1.6805280000   9.4810740000   0.6179120000   1.0711350000   8.8013810000  -0.2602990000   0.4333300000   8.2515120000  -0.0118580000   0.0215090000   0.0194630000   0.0120100000  -0.0214200000  -0.0197160000  -0.0105030000  -0.0030560000   0.0068570000   0.0638710000   0.0370280000   0.0115690000  -0.0535200000  -0.0340600000  -0.0181730000
   6.3449603420   6.6135991788 1385  1.11E+01   1.0095600000  -1.3311800000   5.4388130000   1.7478140000  -0.2347990000   5.9330100000  -2.9707750000   1.6950650000   1.7199070000  -3.3011780000   0.6395970000   1.2207450000  -3.3436500000  -0.2310220000   0.3913130000   0.0114420000   0.0170390000   0.0076760000  -0.0115000000  -0.0171860000  -0.0076750000   0.0298330000   0.0542830000  -0.0013020000  -0.0455070000  -0.0379900000   0.0485890000   0.0157310000  -0.0161460000  -0.0472870000
   6.3432251395   6.6103752515 1394  2.52E+00  -1.0161690000   0.7868380000   2.4021350000   0.0150210000  -0.0063160000   1.8351150000  -0.4750850000  -0.7891330000   8.3806520000   0.0489930000   0.2075740000   8.6284010000   0.4273050000   1.3029560000   8.8268760000   0.0127730000  -0.0098020000  -0.0069840000  -0.0127100000   0.0098430000   0.0070230000   0.0118960000   0.0489180000   0.0085860000  -0.0005350000  -0.0523400000  -0.0057210000  -0.0114230000   0.0033810000  -0.0029040000
   6.3437505629   6.6115852757 1443  5.66E+00   1.6738540000  -0.5159970000   5.2029720000   1.8922040000  -1.4825340000   4.1862570000  -3.6200140000   3.3823530000   5.4018460000  -3.5374410000   2.9781560000   4.2667720000  -3.2800230000   2.5062760000   3.1613070000   0.0026380000  -0.0117170000  -0.0123080000  -0.0025850000   0.0116930000   0.0124240000   0.0046010000   0.0171980000   0.0586390000  -0.0307570000   0.0183770000   0.0167330000   0.0261040000  -0.0355510000  -0.0754880000
   6.3401285379   6.6119480578 1458  1.83E+00  -1.3804610000  -1.2622900000   3.2684020000  -0.4136400000  -1.1302710000   2.1741380000   1.3686540000   3.2743710000   7.6652340000   0.7980210000   2.3469730000   8.0038710000   0.1850660000   1.3758150000   8.2633860000  -0.0034260000  -0.0004500000   0.0038330000   0.0034880000   0.0005260000  -0.0039670000  -0.0388490000  -0.0611850000   0.0164980000   0.0396760000   0.0605330000  -0.0115560000  -0.0008890000   0.0005750000  -0.0048080000
   6.3415450856   6.6133997916 1597  4.16E+00   0.3661720000  -0.4392820000   1.9369340000   1.7072380000  -0.1443500000   2.6112660000  -2.4861580000   0.9342430000   8.1333530000  -3.0533980000   0.5269960000   7.1893660000  -3.7710990000   0.1064140000   6.3074800000  -0.0249760000  -0.0054830000  -0.0125460000   0.0250280000   0.0055390000   0.0126840000  -0.0086760000   0.0001300000   0.0064180000   0.0535750000   0.0207260000   0.0309680000  -0.0449510000  -0.0209120000  -0.0375240000
   6.3443093992   6.6137165085 1631  4.61E+00  -0.6845070000  -1.3250320000   3.3900770000  -0.5896480000  -0.9295760000   1.8635490000   0.7560920000   1.9434780000   9.6401580000   1.0538580000   1.9541560000   8.5354900000   1.4407550000   2.0032300000   7.4328720000  -0.0026020000  -0.0106090000   0.0407060000   0.0024020000   0.0104140000  -0.0408130000   0.0227760000   0.0036210000  -0.0594040000  -0.0232840000  -0.0063960000   0.0395110000   0.0007080000   0.0029700000   0.0200000000
   6.3428642144   6.6148622708 1716  1.28E+00   1.0282730000  -1.0375140000   2.4594990000  -0.1068740000  -0.3442300000   1.9376430000   1.2038370000   0.3511310000   8.3839530000   0.1533070000   0.8887750000   8.4391120000  -0.8499550000   1.4538770000   8.4500120000  -0.0099210000   0.0060520000  -0.0045410000   0.0098320000  -0.0060120000   0.0045760000   0.0095180000  -0.0009510000  -0.0017120000  -0.0533320000   0.0216630000   0.0039860000   0.0439040000  -0.0207520000  -0.0023080000
   6.3431037579   6.6117502551 1982  4.18E+00   1.0735500000  -0.2299110000   2.3230470000  -0.3348260000  -0.5048290000   1.9120000000   1.7353240000   1.5026550000   8.5541850000   0.5520220000   1.2443950000   8.4703550000  -0.5451570000   0.7865780000   8.3929930000   0.0150220000   0.0029650000   0.0044230000  -0.0149840000  -0.0029030000  -0.0044000000   0.0675900000   0.0022250000   0.0058940000  -0.0455030000   0.0204040000  -0.0058070000  -0.0221260000  -0.0226910000  -0.0001090000
   6.3438296955   6.6100395814 2027  2.60E+00  -0.3826020000  -1.4021890000   2.3677700000   0.0044580000   0.0184300000   1.9029930000   0.0400540000   1.4049350000   8.3658840000  -0.0033840000   0.2508880000   8.4806830000  -0.0356700000  -0.9093050000   8.6157030000  -0.0082210000  -0.0301510000   0.0099160000   0.0082210000   0.0301730000  -0.0098280000  -0.0003190000  -0.0299880000   0.0057940000  -0.0009030000   0.0152860000  -0.0070140000   0.0012210000   0.0146800000   0.0011320000
   6.3421700290   6.6143519141 2326  3.62E+00  -0.2162700000  -0.3586030000   2.4966430000   0.0265120000   0.7837420000   1.7709380000  -0.0838030000  -2.2784340000   9.0729130000  -0.0190940000  -1.1369910000   8.7877760000  -0.0206460000  -0.0719640000   8.3295350000   0.0078320000   0.0367980000  -0.0234160000  -0.0078240000  -0.0368920000   0.0232700000  -0.0047440000  -0.0085270000  -0.0103640000   0.0092520000   0.0473670000   0.0063880000  -0.0045160000  -0.0387460000   0.0041210000
   6.3430098746   6.6142654886 2329  2.21E+00  -0.7222350000  -0.0805490000   2.7853480000   0.0085820000  -0.6431580000   1.6667380000   0.5928470000   0.7565270000   8.1047520000  -0.0373720000   1.4291300000   8.9078970000  -0.5621510000   2.0754660000   9.7097330000   0.0009710000  -0.0007830000  -0.0016970000  -0.0011540000   0.0008120000   0.0013740000   0.0430490000  -0.0399760000  -0.0444330000  -0.0622310000   0.0573020000   0.0640850000   0.0193650000  -0.0173540000  -0.0193290000
   6.3402973941   6.6127548868 2413  1.40E+00   0.0763510000  -1.3290690000   2.7726490000  -0.1315720000  -0.2833330000   1.7916000000  -0.7920640000   1.1502110000   8.2132220000   0.2338240000   0.8354710000   8.7299420000   1.2688260000   0.4090460000   9.1120630000  -0.0003240000   0.0017920000  -0.0016770000   0.0004380000  -0.0018380000   0.0016220000  -0.0215200000   0.0001570000  -0.0179390000   0.0068240000   0.0124590000   0.0204030000   0.0145820000  -0.0125700000  -0.0024090000
   6.3407831533   6.6113839803 2631  3.60E+00  -0.9557310000  -0.9206340000   2.9928770000  -0.4103340000  -0.2800170000   1.6696530000   0.4336590000   0.2782360000   9.9117340000   0.7313160000   0.7575920000   8.8702030000   1.1268680000   1.2971940000   7.9034170000  -0.0137100000  -0.0161050000   0.0331820000   0.0135760000   0.0159500000  -0.0332580000   0.0016190000  -0.0037750000   0.0224290000  -0.0076220000   0.0004600000  -0.0305960000   0.0061360000   0.0034690000   0.0082430000
   6.3436022862   6.6102853068 2690  9.85E+00  -0.3460430000   1.1804800000   3.1807300000  -1.1101350000   0.7005230000   1.8648050000   2.0216300000  -0.7513080000   9.7008980000   2.0508030000  -1.1515810000   8.5712690000   2.0049250000  -1.2694800000   7.3521870000   0.0217570000   0.0138170000   0.0375400000  -0.0219810000  -0.0136300000  -0.0377710000  -0.0052130000   0.0311010000   0.0379750000   0.0116960000  -0.0395710000   0.0400430000  -0.0062590000   0.0082820000  -0.0777870000
   6.3438005258   6.6128412365 2690  9.61E+00  -0.3376520000   1.1762370000   3.1749230000  -1.1103040000   0.7006490000   1.8649640000   2.0196230000  -0.7494140000   9.6994340000   2.0507980000  -1.1500290000   8.5719220000   2.0072510000  -1.2729040000   7.3527330000   0.0218100000   0.0135760000   0.0370460000  -0.0220350000  -0.0133870000  -0.0372780000  -0.0052110000   0.0300010000   0.0352650000   0.0115640000  -0.0378810000   0.0434760000  -0.0061280000   0.0076900000  -0.0785100000
   6.3421619962   6.6143894370 2740  2.08E+00  -0.5317170000   0.8170520000   2.2244940000   0.4350050000  -0.2980560000   1.8841540000   0.2987540000   0.8765270000   9.0027830000  -0.8059850000   0.7717660000   8.5605610000  -1.8327240000   0.6688730000   8.0219550000  -0.0150780000   0.0174370000   0.0053270000   0.0151610000  -0.0174340000  -0.0053190000   0.0356540000   0.0031520000   0.0071200000  -0.0594860000  -0.0053360000  -0.0124270000   0.0237480000   0.0021810000   0.0052990000
   6.3425127178   6.6125156110 2803  2.60E+00   0.4995450000  -0.1562800000   2.9266540000  -0.0098460000   0.0008100000   1.4994060000  -0.3367800000   0.4099890000   8.0911470000  -0.0739480000   0.2480750000   9.2302300000   0.4099930000   0.0972590000  10.3081560000   0.0089360000  -0.0027780000   0.0247310000  -0.0088530000   0.0027050000  -0.0250980000   0.0129530000   0.0014520000  -0.0062010000  -0.0393450000   0.0017060000  -0.0172200000   0.0263090000  -0.0030860000   0.0237880000
   6.3425596766   6.6106195680 3117  6.23E+00  -0.5575790000  -0.4679260000   2.5687380000   0.7310960000  -0.8441720000   1.9743780000  -2.3667640000   2.2041390000   8.5239110000  -1.2595760000   1.8848020000   8.4168090000  -0.3038180000   1.3140970000   8.1364490000  -0.0054150000   0.0015930000   0.0024540000   0.0053520000  -0.0015760000  -0.0026360000   0.0339440000  -0.0323920000  -0.0170860000   0.0379680000   0.0154940000   0.0114360000  -0.0718490000   0.0168820000   0.0058320000
   6.3442898769   6.6140300534 3476  4.98E+00   0.7578990000  -1.9460250000   3.1670410000   0.8351140000  -0.7361100000   2.2408560000  -2.6204240000   1.7712570000   7.3556590000  -1.5221540000   1.6237750000   7.8901650000  -0.4554130000   1.4963750000   8.3315000000  -0.0013890000  -0.0216400000   0.0166180000   0.0014140000   0.0216570000  -0.0165420000  -0.0779530000   0.0119700000  -0.0410740000   0.0988960000  -0.0159540000   0.0532040000  -0.0209670000   0.0039670000  -0.0122060000
   6.3423401310   6.6107778594 3476  4.88E+00   0.7593440000  -1.9364980000   3.1674910000   0.8355400000  -0.7365650000   2.2404270000  -2.6232070000   1.7729780000   7.3592760000  -1.5232240000   1.6253350000   7.8927960000  -0.4540440000   1.4951510000   8.3280210000  -0.0012580000  -0.0196790000   0.0152560000   0.0012820000   0.0196950000  -0.0151820000  -0.0792530000   0.0119840000  -0.0418960000   0.0996600000  -0.0157920000   0.0539930000  -0.0204320000   0.0037910000  -0.0121700000
   6.3407839647   6.6127615493 3819  4.60E+00  -0.6857600000   0.4017210000   2.7855630000   0.0108230000  -0.0079650000   1.5509050000  -0.1471320000   0.8010560000  10.1054830000   0.0331380000   0.3204710000   9.0849380000   0.1114060000  -0.3394900000   8.1545850000  -0.0043720000   0.0026370000   0.0076180000   0.0043380000  -0.0024630000  -0.0079000000   0.0037180000  -0.0454380000  -0.0587730000   0.0097500000   0.0130270000  -0.0157740000  -0.0134340000   0.0322370000   0.0748280000
