   6.3440388405   6.2399842658   20  6.12E+00   0.6248320000   0.2327460000   2.6722790000  -0.0597620000  -0.4926910000   1.6677550000  -0.0947540000   1.0840580000   7.7051420000   0.0139540000   1.1311720000   8.9225980000   0.3433820000   1.2004040000  10.1003510000  -0.0094160000  -0.0100550000  -0.0140350000   0.0094600000   0.0099110000   0.0135720000   0.0047480000  -0.0013560000  -0.0763800000  -0.0398240000  -0.0046460000  -0.0050230000   0.0350310000   0.0061460000   0.0818660000
   6.3441764965   6.2383212168  224  1.29E+01   0.7541830000  -2.0160150000   4.6078040000  -0.1947550000  -2.0809940000   3.2108680000   1.3166850000   4.3852470000   6.6432910000   0.3021280000   4.1458740000   6.0484100000  -0.6183520000   3.7101370000   5.4912230000   0.0344950000   0.0023640000   0.0507490000  -0.0343860000  -0.0024990000  -0.0507690000   0.0403210000  -0.0038890000   0.0228100000  -0.0706790000   0.0036630000  -0.0404970000   0.0302490000   0.0003610000   0.0177080000
   6.3425249330   6.2358986140  332  4.10E+00   0.0506880000  -1.7187410000   4.1536520000  -0.9515440000  -1.9926970000   2.9783560000   1.1541360000   2.9992160000   6.0659680000   1.6675610000   3.9431720000   6.5107870000   2.3430820000   4.7886300000   6.9112740000   0.0251280000   0.0066920000   0.0294240000  -0.0252560000  -0.0071360000  -0.0296710000   0.0274460000   0.0224080000   0.0108330000  -0.0144970000   0.0157400000   0.0070820000  -0.0128210000  -0.0377040000  -0.0176680000
   6.3427315699   6.2397099346  395  6.86E+00   0.5561540000   1.2554670000   2.0083070000  -0.6570340000   0.2530370000   2.0835400000   1.9202960000  -0.9604190000   7.6350150000   1.1089640000  -0.2937630000   8.1340340000   0.4935590000   0.5257950000   8.7277520000   0.0316110000   0.0261380000  -0.0019270000  -0.0316960000  -0.0261250000   0.0020480000  -0.0074730000   0.0277060000   0.0212760000  -0.0007190000  -0.0452000000  -0.0342780000   0.0082770000   0.0174810000   0.0128820000
   6.3449573156   6.2350659430  506  6.43E+00   1.1479230000   0.5713740000   2.3426390000  -0.0105390000  -0.0048780000   1.8696500000   0.9980510000   0.3075460000   8.0146630000  -0.0057690000   0.2100050000   8.5713540000  -1.0134070000   0.2108410000   9.0669630000  -0.0358920000  -0.0178430000  -0.0147210000   0.0356910000   0.0178080000   0.0145470000  -0.0522270000   0.0028530000   0.0262000000  -0.0543620000  -0.0105970000   0.0306660000   0.1067900000   0.0077800000  -0.0566920000
   6.3422167569   6.2351066204  807  3.52E+00   0.9682520000  -0.4776980000   2.5463600000  -0.0134060000   0.0078220000   1.7260030000  -0.2924640000   0.9465980000   9.7109430000  -0.0395230000   0.2840350000   8.7614920000   0.3280850000  -0.4811160000   7.9325220000  -0.0351200000   0.0174050000  -0.0294570000   0.0350420000  -0.0172300000   0.0291370000   0.0027150000   0.0053880000   0.0251500000  -0.0147120000   0.0110250000  -0.0237130000   0.0120750000  -0.0165880000  -0.0011170000
   6.3420192940   6.2399545531 1824  8.43E+00  -0.8421340000  -0.1257630000   1.9980320000  -0.6737210000  -1.3616070000   2.5751490000   0.3816640000   2.0226300000   7.7103350000   1.1912190000   2.8145020000   7.2364980000   2.1418760000   3.3603230000   6.8716440000   0.0055300000  -0.0402130000   0.0188020000  -0.0054410000   0.0403070000  -0.0189800000  -0.0381440000  -0.0609090000   0.0362690000   0.0596400000   0.0934510000  -0.0554310000  -0.0215860000  -0.0326360000   0.0193400000
   6.3413322152   6.2376810480 1824  5.74E+00  -0.0200800000  -1.1421850000   1.9589090000  -0.9108750000  -1.4821530000   2.9626580000   2.5675740000   3.2519150000   5.9077290000   1.6100080000   2.9803830000   6.4931940000   0.7741950000   2.6725880000   7.2994000000  -0.0245240000  -0.0093030000   0.0277010000   0.0246150000   0.0094370000  -0.0277140000  -0.0263330000  -0.0114180000   0.0368170000   0.0427820000   0.0217590000  -0.0769870000  -0.0165400000  -0.0104750000   0.0401840000
   6.3404774925   6.2370487458 2173  6.86E+00  -1.0028670000   0.7754800000   2.2886110000   0.0149280000  -0.0157840000   1.8779360000   0.3497330000  -0.7243590000   8.0655530000  -0.0445550000   0.2598930000   8.5350070000  -0.3276550000   1.2469050000   9.0053810000   0.0450650000  -0.0349970000  -0.0181560000  -0.0451550000   0.0351780000   0.0180890000  -0.0054430000   0.0354350000   0.0191020000  -0.0285580000   0.0529960000   0.0222440000   0.0340900000  -0.0886110000  -0.0412780000
   6.3411930086   6.2391308940 2181  3.80E+00   1.2973610000   0.7739810000   1.9910970000  -0.0120880000  -0.0101530000   2.0584310000  -1.0261250000   0.7873060000   8.2549110000  -0.0186540000   0.2549560000   8.1724760000   1.0187630000  -0.2890850000   8.2054870000   0.0239150000   0.0143490000  -0.0012010000  -0.0239920000  -0.0143120000   0.0013240000   0.0640140000  -0.0335350000   0.0047280000  -0.0544010000   0.0282320000  -0.0146430000  -0.0095350000   0.0052650000   0.0097920000
   6.3420704724   6.2355436729 2294  8.45E+00  -0.7926880000   0.7302540000   2.2780700000   0.3424580000   0.0919170000   1.8849820000  -1.2173860000  -0.7568220000   7.8623170000  -0.6221490000   0.0412260000   8.5802930000   0.0240560000   0.9084830000   9.1400970000   0.0455510000  -0.0255600000  -0.0157850000  -0.0454230000   0.0256980000   0.0156410000  -0.0382200000  -0.0510140000  -0.0556060000  -0.0050390000  -0.0071210000   0.0282740000   0.0431310000   0.0579970000   0.0274760000
   6.3421325727   6.2375395272 2369  3.16E+00  -0.9823700000   0.0790480000   2.7933220000  -0.3332420000  -0.7467530000   1.7680790000   0.2786950000   1.2013260000   7.6619250000   0.5652160000   1.6930200000   8.7281950000   1.0231870000   1.9398880000   9.7808370000  -0.0026560000   0.0032840000   0.0039090000   0.0025810000  -0.0034030000  -0.0044580000   0.0001090000  -0.0336180000  -0.0397000000  -0.0115970000   0.0486180000   0.0391080000   0.0115630000  -0.0148820000   0.0011410000
   6.3420477790   6.2354861426 2489  6.45E+00   0.7003010000  -0.9284660000   2.5377840000  -0.4397630000  -0.1442710000   1.7534040000   1.6080980000   0.4767430000   9.6075790000   0.8204560000   0.4697200000   8.7226210000  -0.0718530000   0.6373350000   7.9287600000   0.0320520000  -0.0220330000   0.0219700000  -0.0318840000   0.0219170000  -0.0222710000   0.0084660000   0.0108000000   0.0226230000   0.0323380000  -0.0281450000   0.0009220000  -0.0409730000   0.0174600000  -0.0232440000
   6.3424078681   6.2353725795 2943  8.53E+00  -0.1337410000  -1.5569100000   3.3175150000   0.3789260000  -1.1956400000   2.0623390000  -0.1148840000   1.5631480000   7.6323580000  -0.6854490000   2.3755310000   8.2629840000  -1.2545740000   3.4106320000   8.6570010000   0.0096970000   0.0068080000  -0.0239080000  -0.0097570000  -0.0069380000   0.0236100000   0.0001390000   0.0134960000  -0.0122100000   0.0467540000  -0.1116800000  -0.0067740000  -0.0468340000   0.0983140000   0.0192830000
   6.3420680885   6.2367268776 2943  8.16E+00  -0.1338600000  -1.5627220000   3.3242510000   0.3791190000  -1.1962590000   2.0613860000  -0.1152110000   1.5643820000   7.6319570000  -0.6857190000   2.3780360000   8.2626420000  -1.2550040000   3.4109790000   8.6619950000   0.0078990000   0.0056170000  -0.0196160000  -0.0079590000  -0.0057480000   0.0193160000   0.0010460000   0.0119410000  -0.0128740000   0.0460500000  -0.1100220000  -0.0070240000  -0.0470360000   0.0982120000   0.0201970000
   6.3416331892   6.2380935109 2943  7.78E+00  -0.1341350000  -1.5686450000   3.3313730000   0.3793150000  -1.1968780000   2.0604280000  -0.1155390000   1.5656000000   7.6315720000  -0.6860650000   2.3807240000   8.2623130000  -1.2553740000   3.4112050000   8.6669630000   0.0061020000   0.0043920000  -0.0152760000  -0.0061620000  -0.0045230000   0.0149750000   0.0020950000   0.0101720000  -0.0136880000   0.0450420000  -0.1078500000  -0.0070150000  -0.0470770000   0.0978090000   0.0210050000
   6.3411549575   6.2394723776 2943  7.42E+00  -0.1345300000  -1.5746550000   3.3387950000   0.3795120000  -1.1974950000   2.0594670000  -0.1158690000   1.5668060000   7.6312040000  -0.6864850000   2.3835900000   8.2619940000  -1.2556870000   3.4113090000   8.6719050000   0.0043320000   0.0031520000  -0.0109560000  -0.0043930000  -0.0032840000   0.0106530000   0.0032780000   0.0082020000  -0.0146440000   0.0437410000  -0.1051800000  -0.0067560000  -0.0469590000   0.0971100000   0.0217030000
   6.3441995710   6.2383002787 3104  9.32E-01   1.1007630000   0.8285370000   2.2916150000  -0.0166340000  -0.0148280000   1.9063800000   0.6529570000   1.1432900000   8.8618850000  -0.0053100000   0.2498800000   8.5117940000  -0.6352490000  -0.6213450000   8.0842310000  -0.0008090000  -0.0005890000  -0.0002490000   0.0008820000   0.0006900000   0.0002180000  -0.0115640000  -0.0167420000  -0.0115440000  -0.0122690000  -0.0151920000   0.0002680000   0.0237600000   0.0318340000   0.0113060000
   6.3423947302   6.2352392767 3156  2.39E+00  -0.9495920000   0.9207500000   3.0284090000  -0.4110820000   0.7548880000   1.7412230000   1.2460320000  -1.6287320000   9.7555700000   0.7637320000  -1.1778770000   8.7630630000   0.2935050000  -0.6274710000   7.7803330000   0.0097550000  -0.0029690000  -0.0235810000  -0.0097880000   0.0030500000   0.0230570000   0.0171400000  -0.0098000000   0.0346000000   0.0095880000  -0.0278010000   0.0212780000  -0.0266960000   0.0375200000  -0.0553550000
   6.3440079750   6.2371872061 3459  3.50E+00  -0.7465930000   0.8104760000   2.5207000000   0.0050910000  -0.0129720000   1.7167720000  -0.5463570000  -0.2145430000   7.9262630000   0.0087750000   0.3078180000   8.7994890000   0.5613820000   0.6848580000   9.7363990000   0.0244500000  -0.0266840000  -0.0261880000  -0.0243120000   0.0268370000   0.0258590000   0.0195470000   0.0078490000   0.0380860000   0.0038700000   0.0186020000  -0.0033620000  -0.0235560000  -0.0266050000  -0.0343950000
   6.3415490275   6.2390979270 3618  3.55E+00   1.8205670000  -0.3760530000   2.7792060000   0.6454080000  -0.6412110000   2.1063610000  -0.3446630000   1.6357750000   8.8596060000  -1.1747100000   1.3736970000   8.0878720000  -2.1115110000   1.2467290000   7.3752720000  -0.0349830000  -0.0079000000  -0.0199550000   0.0351430000   0.0078920000   0.0200340000  -0.0236790000   0.0042590000  -0.0101650000   0.0389580000  -0.0128720000   0.0100630000  -0.0154390000   0.0086210000   0.0000230000
   6.3429432525   6.2353281661 3735  3.99E+00   1.0858360000  -0.5120850000   2.7538270000   0.0443910000  -0.0127160000   1.6557170000  -0.1965820000  -0.2580790000   7.8815540000  -0.1200340000   0.3165910000   8.9257070000  -0.0034170000   0.8038560000   9.9765890000   0.0296030000  -0.0141300000   0.0309770000  -0.0295120000   0.0142510000  -0.0314540000   0.0005330000  -0.0192550000  -0.0221280000  -0.0017970000   0.0305160000   0.0342320000   0.0011730000  -0.0113840000  -0.0116270000
   6.3405608575   6.2350946162 3964  6.55E+00  -1.2380290000  -0.6864690000   2.6826070000   0.1168480000  -1.2409110000   2.1706520000   0.0112220000   2.1896440000   9.1114200000  -0.0786940000   2.5688150000   7.9987880000  -0.4577160000   2.8102900000   6.8753360000  -0.0303140000   0.0123010000   0.0114000000   0.0304100000  -0.0126290000  -0.0115540000  -0.0174100000  -0.0108760000   0.0074010000   0.0505870000   0.0088250000   0.0369160000  -0.0332740000   0.0023790000  -0.0441630000
