   6.3440236748   6.6667572448  282  1.36E+00  -0.5082380000   1.1312230000   2.5231990000   0.0042950000  -0.0108980000   1.7424990000   1.0637970000  -0.0325540000   9.2451930000  -0.0158990000   0.2087950000   8.7804640000  -1.0412900000   0.5466440000   8.3031050000  -0.0031120000   0.0070270000   0.0047970000   0.0032310000  -0.0070770000  -0.0048280000   0.0438830000  -0.0031570000   0.0175670000  -0.0383230000  -0.0056450000  -0.0142900000  -0.0056780000   0.0088530000  -0.0032460000
   6.3433409895   6.6668897317  483  4.72E+00   0.3035880000  -0.7535520000   2.8793750000  -0.0006020000   0.0086770000   1.5544720000  -0.3023810000   0.9938130000   9.9960930000  -0.0488980000   0.1949900000   9.1414830000   0.3229720000  -0.4483770000   8.1978010000   0.0071430000  -0.0179330000   0.0310510000  -0.0072180000   0.0180230000  -0.0313700000  -0.0019590000   0.0376340000   0.0255090000  -0.0179290000  -0.0246840000   0.0109620000   0.0199630000  -0.0130410000  -0.0361520000
   6.3438605013   6.6675158846  580  1.08E+01  -0.8014080000  -2.0264720000   3.2690920000  -0.5614280000  -1.1099460000   2.3136480000   1.5425670000   3.1065610000   7.0306430000   1.0064390000   2.2238920000   7.6177310000   0.5563020000   1.5826640000   8.4910680000   0.0117410000   0.0447910000  -0.0465630000  -0.0116850000  -0.0446730000   0.0467620000   0.0107430000   0.0247020000   0.0157300000  -0.0224890000  -0.0498540000  -0.0258670000   0.0116890000   0.0250330000   0.0099380000
   6.3408443060   6.6650124426  927  1.86E+00   0.5255790000   0.7113470000   2.7372680000  -0.0103370000  -0.0072520000   1.5999790000   0.8066060000   0.5544600000   9.8295680000  -0.0214660000   0.3196770000   9.0423170000  -0.7719750000  -0.1153660000   8.2204480000  -0.0009950000  -0.0013740000  -0.0022730000   0.0011530000   0.0014760000   0.0020810000  -0.0049360000  -0.0158910000  -0.0111370000   0.0172250000   0.0389490000   0.0306180000  -0.0124470000  -0.0231600000  -0.0192890000
   6.3430627460   6.6665999417  948 -1.07E-01  -0.0710470000  -0.0093440000   2.8939690000   0.0043310000   0.0009840000   1.4855300000   0.3398520000   0.0053450000   8.1436800000  -0.0011280000   0.2486780000   9.2313960000  -0.3561590000   0.4913230000  10.3261100000   0.0011570000   0.0001830000  -0.0225620000  -0.0012470000  -0.0001430000   0.0222060000  -0.0071740000   0.0044910000   0.0226840000   0.0098710000  -0.0056410000  -0.0284140000  -0.0026070000   0.0011100000   0.0060860000
   6.3444933991   6.6652622465  948  1.75E+01  -0.6179690000  -1.7420260000   5.1127120000  -1.2798360000  -1.9699970000   3.9658940000   1.5382130000   4.7248450000   4.9020330000   2.3922820000   3.8295280000   4.7270030000   3.0966540000   3.0364140000   4.4218600000  -0.0330430000  -0.0113450000  -0.0573090000   0.0331220000   0.0114160000   0.0573380000  -0.0763380000   0.0782890000   0.0052550000   0.1904890000  -0.2045670000  -0.0422850000  -0.1142290000   0.1262070000   0.0370020000
   6.3435058089   6.6663196717 1281  6.08E-01   0.1224030000   0.5007220000   2.8480620000  -0.0053880000  -0.0048820000   1.5107340000  -0.5753950000   0.2856110000   8.1462840000   0.0366020000   0.2401010000   9.1856310000   0.5671140000   0.2146550000  10.2348780000  -0.0007350000  -0.0032080000  -0.0086280000   0.0008980000   0.0031940000   0.0082820000  -0.0308160000   0.0031470000  -0.0411030000   0.0310240000  -0.0041350000   0.0313880000  -0.0003710000   0.0010010000   0.0100620000
   6.3405884823   6.6668719573 1404  1.04E+01  -0.3588180000  -2.0614980000   4.4091820000  -0.1855430000  -1.9471680000   2.9293010000  -0.3138210000   4.6237180000   5.9308470000   0.2649380000   3.8416540000   6.6378110000   1.0641920000   3.0345500000   7.1799280000  -0.0019700000  -0.0012530000   0.0163530000   0.0018350000   0.0012750000  -0.0164470000  -0.0142780000   0.0342150000  -0.0396160000  -0.0717260000   0.0409450000  -0.0031300000   0.0861390000  -0.0751830000   0.0428390000
   6.3427745811   6.6684404212 2452  3.50E+00   0.0989290000  -1.0027790000   3.1861080000   1.1002050000  -1.0150810000   1.9884100000  -1.1532380000   1.8292480000   7.5830400000  -2.0270190000   2.1292280000   8.2754760000  -2.8260110000   2.3927600000   9.0744450000  -0.0240480000   0.0002100000   0.0286160000   0.0240340000  -0.0003890000  -0.0289160000  -0.0322510000   0.0110350000   0.0387430000   0.0068720000  -0.0017930000  -0.0263800000   0.0253920000  -0.0090620000  -0.0120630000
   6.3400819484   6.6666917620 2507  5.06E+00   0.6057320000  -1.6771630000   2.6780600000   0.1746880000  -0.3585200000   1.9573010000  -0.9446570000   1.9035500000   8.1277860000  -0.3900840000   0.9165410000   8.3769800000   0.3268970000  -0.0077160000   8.6408750000   0.0104540000  -0.0320550000   0.0175520000  -0.0105310000   0.0321110000  -0.0174980000   0.0248850000  -0.0212470000   0.0086440000  -0.0572360000   0.0450330000  -0.0192760000   0.0324280000  -0.0238420000   0.0105770000
   6.3407914440   6.6684943790 2977  1.24E+01  -0.5923520000  -0.7006750000   2.9492450000   0.5816450000  -1.0893830000   1.8487070000  -1.1307640000   2.2646480000   9.7248260000  -1.1520790000   2.2134590000   8.5528300000  -0.8719250000   2.2461770000   7.4370870000  -0.0400950000   0.0131430000   0.0374820000   0.0400920000  -0.0134040000  -0.0376910000   0.0217710000   0.0058830000  -0.0068260000  -0.0283760000  -0.0110280000  -0.0591840000   0.0066090000   0.0054060000   0.0662190000
   6.3444467202   6.6657501625 3255  3.64E+00   0.3851230000  -0.7150020000   2.9848700000  -0.1061700000  -0.7136870000   1.6561490000   0.0718430000   1.2497750000  10.0702460000   0.2448830000   1.5118340000   8.9240230000   0.2502980000   1.9123470000   7.7724470000  -0.0065690000  -0.0000910000  -0.0178380000   0.0065670000  -0.0001750000   0.0176220000  -0.0141840000   0.0014540000   0.0295580000   0.0235890000  -0.0321230000   0.0328380000  -0.0094030000   0.0309350000  -0.0621800000
   6.3415351344   6.6661921133 3267  3.68E+00   0.0899580000  -1.2681580000   2.5993960000  -0.0057300000   0.0148750000   1.7446390000  -0.9676660000   0.7623240000   8.2985780000   0.0033560000   0.2147650000   8.7645000000   0.9880960000  -0.2302610000   9.2462180000   0.0020850000  -0.0274500000   0.0183200000  -0.0019630000   0.0273710000  -0.0183130000  -0.0430100000   0.0310120000  -0.0183460000   0.0253980000  -0.0296180000   0.0083650000   0.0174900000  -0.0013150000   0.0099740000
   6.3414456572   6.6669758153 3819  5.21E+00  -0.7395080000   0.4363050000   2.8415370000   0.0114130000  -0.0082590000   1.5258770000  -0.1451220000   0.8102880000  10.1589330000   0.0138910000   0.3048860000   9.1366980000   0.1242840000  -0.3377340000   8.1837500000  -0.0199360000   0.0118660000   0.0347730000   0.0198870000  -0.0117000000  -0.0350530000   0.0032320000  -0.0318140000  -0.0381020000   0.0051320000   0.0136950000  -0.0107440000  -0.0083150000   0.0179540000   0.0491260000
   6.3437132110   6.6661151801 3847  1.22E+00  -0.5722520000  -1.9620690000   3.6103900000   0.3290120000  -1.5582170000   2.4834660000  -1.0478430000   3.6124410000   6.4590990000  -0.5922170000   3.1208600000   7.4059310000  -0.1146950000   2.6381470000   8.3519890000  -0.0108620000  -0.0048430000   0.0136380000   0.0108920000   0.0048410000  -0.0135420000   0.0141750000  -0.0119660000   0.0276540000  -0.0066850000   0.0014380000  -0.0107420000  -0.0075200000   0.0105310000  -0.0170090000
   6.3414341351   6.6690249710 3888  4.41E+00   1.1125090000   0.4073590000   2.1794720000  -0.2524630000  -0.2820100000   1.9265460000  -0.4534550000   1.5566290000   8.3339560000   0.4563920000   0.7720370000   8.4763210000   1.3016130000  -0.0657590000   8.5451400000   0.0303840000   0.0153480000   0.0056690000  -0.0303530000  -0.0153550000  -0.0056210000  -0.0483450000   0.0355660000  -0.0098710000   0.0280150000  -0.0087960000   0.0109100000   0.0203000000  -0.0267620000  -0.0010870000
