   6.3576112561   6.5864515627  207  7.35E-01  -1.0352250000   0.0279550000   2.6255330000   0.0163620000  -0.0034340000   1.6772880000  -0.9197490000   0.0852930000   9.5931660000  -0.0034010000   0.2284680000   8.8956490000   0.9058080000   0.4462620000   8.1878950000   0.0141000000  -0.0004400000  -0.0127500000  -0.0142690000   0.0003850000   0.0126470000   0.0206120000   0.0084450000  -0.0159550000  -0.0126060000  -0.0117990000   0.0089270000  -0.0078370000   0.0034090000   0.0071310000
   6.3550146267   6.5890040158 1364  3.81E+00  -0.0851380000   0.1284330000   2.8650260000  -0.0003300000   0.0015780000   1.4891660000  -0.0905800000   0.5107010000   8.0578510000  -0.0063300000   0.2541630000   9.2183080000   0.1023420000  -0.0297980000  10.4054300000   0.0023540000  -0.0035450000  -0.0382130000  -0.0023380000   0.0034670000   0.0378610000  -0.0009090000   0.0054730000  -0.0277710000  -0.0081810000   0.0162700000  -0.0580190000   0.0090740000  -0.0216650000   0.0861420000
   6.3565611241   6.5852099544 1410  3.48E+00   0.0268530000   0.7055400000   2.7320100000  -0.0025120000  -0.0129750000   1.5824530000   0.6283960000   0.6293400000   9.9812690000   0.0294400000   0.2094160000   9.0691800000  -0.6396420000  -0.0785250000   8.1364410000  -0.0011890000  -0.0305930000  -0.0490760000   0.0013500000   0.0306530000   0.0488000000  -0.0085720000   0.0059280000  -0.0068350000   0.0186690000  -0.0122440000   0.0141410000  -0.0102580000   0.0062560000  -0.0070290000
   6.3551058066   6.5888905375 1604  6.55E+00   0.9846030000   1.3315110000   2.4251440000  -0.0306600000   0.3429390000   1.9159530000  -0.2923440000   0.7540940000   8.7089510000   0.0611060000  -0.4070470000   8.4676550000   0.3375620000  -1.5574590000   8.2140780000   0.0139420000   0.0135550000   0.0070320000  -0.0139340000  -0.0135680000  -0.0069640000  -0.0324870000   0.0937400000   0.0200200000   0.0217280000  -0.0324770000  -0.0071490000   0.0107510000  -0.0612500000  -0.0129400000
   6.3564090867   6.5868226131 1702  3.48E+00  -0.0595890000   1.3723980000   2.3771220000  -0.2313560000  -0.0083260000   1.8257080000   1.4151960000  -0.2945790000   8.1969840000   0.3839160000   0.2111440000   8.6107990000  -0.5441960000   0.7788640000   9.0723200000   0.0019620000   0.0160740000   0.0064620000  -0.0021000000  -0.0160290000  -0.0064220000   0.0673510000  -0.0264690000  -0.0200640000  -0.0588130000   0.0140020000   0.0091260000  -0.0083990000   0.0124220000   0.0108980000
   6.3551640515   6.5868053868 1885  5.10E+00  -0.5597200000  -0.4318510000   2.4097620000   0.7143950000  -0.5053370000   1.9105090000  -2.3078150000   1.6807280000   8.5957200000  -1.3012750000   1.1323400000   8.5246220000  -0.2479230000   0.7078870000   8.3126990000   0.0440620000  -0.0025360000  -0.0172810000  -0.0441780000   0.0025410000   0.0171670000   0.0550300000  -0.0186430000  -0.0133460000  -0.0129070000  -0.0093000000   0.0131220000  -0.0420080000   0.0279380000   0.0003390000
   6.3582904914   6.5851928662 2299  3.90E+00   1.2301220000  -0.1300440000   2.3723540000  -0.0139740000   0.0066210000   1.8252520000   0.2797740000   1.3221010000   8.2710250000  -0.0398440000   0.2447080000   8.5912450000  -0.2575730000  -0.8430040000   9.0155360000  -0.0460880000   0.0050340000  -0.0202210000   0.0460350000  -0.0051270000   0.0202960000   0.0026880000  -0.0136450000   0.0123660000  -0.0053040000   0.0339690000  -0.0279790000   0.0026700000  -0.0202320000   0.0155370000
   6.3571336352   6.5891158816 2467  1.21E+01   0.0256880000   1.0174320000   2.4213250000  -0.8472780000  -0.2032450000   1.9076530000   0.3533480000   0.8485200000   8.3005190000   1.5398280000   0.6002940000   8.5814000000   2.7206000000   0.3394700000   8.5788100000   0.0240330000   0.0335390000   0.0140820000  -0.0239430000  -0.0335910000  -0.0142540000  -0.0966100000   0.0196780000  -0.0363160000   0.0356220000  -0.0055200000   0.0509460000   0.0608970000  -0.0141050000  -0.0144580000
   6.3578912806   6.5854576301 2615  1.89E+00   0.1128960000   1.0874830000   2.0357520000   0.6812340000  -0.3238730000   2.0343270000  -2.3899380000   0.6794070000   8.0807080000  -1.2376150000   0.7855430000   8.2412120000  -0.0903500000   0.9675490000   8.4456560000  -0.0097240000   0.0240840000   0.0000710000   0.0096430000  -0.0241020000   0.0000120000   0.0118430000   0.0063180000   0.0058800000  -0.0166510000  -0.0124010000  -0.0114070000   0.0048890000   0.0061010000   0.0054440000
   6.3570854070   6.5890428173 2750  2.70E+00  -0.9204900000  -1.4670900000   2.8123420000  -0.6777200000  -0.3409140000   1.9748680000   0.2784480000   0.8280000000   8.9818590000   1.2520980000   0.8385710000   8.3238140000   2.2242970000   1.0252030000   7.7305180000   0.0025280000   0.0117020000  -0.0086220000  -0.0025570000  -0.0117140000   0.0087460000   0.0043730000   0.0127230000   0.0028850000   0.0346010000  -0.0179360000  -0.0330870000  -0.0389460000   0.0052250000   0.0300780000
   6.3586687349   6.5892665094 2829  4.46E+00  -0.8473070000   0.2659310000   3.0683860000  -1.0214920000   0.0064010000   1.7031470000   1.8986310000   0.2880160000  10.0528670000   1.8479740000   0.2410480000   8.8275100000   1.8690640000   0.1699820000   7.6222990000  -0.0036070000  -0.0052160000  -0.0275640000   0.0033700000   0.0052240000   0.0273130000   0.0077430000   0.0021880000   0.0919760000  -0.0131680000   0.0024450000  -0.0372600000   0.0056630000  -0.0046410000  -0.0544650000
   6.3597741713   6.5858156110 3017  2.33E+00   0.7690660000  -0.1317850000   2.9373250000   0.4808600000   0.2846950000   1.5851700000  -0.8593240000   0.1090420000  10.1305780000  -0.9123940000  -0.3024980000   9.0684160000  -0.9057310000  -0.6078150000   7.9612000000  -0.0009140000   0.0014700000  -0.0047750000   0.0010560000  -0.0013560000   0.0044170000   0.0010360000  -0.0187060000  -0.0723090000  -0.0048830000  -0.0067370000   0.0110820000   0.0037050000   0.0253280000   0.0615860000
   6.3551841867   6.5865323038 3344  1.44E+01   1.4374550000  -0.6198190000   2.8668480000   0.0671840000  -1.0983170000   1.9909550000  -0.1554770000   2.8215300000   7.2793980000  -0.2265370000   2.2030590000   8.3121080000  -0.1005550000   1.7366280000   9.3579900000   0.0501270000   0.0174090000   0.0320520000  -0.0501320000  -0.0176760000  -0.0320670000   0.0152440000   0.0324940000  -0.0331350000  -0.0233770000  -0.0604150000   0.0716710000   0.0081380000   0.0281870000  -0.0385210000
   6.3561476188   6.5889984023 3584  3.66E+00   0.7831900000   1.5081650000   2.3794690000   0.0465840000   0.2627080000   1.9369220000  -0.3662020000  -1.4313300000   8.3671730000  -0.1506380000  -0.2513890000   8.4154070000   0.1972920000   0.9006730000   8.4932310000   0.0112720000   0.0190550000   0.0067970000  -0.0113160000  -0.0191050000  -0.0067330000  -0.0008080000  -0.0476400000   0.0010630000  -0.0221630000  -0.0017140000  -0.0077740000   0.0230150000   0.0494040000   0.0066470000
   6.3554023561   6.5882287381 3586  6.41E+00   0.0119520000  -0.0317440000   2.3480620000  -0.6746160000  -1.3060740000   2.1851200000   1.0002990000   2.3357470000   9.1481770000   1.1960770000   2.6647340000   7.9799350000   1.4702540000   2.8763710000   6.8015520000   0.0004290000   0.0008060000   0.0000610000  -0.0005620000  -0.0010030000  -0.0001310000  -0.0107140000  -0.0306480000   0.0885930000  -0.0128900000   0.0209950000  -0.0065390000   0.0237380000   0.0098500000  -0.0819830000
   6.3568211937   6.5898804382 3668  4.06E+00  -0.7892890000  -0.6348620000   2.9475680000  -0.5142240000   0.0492880000   1.5949610000   0.5060440000   0.6281320000   8.0795980000   0.9950190000   0.1449280000   8.9987950000   1.3648820000  -0.2554100000  10.0149030000  -0.0056760000  -0.0142000000   0.0278060000   0.0056850000   0.0140370000  -0.0281070000   0.0196910000  -0.0213990000   0.0624290000   0.0042380000  -0.0010490000  -0.0284670000  -0.0239380000   0.0226110000  -0.0336610000
   6.3551664354   6.5891459259 3819  5.08E+00  -0.6583250000   0.3844490000   2.7511690000   0.0105090000  -0.0078010000   1.5600290000  -0.1480710000   0.8003050000  10.0896650000   0.0393160000   0.3250310000   9.0676480000   0.1075490000  -0.3418960000   8.1399840000   0.0077070000  -0.0044560000  -0.0138470000  -0.0077360000   0.0046310000   0.0135610000   0.0028370000  -0.0460990000  -0.0586160000   0.0111610000   0.0153740000  -0.0143910000  -0.0139680000   0.0305510000   0.0732930000
