   6.3508640194   6.2797940461   56  3.76E+00   0.9124740000   0.9355130000   2.3214170000  -0.0102620000  -0.0122060000   1.8704760000   0.9672630000  -0.1486050000   8.0722220000  -0.0239750000   0.2148630000   8.5613850000  -0.9555010000   0.6770060000   9.0141010000  -0.0198520000  -0.0203180000  -0.0097060000   0.0196550000   0.0203770000   0.0095890000  -0.0232650000   0.0175790000   0.0131300000  -0.0541100000   0.0111930000   0.0243540000   0.0775720000  -0.0288320000  -0.0373680000
   6.3523007847   6.2788100380  562  4.05E+00   0.2527110000  -0.3426520000   2.5568130000   1.2388970000   0.6701070000   1.9769180000  -1.5599470000  -0.5263550000   7.4685850000  -2.2461820000  -0.9070400000   8.3696200000  -2.9571270000  -1.4301520000   9.2152670000  -0.0180220000  -0.0185550000   0.0104670000   0.0181630000   0.0185840000  -0.0108700000   0.0182510000   0.0030710000  -0.0282100000   0.0308830000   0.0400750000  -0.0253780000  -0.0492760000  -0.0431740000   0.0539910000
   6.3518247160   6.2795843889  894  1.68E+01  -0.4005230000   0.2779920000   2.3106190000  -0.0942560000  -0.8794130000   1.9097280000   0.5744640000   2.8078610000   9.0477190000   0.2194970000   1.8169130000   8.4419300000  -0.2432690000   0.8903500000   7.9329260000   0.0349780000  -0.1320390000  -0.0457740000  -0.0348880000   0.1321080000   0.0455660000   0.0119910000   0.0567270000   0.0388510000  -0.0222730000  -0.0954160000  -0.0653640000   0.0101920000   0.0386200000   0.0267210000
   6.3524736085   6.2754012922  929  8.54E+00   0.3648860000   1.2544680000   2.1840050000  -0.0065120000  -0.0149680000   1.9077060000   1.1218610000   0.3023320000   8.0726680000  -0.0016520000   0.3451960000   8.4603730000  -1.1110890000   0.1219210000   8.9122050000  -0.0168940000  -0.0575890000  -0.0125090000   0.0167510000   0.0576300000   0.0125170000   0.0231810000  -0.0165360000  -0.0021460000   0.0390810000   0.0448410000  -0.0282590000  -0.0621180000  -0.0283450000   0.0303980000
   6.3514618736   6.2753563653  932  2.68E+00   0.6959750000  -2.0430470000   3.7444240000   0.4544820000  -1.4344490000   2.4321530000  -0.5536780000   4.0457400000   7.4365100000  -0.7666100000   2.8902610000   7.4679150000  -1.1844770000   1.7649330000   7.5758740000   0.0009420000  -0.0022330000   0.0047590000  -0.0007750000   0.0022990000  -0.0049740000  -0.0121570000   0.0062980000   0.0051610000   0.0408230000   0.0324430000  -0.0152960000  -0.0288330000  -0.0388070000   0.0103510000
   6.3524015089   6.2764722876  971  2.51E+00   0.7145880000  -1.1741030000   2.2565440000  -0.0143510000   0.0157050000   1.9662000000   1.1531200000   0.1910300000   8.6043270000   0.0172320000   0.3248230000   8.3900520000  -1.1394040000   0.2483350000   8.1366330000  -0.0072910000   0.0119450000  -0.0028840000   0.0074030000  -0.0118950000   0.0028960000  -0.0242940000  -0.0112950000  -0.0057550000   0.0396200000   0.0261110000   0.0096400000  -0.0154380000  -0.0148660000  -0.0038970000
   6.3547618663   6.2767367031 1191  5.30E+00   0.8991500000  -1.7761050000   2.8839350000   0.8891430000  -0.5532950000   2.2576680000  -2.5326350000   1.5759690000   7.0696420000  -1.6131900000   1.3223550000   7.8307210000  -0.7535960000   0.9942070000   8.5960190000  -0.0003250000   0.0401450000  -0.0205130000   0.0004100000  -0.0401420000   0.0205930000  -0.0599460000   0.0118340000  -0.0446120000   0.0322990000   0.0039150000   0.0154220000   0.0275630000  -0.0157510000   0.0291100000
   6.3524910205   6.2765114017 1220  3.58E+00   0.8539110000   0.1047600000   1.8215570000  -0.0565650000  -0.8320470000   2.2393900000  -0.0045760000   2.8541080000   7.4363610000   0.0820690000   1.7736240000   7.9021240000   0.1716670000   0.6509550000   8.3339130000  -0.0309950000  -0.0318810000   0.0142540000   0.0309880000   0.0319310000  -0.0142240000  -0.0007720000   0.0095120000  -0.0057090000  -0.0033230000   0.0417700000  -0.0127260000   0.0041010000  -0.0513310000   0.0184040000
   6.3508198225   6.2799413073 1422  4.40E+00   0.7993690000   0.7289900000   2.5323160000  -0.0084920000  -0.0127810000   1.7357800000   0.2134470000   1.1190960000   9.5748690000  -0.0494540000   0.2338310000   8.8066470000  -0.1842720000  -0.5890520000   7.9867540000  -0.0346150000  -0.0317420000  -0.0341580000   0.0346400000   0.0318970000   0.0339520000   0.0181680000   0.0380320000   0.0270570000  -0.0275230000  -0.0503570000  -0.0339140000   0.0093300000   0.0121690000   0.0070620000
   6.3525587480   6.2767115168 1609  1.60E+00   0.2907570000  -1.5713710000   4.7271350000  -0.1228570000  -2.4773810000   3.7047340000   0.3201710000   3.7081330000   4.6743990000   0.2671790000   4.7626020000   5.2121430000   0.0745170000   5.8759180000   5.6138890000  -0.0038360000  -0.0085320000  -0.0094320000   0.0038040000   0.0080950000   0.0094740000  -0.0078400000  -0.0070860000  -0.0146330000   0.0236910000  -0.0384460000   0.0077380000  -0.0158190000   0.0459690000   0.0068540000
   6.3531614933   6.2752320370 2138  3.71E+00  -1.2361630000   0.1326480000   2.9132950000  -0.3626550000   0.1449010000   1.6338720000   0.4271530000   0.1422870000   7.8592020000   0.7018820000  -0.0488650000   8.9609140000   0.9350160000  -0.1499580000  10.0715670000  -0.0193650000  -0.0002870000   0.0280720000   0.0192720000   0.0002430000  -0.0285830000   0.0113290000  -0.0029060000   0.0593170000   0.0071630000  -0.0105520000   0.0129890000  -0.0183990000   0.0135010000  -0.0717940000
   6.3525839361   6.2777513870 2192  4.74E+00   1.0274970000  -0.0352640000   2.2381110000  -0.2449840000  -0.4635030000   1.9352770000  -0.5465810000   1.1227400000   9.0429250000   0.4282300000   1.0512720000   8.4683310000   1.3838870000   1.0928180000   7.7948680000  -0.0402570000  -0.0135570000  -0.0096540000   0.0400510000   0.0134730000   0.0095140000   0.0753010000   0.0029780000  -0.0517540000  -0.0568440000  -0.0110480000   0.0451390000  -0.0182510000   0.0081540000   0.0067550000
   6.3504060105   6.2776468348 2323  5.73E+00  -0.2809880000  -0.1509370000   1.8225790000   0.4943440000  -1.1567830000   2.3513470000  -0.7564850000   3.0972580000   6.7951530000  -0.9521260000   2.3232370000   7.6325440000  -0.9799280000   1.6331370000   8.6182930000   0.0247310000  -0.0321320000   0.0169090000  -0.0247910000   0.0320520000  -0.0168030000   0.0041040000  -0.0195010000   0.0393350000  -0.0138310000   0.0384760000  -0.0857640000   0.0097870000  -0.0188950000   0.0463240000
   6.3504731771   6.2754576788 2447  3.47E+00   0.3257040000  -1.4796240000   2.1463350000  -0.0085110000   0.0169620000   2.0436490000  -0.3487520000  -0.8599530000   8.3012390000   0.0685550000   0.2288710000   8.2572620000   0.3192690000   1.3843260000   8.1595500000   0.0066980000  -0.0299040000   0.0020860000  -0.0066590000   0.0298930000  -0.0020390000  -0.0048590000   0.0207320000  -0.0026910000   0.0123620000  -0.0414090000   0.0060260000  -0.0075430000   0.0206880000  -0.0033820000
   6.3528678320   6.2789816115 3156  1.05E+00  -0.8200000000   1.1380870000   3.0895220000  -0.4165750000   0.7595280000   1.7261150000   1.2404190000  -1.5363520000   9.8147940000   0.7377020000  -1.2167900000   8.7804840000   0.3379320000  -0.7275030000   7.7796320000  -0.0020580000   0.0019620000   0.0066800000   0.0020160000  -0.0018660000  -0.0071430000   0.0217260000   0.0007950000   0.0338030000  -0.0245710000  -0.0156300000  -0.0277290000   0.0028870000   0.0147380000  -0.0056110000
   6.3511909915   6.2785726433 3224  2.67E+00   0.6645600000   1.7676030000   2.8850710000   0.4594670000   0.6048190000   1.9406290000  -0.4297970000   0.1590910000   8.1399040000  -0.8303850000  -0.8996480000   8.4518060000  -1.2833940000  -1.9280310000   8.6428060000   0.0030990000   0.0174990000   0.0140930000  -0.0031030000  -0.0176200000  -0.0143550000  -0.0079750000  -0.0082640000  -0.0037570000  -0.0171020000  -0.0595220000   0.0242920000   0.0250820000   0.0679070000  -0.0202740000
   6.3517373382   6.2792327408 3297  2.17E+00  -0.1839990000   1.3775720000   2.1957580000  -0.0034260000  -0.0163160000   1.9375630000   1.1578690000   0.3406770000   8.7386870000   0.0216480000   0.2466800000   8.4426260000  -1.1454200000   0.1565110000   8.1096570000   0.0015950000  -0.0119810000  -0.0022040000  -0.0014260000   0.0119890000   0.0021780000   0.0099340000   0.0011760000   0.0018590000   0.0564940000   0.0036300000   0.0169450000  -0.0665970000  -0.0048140000  -0.0187780000
   6.3515279750   6.2774690671 3337  2.31E+00  -1.1240740000  -1.2024580000   3.7712960000  -1.7022700000  -0.9160400000   2.5625110000   2.6791780000   1.7511070000   6.1813310000   3.1485400000   1.9729360000   7.2359100000   3.5295940000   2.1061770000   8.3524840000  -0.0201720000   0.0098790000  -0.0420070000   0.0198620000  -0.0100950000   0.0418770000  -0.0032410000  -0.0042700000   0.0073360000   0.0007130000   0.0070960000  -0.0354180000   0.0028380000  -0.0026100000   0.0282120000
   6.3534953413   6.2791315424 3337 -2.80E-02  -1.4687580000  -1.1785450000   4.2834570000  -2.0120910000  -0.8486410000   2.9825980000   4.8606590000   1.9346850000   6.4503090000   3.6815730000   1.8002630000   6.5122900000   2.5170070000   1.7141100000   6.4964380000  -0.0011840000   0.0006050000  -0.0027820000   0.0010220000  -0.0008190000   0.0025370000   0.0279680000   0.0063880000  -0.0061860000  -0.0464240000  -0.0114150000   0.0102200000   0.0186180000   0.0052420000  -0.0037880000
   6.3540533318   6.2779768382 3459  1.46E+00  -0.7926740000   0.8675200000   2.5543880000   0.0057900000  -0.0136040000   1.7007980000  -0.5602380000  -0.2221210000   7.9497280000   0.0175850000   0.3131700000   8.8321400000   0.5680620000   0.6879830000   9.7660760000  -0.0022530000   0.0026010000   0.0023570000   0.0023990000  -0.0024370000  -0.0027150000  -0.0040220000  -0.0132580000   0.0027240000   0.0319100000   0.0421050000   0.0378700000  -0.0280350000  -0.0290100000  -0.0402360000
   6.3538282102   6.2757632169 3772  5.39E+00  -0.2278070000   1.3374530000   2.5293690000   0.0023530000  -0.0155340000   1.7448650000  -0.3164260000   0.9750400000   7.9337540000   0.0201930000   0.2997120000   8.7929720000   0.3038680000  -0.5190430000   9.5929470000  -0.0061390000   0.0361720000   0.0208670000   0.0062140000  -0.0362970000  -0.0211390000   0.0171290000  -0.0520610000   0.0513160000  -0.0146560000   0.0658510000  -0.0509420000  -0.0025480000  -0.0136650000  -0.0001020000
   6.3515885209   6.2776777869 3907  9.03E+00  -0.0805580000  -1.3908480000   2.6546370000   0.6214170000  -0.1798440000   1.8679040000  -0.4891200000   1.2203710000   9.3697150000  -1.1529650000   0.5695990000   8.6001620000  -1.7437880000   0.0255190000   7.6793470000  -0.0207820000  -0.0360040000   0.0232870000   0.0210170000   0.0360280000  -0.0235300000   0.0370790000   0.0385020000   0.0306840000  -0.0049060000  -0.0116520000   0.0319360000  -0.0324080000  -0.0268740000  -0.0623780000
