   6.3579696622   6.2046897773    1  2.05E+00  -0.0670440000  -1.9229930000   2.5190170000   0.1081130000  -0.4708000000   2.1446990000   0.6732350000   1.9452630000   7.8790450000  -0.1946660000   1.1441020000   8.0868190000  -1.0628190000   0.3559840000   8.1815460000  -0.0025490000  -0.0212260000   0.0054900000   0.0025570000   0.0212300000  -0.0054740000   0.0300030000   0.0290490000  -0.0127980000  -0.0267280000  -0.0274600000   0.0179840000  -0.0032830000  -0.0015920000  -0.0052020000
   6.3571912816   6.2028305784   19  1.33E+01  -0.9313380000  -1.6520220000   2.6909310000  -0.3683010000  -0.2370750000   2.0505820000  -0.3119160000   1.2710250000   8.0670230000   0.7162290000   0.7793780000   8.3289890000   1.6723070000   0.1196640000   8.2709830000  -0.0190860000  -0.0479960000   0.0217050000   0.0191440000   0.0479510000  -0.0218130000   0.0172460000  -0.0225050000  -0.0160660000   0.0165250000   0.0146730000   0.0366260000  -0.0338290000   0.0078780000  -0.0204520000
   6.3583118798   6.2045880238   98  3.29E-01   0.9649310000   0.4636110000   2.6140670000  -0.0134420000  -0.0067400000   1.6696570000  -0.3438540000  -0.1150110000   7.8644950000   0.0164770000   0.2716020000   8.8983090000   0.3378240000   0.6032450000   9.9534010000  -0.0049110000  -0.0023460000  -0.0048890000   0.0050500000   0.0024520000   0.0044790000   0.0079400000   0.0077420000   0.0353310000   0.0072900000   0.0090420000   0.0041750000  -0.0153690000  -0.0168910000  -0.0390960000
   6.3571639158   6.2001536886  630  2.42E+00  -0.1655390000   1.4481170000   1.9604030000   0.0049290000  -0.0192270000   2.0525080000  -0.5252650000   1.2804690000   8.2871090000  -0.0450570000   0.2436530000   8.2012590000   0.5449020000  -0.7709160000   8.1831930000  -0.0012730000   0.0109120000  -0.0006390000   0.0012210000  -0.0108790000   0.0007380000   0.0340070000  -0.0549440000   0.0016460000  -0.0373280000   0.0456640000  -0.0084820000   0.0033730000   0.0092470000   0.0067370000
   6.3561430187   6.2038846045  714  5.15E+00   1.3484720000  -0.1260510000   2.5447370000  -0.0183940000  -0.0030320000   1.7576930000   0.6117810000   0.8392440000   9.5816540000  -0.0358000000   0.3185880000   8.7323570000  -0.5780000000  -0.3676520000   7.9255190000   0.0369110000  -0.0032660000   0.0212030000  -0.0367730000   0.0034220000  -0.0214440000   0.0208590000   0.0012350000   0.0220940000  -0.0171920000   0.0217460000  -0.0115420000  -0.0038040000  -0.0231380000  -0.0103120000
   6.3587126099   6.2040379107  762  2.45E+00   0.3235320000  -1.9437080000   2.9612350000   0.3536200000  -0.7435330000   2.1377690000  -1.2605600000   2.3314320000   7.2786930000  -0.6457210000   1.6788350000   8.0965010000  -0.0411470000   0.9317890000   8.7813770000   0.0000030000  -0.0005830000   0.0004300000   0.0000960000   0.0004670000  -0.0004300000  -0.0320230000   0.0282030000  -0.0477170000   0.0255570000  -0.0140930000   0.0466700000   0.0063670000  -0.0139940000   0.0010480000
   6.3558730855   6.2032812560  823  2.07E+00  -1.4678630000   1.9841100000   4.0590510000  -0.0878750000   2.3121740000   3.6493260000   0.2236030000  -4.6577190000   4.2782400000   0.2022930000  -4.0216920000   5.2992300000   0.1558850000  -3.3080980000   6.2634840000  -0.0089460000  -0.0021330000   0.0026160000   0.0089440000   0.0021630000  -0.0027810000  -0.0004250000  -0.0241910000  -0.0476290000   0.0034280000  -0.0052880000   0.0144620000  -0.0030010000   0.0294500000   0.0333320000
   6.3594207111   6.2048764202  964  7.82E+00   0.4225600000  -1.5814870000   2.5867780000  -0.2321820000  -2.2022650000   3.7646280000   1.0274750000   4.9439790000   4.3736960000   0.5332110000   4.2435160000   5.1361560000  -0.2948110000   3.6563880000   5.8073600000   0.0055870000   0.0052740000  -0.0099450000  -0.0053940000  -0.0053520000   0.0097750000  -0.0478260000  -0.0277710000   0.0334370000   0.1052530000   0.0432630000  -0.0564590000  -0.0576210000  -0.0154140000   0.0231920000
   6.3570931490   6.2038922545 1099  9.73E+00   0.7624740000  -0.4511370000   2.3189140000   0.7997740000  -1.6881050000   2.7587530000  -1.8361960000   3.0193320000   5.8214280000  -1.4650470000   3.2935140000   6.9479930000  -1.1063030000   3.6551430000   8.0399500000   0.0026930000  -0.0872400000   0.0309890000  -0.0024620000   0.0870030000  -0.0309940000  -0.0226150000  -0.0093230000  -0.0648680000   0.0057110000  -0.0133810000   0.0129700000   0.0166730000   0.0229400000   0.0519040000
   6.3560829208   6.2019159270 1165  4.87E+00  -0.0205460000   0.0092250000   2.1964420000  -1.5119060000  -0.4734790000   2.2733610000   2.5889310000   1.0902040000   6.6553460000   2.6968820000   1.1848460000   7.8207900000   2.9386540000   1.0720960000   8.9827060000   0.0374550000   0.0121130000  -0.0020550000  -0.0377950000  -0.0122210000   0.0018240000   0.0106560000  -0.0122850000   0.0089740000  -0.0254160000   0.0285650000  -0.0385050000   0.0151000000  -0.0161730000   0.0297620000
   6.3559804374   6.2030489718 1303  1.88E+00   1.3242520000   0.5196400000   2.2964530000  -0.0210620000  -0.0057950000   1.8945810000   1.0489020000   0.3646630000   8.9931910000   0.0002830000   0.2735700000   8.5081390000  -1.0273560000   0.1138460000   8.0142930000   0.0164800000   0.0064260000   0.0049530000  -0.0163310000  -0.0063950000  -0.0049810000  -0.0293290000  -0.0076660000  -0.0137880000  -0.0200610000   0.0051800000  -0.0106160000   0.0492410000   0.0024560000   0.0244310000
   6.3593498639   6.2002036355 1478  4.96E+00   1.0405820000  -0.9559800000   2.3328700000  -0.4468360000  -1.1093400000   2.3132780000   0.4116370000   1.2089270000   7.9993300000   0.6982360000   2.3426880000   7.7590030000   1.2302490000   3.3206420000   7.4771540000   0.0168720000   0.0017830000   0.0002040000  -0.0168860000  -0.0016550000  -0.0003880000   0.0124110000  -0.0291710000   0.0029830000  -0.0031460000   0.0879720000  -0.0147070000  -0.0092510000  -0.0589290000   0.0119080000
   6.3578045111   6.2018673004 1575  2.46E+00   1.1004400000  -1.6855710000   3.4290610000   1.4736090000  -0.6393450000   2.4770190000  -3.8698030000   1.6338440000   7.2571610000  -2.6937440000   1.4228140000   7.4742790000  -1.5369040000   1.2849700000   7.5462380000  -0.0010150000  -0.0027940000   0.0024830000   0.0009800000   0.0027130000  -0.0026770000  -0.0648220000   0.0161260000  -0.0199890000   0.0814510000  -0.0229640000   0.0285530000  -0.0165940000   0.0069180000  -0.0083690000
   6.3582311780   6.2037741881 1596  4.81E+00   0.1006060000  -1.6246610000   3.1838250000  -0.7698970000  -0.9437120000   2.0509110000   1.7172250000   1.6381980000   7.1139910000   1.4617550000   2.0092910000   8.2205670000   1.0241520000   2.3565930000   9.2727140000   0.0234410000  -0.0184950000   0.0305310000  -0.0236910000   0.0182730000  -0.0308060000  -0.0037640000  -0.0100840000  -0.0303640000   0.0272940000   0.0017790000   0.0039900000  -0.0232790000   0.0085270000   0.0266500000
   6.3596275551   6.2008892880 2057  1.69E+01  -0.4216570000   0.2736020000   2.1501230000   1.2775990000   0.4989120000   2.0948420000  -2.0750940000  -1.1245670000   7.0521390000  -2.3963550000  -0.6278440000   8.1278170000  -2.4800410000  -0.2253630000   9.2499190000  -0.0636820000  -0.0083490000   0.0019370000   0.0638910000   0.0086070000  -0.0022690000   0.0328920000  -0.0373910000  -0.0639620000  -0.0434200000   0.0284710000   0.0221560000   0.0103190000   0.0086620000   0.0421370000
   6.3590657123   6.2048004547 2061  1.18E+01  -1.0771900000  -1.2378520000   2.2995370000   0.0932640000  -0.1604860000   2.0534280000  -1.0071010000  -0.2280820000   8.1595050000  -0.1158780000   0.5144830000   8.3363340000   0.6961700000   1.4090310000   8.1834310000  -0.0352890000  -0.0325040000   0.0074080000   0.0353270000   0.0324650000  -0.0074850000   0.0011360000   0.0149000000  -0.0180750000  -0.0363360000  -0.0688580000   0.0451460000   0.0351620000   0.0539960000  -0.0269920000
   6.3598318324   6.2039066142 2116  1.20E+00   1.0544280000   2.1981810000   3.6289840000   0.3475610000   1.5831760000   2.5503380000  -0.6775520000  -3.2783700000   6.2655730000  -0.6689580000  -2.7051530000   7.2943240000  -0.6225010000  -2.0484660000   8.2941520000  -0.0061700000  -0.0053740000  -0.0093610000   0.0061690000   0.0054360000   0.0094140000   0.0019640000   0.0010850000  -0.0057950000  -0.0056040000  -0.0271660000  -0.0262550000   0.0036420000   0.0260190000   0.0319970000
   6.3599132847   6.2027297563 2171  5.70E+00  -1.0107320000  -0.7934410000   2.6251080000   0.0136190000   0.0055710000   1.7349140000   0.6109220000  -0.2488290000   7.9035740000  -0.0281960000   0.1869730000   8.8317100000  -0.5940910000   0.8183130000   9.6377120000  -0.0267190000  -0.0207600000   0.0230700000   0.0265160000   0.0208270000  -0.0234330000   0.0302330000  -0.0049530000  -0.0423810000  -0.0373080000  -0.0044770000   0.0536970000   0.0072790000   0.0093640000  -0.0109530000
   6.3571296795   6.2041744936 2192  6.01E+00   1.0175260000  -0.0369340000   2.2248000000  -0.2420510000  -0.4599770000   1.9461280000  -0.5478750000   1.1274290000   9.0551050000   0.4225670000   1.0350140000   8.4625920000   1.3754100000   1.0828320000   7.7336440000  -0.0525540000  -0.0176560000  -0.0117240000   0.0523220000   0.0175520000   0.0115260000   0.0570090000   0.0041710000  -0.0441160000  -0.0827700000  -0.0154490000   0.0720980000   0.0259950000   0.0113810000  -0.0277840000
   6.3570297381   6.2041296420 2271  6.27E+00   1.7205240000  -0.1815700000   2.2178520000   0.4902170000  -0.7414080000   2.2951620000  -1.8479850000   2.1050450000   7.2873300000  -0.9143640000   1.6037420000   7.7207470000  -0.0222690000   1.0929150000   8.3155970000  -0.0539230000  -0.0245030000   0.0034160000   0.0538580000   0.0245880000  -0.0032970000   0.0487440000  -0.0280360000   0.0367470000  -0.0571440000   0.0347580000  -0.0574570000   0.0084660000  -0.0068070000   0.0205910000
   6.3559074750   6.2029952893 2323  4.05E+00  -0.1756270000   0.0143940000   1.7517090000   0.4900930000  -1.1520470000   2.3564620000  -0.7305890000   3.0506180000   6.7524480000  -0.9495330000   2.3119830000   7.6270570000  -0.9931740000   1.6541560000   8.6440350000  -0.0036700000   0.0063650000  -0.0033070000   0.0036130000  -0.0064800000   0.0033870000   0.0068700000  -0.0067580000   0.0256920000  -0.0155500000   0.0326670000  -0.0841490000   0.0087360000  -0.0257940000   0.0583760000
   6.3596439852   6.2002642374 2392  3.02E+00  -0.0018440000  -1.5158480000   2.2058470000  -0.9707630000  -0.5282490000   2.3667840000   2.4348830000   1.9184900000   6.9338750000   1.7502810000   1.2704810000   7.6474920000   1.0995320000   0.5491450000   8.3671020000  -0.0228240000   0.0232770000   0.0038170000   0.0228190000  -0.0232570000  -0.0037450000   0.0121870000   0.0051630000  -0.0082250000   0.0164170000   0.0332970000  -0.0278880000  -0.0285990000  -0.0384800000   0.0360410000
   6.3591563115   6.2016619792 2639  3.28E+00  -1.4348830000   0.1899350000   2.1863530000   0.0200470000  -0.0017220000   1.9784130000   0.8966730000   1.0170930000   8.5934760000  -0.0358310000   0.2655350000   8.3892400000  -0.8794930000  -0.5321230000   8.0915230000  -0.0116180000   0.0015620000   0.0016580000   0.0116880000  -0.0014730000  -0.0016900000   0.0579590000   0.0400330000   0.0073520000  -0.0327960000  -0.0088550000   0.0069580000  -0.0252320000  -0.0312660000  -0.0142780000
   6.3577909645   6.2008461965 2717  3.27E+00  -1.3076880000  -0.0116250000   2.2430220000   0.0126260000   0.0030690000   1.9219560000  -0.2815520000   1.2758900000   7.9836290000   0.0043480000   0.2527650000   8.4583390000   0.2976170000  -0.7925630000   8.9278870000   0.0540610000   0.0005650000  -0.0131340000  -0.0540220000  -0.0007130000   0.0131080000   0.0063630000  -0.0220460000   0.0112180000  -0.0106120000   0.0366930000  -0.0177580000   0.0042100000  -0.0144990000   0.0065660000
   6.3584682074   6.2049351862 2947  2.78E+00   1.0650130000   0.4349810000   2.4139790000   0.1858870000  -0.6731730000   1.8678690000  -0.3764950000   1.9446820000   7.4653490000  -0.3356850000   1.3982690000   8.5409880000  -0.3669720000   1.0279030000   9.6434770000   0.0140930000   0.0176130000   0.0086260000  -0.0139990000  -0.0179400000  -0.0089040000  -0.0064460000   0.0330340000  -0.0377650000   0.0105270000  -0.0492140000   0.0514500000  -0.0041750000   0.0165060000  -0.0134070000
   6.3554172021   6.2003792733 3273  4.82E+00  -0.6939590000  -1.3395420000   2.3402670000   0.0083720000   0.0170850000   1.9359980000   0.2632800000  -0.8283130000   8.8484420000   0.0056320000   0.2477160000   8.4543910000  -0.2655970000   1.3290940000   7.9897800000  -0.0187530000  -0.0362790000   0.0108440000   0.0187960000   0.0361260000  -0.0108800000   0.0002410000  -0.0038090000  -0.0017420000   0.0124800000  -0.0444440000   0.0247390000  -0.0127640000   0.0484060000  -0.0229610000
   6.3580516651   6.2018051467 3317  8.60E+00  -1.5848500000  -0.2863240000   2.7519070000  -0.5528540000  -1.5323220000   2.4581690000   1.1606190000   3.0235630000   6.3013850000   1.0737320000   3.0614130000   7.4582240000   0.8942690000   3.0367460000   8.6508730000  -0.0344420000   0.0414590000   0.0097850000   0.0343140000  -0.0416990000  -0.0098360000  -0.0073080000  -0.0016960000   0.0317140000   0.0211090000   0.0065470000  -0.0877920000  -0.0136740000  -0.0046120000   0.0561300000
   6.3589696861   6.2008499827 3639  4.20E+00  -0.8008240000   1.0760970000   2.0219510000   0.0079980000  -0.0146540000   2.0508030000  -1.1561260000   0.3126090000   8.1326000000   0.0006620000   0.2780630000   8.2795270000   1.1661420000   0.1717100000   8.2835840000   0.0334340000  -0.0450590000   0.0012040000  -0.0333860000   0.0450720000  -0.0012040000   0.0202510000  -0.0055150000  -0.0056300000  -0.0091470000   0.0093500000   0.0140590000  -0.0111530000  -0.0038480000  -0.0084280000
   6.3588461744   6.2006027515 3719  1.17E+00   0.1695390000   1.2267810000   2.5886100000  -0.0047290000  -0.0122770000   1.6978090000   0.6248940000   0.1689700000   9.8415190000   0.0035320000   0.2444830000   8.8689330000  -0.6146100000   0.3191930000   7.8594360000   0.0035280000   0.0245850000   0.0175350000  -0.0033360000  -0.0245890000  -0.0179610000  -0.0161040000   0.0019190000  -0.0275310000   0.0231580000  -0.0026910000   0.0400400000  -0.0072460000   0.0007770000  -0.0120820000
   6.3594568847   6.2048386871 3809  7.12E+00  -0.0035480000   1.1208480000   2.6930520000   0.5234410000   0.0268860000   1.6798050000  -1.3530920000  -0.1443920000   9.9779970000  -0.8953780000   0.1936770000   8.9210280000  -0.5887230000   0.4817830000   7.7671840000  -0.0141250000   0.0293670000   0.0269680000   0.0141940000  -0.0294120000  -0.0275090000  -0.0286730000  -0.0177610000   0.0419100000   0.0168560000   0.0014170000   0.0385480000   0.0117490000   0.0163890000  -0.0799180000
   6.3579244669   6.2032533435 3859  5.18E+00   1.5239920000  -0.5358720000   2.2516490000   0.1148730000  -0.0297300000   1.9868020000  -0.2632390000   1.4717770000   8.5950340000  -0.3249440000   0.3205780000   8.2742010000  -0.1625440000  -0.8425200000   8.1303160000   0.0237340000  -0.0084960000   0.0044720000  -0.0238000000   0.0086300000  -0.0044100000   0.0157940000   0.0318610000   0.0213870000  -0.0310150000  -0.0218950000  -0.0332740000   0.0152870000  -0.0101000000   0.0118260000
   6.3582730318   6.2024557323 3940  3.99E+00  -0.5730750000  -0.0143360000   2.2135760000  -1.7906840000   0.5311140000   2.5876100000   4.2174220000  -1.3472040000   7.3076960000   3.2660640000  -0.7009640000   7.2352480000   2.3099710000  -0.0905230000   7.1994050000  -0.0327650000   0.0146570000   0.0100290000   0.0327110000  -0.0147330000  -0.0103020000  -0.0402090000   0.0245560000   0.0003010000  -0.0401800000   0.0291790000  -0.0075230000   0.0804430000  -0.0536590000   0.0074940000
   6.3594520255   6.2008674011 3953  6.05E+00   1.4758440000  -0.4773640000   2.1535390000  -0.0155460000   0.0068910000   2.0059180000   1.1832240000   0.2527090000   8.0848390000  -0.0191820000   0.2355760000   8.2935100000  -1.1841640000   0.2537780000   8.5367260000   0.0387000000  -0.0125860000   0.0038020000  -0.0388500000   0.0125740000  -0.0038010000   0.0747620000   0.0031410000  -0.0088240000  -0.0436560000  -0.0057000000  -0.0010820000  -0.0309570000   0.0025710000   0.0099040000
   6.3595306729   6.2031226659 3976  1.44E+00  -0.4783230000   0.8398720000   2.6218270000   0.0088580000  -0.0137560000   1.6437810000   0.1291360000   0.6124540000  10.0713320000   0.0037640000   0.3037150000   8.9403520000  -0.1460670000  -0.1369950000   7.8437440000   0.0129190000  -0.0225700000  -0.0260590000  -0.0128900000   0.0227070000   0.0255960000  -0.0000970000  -0.0047720000   0.0154760000   0.0046690000   0.0221170000   0.0031760000  -0.0046010000  -0.0174820000  -0.0181900000
