   6.3580156150   6.7094726232  145  1.39E+00   1.3019950000   0.0949600000   2.5349920000   0.1806740000   0.5451760000   1.8272570000  -0.1493210000   0.4183850000   8.5274100000  -0.3753490000  -0.7435820000   8.6101650000  -0.5532630000  -1.9012330000   8.7246840000  -0.0226460000   0.0090470000  -0.0142540000   0.0226100000  -0.0091620000   0.0142730000   0.0065550000   0.0191270000   0.0022970000  -0.0085420000  -0.0132730000  -0.0059120000   0.0020230000  -0.0057390000   0.0035970000
   6.3586619411   6.7054833372  676  5.07E+00  -0.4536390000  -0.6844090000   3.1706270000  -0.4630080000  -1.0938730000   1.8032600000   1.4742190000   2.9318450000   9.3768250000   0.7480290000   2.3284780000   8.6397300000   0.3051960000   1.5140360000   7.9328750000  -0.0000920000  -0.0038220000  -0.0128240000   0.0000810000   0.0037720000   0.0125000000   0.0388700000   0.0025100000   0.0225480000  -0.0687970000  -0.0087290000  -0.0430100000   0.0299400000   0.0062690000   0.0207870000
   6.3580618772   6.7051777965  723  4.29E+00   0.2858270000  -0.6243140000   2.6181050000   0.0321620000   0.6081280000   1.6521870000  -0.0105680000   0.1840620000   8.3438050000  -0.0452100000  -0.8390500000   8.9639110000  -0.1341250000  -1.8643240000   9.5118410000   0.0069790000  -0.0339650000   0.0265390000  -0.0069740000   0.0338190000  -0.0267290000  -0.0025330000   0.0287820000  -0.0203230000   0.0050970000  -0.0390230000   0.0301520000  -0.0025680000   0.0103870000  -0.0096390000
   6.3568715011   6.7093777508  834  3.28E+00  -0.8927460000   0.8904630000   2.5370830000   0.0078120000  -0.0076670000   1.7153070000   0.8426050000  -0.3483950000   9.3608790000  -0.0098830000   0.1787790000   8.7919910000  -0.8179560000   0.8840500000   8.3136930000  -0.0139520000   0.0139130000   0.0127190000   0.0140740000  -0.0140470000  -0.0127790000  -0.0315890000   0.0341250000  -0.0159610000   0.0209470000  -0.0402280000   0.0033090000   0.0105200000   0.0062370000   0.0127110000
   6.3574339598   6.7076473330 1426  1.03E+01  -1.5856020000   0.4184890000   3.7484810000  -1.6256660000   0.3766600000   2.0935140000   2.9049290000  -0.6560640000   6.9308400000   2.9722020000  -0.3830880000   8.1074790000   3.0827180000  -0.2761790000   9.2924160000   0.0012790000   0.0014790000   0.0566180000  -0.0015310000  -0.0013640000  -0.0566740000   0.0007340000  -0.0225130000  -0.0524120000  -0.0071220000   0.0284520000   0.0109790000   0.0066400000  -0.0060540000   0.0414890000
   6.3582812047   6.7080626057 1444  4.29E+00   0.0862710000  -0.9811510000   2.4654840000  -0.4759930000   0.3041870000   1.7503100000   1.5197640000  -1.2012660000   9.1304240000   0.8656450000  -0.2770270000   8.7364110000   0.2021870000   0.6395350000   8.4155720000   0.0146420000  -0.0334270000   0.0186330000  -0.0145730000   0.0333360000  -0.0186210000   0.0230410000  -0.0336290000   0.0196020000  -0.0212560000   0.0320530000  -0.0250720000  -0.0018540000   0.0016670000   0.0054590000
   6.3585062674   6.7053523310 1589  8.76E-01  -0.5563180000  -1.5653580000   2.9224810000   0.8193770000  -1.4196810000   2.5154910000  -0.7326300000   2.1731220000   7.9601940000  -1.4963340000   2.8566670000   7.3937970000  -2.2011940000   3.5589160000   6.7434020000   0.0054930000   0.0006160000  -0.0016100000  -0.0055450000  -0.0005670000   0.0016080000  -0.0015910000   0.0066540000  -0.0080260000   0.0124140000  -0.0228780000   0.0257820000  -0.0107720000   0.0161750000  -0.0177540000
   6.3568003401   6.7096279513 1767  1.30E+01   1.3606450000   1.7020100000   3.6202390000   0.3695800000   1.6067820000   2.2999390000  -1.3452750000  -2.1910810000   8.5820400000  -0.7726240000  -2.6793600000   7.7021100000  -0.0062130000  -3.2417520000   6.9226660000   0.0336740000   0.0032720000   0.0449690000  -0.0338070000  -0.0031410000  -0.0449040000   0.0259780000  -0.0172320000  -0.0152140000  -0.0858540000   0.0584530000   0.0570190000   0.0600090000  -0.0413520000  -0.0418710000
   6.3596557692   6.7090383106 1783  9.61E+00  -1.1772710000  -0.5219640000   2.4589330000   0.0737980000  -0.0331320000   1.7986610000  -0.3351970000  -0.8442370000   9.0116250000  -0.1717810000   0.3547900000   8.6770930000   0.1697600000   1.4639240000   8.3378360000  -0.0145730000  -0.0056870000   0.0077410000   0.0145410000   0.0056720000  -0.0076770000  -0.0064110000  -0.1180290000   0.0325220000  -0.0203120000   0.0650560000  -0.0160830000   0.0267550000   0.0529880000  -0.0165020000
   6.3573217157   6.7090652507 1829  1.90E+00   1.0002750000  -0.9239240000   4.3001180000   1.2546310000  -2.2590330000   4.7687800000  -1.4405830000   3.8085480000   3.8034620000  -2.2576800000   4.4212470000   3.1908770000  -3.1935400000   4.9004820000   2.7149860000   0.0014610000  -0.0075960000   0.0025830000  -0.0013610000   0.0072190000  -0.0026280000   0.0035680000  -0.0166660000   0.0183910000  -0.0273360000   0.0420950000  -0.0437930000   0.0236670000  -0.0250520000   0.0254470000
   6.3553081792   6.7077593143 2100  2.65E+00   0.0760980000   0.0724970000   2.7484990000  -0.3980830000  -0.6822920000   1.6909530000   1.2214280000   1.5283300000   7.8134010000   0.7658050000   1.5311660000   8.8955740000   0.1870100000   1.4128640000   9.8917220000  -0.0134620000  -0.0213670000  -0.0299770000   0.0132920000   0.0212330000   0.0297190000  -0.0121410000  -0.0078480000   0.0051920000   0.0044940000   0.0129530000   0.0286880000   0.0078170000  -0.0049710000  -0.0336210000
   6.3570463044   6.7053483663 2131  6.00E+00  -0.3160380000   0.7896490000   3.0195760000   0.4700990000   1.0138500000   1.7015600000  -0.6168530000  -0.7067090000   8.0906060000  -0.9061010000  -1.5470980000   8.9020480000  -1.0308140000  -2.5573840000   9.5396020000  -0.0175960000  -0.0050060000   0.0293120000   0.0176010000   0.0050300000  -0.0296760000   0.0199060000   0.0193520000  -0.0375900000  -0.0247960000   0.0302550000   0.0230900000   0.0048840000  -0.0496300000   0.0148640000
   6.3579032850   6.7086556056 2245  3.50E+00  -0.5546310000  -0.1486550000   2.7763930000   0.2453150000  -0.6076410000   1.6437920000  -0.5266790000   0.4659100000   8.2208410000  -0.5063180000   1.3891650000   8.9453240000  -0.2834460000   2.2229950000   9.6807120000  -0.0015290000   0.0009320000   0.0020330000   0.0015510000  -0.0008270000  -0.0023750000   0.0152450000   0.0066280000   0.0130230000  -0.0127960000   0.0654190000   0.0438770000  -0.0024710000  -0.0721510000  -0.0565580000
   6.3575074633   6.7062135005 2381  4.25E+00   0.9279270000   0.4448930000   2.9056190000   0.8745560000  -0.7001620000   1.8052290000  -2.5484600000   1.9246940000   9.2450300000  -1.6260750000   1.4810410000   8.6346130000  -0.6570580000   1.1199210000   8.0753770000   0.0014620000   0.0318290000   0.0304570000  -0.0015200000  -0.0318570000  -0.0307360000  -0.0227360000   0.0176160000   0.0206080000   0.0209780000  -0.0234480000  -0.0256900000   0.0018170000   0.0058590000   0.0053600000
   6.3567998337   6.7056330501 3087  5.46E+00  -0.1503690000  -1.4508070000   4.9573060000  -0.7544680000  -2.4569300000   3.8981420000   1.3073280000   3.9230750000   3.9983820000   1.3152830000   4.7333810000   4.8285150000   1.4827660000   5.5731790000   5.5974650000   0.0161540000   0.0269230000   0.0284640000  -0.0162660000  -0.0271090000  -0.0283020000   0.0125450000   0.0316120000   0.0236470000  -0.0169640000   0.0026070000   0.0143360000   0.0045300000  -0.0340330000  -0.0381450000
   6.3553897738   6.7057179305 3183  1.39E+01  -0.9091720000  -1.1788910000   3.3583740000   0.1214930000  -1.3914610000   2.0094000000  -0.3906640000   2.9167390000   7.1224970000  -0.1620630000   2.7685380000   8.2828650000  -0.0371600000   2.7161750000   9.4137580000  -0.0384660000   0.0077960000   0.0503460000   0.0385200000  -0.0081180000  -0.0504370000  -0.0110420000   0.0105130000  -0.0200260000   0.0260330000  -0.0204440000   0.0928770000  -0.0150440000   0.0102510000  -0.0727600000
   6.3568143356   6.7069321352 3183  1.38E+01  -0.9138900000  -1.1796840000   3.3592390000   0.1215770000  -1.3919900000   2.0086670000  -0.3905960000   2.9179210000   7.1219130000  -0.1634240000   2.7705960000   8.2827720000  -0.0363290000   2.7161390000   9.4180200000  -0.0388400000   0.0078290000   0.0506600000   0.0388920000  -0.0081440000  -0.0507490000  -0.0108770000   0.0103290000  -0.0207570000   0.0244100000  -0.0195750000   0.0823240000  -0.0135850000   0.0095610000  -0.0614780000
   6.3589292623   6.7081458344 3183  1.37E+01  -0.9178430000  -1.1806320000   3.3591060000   0.1216510000  -1.3925170000   2.0079460000  -0.3905150000   2.9190900000   7.1213550000  -0.1648250000   2.7726860000   8.2825420000  -0.0354820000   2.7160910000   9.4223590000  -0.0391240000   0.0078420000   0.0508550000   0.0391750000  -0.0081510000  -0.0509410000  -0.0106560000   0.0101060000  -0.0212020000   0.0226830000  -0.0186260000   0.0713340000  -0.0120780000   0.0088280000  -0.0500460000
   6.3576340737   6.7067362603 3260  2.43E+00   1.8075460000   0.3801660000   2.7542580000   0.9329290000  -0.6142510000   2.2008370000  -0.6806750000   1.2141330000   8.4485250000  -1.7362760000   1.2986020000   7.9520760000  -2.7890660000   1.5424560000   7.4180290000  -0.0055800000  -0.0063140000  -0.0034840000   0.0055400000   0.0063000000   0.0035670000  -0.0084330000   0.0109470000  -0.0049310000   0.0517670000  -0.0311770000   0.0277470000  -0.0432950000   0.0202440000  -0.0228990000
   6.3570718041   6.7067263037 3635  1.37E+00   0.8069430000  -0.2283910000   2.1223860000  -0.6166000000   0.0098140000   1.9534230000   0.0546110000   0.7682290000   8.5832390000   1.1116360000   0.2327190000   8.4553870000   2.1394970000  -0.2898810000   8.1809370000  -0.0005190000   0.0000900000  -0.0000360000   0.0005170000  -0.0000910000   0.0000570000  -0.0278170000   0.0141600000  -0.0046240000   0.0127920000  -0.0065830000   0.0168170000   0.0150280000  -0.0075770000  -0.0122140000
   6.3553538211   6.7051989198 3638  4.77E+00   1.0304630000   0.0918030000   2.7009220000  -0.0106830000  -0.0041130000   1.6478670000  -0.9029840000   0.5813740000   9.5701020000   0.0211650000   0.2215400000   8.9742790000   0.8755230000  -0.0452520000   8.2941170000   0.0087500000   0.0008250000   0.0088180000  -0.0088690000  -0.0007970000  -0.0089600000   0.0291350000  -0.0061430000  -0.0281590000   0.0691320000  -0.0301690000  -0.0407500000  -0.0981470000   0.0362840000   0.0690510000
   6.3551850139   6.7081518353 3738  2.24E+00  -1.0129160000  -1.5662120000   3.1992160000  -0.8534620000  -0.6580860000   2.1131930000   2.7346000000   1.4957540000   7.7909960000   1.5780840000   1.5021300000   8.1246980000   0.4069530000   1.4495930000   8.3556560000   0.0016640000   0.0093200000  -0.0111310000  -0.0016010000  -0.0093090000   0.0111260000   0.0489250000  -0.0033220000  -0.0193320000  -0.0127420000   0.0078360000   0.0170330000  -0.0362460000  -0.0045240000   0.0023050000
