   6.3577579025   6.3047465231   28  3.18E+00  -1.6000290000  -1.3016370000   3.9376190000  -0.7820190000  -1.7132140000   2.7968300000   1.8850570000   4.4062390000   6.3475200000   1.4819150000   3.4087260000   6.8931540000   1.0088730000   2.3607280000   7.2628720000  -0.0021490000   0.0010410000   0.0028790000   0.0021050000  -0.0011110000  -0.0031390000   0.0155000000   0.0452480000  -0.0357120000   0.0090630000   0.0033350000   0.0282910000  -0.0245190000  -0.0485150000   0.0076830000
   6.3597203179   6.3011970184   28  3.21E+00  -1.6076390000  -1.3018950000   3.9420090000  -0.7820950000  -1.7135640000   2.7968930000   1.8866510000   4.4081920000   6.3511930000   1.4809990000   3.4088440000   6.8941770000   1.0088250000   2.3604530000   7.2578430000  -0.0039930000   0.0019510000   0.0054210000   0.0039490000  -0.0020210000  -0.0056800000   0.0162960000   0.0466200000  -0.0364530000   0.0070150000  -0.0003740000   0.0303070000  -0.0232670000  -0.0461760000   0.0064050000
   6.3592834934   6.3028686938  578  1.60E+00   1.2931430000   0.3006790000   2.3911300000  -0.0165380000  -0.0059490000   1.8200370000   0.3607440000  -0.7143960000   8.0715900000   0.0639130000   0.2774240000   8.6304360000  -0.4076050000   1.2045730000   9.2104080000   0.0028240000   0.0007210000   0.0012330000  -0.0028510000  -0.0005410000  -0.0013340000  -0.0113720000  -0.0037620000   0.0035660000   0.0339140000  -0.0145220000  -0.0195480000  -0.0225140000   0.0181040000   0.0160830000
   6.3553266551   6.3040788632  771  2.75E+00  -0.2989490000   1.0716740000   2.6838410000   0.0057690000  -0.0102960000   1.6381640000   0.3129050000   0.6161660000   7.9035150000   0.0319420000   0.1912900000   8.9691900000  -0.3468600000  -0.0881890000  10.0140590000  -0.0060370000   0.0212560000   0.0203650000   0.0059360000  -0.0213670000  -0.0208440000  -0.0065590000   0.0105720000   0.0000870000  -0.0051490000  -0.0344750000   0.0529930000   0.0118100000   0.0240140000  -0.0526000000
   6.3591967361   6.3028221021  959  4.77E+00  -0.1561490000  -1.0729140000   2.4692630000  -0.4845650000   0.0931950000   1.8111370000   0.2626490000   0.8427400000   8.0244630000   0.8188170000   0.0609710000   8.6501310000   1.5525460000  -0.5986740000   9.2822790000  -0.0099470000   0.0353380000  -0.0199580000   0.0099890000  -0.0355110000   0.0198350000   0.0469490000  -0.0382710000   0.0404590000  -0.0527700000   0.0229410000  -0.0353540000   0.0057800000   0.0155030000  -0.0049820000
   6.3592626768   6.3010776253 1165  5.55E+00  -1.9061840000   0.2529760000   4.3844230000  -2.2624150000   0.1102830000   3.0813800000   3.1801350000   0.7500400000   6.1915150000   4.1366980000   0.0066600000   6.3499070000   5.1336060000  -0.6340840000   6.3774330000  -0.0147970000  -0.0059470000  -0.0537980000   0.0144870000   0.0057560000   0.0535960000  -0.0519570000   0.0496840000  -0.0159470000   0.0267870000  -0.0407930000   0.0228890000   0.0254800000  -0.0087000000  -0.0067400000
   6.3569032989   6.3026376033 1266  3.25E+00  -0.7656020000  -1.1979950000   2.1695590000   0.0107190000   0.0143100000   2.0011770000   1.1407750000   0.5996990000   8.1739830000  -0.0320970000   0.3014570000   8.3033860000  -1.1219760000  -0.1343190000   8.4628370000   0.0012190000   0.0019260000  -0.0002260000  -0.0012980000  -0.0019040000   0.0002900000   0.0700440000   0.0086580000  -0.0038110000  -0.0555610000   0.0069670000  -0.0020920000  -0.0144050000  -0.0156460000   0.0058400000
   6.3581396182   6.3035139883 1362  5.62E+00  -1.4201580000  -0.3731890000   2.3549050000   0.0162420000  -0.0001270000   1.8651990000   0.2316030000  -0.7736440000   8.1173650000  -0.0147190000   0.2715270000   8.5221590000  -0.2121940000   1.2816280000   9.0226520000  -0.0348700000  -0.0089960000   0.0119060000   0.0348220000   0.0091810000  -0.0119300000  -0.0101810000   0.0570680000   0.0325320000  -0.0051700000   0.0047010000  -0.0114130000   0.0154000000  -0.0619530000  -0.0210950000
   6.3555101610   6.3012288930 1412  9.08E+00   0.2249640000  -0.3199390000   2.5905550000  -0.8268990000  -0.9665520000   1.9971650000   1.5991550000   1.7432870000   7.1426990000   1.5841990000   2.1081830000   8.3045040000   1.3271500000   2.2091330000   9.4867940000  -0.0368350000  -0.0226780000  -0.0208850000   0.0366250000   0.0224780000   0.0205250000  -0.0123050000  -0.0330310000  -0.0573020000   0.0400710000   0.0425750000  -0.0079250000  -0.0275570000  -0.0093440000   0.0655870000
   6.3596899805   6.3040268585 1581  5.05E+00  -0.2327980000  -0.0275060000   2.1347630000  -0.1943430000  -1.4360100000   2.3372340000   0.2571900000   3.2293840000   6.5527970000   0.4005120000   2.9134950000   7.7378950000   0.4274070000   2.4446520000   8.8323730000   0.0003940000  -0.0152080000   0.0021100000  -0.0003980000   0.0148880000  -0.0022150000  -0.0166520000   0.0156040000  -0.0892270000   0.0222610000   0.0070800000   0.0607510000  -0.0056060000  -0.0223630000   0.0285810000
   6.3578801402   6.3000442624 1620  3.63E+00   0.8567900000   1.6590520000   2.3098530000   1.7379670000   0.9936500000   3.2672580000  -3.0514100000  -0.8223260000   6.9353170000  -3.1869650000  -1.5695380000   6.0040230000  -3.2899580000  -2.3788110000   5.0956700000  -0.0019600000   0.0014510000  -0.0020740000   0.0018990000  -0.0014590000   0.0021230000   0.0064610000   0.0275110000   0.0412490000  -0.0005900000   0.0274490000   0.0138170000  -0.0058110000  -0.0549530000  -0.0551150000
   6.3565751056   6.3011898892 1798  3.93E+00  -0.8315690000   0.5318430000   2.0127160000  -0.0135600000  -0.7870520000   2.0288700000  -0.2562130000   2.7917140000   8.4018500000   0.0072530000   1.6611490000   8.2116750000   0.3708830000   0.5461640000   8.1753920000  -0.0184890000   0.0298720000  -0.0003020000   0.0184320000  -0.0297310000   0.0002950000   0.0065020000   0.0024280000   0.0114220000  -0.0107590000  -0.0118450000  -0.0237620000   0.0043150000   0.0092760000   0.0123470000
   6.3573603765   6.3008857192 2427  2.70E+00  -0.4689610000  -0.9641960000   2.7281560000   0.0087220000   0.0114870000   1.6322900000   0.4081940000   0.4207500000  10.0500790000   0.0421780000   0.2884080000   8.9398990000  -0.4538740000   0.0537950000   7.9160290000  -0.0100220000  -0.0205650000   0.0229080000   0.0101500000   0.0205690000  -0.0233130000  -0.0080370000  -0.0066650000   0.0090610000   0.0028080000   0.0068560000  -0.0458510000   0.0051020000  -0.0001950000   0.0371950000
   6.3570449598   6.3012960920 2517  5.88E+00  -1.2488720000   0.0421140000   2.5695200000   0.0806200000  -0.0001150000   1.7208610000  -0.2680590000  -0.4918040000   9.6948130000  -0.0372980000   0.2099200000   8.8077850000  -0.0278980000   1.0198160000   7.9381190000  -0.0351070000   0.0010320000   0.0223230000   0.0350990000  -0.0012720000  -0.0226140000  -0.0070470000   0.0321440000  -0.0294630000   0.0220260000  -0.0483280000   0.0357660000  -0.0149710000   0.0164240000  -0.0060110000
   6.3564183284   6.3026809385 2517  5.70E+00  -1.2445910000   0.0457040000   2.5706950000   0.0806400000  -0.0001400000   1.7195000000  -0.2675790000  -0.4908860000   9.7001730000  -0.0382660000   0.2092050000   8.8094530000  -0.0280210000   1.0193340000   7.9382340000  -0.0346160000   0.0011150000   0.0221460000   0.0346080000  -0.0013540000  -0.0224380000  -0.0075580000   0.0299380000  -0.0266340000   0.0222390000  -0.0479300000   0.0346870000  -0.0146730000   0.0182320000  -0.0077610000
   6.3560371018   6.3040656257 2517  5.49E+00  -1.2396290000   0.0492720000   2.5714340000   0.0806510000  -0.0001650000   1.7181440000  -0.2670890000  -0.4900050000   9.7055660000  -0.0392700000   0.2085700000   8.8110630000  -0.0281260000   1.0188290000   7.9383580000  -0.0339580000   0.0011890000   0.0218590000   0.0339490000  -0.0014280000  -0.0221500000  -0.0081040000   0.0275810000  -0.0235850000   0.0224810000  -0.0472270000   0.0332390000  -0.0143680000   0.0198850000  -0.0093630000
   6.3579046421   6.3019792453 2690  3.23E+00   0.2465690000   0.6480040000   2.6109350000  -0.8386010000   0.4495420000   1.7807460000   1.4113240000  -0.6563470000   7.5625960000   1.4990990000  -0.6084250000   8.7163020000   1.6359520000  -0.4851830000   9.8373250000  -0.0320030000  -0.0057800000  -0.0245990000   0.0317940000   0.0059290000   0.0241630000   0.0078260000   0.0071130000   0.0442830000  -0.0016100000  -0.0040270000   0.0389010000  -0.0060070000  -0.0032350000  -0.0827490000
   6.3587769479   6.3042256736 2690  2.96E+00   0.2596170000   0.6435530000   2.6060710000  -0.8388780000   0.4496920000   1.7807830000   1.4130310000  -0.6594310000   7.5636900000   1.5016630000  -0.6087340000   8.7153380000   1.6328790000  -0.4823340000   9.8370760000  -0.0286960000  -0.0049920000  -0.0216750000   0.0284900000   0.0051400000   0.0212440000   0.0076800000   0.0074430000   0.0483470000  -0.0014750000  -0.0042550000   0.0339850000  -0.0060000000  -0.0033360000  -0.0819010000
   6.3591278932   6.3002767581 2791  5.26E+00  -0.6409010000   0.6159120000   1.9860660000  -1.8111960000  -0.1474520000   2.7208300000   2.2702610000   0.8007830000   7.4257260000   3.2908640000   0.5017610000   6.9827350000   4.3452310000   0.2078300000   6.6199390000   0.0311010000   0.0202280000  -0.0194730000  -0.0309970000  -0.0202840000   0.0193640000   0.0510640000  -0.0133070000  -0.0131150000  -0.0117250000   0.0010420000  -0.0080980000  -0.0394430000   0.0123220000   0.0213220000
   6.3585671784   6.3022243260 3166  2.14E+00   0.2443790000   0.1504610000   1.7822130000   0.5146380000   1.4597880000   2.4537590000  -1.4348390000  -3.3682490000   7.0532560000  -0.9760260000  -2.3674000000   7.4920610000  -0.4180820000  -1.4668970000   7.9567200000  -0.0031340000  -0.0150750000  -0.0076680000   0.0030640000   0.0150080000   0.0076890000   0.0005680000  -0.0202410000  -0.0028160000   0.0115900000   0.0577300000   0.0149930000  -0.0120890000  -0.0374220000  -0.0121990000
   6.3568223637   6.3010800401 3320  2.22E+00  -0.6033400000  -1.4914230000   3.2672250000   0.4370360000  -1.5734840000   2.3758380000  -0.3431570000   2.0569090000   7.4665310000  -0.7583400000   3.1381450000   7.6206450000  -1.2322120000   4.2272940000   7.7425140000   0.0348910000  -0.0027700000  -0.0299990000  -0.0349230000   0.0026990000   0.0296960000  -0.0088170000   0.0145170000   0.0013330000   0.0270990000  -0.0485380000  -0.0031420000  -0.0182500000   0.0340920000   0.0021110000
   6.3554449281   6.3041008385 3411  3.83E+00   1.1150140000   0.6582910000   2.4645190000  -0.0110470000  -0.0122980000   1.7913910000   0.1149420000  -0.7687030000   8.0486800000  -0.0517050000   0.2611720000   8.6993200000  -0.0912050000   1.2802590000   9.3200490000   0.0063530000   0.0038510000   0.0037900000  -0.0063880000  -0.0036470000  -0.0039720000   0.0183970000  -0.0715710000  -0.0444690000  -0.0239690000   0.0363670000   0.0239650000   0.0056070000   0.0349990000   0.0206860000
   6.3580048978   6.3047832495 3459  2.65E+00  -0.8243290000   0.9064610000   2.5778910000   0.0062660000  -0.0140390000   1.6901400000  -0.5694220000  -0.2265720000   7.9649870000   0.0213440000   0.3138230000   8.8514740000   0.5740420000   0.6916630000   9.7880510000  -0.0146920000   0.0164030000   0.0156470000   0.0148390000  -0.0162370000  -0.0160060000  -0.0150710000  -0.0224720000  -0.0131150000   0.0382980000   0.0474670000   0.0449280000  -0.0233740000  -0.0251620000  -0.0314530000
   6.3570774132   6.3003038989 3459  2.38E+00  -0.8195690000   0.9005470000   2.5745230000   0.0061930000  -0.0139740000   1.6919090000  -0.5679260000  -0.2258900000   7.9624200000   0.0208700000   0.3139050000   8.8484330000   0.5729650000   0.6909660000   9.7842770000  -0.0130620000   0.0145860000   0.0139050000   0.0132090000  -0.0144190000  -0.0142650000  -0.0135590000  -0.0212640000  -0.0109900000   0.0380270000   0.0472310000   0.0450370000  -0.0246150000  -0.0261330000  -0.0336870000
   6.3587744406   6.3030534132 3638  3.10E+00   0.9924550000  -1.2829320000   3.9066990000   1.0701580000  -1.5065820000   2.4223140000  -1.3148110000   2.4558010000   6.7048280000  -1.9153690000   3.0961500000   7.4847170000  -2.6544890000   3.5126660000   8.3338570000  -0.0009480000   0.0027990000   0.0193680000   0.0011150000  -0.0031070000  -0.0196450000  -0.0133620000  -0.0089690000   0.0105180000   0.0487560000   0.0083080000  -0.0454370000  -0.0355610000   0.0009680000   0.0351950000
   6.3571459536   6.3022448449 3638  3.85E+00   1.0030270000  -1.2850400000   3.9222180000   1.0702450000  -1.5068060000   2.4220710000  -1.3150840000   2.4559900000   6.7028120000  -1.9152080000   3.0992680000   7.4824220000  -2.6554350000   3.5113890000   8.3378340000  -0.0010250000   0.0034850000   0.0243850000   0.0011920000  -0.0037900000  -0.0246590000  -0.0121260000  -0.0106080000   0.0092640000   0.0508750000   0.0085860000  -0.0485970000  -0.0389150000   0.0023280000   0.0396080000
   6.3559859185   6.3014283519 3638  4.70E+00   1.0136180000  -1.2872170000   3.9372570000   1.0703310000  -1.5070300000   2.4218330000  -1.3153430000   2.4561920000   6.7007850000  -1.9151310000   3.1023720000   7.4802070000  -2.6563330000   3.5101090000   8.3417610000  -0.0010130000   0.0040730000   0.0289100000   0.0011800000  -0.0043760000  -0.0291820000  -0.0108050000  -0.0123300000   0.0078950000   0.0526830000   0.0090940000  -0.0514230000  -0.0420440000   0.0035400000   0.0438000000
   6.3553515087   6.3006039737 3638  5.61E+00   1.0242290000  -1.2894740000   3.9517280000   1.0704180000  -1.5072520000   2.4216030000  -1.3155880000   2.4564100000   6.6987480000  -1.9151420000   3.1054610000   7.4780770000  -2.6571790000   3.5088250000   8.3456340000  -0.0009240000   0.0045710000   0.0329660000   0.0010920000  -0.0048730000  -0.0332360000  -0.0094000000  -0.0141340000   0.0064140000   0.0541810000   0.0098280000  -0.0539120000  -0.0449490000   0.0046080000   0.0477690000
   6.3565947287   6.3034716859 3791  1.50E+00   0.8005830000   1.0356950000   2.4385060000  -0.1055830000   0.1168140000   1.7901120000  -0.0615310000   0.9451840000   9.4077310000   0.1432140000   0.0164630000   8.6783240000   0.4308900000  -0.9185200000   7.9847900000  -0.0029550000  -0.0029240000  -0.0020900000   0.0028860000   0.0031090000   0.0019750000  -0.0030360000   0.0353730000   0.0309660000  -0.0117620000  -0.0025170000  -0.0108380000   0.0148660000  -0.0330420000  -0.0200140000
