   6.3693552419   6.5484754913  100  3.63E+00  -1.3596570000   0.4745320000   2.1718080000   0.0216430000  -0.0071420000   1.9593260000   1.1558460000  -0.0733660000   8.4084910000  -0.0069920000   0.2325460000   8.3911670000  -1.1730240000   0.5922400000   8.3713000000  -0.0095640000   0.0033340000   0.0014920000   0.0096100000  -0.0033570000  -0.0014340000   0.0506910000  -0.0103790000   0.0018650000   0.0220660000  -0.0150160000  -0.0020190000  -0.0728040000   0.0254170000   0.0000970000
   6.3652461886   6.5451660059  326  1.38E+00  -1.4433370000   0.1473570000   2.2831260000   0.0179880000  -0.0006060000   1.9058130000  -0.6995640000   1.1659590000   8.3060820000  -0.0032150000   0.2459010000   8.4825370000   0.7030760000  -0.6691380000   8.6653660000  -0.0234130000   0.0023460000   0.0060750000   0.0234600000  -0.0024050000  -0.0060080000   0.0107850000  -0.0128150000   0.0046220000  -0.0058500000   0.0050670000  -0.0048840000  -0.0049830000   0.0078050000   0.0001950000
   6.3659023630   6.5452542352  332  5.32E+00  -0.8715690000  -1.0047960000   3.7647150000  -1.3508690000  -2.2519360000   4.0447990000   3.0827410000   5.2846820000   5.0160460000   2.4101530000   4.3820500000   4.6231460000   1.9094470000   3.4234210000   4.0766660000  -0.0180930000  -0.0469650000   0.0105370000   0.0178610000   0.0466110000  -0.0104550000   0.0306770000   0.0243670000   0.0029030000  -0.0183630000   0.0219970000   0.0312900000  -0.0120820000  -0.0460110000  -0.0342750000
   6.3650576839   6.5474694870  332  5.03E+00  -0.8781180000  -0.9994320000   3.7529890000  -1.3508380000  -2.2519730000   4.0451880000   3.0824650000   5.2832650000   5.0191460000   2.4083040000   4.3817970000   4.6223360000   1.9113670000   3.4248750000   4.0729730000  -0.0165320000  -0.0436850000   0.0101800000   0.0163010000   0.0433360000  -0.0100980000   0.0320670000   0.0257160000   0.0036650000  -0.0211830000   0.0187590000   0.0295910000  -0.0106530000  -0.0441260000  -0.0333380000
   6.3674963990   6.5462157006  372  3.19E+00  -0.9006420000  -1.0853770000   2.4230050000   0.0124400000   0.0145890000   1.8533870000   1.1265090000   0.1060300000   8.3034590000   0.0001320000   0.3103070000   8.5700110000  -1.1319920000   0.3442160000   8.8553370000  -0.0186030000  -0.0223730000   0.0116390000   0.0185180000   0.0224270000  -0.0115910000  -0.0041970000  -0.0106770000   0.0038680000  -0.0098830000   0.0224800000  -0.0026740000   0.0141650000  -0.0118570000  -0.0012420000
   6.3651808880   6.5486497041  402  1.92E+00  -0.5716890000  -1.2189030000   2.3870830000   0.3893660000  -0.2215670000   1.9135100000  -1.7662260000   0.5878960000   8.0440080000  -0.6808750000   0.6742220000   8.4632400000   0.3687850000   0.7769980000   8.8969340000  -0.0027080000  -0.0028600000   0.0013710000   0.0028440000   0.0028670000  -0.0013220000   0.0187290000   0.0032660000   0.0112260000   0.0515520000   0.0019540000   0.0145580000  -0.0704170000  -0.0052270000  -0.0258330000
   6.3686695106   6.5483219616  727  5.15E+00  -0.8846360000  -0.2849320000   2.6595500000   0.0087230000  -0.0009550000   1.6785800000  -0.2049750000  -0.6586020000   8.1902890000  -0.0247940000   0.2442600000   8.9476800000   0.2357590000   1.1856340000   9.5431150000   0.0376210000   0.0120220000  -0.0414040000  -0.0376060000  -0.0118440000   0.0411350000   0.0024730000  -0.0130660000  -0.0222810000   0.0059520000   0.0608020000   0.0651280000  -0.0084390000  -0.0479150000  -0.0425770000
   6.3667220133   6.5481388803 1359  4.81E+00   0.5243670000   0.1267720000   2.7320640000   1.2394780000  -0.8537010000   2.0437100000  -2.3367710000   1.9492250000   9.4310150000  -2.2288830000   1.8133170000   8.2193520000  -2.2133080000   1.6328040000   7.0210270000   0.0162200000  -0.0221440000  -0.0156030000  -0.0159630000   0.0220080000   0.0154060000  -0.0127400000   0.0073480000   0.0865730000   0.0175360000   0.0039650000  -0.0259940000  -0.0050530000  -0.0111790000  -0.0603820000
   6.3655967740   6.5459480040 1585  2.11E+00  -0.3659740000   1.2191950000   2.3995470000   0.0042500000  -0.0174780000   1.8147370000   0.4817990000   1.2336570000   8.2222360000  -0.0322070000   0.2970010000   8.6891400000  -0.4557900000  -0.7584650000   9.0416330000   0.0048390000  -0.0162900000  -0.0076970000  -0.0049120000   0.0162040000   0.0076610000  -0.0027750000  -0.0237670000   0.0021710000   0.0060380000   0.0544580000  -0.0032300000  -0.0031900000  -0.0306050000   0.0010950000
   6.3695277457   6.5457147854 1630  9.77E+00   1.0604280000  -0.8788050000   2.6311560000   1.4270380000   0.3122390000   2.2333860000  -2.6091740000   0.5643370000   8.6773990000  -2.5502890000  -0.2711830000   7.8431040000  -2.6701190000  -1.1771150000   7.1161630000   0.0273130000   0.0886850000  -0.0295940000  -0.0272420000  -0.0885340000   0.0296530000  -0.0130230000   0.0026050000   0.0152800000   0.0240420000  -0.0132640000  -0.0364060000  -0.0110900000   0.0105080000   0.0210670000
   6.3680473786   6.5499164428 1728  5.32E+00   0.7318500000  -0.7348960000   2.9328320000  -0.2027650000  -0.6537580000   1.6696340000   0.7800050000   1.3168920000   7.8382730000   0.4086980000   1.4040820000   8.9221870000  -0.1202670000   1.6280700000   9.9417280000   0.0240470000  -0.0021800000   0.0324010000  -0.0241440000   0.0020040000  -0.0327070000  -0.0312580000   0.0152790000   0.0557200000   0.0370310000  -0.0227410000  -0.0402600000  -0.0056760000   0.0076380000  -0.0151550000
   6.3674600546   6.5489358938 1961  1.97E+00   1.0356620000   0.0143420000   2.7035550000  -0.0093300000  -0.0013270000   1.6097680000  -0.6326810000  -0.0564930000   9.9539910000  -0.0380980000   0.1968020000   8.9771740000   0.6426280000   0.6021550000   8.0981670000   0.0158800000   0.0001890000   0.0165240000  -0.0160180000  -0.0003150000  -0.0168060000   0.0082130000   0.0111430000   0.0028090000  -0.0184460000  -0.0239920000  -0.0050220000   0.0103710000   0.0129750000   0.0024950000
   6.3662608033   6.5470637946 2149  5.05E+00  -1.3659850000  -0.4741670000   2.3573790000   0.0212350000   0.0084780000   1.8519820000   0.7941970000   1.0109830000   8.2754980000  -0.0320710000   0.2512200000   8.5399160000  -0.7901100000  -0.5243650000   8.9170400000  -0.0316240000  -0.0110070000   0.0116040000   0.0315680000   0.0109650000  -0.0114930000  -0.0316910000  -0.0350310000   0.0219610000  -0.0128810000  -0.0041560000  -0.0121180000   0.0446280000   0.0392290000  -0.0099540000
   6.3695348770   6.5491269430 2188  4.30E+00   0.8331510000   0.6529630000   2.7397380000  -0.0080080000  -0.0116270000   1.6155630000   0.7285960000   0.1375840000   8.1214230000   0.0420380000   0.2636190000   9.0479490000  -0.7726520000   0.3691220000   9.8463800000   0.0191100000   0.0151610000   0.0254470000  -0.0192440000  -0.0151240000  -0.0257830000  -0.0334310000   0.0028430000   0.0248920000  -0.0011390000   0.0043730000   0.0277960000   0.0347050000  -0.0072530000  -0.0523520000
   6.3682033940   6.5467726523 2424  1.36E+00   1.3214080000  -1.3327540000   3.2373940000   0.4509530000  -1.0963630000   2.1302210000  -0.6578710000   1.6469310000   9.0379770000  -0.8384100000   2.2599340000   8.0313270000  -1.0481570000   2.9036880000   7.0913190000  -0.0078040000   0.0021200000  -0.0098510000   0.0078210000  -0.0021820000   0.0099450000   0.0023110000  -0.0126970000   0.0302890000  -0.0059590000   0.0281930000  -0.0629950000   0.0036300000  -0.0154340000   0.0326130000
   6.3675921728   6.5451601379 2459  2.72E+00   0.0546180000   0.4389900000   2.7352820000  -0.8810750000  -0.1955200000   1.6706380000   0.9778020000   0.4303220000   7.9149970000   1.5609270000   0.6501680000   8.9185390000   2.2472800000   0.7180880000   9.8751770000   0.0212340000   0.0144210000   0.0239810000  -0.0212860000  -0.0144080000  -0.0244020000   0.0042950000  -0.0108400000  -0.0060970000  -0.0175190000   0.0200180000   0.0001820000   0.0132760000  -0.0091920000   0.0063360000
   6.3656372170   6.5455485426 2565  4.29E+00   1.1219690000  -0.6522550000   2.2541400000  -0.0092170000   0.0062610000   1.9266120000  -0.5315500000   1.3016780000   8.4929080000  -0.0170380000   0.2605090000   8.4501760000   0.5196840000  -0.7997440000   8.4007780000  -0.0526720000   0.0306830000  -0.0152330000   0.0526290000  -0.0306050000   0.0152880000   0.0115050000  -0.0216150000  -0.0000470000  -0.0232670000   0.0432840000  -0.0002740000   0.0118050000  -0.0217480000   0.0002650000
   6.3651557069   6.5485874248 2619  2.98E+00   0.2880300000   0.2155860000   2.6843190000  -0.6120600000  -0.5111030000   1.6811600000   1.3318040000   0.8423870000   7.7863590000   1.1671970000   1.1267610000   8.9222700000   0.8306110000   1.5384240000   9.9516740000   0.0169400000   0.0137160000   0.0187620000  -0.0171210000  -0.0137810000  -0.0191690000  -0.0108550000   0.0083300000  -0.0085420000   0.0137290000  -0.0060310000   0.0435820000  -0.0026930000  -0.0022340000  -0.0346330000
   6.3661636462   6.5491175426 2620  3.07E+00   0.7370780000  -0.7341470000   3.0775450000  -0.0604040000  -1.4291630000   1.9940760000   0.2225120000   3.7750520000   9.0293930000   0.0219910000   2.9013590000   8.2543960000   0.0162150000   1.9184210000   7.6224640000   0.0124180000   0.0107580000   0.0166810000  -0.0124010000  -0.0108560000  -0.0170450000   0.0158000000   0.0049030000   0.0205960000  -0.0288950000  -0.0156710000  -0.0425780000   0.0130790000   0.0108650000   0.0223460000
   6.3690668601   6.5485332880 2690  2.87E+00   0.2502000000   0.5968780000   2.2523350000  -1.2135270000   0.8524340000   2.1916120000   1.5042940000  -0.3861830000   8.0193530000   2.2587600000  -1.2632510000   8.0030410000   2.8449470000  -2.2726940000   7.8866350000   0.0136480000  -0.0024030000   0.0005550000  -0.0136020000   0.0023500000  -0.0006890000   0.0170110000  -0.0426410000  -0.0060970000  -0.0011160000   0.0447710000   0.0116600000  -0.0159410000  -0.0020770000  -0.0054290000
   6.3656032693   6.5466229762 2785  3.34E+00   0.2375450000  -0.8423520000   2.9273550000  -0.6247550000  -0.4547560000   1.6689390000   1.6516990000   0.9197960000   9.9194140000   1.1316510000   1.1232550000   8.9154990000   0.6039870000   1.2488840000   7.8694290000   0.0223150000  -0.0101160000   0.0324000000  -0.0223040000   0.0099140000  -0.0327680000  -0.0226890000   0.0033870000  -0.0454610000   0.0221540000   0.0017840000   0.0453240000   0.0005240000  -0.0049680000   0.0005050000
   6.3686063892   6.5452488919 2863  3.35E+00  -1.2894950000  -0.9288070000   3.5756360000  -1.2905080000  -0.9608480000   2.2154420000   1.2759190000   2.0153430000   7.4495630000   2.3683760000   1.9652310000   7.9119560000   3.4725000000   2.0542660000   8.3224220000  -0.0000370000  -0.0013630000  -0.0544930000   0.0000490000   0.0011510000   0.0542670000  -0.0151620000   0.0104980000  -0.0088900000  -0.0003500000  -0.0204990000   0.0066080000   0.0155010000   0.0102130000   0.0025090000
   6.3675297434   6.5492196469 2926  4.17E+00  -0.6324050000   0.5521520000   2.2594860000   0.1573330000  -0.4729620000   1.8444890000   0.7314090000   0.5854640000   8.2820700000  -0.2738930000   1.0616380000   8.5964670000  -1.2717140000   1.6325450000   8.9116070000   0.0322580000  -0.0419040000  -0.0169250000  -0.0323570000   0.0419300000   0.0169390000  -0.0330230000   0.0224360000   0.0122350000   0.0565570000  -0.0426000000  -0.0208860000  -0.0234350000   0.0201390000   0.0086370000
   6.3654822930   6.5466753297 3535  3.45E+00   0.6549030000   0.0725450000   2.9483070000   0.6388450000   0.2440720000   1.6025910000  -1.1850680000   0.0703430000   7.8876620000  -1.1840850000  -0.1765860000   9.0372660000  -1.1578530000  -0.4736300000  10.1398040000  -0.0005920000   0.0072280000  -0.0569890000   0.0007910000  -0.0072590000   0.0565770000   0.0011680000  -0.0051400000   0.0057870000  -0.0015900000  -0.0079280000   0.0595300000   0.0002230000   0.0131000000  -0.0649050000
   6.3696842471   6.5496524912 3544  3.54E+00  -0.5094920000  -1.1372750000   2.6501640000   0.0084870000   0.0124110000   1.7104610000  -0.1793060000   1.2380530000   9.4382540000  -0.0003690000   0.2629200000   8.8431540000   0.1692960000  -0.7380840000   8.2149860000  -0.0133120000  -0.0294360000   0.0239990000   0.0132630000   0.0296120000  -0.0242080000   0.0042890000  -0.0282850000  -0.0177690000  -0.0077030000   0.0533140000   0.0329150000   0.0034620000  -0.0252050000  -0.0149360000
   6.3657873590   6.5455699264 3544  3.30E+00  -0.5076950000  -1.1338830000   2.6496680000   0.0084710000   0.0123580000   1.7122040000  -0.1800290000   1.2396920000   9.4350280000   0.0014740000   0.2633520000   8.8393150000   0.1686040000  -0.7399950000   8.2124200000  -0.0129390000  -0.0286260000   0.0233520000   0.0128930000   0.0288020000  -0.0235600000   0.0034320000  -0.0251640000  -0.0156860000  -0.0067080000   0.0518090000   0.0316040000   0.0033230000  -0.0268220000  -0.0157100000
   6.3689124478   6.5480073783 3576  3.30E+00   1.3030920000  -0.4608960000   2.4202140000  -0.0172130000   0.0033080000   1.8080410000  -0.9191300000  -0.3753840000   8.2825710000   0.0376090000   0.2100760000   8.6259690000   0.8947620000   0.9178760000   9.0608600000   0.0241460000  -0.0084660000   0.0112540000  -0.0240520000   0.0085090000  -0.0111860000  -0.0019060000   0.0107380000   0.0091810000  -0.0142840000  -0.0373010000  -0.0275940000   0.0160960000   0.0265210000   0.0183440000
   6.3661048109   6.5499486830 3804  9.33E+00   0.6675520000   0.0087530000   2.8296930000   0.2258670000  -1.1441100000   1.8181770000  -0.4445150000   1.7411500000   7.6600680000  -0.4472210000   2.2809670000   8.6710640000  -0.3898510000   2.9476260000   9.5730890000   0.0127050000   0.0329310000   0.0287450000  -0.0126020000  -0.0331100000  -0.0291810000   0.0043900000   0.0470090000   0.0601730000  -0.0032440000   0.0134650000   0.0445590000  -0.0012490000  -0.0602950000  -0.1042950000
