   6.3604721025   6.7926079960  116  3.74E+00  -1.3139590000  -0.4323500000   2.4451380000   0.0161210000   0.0050690000   1.8050790000   0.5768830000   1.2632300000   8.8338040000   0.0464360000   0.2413900000   8.6217880000  -0.6094740000  -0.7548450000   8.5259930000  -0.0271750000  -0.0089080000   0.0131090000   0.0272580000   0.0089970000  -0.0130360000  -0.0110390000  -0.0042690000   0.0072300000   0.0372540000   0.0304160000  -0.0136680000  -0.0262990000  -0.0262360000   0.0063650000
   6.3637636810   6.7910795214  122  3.41E+00  -0.9726250000  -0.5609850000   3.0669240000  -0.4507890000  -0.5762000000   1.6955540000   1.5417950000   1.1711160000   7.9481740000   0.8557420000   1.3967910000   8.8394170000   0.1284270000   1.3810150000   9.7560660000  -0.0021200000   0.0000670000   0.0054100000   0.0019580000  -0.0000720000  -0.0055010000  -0.0423410000  -0.0040770000   0.0553110000   0.0355560000   0.0213490000  -0.0454430000   0.0069470000  -0.0172670000  -0.0097770000
   6.3625869980   6.7917912392  204  4.69E+00  -0.3407690000  -0.8417440000   2.3006740000  -0.0546570000   0.6379630000   1.7985190000   0.3346290000   0.0955780000   9.2807620000   0.1159440000  -0.8679640000   8.6467940000  -0.1272290000  -1.8894370000   8.1021220000  -0.0079260000  -0.0409930000   0.0139240000   0.0079580000   0.0411290000  -0.0138880000  -0.0015900000  -0.0040540000   0.0066130000   0.0054130000   0.0177510000  -0.0089750000  -0.0038560000  -0.0138340000   0.0023260000
   6.3603981768   6.7936892872  770  9.37E+00  -1.3526780000   1.5369070000   4.5729550000  -0.8508730000   1.8509630000   5.7669480000   0.4660360000  -3.4268900000   1.6970300000   1.5594460000  -3.1765760000   1.4492910000   2.6979810000  -2.8417790000   1.1265360000   0.0286140000   0.0178720000   0.0679950000  -0.0285470000  -0.0179020000  -0.0680170000   0.0500210000   0.0148170000  -0.0160350000  -0.1303990000  -0.0418520000   0.0431730000   0.0803110000   0.0270650000  -0.0271160000
   6.3640640655   6.7913260093  874  1.44E+00  -0.1571950000  -0.2655420000   2.8654180000   0.0005820000   0.0060970000   1.5106560000   0.5696230000  -0.2153320000  10.1203230000  -0.0162830000   0.2729170000   9.2050960000  -0.5504030000   0.6844070000   8.2455220000   0.0039220000   0.0066310000  -0.0333830000  -0.0038220000  -0.0067300000   0.0331650000   0.0189290000  -0.0178820000   0.0221610000  -0.0248750000   0.0247140000  -0.0256700000   0.0058460000  -0.0067330000   0.0037260000
   6.3602203385   6.7922579351 1444  4.47E+00  -1.4845520000   0.4676250000   2.8831240000  -0.4309070000   0.2594830000   1.7970270000   1.4934410000  -1.0695590000   8.1739620000   0.8592800000  -0.2302680000   8.7543930000   0.1070870000   0.6047120000   9.0988990000  -0.0192340000   0.0038120000   0.0198350000   0.0191840000  -0.0037430000  -0.0198590000   0.0137800000  -0.0280590000  -0.0326270000  -0.0063910000   0.0282280000   0.0465920000  -0.0073400000  -0.0002390000  -0.0139420000
   6.3611965539   6.7922165805 1635  1.75E+00  -0.4322480000  -0.2155200000   2.8653640000   0.0080440000   0.0061660000   1.5132110000  -0.5176860000  -0.3018760000  10.1173700000  -0.0132560000   0.2938690000   9.1922740000   0.5146940000   0.7517240000   8.2453470000   0.0021450000   0.0010640000  -0.0067920000  -0.0022520000  -0.0011550000   0.0066170000  -0.0242450000  -0.0386350000   0.0463890000   0.0211000000   0.0454140000  -0.0436090000   0.0032520000  -0.0066870000  -0.0026050000
   6.3600214056   6.7900095701 1646  4.41E+00  -0.2322970000  -1.4698590000   3.6351730000  -0.3898830000  -1.4540820000   2.0784860000   0.9099000000   2.7067660000   9.2891470000   0.6443310000   2.9289890000   8.1442230000   0.5682140000   3.1367710000   6.9887150000   0.0038590000  -0.0004430000   0.0382750000  -0.0038990000   0.0002570000  -0.0382720000   0.0203970000  -0.0074540000   0.0357920000  -0.0325660000   0.0073200000  -0.0362990000   0.0122090000   0.0003200000   0.0005030000
   6.3637329734   6.7946425023 1998  8.71E+00  -1.6192920000   0.5585850000   3.0575490000  -1.0142260000  -0.1532370000   1.8975750000   1.3166340000   1.4176740000   8.0835670000   1.7854090000   0.4293230000   8.4323420000   2.5103810000  -0.3221750000   8.9179120000  -0.0059450000   0.0069290000   0.0114210000   0.0059780000  -0.0071180000  -0.0114000000   0.0520400000  -0.0461410000   0.0355470000  -0.0328580000  -0.0138840000  -0.0204560000  -0.0192150000   0.0602150000  -0.0151130000
   6.3612396166   6.7901594136 2004  7.55E+00   0.4629530000  -0.0422350000   2.5983580000  -0.2465170000  -1.1647230000   1.9212850000  -0.4748140000   2.7649340000   9.1272840000   0.4579960000   2.4683130000   8.4432270000   1.3329960000   1.8893550000   7.7765400000   0.0071020000   0.0113550000   0.0067660000  -0.0072890000  -0.0113880000  -0.0069700000  -0.0340990000  -0.0054500000   0.0241110000  -0.0313010000   0.0655950000   0.0257800000   0.0655870000  -0.0601110000  -0.0496870000
   6.3620548672   6.7916846727 2062  1.00E+01   1.6781200000  -0.2582210000   3.0569000000   0.8762960000   0.4505370000   1.9148050000  -2.4767970000  -1.3192030000   8.3663360000  -1.5674490000  -0.6156250000   8.5171460000  -0.8286890000   0.2352040000   8.4854700000   0.0197210000  -0.0174930000   0.0281270000  -0.0197410000   0.0174000000  -0.0281490000   0.0212510000   0.0390020000  -0.0077390000   0.0706480000   0.0387930000   0.0174810000  -0.0918800000  -0.0777020000  -0.0097200000
   6.3613481047   6.7938689551 2144  5.84E-01  -1.0687620000  -1.0843290000   3.6160570000  -1.2189870000  -0.9998450000   2.1388630000   3.3673440000   2.1059520000   8.3366140000   2.2538250000   2.0874590000   8.0168440000   1.0959690000   2.0764590000   7.7365400000   0.0014290000  -0.0008540000   0.0136430000  -0.0013510000   0.0007020000  -0.0138450000  -0.0285570000   0.0003300000  -0.0043920000   0.0537890000  -0.0013710000   0.0061080000  -0.0253100000   0.0011930000  -0.0015150000
   6.3635769064   6.7924904073 2163  9.60E+00  -0.6041110000  -0.9902450000   3.0553200000  -0.0020940000  -0.5913920000   1.6227770000  -0.6934940000   1.2288720000   9.9395090000  -0.0167120000   1.3921430000   8.9268020000   0.7545620000   1.4296690000   8.0633290000  -0.0178820000  -0.0118200000   0.0424210000   0.0177500000   0.0117750000  -0.0424760000  -0.0397150000  -0.0184320000   0.0779060000   0.0553760000   0.0266350000  -0.1126050000  -0.0155290000  -0.0081570000   0.0347540000
   6.3630111479   6.7916049378 2552  4.50E+00  -0.0673480000  -1.1287830000   2.5340360000  -0.0013600000   0.0170650000   1.7789940000   0.4866040000   1.2996680000   8.4305140000  -0.0538420000   0.2709680000   8.7411630000  -0.4351480000  -0.8295190000   8.9643360000   0.0021470000   0.0376370000  -0.0247660000  -0.0022040000  -0.0376790000   0.0247990000   0.0301450000   0.0347530000  -0.0156080000  -0.0329600000  -0.0108210000   0.0158160000   0.0028720000  -0.0238900000  -0.0002420000
   6.3622534744   6.7907108962 2684  2.99E+00   0.1193230000   1.3549970000   2.4374310000  -0.0002480000  -0.0128870000   1.8091770000  -0.5383640000  -0.7991240000   8.5327190000  -0.0596220000   0.2591940000   8.7020510000   0.5768440000   1.2712150000   8.7468390000   0.0017350000   0.0200460000   0.0092470000  -0.0017660000  -0.0200400000  -0.0092120000   0.0112190000  -0.0004090000  -0.0062120000  -0.0394100000  -0.0254850000   0.0115410000   0.0282220000   0.0258890000  -0.0053640000
   6.3642433079   6.7931049490 2692  1.95E+00  -0.9678720000  -0.1484830000   2.7122740000   0.0126820000  -0.0001580000   1.6052750000  -0.4879990000   1.0659720000   9.6998650000  -0.0690170000   0.2340680000   9.0010980000   0.5374540000  -0.5438650000   8.3562210000  -0.0089520000  -0.0012950000   0.0100520000   0.0088220000   0.0014210000  -0.0101370000   0.0202730000  -0.0111080000  -0.0080530000  -0.0325020000   0.0065730000   0.0019740000   0.0123590000   0.0044090000   0.0061630000
   6.3648917809   6.7935049647 2871  1.87E+00   0.2364860000  -1.1145940000   2.5521820000  -0.0042800000   0.0119830000   1.7320630000  -0.1685430000   1.3626230000   8.3879250000   0.0181360000   0.2406010000   8.7672940000   0.1614010000  -0.8451910000   9.2205560000  -0.0034520000   0.0161530000  -0.0117230000   0.0034740000  -0.0162520000   0.0117970000  -0.0090280000   0.0406720000  -0.0068450000   0.0089620000  -0.0224800000  -0.0072230000   0.0000440000  -0.0180930000   0.0139950000
   6.3643790122   6.7926485941 2895  5.52E+00   1.2805630000  -1.8416780000   4.5846810000   1.0660500000  -1.7067920000   3.1142950000  -1.2436190000   3.2662480000   7.2117860000  -1.9286670000   3.4097560000   6.2059780000  -2.7133320000   3.5018990000   5.2882050000   0.0022280000  -0.0013830000   0.0154360000  -0.0022690000   0.0014680000  -0.0154400000   0.0402360000  -0.0113790000   0.0731300000   0.0075020000   0.0082050000  -0.0294710000  -0.0476980000   0.0030880000  -0.0436540000
   6.3600957089   6.7940276016 3496  3.31E+00   0.2774460000   1.0144560000   2.6570500000  -0.0083040000  -0.0127830000   1.6658980000   1.0364760000   0.6375500000   9.4017190000  -0.0172010000   0.2098850000   8.9591660000  -0.9995700000  -0.1075050000   8.3865550000   0.0001620000   0.0004860000   0.0004750000  -0.0000750000  -0.0004700000  -0.0005110000   0.0677260000   0.0322610000   0.0199210000  -0.0620960000  -0.0355400000  -0.0080280000  -0.0057170000   0.0032640000  -0.0118570000
   6.3633265602   6.7904479936 3592  1.39E+01  -0.3601090000  -0.9441660000   2.3408950000  -1.5457170000  -1.5488890000   3.1734490000   1.9710350000   2.9092170000   6.8974160000   2.7668750000   3.1117250000   6.1176190000   3.6942600000   3.2375100000   5.5148470000   0.0300490000   0.0153780000  -0.0210610000  -0.0299470000  -0.0152820000   0.0210110000   0.0909000000   0.0144380000  -0.0603870000   0.0273880000   0.0091130000  -0.0405190000  -0.1183900000  -0.0236470000   0.1009560000
   6.3620436593   6.7935247688 3794  5.64E+00  -0.2882030000   0.8815560000   2.7923180000   0.0076120000   0.2750710000   1.6060300000   0.0612810000  -1.1813820000   8.2413780000   0.0676870000  -0.2748880000   9.0382430000  -0.1319570000   0.6461030000   9.7780080000   0.0111450000  -0.0227780000  -0.0446630000  -0.0111280000   0.0229400000   0.0445690000  -0.0123100000  -0.0381160000  -0.0356530000   0.0316100000   0.0037210000   0.0115370000  -0.0193170000   0.0342330000   0.0242100000
   6.3648934679   6.7914286292 3808  2.76E+00  -0.9740010000  -0.8158400000   2.5748590000   0.0089700000   0.0118470000   1.7323440000   1.0881010000   0.5858170000   9.1646870000   0.0145300000   0.2275730000   8.7753400000  -1.0824430000  -0.0767480000   8.4349160000  -0.0195370000  -0.0164880000   0.0167820000   0.0196610000   0.0165110000  -0.0167770000   0.0355410000   0.0156440000   0.0172600000  -0.0118860000  -0.0128330000  -0.0149290000  -0.0237800000  -0.0028350000  -0.0023360000
   6.3626916744   6.7928684396 3863  2.94E+00   0.3433990000   1.2027840000   2.4997100000  -0.0047690000  -0.0139700000   1.7488960000   1.0119940000  -0.3418770000   8.4572290000  -0.0128240000   0.2335200000   8.7780440000  -1.0001850000   0.8482400000   9.0624170000   0.0017540000   0.0062570000   0.0038840000  -0.0018550000  -0.0062130000  -0.0038660000   0.0624900000  -0.0317590000  -0.0193980000  -0.0272710000   0.0063790000   0.0097740000  -0.0351190000   0.0253380000   0.0096060000
