   6.3686772134   6.5708169963  655  3.40E+00  -0.5189340000   0.1394090000   2.8129770000  -0.4284310000  -0.9526040000   1.7371860000   1.1775660000   2.4167630000   9.7958810000   0.7270270000   2.0379830000   8.7630230000   0.4490410000   1.4897570000   7.7737870000  -0.0018150000   0.0215100000   0.0210340000   0.0017590000  -0.0215960000  -0.0214210000   0.0204650000  -0.0037020000   0.0236460000  -0.0386370000   0.0018420000  -0.0507800000   0.0182290000   0.0019460000   0.0275210000
   6.3694011480   6.5709487987  788  4.19E+00  -0.2344150000  -1.6718790000   3.3091810000  -0.2164560000  -1.0053510000   1.9837310000   0.3290590000   3.3029850000   8.3611580000   0.4809980000   2.1186470000   8.3776490000   0.4056590000   0.9205290000   8.2352370000  -0.0001610000  -0.0055880000   0.0109970000   0.0001620000   0.0056350000  -0.0112310000  -0.0179980000   0.0345990000  -0.0093800000   0.0345960000   0.0166980000   0.0235910000  -0.0165990000  -0.0513440000  -0.0139770000
   6.3665059130   6.5722810657 1010  6.96E+00  -1.0336090000  -0.0151890000   2.0933460000   0.3268230000   0.1277600000   1.9485030000   0.2858240000   0.7820220000   8.4880090000  -0.4943630000  -0.0562070000   8.4368410000  -1.4818250000  -0.6892570000   8.3164920000   0.0435190000   0.0045710000  -0.0046140000  -0.0434530000  -0.0046000000   0.0046750000  -0.0607920000  -0.0340860000  -0.0066380000   0.0718090000   0.0165830000   0.0095660000  -0.0110830000   0.0175330000  -0.0029880000
   6.3673542925   6.5700829870 1293  7.44E+00  -0.7985900000  -0.5339320000   3.0268860000  -0.4638150000  -0.8046140000   1.7421600000   1.4535350000   2.2556150000   9.5914650000   0.9294640000   1.6410080000   8.7563420000   0.2154340000   1.2522380000   7.9448990000   0.0144830000  -0.0117540000  -0.0557000000  -0.0144170000   0.0116410000   0.0553620000  -0.0293010000  -0.0005300000  -0.0218010000   0.0008460000  -0.0401140000  -0.0297580000   0.0283890000   0.0407560000   0.0518980000
   6.3678528831   6.5708677131 1293  7.30E+00  -0.7976570000  -0.5374350000   3.0287440000  -0.4641360000  -0.8049980000   1.7413800000   1.4522580000   2.2556370000   9.5952010000   0.9281130000   1.6422850000   8.7576260000   0.2192710000   1.2533990000   7.9439810000   0.0141260000  -0.0113760000  -0.0546450000  -0.0140610000   0.0112640000   0.0543090000  -0.0278580000   0.0006320000  -0.0201730000  -0.0027520000  -0.0423150000  -0.0339090000   0.0305450000   0.0417950000   0.0544170000
   6.3674621984   6.5715846225 1293  7.09E+00  -0.7970030000  -0.5407150000   3.0316780000  -0.4644530000  -0.8053850000   1.7405860000   1.4510150000   2.2556580000   9.5989620000   0.9267660000   1.6436310000   8.7589660000   0.2230700000   1.2545080000   7.9429950000   0.0135670000  -0.0108420000  -0.0527930000  -0.0135040000   0.0107300000   0.0524600000  -0.0264410000   0.0017350000  -0.0185940000  -0.0060670000  -0.0443160000  -0.0377480000   0.0324450000   0.0426920000   0.0566750000
   6.3662223116   6.5722301714 1293  6.80E+00  -0.7966150000  -0.5437800000   3.0356520000  -0.4647680000  -0.8057750000   1.7397790000   1.4498050000   2.2556780000   9.6027460000   0.9254280000   1.6450510000   8.7603680000   0.2268290000   1.2555630000   7.9419390000   0.0128250000  -0.0101690000  -0.0502020000  -0.0127630000   0.0100580000   0.0498720000  -0.0250600000   0.0027690000  -0.0170820000  -0.0090680000  -0.0460910000  -0.0412250000   0.0340660000   0.0434340000   0.0586380000
   6.3695257924   6.5723694745 1550  3.02E+00   0.8582380000  -0.2223730000   2.7681900000  -0.0080420000   0.0025890000   1.5664640000   0.4068940000   0.7501160000   8.0829870000  -0.0451580000   0.2404780000   9.0563140000  -0.3869000000  -0.2418870000  10.1219560000   0.0103880000  -0.0027660000   0.0143370000  -0.0104680000   0.0026280000  -0.0145840000   0.0154960000   0.0121040000  -0.0125310000  -0.0006450000   0.0162280000  -0.0588820000  -0.0147710000  -0.0281950000   0.0716600000
   6.3664246172   6.5731413682 1627  2.03E+00   0.9841320000   0.3034070000   2.6396180000  -0.0115420000  -0.0047270000   1.6657490000  -0.5708270000   0.9667390000   9.6101860000   0.0266400000   0.2475610000   8.9333810000   0.5464680000  -0.4604180000   8.1992900000  -0.0095660000  -0.0028980000  -0.0093930000   0.0094860000   0.0030330000   0.0092100000   0.0170320000  -0.0266930000  -0.0294680000   0.0208900000  -0.0177930000  -0.0132720000  -0.0378410000   0.0443510000   0.0429240000
   6.3692015861   6.5718663388 1927  4.61E+00  -0.1188640000   0.2728140000   1.8979260000   0.0050290000  -1.0656380000   2.1804230000   0.2011000000   3.2442460000   7.6287310000  -0.0129050000   2.1767640000   7.9749710000  -0.2090380000   1.1142070000   8.3765410000   0.0040930000  -0.0441490000   0.0093860000  -0.0040860000   0.0442380000  -0.0093170000  -0.0121510000  -0.0664540000   0.0272520000   0.0019780000   0.0175860000  -0.0149710000   0.0101660000   0.0487790000  -0.0123500000
   6.3683783773   6.5703477203 2148  7.76E+00  -0.9607060000  -1.0805290000   2.7862600000  -0.9117370000   0.2846560000   1.8850670000   1.8796190000   0.6743980000   9.1785370000   1.6767240000  -0.2473100000   8.5226310000   1.4756320000  -1.1546340000   7.8347210000  -0.0016490000  -0.0445230000   0.0293400000   0.0015670000   0.0446960000  -0.0294860000  -0.0088650000  -0.0411230000  -0.0316510000   0.0002660000   0.0050100000   0.0057150000   0.0086810000   0.0359400000   0.0260820000
   6.3669294020   6.5725352989 2232  3.82E+00   1.1100000000   0.5796510000   2.8877150000   0.1019380000   0.8631900000   1.7133090000  -0.1320850000  -0.9007530000   9.9136770000  -0.1701490000  -1.3218280000   8.8276970000  -0.3192210000  -1.7667800000   7.7219780000   0.0260530000  -0.0072150000   0.0302450000  -0.0259620000   0.0074730000  -0.0304470000  -0.0074780000  -0.0060050000  -0.0119590000   0.0196260000   0.0227890000   0.0482660000  -0.0122390000  -0.0170420000  -0.0361040000
   6.3691574036   6.5700460571 2460  8.56E+00   1.1702300000  -0.2208880000   3.1590690000   0.6174970000  -0.5964130000   1.6679350000  -1.2065800000   1.0634160000   7.7575340000  -1.0906620000   1.2700300000   8.9237630000  -1.1323240000   1.6634010000  10.0155150000   0.0180670000   0.0121360000   0.0482600000  -0.0178180000  -0.0122620000  -0.0486020000  -0.0128850000   0.0102790000  -0.0189410000   0.0224370000  -0.0142650000   0.0476590000  -0.0098000000   0.0041120000  -0.0283760000
   6.3650664210   6.5700393232 2582  6.95E+00  -1.4806480000  -0.9031520000   3.8112860000  -2.0314300000  -0.0088570000   2.5628640000   3.3067960000   0.8046370000   6.3054550000   3.7550340000   0.2713940000   7.2350480000   4.1130500000  -0.2195630000   8.2247250000   0.0177230000  -0.0289250000   0.0403020000  -0.0179440000   0.0287720000  -0.0403530000   0.0078990000  -0.0117140000   0.0315460000   0.0063050000  -0.0023230000  -0.0136850000  -0.0139820000   0.0141900000  -0.0178100000
   6.3661878832   6.5705914958 2686  7.27E+00   1.3489330000  -0.5351440000   2.3080860000  -0.1124990000  -0.0805140000   1.8954410000  -0.0075060000   1.5719670000   8.6158240000   0.0853810000   0.4016550000   8.4768940000   0.4202720000  -0.7499930000   8.4100880000   0.0399250000  -0.0123900000   0.0112900000  -0.0399940000   0.0124880000  -0.0112280000   0.0140620000   0.0136530000   0.0070620000  -0.0401750000   0.0233390000  -0.0110170000   0.0261830000  -0.0370890000   0.0038940000
   6.3698154147   6.5747105081 2686  7.32E+00   1.3480910000  -0.5395520000   2.3082420000  -0.1125710000  -0.0806180000   1.8937520000  -0.0069800000   1.5717440000   8.6192540000   0.0848130000   0.4017600000   8.4801630000   0.4205890000  -0.7490500000   8.4126290000   0.0400910000  -0.0125670000   0.0113930000  -0.0401610000   0.0126640000  -0.0113320000   0.0143020000   0.0128590000   0.0069410000  -0.0403480000   0.0231780000  -0.0109000000   0.0261160000  -0.0361340000   0.0038980000
   6.3678279773   6.5705238044 2745  1.09E+01  -0.3006220000   0.5129090000   2.3586150000  -0.0635150000  -0.6346540000   1.7921290000   0.6129020000   0.8067680000   9.5963350000   0.1010700000   1.3669040000   8.6561200000  -0.3526240000   1.9920780000   7.8078150000   0.0188790000  -0.0913230000  -0.0450810000  -0.0188200000   0.0911800000   0.0450460000   0.0266460000  -0.0205470000   0.0487220000  -0.0529630000   0.0468690000  -0.0984270000   0.0262580000  -0.0261780000   0.0497400000
   6.3672654931   6.5729054515 2811  5.39E+00  -0.3009620000   1.1832760000   2.3612490000   0.0065410000  -0.0134400000   1.8175460000  -0.7127170000  -0.6272840000   8.3220790000  -0.0621960000   0.2769910000   8.6591620000   0.7457060000   1.0995930000   8.9526790000   0.0141920000  -0.0551830000  -0.0250350000  -0.0141670000   0.0552600000   0.0250680000   0.0237800000   0.0131100000   0.0056700000  -0.0501210000  -0.0239270000  -0.0097120000   0.0263160000   0.0107400000   0.0040100000
   6.3673228115   6.5732637176 2886  5.00E+00   0.8537390000  -1.1697650000   2.4493280000  -0.0109640000   0.0149340000   1.8696900000  -0.7764480000   1.0997290000   8.3074730000   0.0369070000   0.2885650000   8.5933380000   0.7497090000  -0.6295660000   8.7507270000   0.0227440000  -0.0311300000   0.0152690000  -0.0226940000   0.0311210000  -0.0152520000  -0.0149800000   0.0014160000  -0.0098570000   0.0248020000   0.0013670000   0.0177560000  -0.0098720000  -0.0027730000  -0.0079150000
   6.3691794607   6.5704089150 3275  7.31E+00   0.1931220000  -0.0935030000   2.7955750000  -0.4014970000   0.1170980000   1.5317740000   0.9219940000   0.0258110000  10.2727440000   0.8636470000   0.0410260000   9.1279320000   0.4226710000   0.0521400000   8.0499640000  -0.0089450000   0.0031710000  -0.0192590000   0.0089870000  -0.0031770000   0.0187980000  -0.0330560000   0.0006060000  -0.0639670000   0.0462990000   0.0001120000   0.0178340000  -0.0132860000  -0.0007130000   0.0465940000
   6.3693025093   6.5721335328 3599  3.21E+00   0.5726800000   0.7355290000   2.3127520000   0.2621650000  -0.6570320000   1.8472380000  -1.3546510000   2.0997100000   8.9527830000  -0.5339010000   1.3815640000   8.5518330000   0.4100560000   0.7858660000   8.2573170000   0.0038570000   0.0175800000   0.0058740000  -0.0040160000  -0.0175270000  -0.0059420000   0.0301160000  -0.0094900000  -0.0017960000   0.0022290000  -0.0257400000  -0.0205740000  -0.0321850000   0.0351770000   0.0224380000
   6.3663632639   6.5742896983 3606  7.92E+00  -1.8937220000   0.0059470000   3.0602110000  -1.0715560000  -1.0948980000   2.4466880000   1.2994630000   1.4813970000   8.0110620000   2.1075740000   2.1551690000   7.5212710000   2.5893070000   3.0562150000   6.9317790000  -0.0110720000   0.0148520000   0.0082570000   0.0111580000  -0.0148640000  -0.0083230000   0.0075380000   0.0425880000  -0.0244720000   0.0184140000  -0.0541590000   0.0274100000  -0.0260380000   0.0115830000  -0.0028730000
   6.3675518060   6.5737850459 3641  3.25E+00   0.0696210000   1.7051080000   4.0181210000   1.2979670000   2.4097520000   4.1218710000  -2.0298850000  -3.2440730000   3.7043620000  -2.4023110000  -4.1478340000   4.4404220000  -2.6534580000  -5.0968040000   5.1246410000   0.0149280000   0.0086540000   0.0013180000  -0.0147660000  -0.0083570000  -0.0011660000   0.0291230000   0.0522020000  -0.0488880000  -0.0260800000  -0.0126870000   0.0249840000  -0.0032050000  -0.0398110000   0.0237520000
