   6.3638511561   6.0382888594    8  1.40E+00   1.6623330000  -1.0270430000   3.1845310000   0.5805690000  -1.2384250000   2.3381610000  -0.6385070000   1.4323380000   7.6146950000  -1.1306290000   2.5090420000   7.6783120000  -1.5169670000   3.6215100000   7.7444350000  -0.0270720000  -0.0052950000  -0.0212830000   0.0270830000   0.0052950000   0.0209120000   0.0125580000  -0.0106990000   0.0011760000  -0.0149410000  -0.0039400000  -0.0021890000   0.0023720000   0.0146390000   0.0013830000
   6.3626125315   6.0394627382   72  5.32E+00   0.7394800000  -1.1642720000   2.5225130000  -0.0103650000   0.0204760000   1.7963980000   0.3533400000   0.9216670000   7.7571600000   0.0601520000   0.2220600000   8.6949870000  -0.3933240000  -0.4296030000   9.5861640000   0.0199130000  -0.0315560000   0.0192600000  -0.0199710000   0.0313270000  -0.0195800000   0.0027110000   0.0321660000  -0.0394600000   0.0214860000  -0.0137160000   0.0131110000  -0.0241400000  -0.0182210000   0.0266680000
   6.3608325409   6.0357129195  128  5.06E+00   1.3420910000  -0.0779790000   2.7608620000   0.1689400000  -0.3310900000   1.7184220000  -0.3143030000   0.7934550000   7.6287270000  -0.4019760000   0.8239370000   8.8110660000  -0.3122140000   0.9341500000  10.0018720000   0.0327870000   0.0070180000   0.0289190000  -0.0326930000  -0.0071520000  -0.0294250000   0.0117080000   0.0048340000  -0.0137520000  -0.0260480000  -0.0138780000  -0.0325330000   0.0142460000   0.0091780000   0.0467910000
   6.3632407604   6.0372681487  128  5.28E+00   1.3399740000  -0.0727520000   2.7592020000   0.1691910000  -0.3314150000   1.7171400000  -0.3168730000   0.7939180000   7.6286520000  -0.4030460000   0.8238420000   8.8130300000  -0.3099650000   0.9350520000  10.0069770000   0.0325630000   0.0071380000   0.0287690000  -0.0324690000  -0.0072710000  -0.0292710000   0.0119290000   0.0047770000  -0.0174160000  -0.0267940000  -0.0144000000  -0.0345140000   0.0147710000   0.0097560000   0.0524320000
   6.3649829426   6.0350172513  163  4.38E+00   0.7514030000  -1.3133500000   2.2215520000  -0.0111450000   0.0175600000   1.9954120000   0.2050450000   1.3761070000   8.6576630000   0.0506910000   0.2184830000   8.3595890000  -0.2347820000  -0.8574000000   7.9624770000   0.0170470000  -0.0296800000   0.0050220000  -0.0169790000   0.0298130000  -0.0051130000  -0.0013310000   0.0550560000   0.0078630000   0.0121870000  -0.0494000000   0.0003280000  -0.0109240000  -0.0057890000  -0.0081000000
   6.3643850929   6.0397133382  296  2.08E+00  -1.1459890000  -0.4134360000   2.6376330000   0.0166110000   0.0010650000   1.6911780000   0.0898270000   0.0435650000   7.7302980000   0.0083910000   0.2436620000   8.8618620000  -0.1068840000   0.4819200000  10.0059960000  -0.0269320000  -0.0095870000   0.0217310000   0.0268570000   0.0096000000  -0.0222340000  -0.0057950000   0.0116580000   0.0536100000   0.0082750000  -0.0145070000  -0.0551930000  -0.0024050000   0.0028360000   0.0020860000
   6.3635519069   6.0351068478  530  7.27E+00  -0.9606350000   0.2940690000   2.6036480000   0.1044200000   0.4928020000   1.7365300000  -0.1487320000  -0.8713060000   7.6099990000  -0.2092340000  -0.7641400000   8.8334460000  -0.1551690000  -0.3470780000   9.9232630000   0.0276440000   0.0052300000  -0.0227090000  -0.0276740000  -0.0050250000   0.0221070000   0.0106530000   0.0122220000  -0.0784670000  -0.0172300000  -0.0280990000   0.0957480000   0.0066070000   0.0156720000  -0.0166780000
   6.3604529370   6.0388061643  619  9.35E+00   2.4259940000   0.0143330000   4.6157090000   2.1025680000   0.1718990000   3.3201950000  -3.5559840000   0.9511320000   5.2799820000  -3.8167940000  -0.1132360000   5.8267770000  -4.2323450000  -1.0378600000   6.4744060000  -0.0160010000   0.0077250000  -0.0639610000   0.0161040000  -0.0079540000   0.0639990000   0.0057110000   0.0742070000  -0.0278560000   0.0216690000  -0.0413710000  -0.0063030000  -0.0274830000  -0.0326070000   0.0341210000
   6.3609816967   6.0371839493  729  5.84E+00  -1.2374430000   0.7671210000   2.6660130000  -0.2438860000   0.4426260000   1.8088180000   1.1154020000  -0.9987380000   9.5025950000   0.4859190000  -0.6395460000   8.6253250000  -0.1841940000  -0.0923940000   7.8219520000   0.0448140000  -0.0146270000  -0.0388120000  -0.0447040000   0.0145720000   0.0382810000  -0.0452530000   0.0376740000  -0.0532680000   0.0462840000  -0.0495580000   0.0440520000  -0.0011410000   0.0119380000   0.0097470000
   6.3634557624   6.0393208391 1042  4.69E+00   0.0336620000   0.9095650000   1.7430640000  -0.8298060000  -0.0808480000   2.2339990000   2.4198710000  -0.1177670000   7.3243460000   1.4987720000   0.3128380000   7.9067430000   0.5971380000   0.9170660000   8.4743300000  -0.0165640000  -0.0189900000   0.0094270000   0.0165210000   0.0189770000  -0.0093580000  -0.0008060000   0.0115600000   0.0023140000   0.0566170000  -0.0603670000  -0.0388890000  -0.0557680000   0.0488190000   0.0365060000
   6.3620983846   6.0395989461 1127  2.73E+00   0.4246570000   1.6096600000   2.3181370000   0.7743010000   0.2953220000   2.1151640000  -2.0929440000  -1.2706210000   8.2559560000  -1.4466630000  -0.2945620000   8.0929440000  -0.7148510000   0.6030950000   7.9602010000   0.0112370000  -0.0423470000  -0.0065680000  -0.0113290000   0.0422210000   0.0064390000  -0.0015470000  -0.0157680000   0.0046860000   0.0096380000   0.0373120000  -0.0109210000  -0.0080000000  -0.0214180000   0.0063640000
   6.3609314420   6.0382385614 1398  9.38E+00   0.4488300000  -0.8975450000   2.0671530000  -1.0112830000  -0.2163310000   2.1781370000   2.9793780000   0.3493620000   8.0766920000   1.8405820000   0.6970850000   8.0656220000   0.6612170000   0.9519670000   7.8612830000   0.0449200000  -0.0209480000  -0.0034190000  -0.0448300000   0.0208610000   0.0031810000   0.0298600000  -0.0149070000  -0.0100100000   0.0440200000   0.0043060000   0.0319920000  -0.0739700000   0.0106870000  -0.0217440000
   6.3627172745   6.0359944561 1570  5.20E+00  -0.5424480000   0.0264070000   2.2888500000  -0.5210420000  -1.3381250000   2.2375240000   1.2027640000   2.8889820000   9.0303360000   0.8969320000   2.6297080000   7.9133660000   0.7603020000   2.5058370000   6.7113750000   0.0007550000  -0.0508950000  -0.0020320000  -0.0009010000   0.0504710000   0.0016970000   0.0172390000   0.0142710000   0.0215850000  -0.0206360000  -0.0168800000   0.0427780000   0.0035430000   0.0030330000  -0.0640280000
   6.3621876091   6.0381498963 1730  3.46E+00   0.7214070000  -1.5197880000   2.3018910000  -0.5769790000  -0.7469950000   2.3021900000   0.0826210000   2.2533980000   7.5004420000   1.0480090000   1.7021780000   7.7781760000   1.9667660000   0.9828790000   8.0189800000   0.0192980000  -0.0114580000   0.0000140000  -0.0192690000   0.0114700000  -0.0000260000   0.0490670000  -0.0404960000   0.0138700000  -0.0639790000   0.0653430000  -0.0172840000   0.0148830000  -0.0248590000   0.0034250000
   6.3615233424   6.0381058100 1981  4.69E+00  -0.9047450000  -0.8378370000   2.3692820000   0.0084100000   0.0146660000   1.8592210000   0.3298450000  -0.5755300000   9.3327090000  -0.0068840000   0.2594490000   8.5707970000  -0.3096760000   1.0479760000   7.7997440000   0.0424340000   0.0395540000  -0.0236990000  -0.0423770000  -0.0397440000   0.0235190000   0.0043710000  -0.0080230000   0.0046130000  -0.0250050000   0.0584420000  -0.0522090000   0.0205760000  -0.0502290000   0.0477760000
   6.3615778516   6.0372929292 1987  8.13E+00  -1.3287880000  -1.3211350000   3.2380520000  -0.3286570000  -0.9833480000   2.0199650000   1.0788890000   2.8854450000   8.9013070000   0.6061100000   2.0762990000   8.2563470000   0.1912180000   1.2378730000   7.6096710000  -0.0304060000  -0.0103180000   0.0368200000   0.0303800000   0.0102080000  -0.0373190000  -0.0290510000  -0.0598040000  -0.0456720000  -0.0094470000  -0.0066100000  -0.0082250000   0.0385240000   0.0665240000   0.0543970000
   6.3649747740   6.0371599476 2790  5.88E+00  -1.5320750000  -1.8963220000   3.6410790000  -0.4441670000  -1.3555500000   2.5760100000   1.4081980000   3.0599510000   6.2528830000   0.8437040000   2.7750840000   7.2530790000   0.2732390000   2.4338980000   8.2088270000  -0.0334830000  -0.0166360000   0.0328410000   0.0333840000   0.0165330000  -0.0327820000   0.0056970000   0.0004130000  -0.0113780000  -0.0147240000  -0.0028370000   0.0289360000   0.0091260000   0.0025270000  -0.0176170000
   6.3607634108   6.0376216292 2790  7.17E+00  -1.5387630000  -1.9021740000   3.6626300000  -0.4440650000  -1.3555320000   2.5760030000   1.4088950000   3.0617930000   6.2511430000   0.8446670000   2.7757380000   7.2536900000   0.2717300000   2.4318440000   8.2087870000  -0.0357760000  -0.0178580000   0.0355710000   0.0356770000   0.0177530000  -0.0355130000   0.0074140000   0.0013170000  -0.0149450000  -0.0147090000  -0.0027580000   0.0300080000   0.0073940000   0.0015450000  -0.0151220000
   6.3645972460   6.0390714065 2813  1.60E-01   0.2112290000   1.3343930000   2.6442450000   0.4502070000   0.1987640000   1.7591160000  -1.0640710000  -0.3024170000   7.5837330000  -0.8031420000  -0.1644490000   8.7460990000  -0.5947660000   0.0367980000   9.8997460000  -0.0003220000   0.0018940000   0.0013300000   0.0005460000  -0.0017720000  -0.0017660000  -0.0123320000  -0.0011200000  -0.0370540000   0.0094190000  -0.0084400000   0.0049190000   0.0026900000   0.0094390000   0.0325710000
   6.3644738481   6.0388480951 3315  5.61E+00   0.1095950000  -0.2963040000   2.2193680000   0.1707650000  -1.6572910000   2.4552880000   0.0881000000   3.8980750000   8.4024590000  -0.2477020000   3.1935850000   7.5296920000  -0.7618990000   2.6877700000   6.5440860000   0.0018040000  -0.0387990000   0.0066020000  -0.0015710000   0.0383890000  -0.0069260000  -0.0116840000   0.0108130000  -0.0085960000   0.0498810000   0.0026280000   0.0662780000  -0.0384300000  -0.0130300000  -0.0573570000
   6.3634688033   6.0395061570 3326  5.98E+00   1.5256050000  -0.1620680000   2.2019420000  -0.0252030000   0.0057250000   1.9813460000   0.9932660000  -0.2974510000   8.7925620000  -0.0165940000   0.2143130000   8.3642220000  -0.9510580000   0.8058600000   7.8955840000   0.0404300000  -0.0043950000   0.0057940000  -0.0403310000   0.0043050000  -0.0058300000   0.0568590000  -0.0221140000   0.0210920000  -0.0247340000  -0.0054230000  -0.0023710000  -0.0322240000   0.0276270000  -0.0186840000
   6.3613968788   6.0365331561 3359  1.55E+00   0.0838590000   1.4186080000   2.1393190000   0.0025620000  -0.0217070000   1.9911950000   0.6050800000  -0.6781800000   7.9616010000  -0.0151030000   0.2219280000   8.3863610000  -0.6118230000   1.2182900000   8.6646840000  -0.0001220000  -0.0018690000  -0.0001710000   0.0000450000   0.0019530000   0.0001020000  -0.0015540000   0.0105090000  -0.0053910000   0.0166090000  -0.0441880000   0.0060060000  -0.0149770000   0.0335960000  -0.0005470000
   6.3627087619   6.0361354170 3628  1.81E+00  -0.5631890000  -1.2933550000   1.9567450000   0.0050620000   0.0112690000   2.1210440000  -0.7586970000   1.1338430000   8.0024920000  -0.0021870000   0.2386410000   8.1067310000   0.7705440000  -0.6001090000   8.1967170000   0.0041880000   0.0096070000   0.0012450000  -0.0041480000  -0.0096610000  -0.0011790000   0.0027090000   0.0023360000   0.0010530000   0.0399300000  -0.0540170000   0.0034710000  -0.0426790000   0.0517350000  -0.0045900000
   6.3649599108   6.0368931938 3659  1.68E+01   0.1468570000  -2.3153200000   2.8626150000   0.3620440000  -0.7140670000   2.2886570000   0.0755130000   0.8275640000   8.3423370000  -0.7211480000   1.5790940000   7.8217300000  -1.3515370000   2.3867850000   7.1766460000  -0.0080950000  -0.0600450000   0.0215530000   0.0080800000   0.0600050000  -0.0215450000   0.0509930000  -0.0357360000   0.0216150000  -0.0284360000  -0.0085490000   0.0163480000  -0.0225420000   0.0443240000  -0.0379700000
   6.3602825974   6.0350224056 3680  3.71E+00  -0.9865560000  -0.2964590000   2.5301310000   0.1361810000  -0.5101730000   1.8057420000  -0.6308440000   0.6407110000   7.6801470000  -0.1857930000   1.1837140000   8.6637320000   0.1523490000   1.7249590000   9.6394940000   0.0497380000  -0.0094780000  -0.0322460000  -0.0495860000   0.0094420000   0.0316890000  -0.0254930000  -0.0224790000  -0.0395780000   0.0343940000   0.0264110000   0.0472570000  -0.0090530000  -0.0038960000  -0.0071220000
   6.3607783989   6.0391141334 3680  3.56E+00  -0.9885150000  -0.2900160000   2.5307790000   0.1363370000  -0.5107790000   1.8042560000  -0.6337170000   0.6428470000   7.6819310000  -0.1839350000   1.1844710000   8.6657640000   0.1531730000   1.7248780000   9.6435610000   0.0472140000  -0.0092760000  -0.0306510000  -0.0470620000   0.0092400000   0.0300950000  -0.0267550000  -0.0232840000  -0.0411080000   0.0353660000   0.0262100000   0.0469410000  -0.0087630000  -0.0028900000  -0.0052770000
