   6.3636383705   6.7782695651  122  3.58E+00  -1.0109000000  -0.5928850000   3.0827280000  -0.4497800000  -0.5752320000   1.6966060000   1.5370860000   1.1677170000   7.9383550000   0.8532900000   1.3952730000   8.8331990000   0.1323520000   1.3827290000   9.7643010000  -0.0064340000  -0.0001930000   0.0157460000   0.0062750000   0.0001890000  -0.0158330000  -0.0385590000  -0.0045560000   0.0519340000   0.0404590000   0.0215180000  -0.0541930000  -0.0017420000  -0.0169580000   0.0023450000
   6.3635390089   6.7761046387  564  4.17E+00   1.7778650000   1.1450410000   3.0376760000   1.3620260000  -0.1549980000   2.3106950000  -3.4896010000   0.1296410000   7.1427540000  -2.4890710000   0.4935620000   7.7135140000  -1.5561650000   0.8894750000   8.3363760000   0.0089630000   0.0281520000   0.0157720000  -0.0090440000  -0.0281630000  -0.0156980000  -0.0519420000  -0.0152400000  -0.0228570000   0.0342070000   0.0037250000   0.0035040000   0.0178170000   0.0115270000   0.0192790000
   6.3647105936   6.7787900482  725  1.49E+00   1.0655800000  -0.6470350000   3.1605250000   0.6405280000  -0.7092910000   1.8156470000  -0.8723500000   0.9900220000   9.6154250000  -1.2297750000   1.5844370000   8.6615630000  -1.4705480000   2.0913540000   7.6166590000  -0.0064730000  -0.0009990000  -0.0205630000   0.0065700000   0.0008460000   0.0205030000   0.0103210000  -0.0104500000   0.0029540000  -0.0140590000   0.0086530000   0.0156530000   0.0036410000   0.0019500000  -0.0185470000
   6.3636783459   6.7785066139  774  4.71E+00  -0.1054190000  -0.4694940000   2.5857680000  -0.9741180000  -1.5673320000   2.3952130000   1.0424090000   2.1605820000   7.6852440000   1.8007280000   3.0961340000   7.4999620000   2.4774140000   4.0600520000   7.5605710000  -0.0128630000  -0.0162680000  -0.0028810000   0.0129320000   0.0163030000   0.0026580000  -0.0440110000  -0.0461920000   0.0259140000   0.0419390000   0.0345420000  -0.0414970000   0.0020030000   0.0116150000   0.0158060000
   6.3618148483   6.7767048456 1098  2.25E+00  -1.2166880000  -0.2958250000   2.6035900000   0.0126150000   0.0071060000   1.7144680000   1.0733740000   0.0062540000   9.2632590000   0.0083660000   0.2330410000   8.8238980000  -1.0660010000   0.4896290000   8.3873600000  -0.0266870000  -0.0066140000   0.0193100000   0.0268280000   0.0065670000  -0.0193530000   0.0013980000   0.0015290000   0.0018350000   0.0177620000  -0.0079750000   0.0038760000  -0.0193010000   0.0064930000  -0.0056680000
   6.3623291392   6.7751357636 1364  3.52E+00  -0.0919580000   0.1334060000   2.9846860000  -0.0001030000   0.0011600000   1.4306310000  -0.1163930000   0.5644790000   8.1813060000   0.0021240000   0.2274720000   9.3456240000   0.1211060000  -0.0617630000  10.4711960000  -0.0022010000   0.0031320000   0.0372740000   0.0022290000  -0.0032450000  -0.0377140000  -0.0064180000   0.0212950000  -0.0635170000   0.0066160000  -0.0246810000   0.0684030000  -0.0002260000   0.0034990000  -0.0044460000
   6.3635964773   6.7758271783 1412  8.63E+00  -0.2269800000   0.2361220000   2.5963820000  -0.8564140000  -1.0174270000   1.9334240000   1.9549870000   2.0495500000   7.2814620000   1.5679960000   1.9885910000   8.4446530000   1.1593630000   2.2116990000   9.5607890000   0.0140420000   0.0280880000   0.0148160000  -0.0142460000  -0.0282580000  -0.0149350000   0.0242900000   0.0202400000  -0.0756540000  -0.0021410000  -0.0472910000   0.0208610000  -0.0219440000   0.0272210000   0.0549120000
   6.3627252957   6.7767757845 1616  3.61E+00  -1.0647510000   0.7183840000   2.5875560000   0.0132220000  -0.0140620000   1.7080500000  -0.1268190000  -0.8332940000   8.4336680000   0.0014460000   0.2479760000   8.8426510000   0.1267820000   1.3597840000   9.2359360000  -0.0276360000   0.0188140000   0.0225940000   0.0276530000  -0.0187200000  -0.0225740000   0.0025060000   0.0239030000   0.0089020000  -0.0044800000  -0.0444730000  -0.0154250000   0.0019570000   0.0204760000   0.0065030000
   6.3604861058   6.7751328221 1962  5.57E+00  -0.4120670000   0.2756640000   2.6288730000   0.7134900000  -0.0486090000   1.6354900000  -0.8843590000   0.6376420000   9.9974290000  -1.2708010000   0.4022960000   8.9298510000  -1.6990350000  -0.0265730000   7.9664980000  -0.0221920000   0.0064640000   0.0195660000   0.0223670000  -0.0063650000  -0.0197310000  -0.0158410000  -0.0223930000  -0.0259140000  -0.0142670000   0.0033650000  -0.0596290000   0.0299320000   0.0189290000   0.0857080000
   6.3620467966   6.7772286626 2267  2.55E+00  -0.5287440000  -1.0061350000   2.4678990000   0.2204390000  -0.0165590000   1.7855920000  -1.3196690000   0.8735930000   8.3252040000  -0.3691870000   0.3438380000   8.6830220000   0.5292000000  -0.2979480000   9.0845120000   0.0101110000   0.0133290000  -0.0091450000  -0.0100470000  -0.0133310000   0.0092300000   0.0496590000  -0.0376230000   0.0248230000  -0.0418140000   0.0425450000  -0.0273590000  -0.0079090000  -0.0049190000   0.0024510000
   6.3615903639   6.7785175017 2270  4.46E+00   0.8441220000  -0.0231480000   2.7003820000  -0.0098520000   0.0003320000   1.6441100000   0.7678060000   0.9304910000   9.4965700000  -0.0262380000   0.2257450000   8.9972350000  -0.7520890000  -0.4124800000   8.3692100000  -0.0350990000   0.0009900000  -0.0434490000   0.0351900000  -0.0009200000   0.0433760000   0.0003680000   0.0008240000  -0.0109780000  -0.0366230000  -0.0332940000  -0.0088540000   0.0361640000   0.0324010000   0.0199050000
   6.3606227807   6.7795280203 2309  6.31E+00  -0.0036710000  -0.8151100000   3.3630600000  -0.0901860000  -1.5938250000   1.9729590000   0.0674880000   3.9668300000   9.2147700000   0.2222570000   3.1411550000   8.3384440000   0.2163020000   2.3740950000   7.4614630000   0.0024620000   0.0221360000   0.0395700000  -0.0024740000  -0.0223350000  -0.0398500000  -0.0182930000   0.0485920000   0.0477580000   0.0280550000  -0.0660830000  -0.0637310000  -0.0097490000   0.0176900000   0.0162530000
   6.3604188608   6.7753545988 2403  4.78E+00   0.2576060000   0.7641710000   2.6429600000   0.9801850000  -0.0658720000   1.8388030000  -1.1891240000   0.8899170000   9.4352030000  -1.8061820000   0.2934030000   8.6408000000  -2.3664920000  -0.1416590000   7.7294260000   0.0279670000  -0.0320520000  -0.0310750000  -0.0278170000   0.0320930000   0.0310280000  -0.0040790000   0.0039770000  -0.0176610000  -0.0223680000  -0.0333630000  -0.0129240000   0.0262970000   0.0293450000   0.0306310000
   6.3614713838   6.7770981928 2690  3.13E+00   0.6519180000   0.4487580000   2.3921310000  -0.7551190000   0.3821470000   1.8230560000   0.9091880000   0.3379450000   9.3796030000   1.2950030000  -0.4933220000   8.6505050000   1.8488350000  -1.2167430000   7.8721910000   0.0233010000   0.0011560000   0.0094310000  -0.0234340000  -0.0010390000  -0.0094470000   0.0126800000   0.0029820000  -0.0057190000  -0.0397640000   0.0112590000   0.0297140000   0.0272180000  -0.0143580000  -0.0239780000
   6.3606634737   6.7798728230 2925  4.49E+00   1.0692310000  -0.0673590000   2.7611680000  -0.0124470000   0.0029320000   1.6081190000   0.4360760000   1.0560170000   8.2906720000   0.0179620000   0.2270190000   9.0274440000  -0.4547610000  -0.5491650000   9.7283540000   0.0291870000  -0.0019820000   0.0310670000  -0.0292460000   0.0017960000  -0.0312310000   0.0002670000   0.0119380000  -0.0077100000  -0.0178990000  -0.0506770000   0.0415350000   0.0176910000   0.0389260000  -0.0336610000
   6.3615300580   6.7785583843 2958  5.04E+00  -0.3198280000   1.2892690000   2.5146180000   0.0039580000  -0.0163860000   1.7024460000   0.1249180000  -0.8484850000   8.4286510000  -0.0035970000   0.2748930000   8.7867870000  -0.1218360000   1.3304020000   9.3154750000  -0.0082600000   0.0333560000   0.0208000000   0.0082490000  -0.0332380000  -0.0207220000   0.0025320000  -0.0204380000   0.0073210000  -0.0011120000   0.0060650000  -0.0284330000  -0.0014090000   0.0142560000   0.0210340000
   6.3617997718   6.7751820735 3103  2.57E+00  -0.4315020000  -1.5167120000   3.5855410000   0.1342560000  -1.6172130000   2.2948780000  -0.5827700000   4.3094670000   7.5004080000  -0.2521100000   3.2215440000   7.8269140000   0.1287060000   2.1321160000   7.9380680000   0.0084130000  -0.0014950000  -0.0193140000  -0.0084690000   0.0014960000   0.0191590000   0.0003550000   0.0105270000  -0.0171790000   0.0081100000  -0.0454510000   0.0342160000  -0.0084100000   0.0349230000  -0.0168830000
   6.3631410231   6.7799470900 3232  9.96E+00  -0.1968970000  -0.9766480000   2.8650350000  -0.2442610000  -0.2389880000   1.6224140000   0.6913080000   1.6690230000   9.6127150000   0.3143150000   0.7813200000   8.9591120000   0.3050480000  -0.3127920000   8.3796690000  -0.0001510000   0.0021060000  -0.0035760000   0.0000990000  -0.0019230000   0.0033210000   0.0162260000  -0.0285060000  -0.0065180000  -0.0386110000   0.1111100000   0.0373930000   0.0224380000  -0.0827870000  -0.0306200000
   6.3605449727   6.7767026162 3537  2.23E+00  -1.1383630000  -0.2132370000   2.9429890000  -0.5681960000  -1.0893910000   1.9796610000   0.3908050000   2.0745500000   9.3091470000   1.1010250000   2.2259310000   8.3736550000   1.6920850000   2.3962440000   7.3336480000   0.0064730000  -0.0100530000  -0.0110010000  -0.0066150000   0.0099210000   0.0109720000  -0.0200940000  -0.0013690000   0.0116620000   0.0006900000  -0.0079540000   0.0391530000   0.0195460000   0.0094550000  -0.0507870000
   6.3648621780   6.7767156431 3661  2.77E+00  -1.0480240000  -0.5931250000   2.5092210000   0.0102470000   0.0068860000   1.7988710000   0.6963390000   1.2007050000   8.8065460000   0.0483100000   0.2187200000   8.7261680000  -0.7177520000  -0.6742440000   8.5018520000   0.0175940000   0.0099850000  -0.0118050000  -0.0175170000  -0.0099280000   0.0117870000  -0.0025080000   0.0129850000  -0.0074030000   0.0327710000   0.0081220000   0.0216140000  -0.0303400000  -0.0211640000  -0.0141930000
   6.3609365948   6.7787752729 3853  5.89E+00   0.0857820000   0.3191270000   2.8851380000   0.5122910000   0.2188240000   1.5193680000  -0.7190780000  -0.3127400000  10.2784660000  -0.8893880000  -0.1183230000   9.1556400000  -1.1771760000  -0.0237270000   8.0797540000   0.0029540000  -0.0006700000  -0.0093180000  -0.0027850000   0.0006840000   0.0090660000  -0.0176390000   0.0010080000  -0.0483750000  -0.0090610000   0.0191890000  -0.0937970000   0.0265310000  -0.0202100000   0.1424230000
   6.3620050266   6.7767703697 3922  6.67E+00  -0.4821500000  -1.2475490000   3.6661850000  -0.7406460000  -1.4144450000   2.1190200000   1.2817260000   2.9484960000   6.8938890000   1.3921830000   2.9456490000   8.0683520000   1.4025110000   2.6705670000   9.2365380000   0.0067790000   0.0043130000   0.0407440000  -0.0068610000  -0.0045230000  -0.0408240000  -0.0061140000  -0.0161090000  -0.0022260000   0.0120100000   0.0426270000  -0.0378080000  -0.0058150000  -0.0263090000   0.0401140000
