   6.3843229054   6.8319464032  317  5.19E+00   0.0381210000  -0.3229940000   2.8760490000   0.4886910000  -0.0674780000   1.5729960000  -1.0169510000   1.1096370000   8.1321830000  -0.9322450000   0.4136400000   9.1430530000  -0.7262560000  -0.3751300000   9.9682260000   0.0087710000   0.0048730000  -0.0253480000  -0.0086740000  -0.0050580000   0.0250910000   0.0016230000   0.0390760000  -0.0740770000  -0.0050120000  -0.0486730000   0.1013120000   0.0032920000   0.0097820000  -0.0269780000
   6.3806095452   6.8339606022  422  1.79E+01   2.2332530000  -0.2064300000   4.5812240000   1.9125250000  -1.0155730000   3.0886190000  -3.9050810000   1.9096730000   5.1626040000  -3.4619160000   2.1065970000   6.2921110000  -3.1883890000   2.2816110000   7.4011780000   0.0121670000   0.0308680000   0.0569430000  -0.0121720000  -0.0308160000  -0.0568040000  -0.0404740000  -0.0134490000  -0.0739220000   0.0594120000   0.0193290000   0.1062400000  -0.0189340000  -0.0059320000  -0.0324580000
   6.3803064321   6.8315370714  644  8.99E-01  -1.1273700000   1.2246320000   2.6649950000  -0.6911500000   0.0168090000   1.9108940000   2.0056900000  -0.6855200000   8.1481760000   1.2678860000   0.1789700000   8.4854460000   0.5653140000   1.0777380000   8.7716510000  -0.0042650000   0.0118340000   0.0074410000   0.0042680000  -0.0118360000  -0.0073710000   0.0142320000  -0.0113830000  -0.0072300000  -0.0150200000   0.0068410000   0.0084440000   0.0007840000   0.0045440000  -0.0012830000
   6.3822893960   6.8348470614  724  5.93E+00   2.0263160000   0.1419500000   3.9178470000   1.9088650000  -1.0810540000   3.0647060000  -4.5518670000   1.8959160000   5.8382790000  -3.5168730000   2.1218010000   6.3850040000  -2.4690270000   2.5890350000   6.8169910000   0.0013280000   0.0138810000   0.0096750000  -0.0014000000  -0.0140040000  -0.0097580000  -0.0289850000   0.0078160000  -0.0216200000  -0.0357060000  -0.0513850000   0.0005790000   0.0647630000   0.0436920000   0.0211240000
   6.3827131157   6.8301066415  779  3.03E+00   1.1386300000   0.1983030000   2.5136590000  -0.1409140000  -0.0207070000   1.6952190000   1.2384610000   0.5512160000   8.3600960000   0.2079840000   0.3105170000   8.8271630000  -0.7625690000  -0.0057240000   9.3898750000   0.0249720000   0.0042720000   0.0159900000  -0.0251130000  -0.0042950000  -0.0159910000  -0.0331710000  -0.0140320000   0.0255720000   0.0118750000   0.0137870000  -0.0233120000   0.0214380000   0.0002690000  -0.0022600000
   6.3829314571   6.8334090478  779  3.30E+00   1.1451560000   0.1947720000   2.5187050000  -0.1410790000  -0.0207440000   1.6934740000   1.2376300000   0.5524830000   8.3617610000   0.2092120000   0.3097390000   8.8315970000  -0.7622490000  -0.0059990000   9.3932760000   0.0270950000   0.0045370000   0.0174000000  -0.0272360000  -0.0045610000  -0.0174020000  -0.0337260000  -0.0140230000   0.0255910000   0.0129090000   0.0136980000  -0.0232390000   0.0209580000   0.0003500000  -0.0023500000
   6.3843881242   6.8312710248 1118  3.90E+00   1.1943390000  -0.0639760000   2.6263840000  -0.0173260000  -0.0032290000   1.6547880000  -0.1583330000   1.2808930000   9.4587550000  -0.0008380000   0.2702840000   8.8889900000   0.1702440000  -0.7759660000   8.4396210000   0.0278030000  -0.0013330000   0.0223160000  -0.0278270000   0.0014780000  -0.0223120000   0.0023650000  -0.0118540000   0.0041590000   0.0046230000  -0.0335480000  -0.0350160000  -0.0069640000   0.0452570000   0.0308520000
   6.3814816578   6.8310813974 1153  2.25E+00  -0.4727720000   1.1658420000   2.5559600000   0.0042110000  -0.0142070000   1.6984340000  -1.0573120000   0.4985620000   8.4270230000  -0.0081760000   0.2531230000   8.8547220000   1.0722070000  -0.0034020000   9.2835360000  -0.0093020000   0.0231230000   0.0168140000   0.0094070000  -0.0231460000  -0.0168060000   0.0302280000  -0.0073620000   0.0132180000  -0.0568470000   0.0139380000  -0.0239670000   0.0265150000  -0.0065540000   0.0107410000
   6.3828952335   6.8304794523 1316  5.95E+00   0.2282720000   1.5940400000   3.3726560000  -0.9262090000   1.6126020000   2.2531430000   2.0539000000  -3.8168700000   7.7836430000   1.7219140000  -2.6941900000   7.8583520000   1.2647970000  -1.6270950000   7.8530810000   0.0346490000  -0.0005540000   0.0334870000  -0.0346450000   0.0005560000  -0.0337070000  -0.0097190000   0.0000520000  -0.0047390000   0.0048310000   0.0352210000   0.0088980000   0.0048850000  -0.0352750000  -0.0039390000
   6.3849060517   6.8333991049 1484  3.12E+00  -1.2170580000  -0.6509340000   2.4255190000   0.0166280000   0.0067700000   1.8399170000   0.5394990000  -0.7653000000   8.6609490000   0.0515200000   0.2793420000   8.6135980000  -0.5845410000   1.2504710000   8.5322370000  -0.0195870000  -0.0104480000   0.0093370000   0.0196330000   0.0104530000  -0.0092680000  -0.0304220000   0.0371990000  -0.0030240000   0.0256130000  -0.0085380000   0.0019890000   0.0047620000  -0.0286660000   0.0009660000
   6.3830230964   6.8324533498 2396  5.79E+00  -0.2104390000  -0.5062220000   2.7248050000   0.7829410000  -0.3674250000   1.7272040000  -2.0336990000   0.8828970000   7.8252080000  -1.4079740000   1.0600670000   8.7956890000  -0.8062800000   0.8758850000   9.7753460000   0.0141740000   0.0019560000  -0.0142170000  -0.0139700000  -0.0019620000   0.0140840000   0.0131530000  -0.0215150000   0.0264490000   0.0040980000   0.0429300000  -0.0023020000  -0.0174560000  -0.0214090000  -0.0240150000
   6.3803333754   6.8330285489 2684  4.99E+00   0.1230230000   1.4029590000   2.4484740000  -0.0003120000  -0.0135460000   1.7970710000  -0.5405500000  -0.8073250000   8.5623010000  -0.0566870000   0.2631390000   8.7235970000   0.5769140000   1.2767230000   8.7608460000   0.0029970000   0.0346090000   0.0159550000  -0.0030230000  -0.0345970000  -0.0159210000   0.0015400000  -0.0206730000  -0.0089610000  -0.0294010000  -0.0055350000   0.0142600000   0.0278870000   0.0261970000  -0.0053330000
   6.3801177516   6.8328730807 2795  4.11E+00  -1.3747340000   1.4606900000   3.8062390000  -1.0027260000   1.4755100000   2.2913130000   1.8087130000  -2.0736490000   8.8436860000   1.8229600000  -2.4219980000   7.7312090000   1.9172690000  -2.8815760000   6.6705350000  -0.0088610000  -0.0003540000   0.0362250000   0.0088410000   0.0004280000  -0.0361080000   0.0062970000  -0.0143640000  -0.0148590000  -0.0098060000   0.0090090000  -0.0228200000   0.0035290000   0.0052820000   0.0375620000
   6.3818108675   6.8319454753 3250  3.34E+00   1.0319560000  -0.8741510000   2.4603780000  -0.0163330000   0.0087690000   1.8419590000  -1.0459230000  -0.2134310000   8.5922220000  -0.0196850000   0.3018150000   8.6441200000   1.0772590000   0.6858140000   8.5656560000   0.0138680000  -0.0116940000   0.0082080000  -0.0139050000   0.0117140000  -0.0081810000   0.0563370000   0.0162230000  -0.0056140000  -0.0355820000   0.0022720000   0.0118180000  -0.0207180000  -0.0185140000  -0.0062310000
   6.3815806113   6.8342692409 3327  5.19E+00  -1.2669040000   0.6764480000   2.4346820000   0.0128180000  -0.0055750000   1.8374890000   0.4048750000  -0.8462660000   8.6085130000   0.0528700000   0.2536730000   8.6639700000  -0.4287630000   1.3287340000   8.5584060000  -0.0320550000   0.0170690000   0.0149720000   0.0320950000  -0.0171010000  -0.0149610000  -0.0210080000   0.0362650000  -0.0079310000   0.0328870000  -0.0414270000   0.0182290000  -0.0119180000   0.0051940000  -0.0103090000
   6.3845248047   6.8326951085 3337  2.22E+00  -0.4413150000  -0.3112270000   2.5205120000  -1.7413720000  -0.9275320000   2.6064520000   3.4560970000   1.8459300000   6.0676580000   3.2241600000   2.0017040000   7.2084540000   2.8481740000   1.9910010000   8.3461170000  -0.0056310000  -0.0026580000   0.0003660000   0.0054820000   0.0026170000  -0.0003550000  -0.0087280000  -0.0094510000   0.0042990000   0.0297920000   0.0201100000  -0.0417750000  -0.0209150000  -0.0106170000   0.0374650000
   6.3832173828   6.8309351598 3500  7.64E+00  -0.1918050000  -1.8729260000   3.1117880000  -0.0649340000  -0.9773490000   2.1007500000   0.2022890000   3.1005480000   7.5862840000   0.0085810000   2.0719930000   8.1260600000   0.1276530000   1.0308090000   8.6269960000   0.0053360000   0.0378710000  -0.0426890000  -0.0054010000  -0.0378210000   0.0427410000   0.0212080000  -0.0050590000   0.0009650000  -0.0396670000  -0.0263330000   0.0156510000   0.0185240000   0.0313420000  -0.0166680000
   6.3815139335   6.8320571335 3565  5.05E+00  -0.1195010000  -0.3839110000   2.8718410000  -0.8386350000  -1.1853050000   1.9747620000   2.4923860000   3.0707460000   8.6916510000   1.5029920000   2.4158030000   8.3720990000   0.5752010000   1.7472840000   7.9812580000  -0.0141310000  -0.0157900000  -0.0177430000   0.0141900000   0.0157530000   0.0175330000   0.0770650000   0.0482660000   0.0204480000  -0.0351780000  -0.0153630000   0.0013220000  -0.0419460000  -0.0328660000  -0.0215610000
   6.3824620152   6.8300389334 3773  7.70E+00   1.5132560000  -1.4656800000   3.1522850000   0.2850670000  -1.1369150000   2.1916510000   0.1902970000   1.5776700000   8.4583470000  -0.5546590000   2.3068600000   7.8668890000  -1.2929490000   3.1486250000   7.4929610000   0.0347850000  -0.0092710000   0.0272490000  -0.0348660000   0.0093980000  -0.0271690000   0.0224000000  -0.0139010000   0.0326130000  -0.0170140000  -0.0002030000  -0.0445030000  -0.0053050000   0.0139770000   0.0118110000
   6.3838976315   6.8325725928 3855  6.36E+00   0.3369870000   0.7866640000   2.8504840000  -0.0043470000  -0.0130280000   1.5293470000  -0.2086120000   1.0915640000   9.9351240000   0.0860240000   0.2349470000   9.2055430000   0.1445080000  -0.5647590000   8.3379800000   0.0091850000   0.0215790000   0.0354640000  -0.0091740000  -0.0214220000  -0.0356730000  -0.0098890000  -0.0147300000  -0.0248000000   0.0261400000   0.0113890000   0.0332960000  -0.0162620000   0.0031850000  -0.0082870000
   6.3818358812   6.8326618344 3863  2.70E+00   0.5890410000  -0.3801490000   2.8186130000  -0.1182210000  -0.2635380000   1.5384720000  -0.4829060000   1.0801950000   8.2277660000   0.2394430000   0.6716810000   9.1034570000   0.8564680000   0.4433790000  10.0784110000   0.0028140000  -0.0005090000   0.0049450000  -0.0026610000   0.0003650000  -0.0051000000  -0.0344980000   0.0272830000  -0.0257640000   0.0377920000  -0.0372510000   0.0143630000  -0.0034470000   0.0101120000   0.0115560000
