   6.3828160046   6.7259267326  146  5.66E+00   1.5886520000   0.1414330000   2.5903260000   0.5506050000  -0.5144950000   1.9919250000   0.0740760000   0.9931890000   8.5293480000  -1.0411430000   1.1759480000   8.3134630000  -2.1424370000   1.3723070000   8.1196040000  -0.0384740000  -0.0242760000  -0.0221420000   0.0383750000   0.0243020000   0.0221910000  -0.0553740000   0.0106020000  -0.0075410000  -0.0316650000   0.0034430000  -0.0106000000   0.0871380000  -0.0140710000   0.0180920000
   6.3829232776   6.7288548836  167  6.38E+00  -0.5795250000  -1.2355350000   3.8241090000  -0.7576200000  -1.8678570000   2.4578820000   1.7331840000   4.0522830000   8.5432470000   1.4679150000   3.6240230000   7.4205510000   0.9851020000   3.3212240000   6.3711730000   0.0028290000   0.0099540000   0.0217430000  -0.0028470000  -0.0102210000  -0.0217980000   0.0070340000   0.0383120000   0.0854020000   0.0179400000  -0.0382070000  -0.0617590000  -0.0249570000   0.0001630000  -0.0235880000
   6.3848841423   6.7256619695  421  5.34E+00   0.7465930000   1.3180930000   2.5456050000   0.1172710000   0.0878780000   1.7897140000   0.0163950000   1.1657130000   8.9607430000  -0.2947250000   0.0748010000   8.7210910000  -0.4278600000  -1.0561210000   8.3949110000   0.0163590000   0.0320310000   0.0197090000  -0.0163820000  -0.0319490000  -0.0196880000   0.0033950000  -0.0329450000  -0.0113840000  -0.0140960000   0.0460650000   0.0186400000   0.0107240000  -0.0132020000  -0.0072770000
   6.3808315465   6.7257176243  431  1.27E+00  -0.4470930000   0.6577150000   2.6249720000  -0.3187500000  -0.4558410000   1.6577840000   1.2989840000   0.6732600000   9.7756030000   0.5816390000   0.9993600000   8.9130560000  -0.1155370000   1.4993420000   8.0898320000  -0.0009310000   0.0083260000   0.0071790000   0.0010290000  -0.0084990000  -0.0073800000  -0.0046530000   0.0142170000  -0.0041420000   0.0139950000  -0.0336470000   0.0127480000  -0.0094400000   0.0196030000  -0.0084040000
   6.3810035347   6.7295670488  929  3.33E+00  -0.5502170000  -0.2813790000   2.7894700000   0.1560460000  -1.1457590000   1.8108560000   0.2589780000   1.5212330000   7.9885280000  -0.3595500000   2.3374410000   8.6051930000  -0.7337300000   3.1516590000   9.3331780000  -0.0061480000   0.0074470000   0.0083180000   0.0059950000  -0.0074640000  -0.0086230000   0.0289660000  -0.0156230000  -0.0028910000  -0.0582820000   0.0437140000   0.0204000000   0.0294700000  -0.0280730000  -0.0172040000
   6.3824270062   6.7279932562 1239  4.01E+00  -0.5951800000  -1.2410010000   2.4981380000   0.0063470000   0.0178820000   1.8265600000   0.1938240000   1.3892370000   8.7182430000  -0.0434700000   0.2568340000   8.6777400000  -0.1553890000  -0.9054890000   8.4889260000  -0.0132290000  -0.0276310000   0.0147460000   0.0132160000   0.0277310000  -0.0147690000   0.0013410000  -0.0366470000  -0.0103270000  -0.0092310000   0.0460000000   0.0200790000   0.0079040000  -0.0094540000  -0.0097290000
   6.3828218572   6.7270304592 1274  1.63E+00  -0.5231090000  -0.3838110000   2.4841680000   0.3885790000  -1.4307740000   2.1591080000   0.0017360000   1.8879810000   7.9977000000  -0.7157580000   2.8394160000   7.9899930000  -1.3721190000   3.8379680000   8.0658140000   0.0088810000  -0.0101960000  -0.0031830000  -0.0089770000   0.0102590000   0.0030690000   0.0210450000  -0.0194540000   0.0067040000  -0.0011480000  -0.0194540000  -0.0149350000  -0.0198020000   0.0388440000   0.0083450000
   6.3825839038   6.7294476421 1304  5.58E+00  -0.8942150000  -1.3164770000   3.0569420000   0.1749810000  -1.1692760000   2.0032150000   0.0070300000   1.2718310000   8.2720470000  -0.3981630000   2.3938470000   8.2265460000  -0.5256850000   3.5413800000   8.3563720000  -0.0153400000  -0.0020460000   0.0150370000   0.0152430000   0.0021750000  -0.0151870000   0.0255780000  -0.0159380000   0.0143470000  -0.0475520000   0.0427120000  -0.0234310000   0.0220720000  -0.0269040000   0.0092350000
   6.3834574905   6.7277712469 1625  1.83E+00   0.1382560000   0.9972630000   2.6896790000   0.0023940000  -0.0111270000   1.6340060000   0.3250670000   1.1064900000   8.2604470000   0.0025940000   0.2802940000   9.0312940000  -0.3476830000  -0.6364940000   9.6309010000   0.0004620000   0.0035410000   0.0036500000  -0.0005190000  -0.0036850000  -0.0038660000  -0.0045200000  -0.0129320000  -0.0041140000  -0.0089600000  -0.0211030000   0.0424160000   0.0135360000   0.0341780000  -0.0380850000
   6.3835811990   6.7290959825 1896  2.09E+00  -1.3168800000  -0.2420620000   2.4237270000   0.0144340000   0.0072770000   1.8486380000   0.2085650000  -0.8931430000   8.5143930000   0.0049290000   0.2387310000   8.6504250000  -0.2013850000   1.3805100000   8.6077060000  -0.0068130000  -0.0012670000   0.0029640000   0.0068100000   0.0012950000  -0.0029490000  -0.0069780000   0.0390620000  -0.0068030000   0.0012990000  -0.0078510000   0.0171710000   0.0056820000  -0.0312390000  -0.0103830000
   6.3821058609   6.7266849604 2238  2.44E+00  -0.8086920000   0.2740010000   2.9823210000  -0.6718790000  -0.1098110000   1.5830570000   0.9708120000   0.5648840000  10.2009840000   1.1608680000   0.4239720000   9.0510620000   1.5642080000   0.3356750000   7.9115440000  -0.0002400000   0.0003600000   0.0012280000  -0.0000180000  -0.0003700000  -0.0014760000   0.0125670000   0.0037070000   0.0047820000  -0.0443090000  -0.0030190000   0.0445490000   0.0320000000  -0.0006780000  -0.0490830000
   6.3823526575   6.7276468593 2412  5.99E+00  -0.9093380000   0.3405370000   3.2793540000  -1.4010160000   0.0366510000   1.8394850000   1.6872550000   0.4588350000   7.8014960000   2.5558520000   0.2408780000   8.6381740000   3.4483830000  -0.1564870000   9.3216040000   0.0109470000   0.0067990000   0.0321210000  -0.0111060000  -0.0068520000  -0.0325190000  -0.0516600000   0.0033970000  -0.0590410000   0.0219560000   0.0194750000   0.0461910000   0.0298620000  -0.0228190000   0.0132490000
   6.3817279385   6.7276485848 2677  4.47E+00   1.5004670000   0.5251470000   2.7594560000   0.6026200000  -0.0281570000   1.8542150000  -2.2142360000  -0.1966960000   8.6278360000  -1.0827020000   0.2217770000   8.5871190000  -0.0771520000   0.8254200000   8.4927820000  -0.0224400000  -0.0138430000  -0.0226010000   0.0223770000   0.0137630000   0.0226070000  -0.0567960000  -0.0065270000  -0.0005940000   0.0636740000  -0.0057570000   0.0025230000  -0.0068150000   0.0123630000  -0.0019350000
   6.3803374962   6.7269308146 2692  5.03E+00  -0.8865660000  -0.1401780000   2.6425380000   0.0117110000  -0.0003830000   1.6283950000  -0.4942960000   1.0470760000   9.6627810000  -0.0528810000   0.2287980000   8.9574040000   0.5313640000  -0.5204130000   8.3150330000   0.0351690000   0.0055210000  -0.0397420000  -0.0352840000  -0.0054110000   0.0396780000   0.0178390000  -0.0086450000  -0.0064170000   0.0048520000  -0.0389770000  -0.0364260000  -0.0225760000   0.0475120000   0.0429060000
   6.3815213506   6.7251667603 3641  5.19E+00   1.2226420000   1.0972150000   4.6011160000   1.2957000000   2.4402150000   4.1095470000  -1.9461850000  -3.4381070000   3.7053440000  -2.3080200000  -4.2172560000   4.4801260000  -2.8692680000  -4.9644920000   5.1186710000   0.0005990000   0.0101620000  -0.0036190000  -0.0004470000  -0.0099680000   0.0038070000  -0.0332150000  -0.0347450000   0.0244150000   0.0000960000  -0.0326080000   0.0417620000   0.0329670000   0.0671580000  -0.0663660000
   6.3825584802   6.7258744618 3922  8.33E+00  -0.3705930000  -1.3011660000   3.6502380000  -0.7395350000  -1.4096820000   2.1207790000   1.2455550000   2.9053790000   6.8828220000   1.4118390000   2.9488580000   8.0658110000   1.4113480000   2.6908650000   9.2417310000   0.0096700000   0.0027560000   0.0401800000  -0.0097500000  -0.0029950000  -0.0402900000  -0.0136790000  -0.0183780000  -0.0273540000   0.0238500000   0.0468010000  -0.0182600000  -0.0100910000  -0.0281840000   0.0457230000
