   6.3951605548   6.0874375782  163  1.85E+00   0.7112050000  -1.2412580000   2.1953420000  -0.0106180000   0.0166910000   1.9803940000   0.1975480000   1.3789970000   8.6780660000   0.0442670000   0.2239140000   8.3845700000  -0.2225570000  -0.8645710000   7.9999750000   0.0026020000  -0.0044710000   0.0007450000  -0.0025420000   0.0046060000  -0.0008270000  -0.0008930000   0.0495010000   0.0070060000   0.0117260000  -0.0376900000   0.0023790000  -0.0108940000  -0.0119460000  -0.0093030000
   6.3984709131   6.0851815450  629  4.49E-01   0.2156810000  -0.8011020000   2.4745380000  -0.3280900000   0.2526790000   1.7094510000   0.2556840000   0.0882950000   7.7643350000   0.6177120000  -0.1823130000   8.8303150000   0.9055760000  -0.4752290000   9.9146560000  -0.0084370000   0.0163480000  -0.0120240000   0.0084630000  -0.0164190000   0.0115250000   0.0077730000  -0.0111650000   0.0415740000   0.0044870000   0.0056630000  -0.0163060000  -0.0122860000   0.0055740000  -0.0247690000
   6.3971359906   6.0890291872  816  3.84E+00  -0.5030490000  -1.2508760000   1.8511240000   0.0083020000   0.0182720000   2.1171470000  -0.8453310000  -0.5481860000   8.2016560000   0.0311940000   0.2040320000   8.0576670000   0.8121440000   1.0702500000   8.0605010000   0.0118270000   0.0293230000   0.0061730000  -0.0118030000  -0.0293480000  -0.0060270000   0.0137850000   0.0257190000   0.0086220000   0.0082500000  -0.0167900000  -0.0207440000  -0.0220580000  -0.0089040000   0.0119760000
   6.3951980073   6.0858242556  840  4.84E+00  -0.6161060000  -0.8184540000   2.4292980000  -0.2290890000   0.5039370000   1.7888670000   0.6784270000  -1.3956980000   9.5150580000   0.4614640000  -0.5910290000   8.7289550000   0.1580970000   0.0618340000   7.8462500000  -0.0064460000  -0.0220940000   0.0105920000   0.0064630000   0.0219940000  -0.0110090000  -0.0192250000   0.0343640000  -0.0522820000   0.0020600000   0.0288030000  -0.0110530000   0.0171480000  -0.0630670000   0.0637520000
   6.3971227131   6.0875476512 1178 -1.13E-01   0.0115180000  -1.1680320000   2.6665890000   1.4877400000  -1.2654320000   2.6854030000  -3.3927710000   2.8061810000   7.9732820000  -2.6967030000   2.6219850000   7.0511630000  -2.0136830000   2.3066390000   6.1550690000  -0.0107440000   0.0005940000  -0.0002180000   0.0109830000  -0.0009590000  -0.0000380000   0.0027680000  -0.0096710000  -0.0031110000   0.0081310000   0.0133780000  -0.0116740000  -0.0111380000  -0.0033420000   0.0150410000
   6.3986449489   6.0863850414 1312  4.41E+00  -1.5710930000  -0.5916800000   3.1078950000  -0.6323180000  -0.6494760000   1.8797160000   1.2232860000   1.1715860000   7.3828560000   1.2073180000   1.3445800000   8.5368900000   1.1273190000   1.7876410000   9.6261570000  -0.0205230000   0.0012030000   0.0266590000   0.0202780000  -0.0013940000  -0.0270220000  -0.0039290000   0.0230300000   0.0227930000   0.0086980000  -0.0430460000  -0.0221290000  -0.0045240000   0.0202070000  -0.0003010000
   6.3991858230   6.0897615118 1316  2.68E+00  -0.8531350000   1.8138180000   3.9446440000  -0.9954190000   1.7456630000   2.5634780000   1.3688840000  -1.9872940000   6.7539790000   1.8911730000  -2.9209120000   7.2613720000   2.2365320000  -3.9648540000   7.7449680000  -0.0036000000  -0.0015860000  -0.0344170000   0.0034210000   0.0018840000   0.0340550000  -0.0156530000   0.0019940000  -0.0055930000   0.0125800000   0.0468340000  -0.0123430000   0.0032530000  -0.0491250000   0.0182980000
   6.3971168496   6.0865081965 1339  8.23E+00  -0.7755530000  -1.6353470000   3.5434630000   0.3373350000  -1.7737140000   2.5429900000  -0.6083620000   2.5141750000   6.7578740000  -0.5681900000   3.4481790000   7.4213320000  -0.6009710000   4.5463550000   7.7485870000  -0.0145220000   0.0016610000   0.0129380000   0.0146080000  -0.0020640000  -0.0133120000  -0.0032280000   0.0821610000   0.0221440000   0.0069990000  -0.0258110000   0.0258090000  -0.0038570000  -0.0559470000  -0.0475780000
   6.3954478236   6.0878557490 1359  4.46E+00  -0.0869900000   0.2731780000   1.5591230000   0.7713570000  -0.5755210000   2.3208810000  -0.4240580000   1.0447660000   8.4069300000  -1.3791650000   1.3679190000   7.7262600000  -2.3874720000   1.4730920000   7.1049140000   0.0079610000  -0.0078410000   0.0070610000  -0.0078950000   0.0078900000  -0.0070060000   0.0489210000  -0.0301700000   0.0420470000  -0.0238660000   0.0401980000  -0.0338970000  -0.0251210000  -0.0100760000  -0.0082040000
   6.3953871672   6.0859228496 1612  2.94E+00   1.1196460000   0.5233610000   2.4712650000  -0.0133920000  -0.0048660000   1.7714600000  -0.2678030000   0.9511210000   7.7764430000  -0.0475050000   0.2430870000   8.7529990000   0.2998090000  -0.4546020000   9.6511060000  -0.0082140000  -0.0039030000  -0.0051920000   0.0083010000   0.0036930000   0.0047930000  -0.0071470000   0.0462150000  -0.0649690000  -0.0101700000  -0.0263380000   0.0432660000   0.0172300000  -0.0196680000   0.0221030000
   6.3998878253   6.0890447777 1633  5.86E+00  -0.6721120000   1.3951640000   1.9292460000   0.0079540000  -0.0171060000   2.0656150000   1.1195170000   0.0374390000   8.0520930000   0.0163060000   0.2941640000   8.1960190000  -1.1291350000   0.4269400000   8.3586440000  -0.0175260000   0.0364210000  -0.0034690000   0.0175010000  -0.0363880000   0.0035450000  -0.0748050000   0.0075270000   0.0124950000   0.0514280000   0.0046910000  -0.0117210000   0.0234020000  -0.0122510000  -0.0008510000
   6.3990142870   6.0891509358 1647  1.48E+00  -1.2168940000  -0.4551210000   2.5520820000   0.0120710000   0.0055220000   1.7281740000   0.4781650000   0.6200620000   9.8163820000   0.0250570000   0.2634870000   8.7881500000  -0.4805910000  -0.1290910000   7.7958690000  -0.0272300000  -0.0101990000   0.0180910000   0.0273370000   0.0102730000  -0.0185570000   0.0015160000   0.0015490000   0.0138360000   0.0047980000   0.0030110000  -0.0119950000  -0.0064220000  -0.0046340000  -0.0013760000
   6.3963543337   6.0880365625 1811  2.96E+00   0.4828400000   1.0003950000   2.0315270000  -0.6063440000   0.0883130000   1.9883670000   2.1505570000  -0.2297080000   8.6545010000   1.1068830000   0.0523270000   8.3263730000   0.0163190000   0.3740170000   8.0377350000  -0.0124780000  -0.0105240000  -0.0004920000   0.0126740000   0.0104460000   0.0003000000  -0.0930160000   0.0271320000  -0.0244420000   0.0830460000  -0.0261230000   0.0160060000   0.0097740000  -0.0009310000   0.0086280000
   6.3967931871   6.0868294450 2054  5.75E+00  -0.7070180000  -1.3515780000   2.0358880000   0.0133940000   0.0183930000   2.0650490000   0.6867750000   1.1354240000   8.0104920000   0.0387670000   0.2238600000   8.1906230000  -0.7382250000  -0.6225070000   8.4004050000  -0.0157770000  -0.0300300000  -0.0006050000   0.0158040000   0.0300090000   0.0006860000  -0.0643620000  -0.0719640000   0.0191410000   0.0592290000   0.0509010000  -0.0190670000   0.0051050000   0.0210850000  -0.0001550000
   6.3995102122   6.0854546177 2062  9.21E+00   1.2682900000   1.2518170000   3.2139860000   0.9554890000   0.4778640000   1.8675480000  -2.1851230000  -1.0618620000   9.6129300000  -1.7629980000  -0.6176700000   8.5309440000  -1.3432540000  -0.2522180000   7.4546330000   0.0086040000   0.0211020000   0.0364980000  -0.0083850000  -0.0210350000  -0.0369220000  -0.0382820000  -0.0440780000   0.0980590000   0.0165900000   0.0288510000  -0.0421810000   0.0214730000   0.0151610000  -0.0554540000
   6.3987019654   6.0850658633 2108  4.03E+00  -1.2288610000  -0.6655310000   2.4573600000   0.0181770000   0.0042930000   1.7978720000  -0.0343410000   1.1140090000   9.4962990000  -0.0730420000   0.2559690000   8.6829770000   0.0758180000  -0.5980000000   7.8527830000  -0.0300820000  -0.0160800000   0.0157960000   0.0300010000   0.0162770000  -0.0161490000   0.0121780000   0.0143320000   0.0128280000  -0.0285780000   0.0128750000   0.0132090000   0.0164810000  -0.0274030000  -0.0256830000
   6.3996496269   6.0898012773 2503  3.09E+00   0.9530930000   1.1225950000   1.8196300000  -0.0107930000  -0.0113010000   2.1071980000   0.1471560000   1.4063520000   8.1641610000   0.0039400000   0.2609680000   8.0895760000  -0.1562580000  -0.9288720000   8.1257180000   0.0152990000   0.0179970000  -0.0045220000  -0.0152940000  -0.0179240000   0.0046300000  -0.0054050000  -0.0368750000   0.0064150000   0.0119960000   0.0801260000  -0.0167100000  -0.0065970000  -0.0433230000   0.0101860000
   6.3958996166   6.0891166691 2516  4.45E+00   1.4288610000   1.0534830000   3.1386740000   0.8598340000   0.3860870000   1.8479750000  -1.8853090000  -1.0209380000   9.6087900000  -1.5655070000  -0.4672850000   8.5818860000  -1.3237130000   0.0648160000   7.5230300000   0.0137050000   0.0159570000   0.0307170000  -0.0134540000  -0.0159820000  -0.0311550000  -0.0221710000  -0.0319020000   0.0554140000   0.0155260000   0.0078620000  -0.0043790000   0.0063950000   0.0240660000  -0.0505970000
   6.3996952101   6.0860983147 2550  3.80E+00  -1.5592650000  -1.1413020000   3.3612550000  -1.2134390000  -0.2963700000   2.0810940000   2.3116680000   0.7411620000   9.2891040000   2.2213550000   0.7922300000   8.1492050000   2.1792160000   0.9038380000   6.9892490000  -0.0089650000  -0.0217480000   0.0328630000   0.0086130000   0.0215770000  -0.0330930000  -0.0009840000   0.0072030000  -0.0611670000  -0.0044880000  -0.0094730000   0.0347730000   0.0058240000   0.0024420000   0.0266240000
   6.3974734945   6.0891008029 2655  6.87E+00  -1.6736160000  -0.0071790000   3.0873190000  -0.7743560000  -0.2064160000   1.8081830000   1.0251350000   0.1351610000   7.6152740000   1.4310810000   0.6039040000   8.6474540000   1.8733250000   1.1305090000   9.6692900000  -0.0236140000   0.0052370000   0.0333470000   0.0234400000  -0.0051910000  -0.0337750000  -0.0149880000  -0.0172010000  -0.0436000000  -0.0216380000  -0.0273200000  -0.0360270000   0.0368010000   0.0444760000   0.0800550000
   6.3972547540   6.0866423954 2663  1.64E+00  -0.5057340000  -1.9349410000   2.5286770000   0.3315510000  -0.8114760000   2.3358760000  -1.1614450000   2.6467510000   7.1953840000  -0.5977680000   1.7785660000   7.7369650000  -0.0137940000   0.8803740000   8.1724500000   0.0119490000   0.0160540000  -0.0027410000  -0.0119570000  -0.0160400000   0.0027530000   0.0093190000  -0.0138390000   0.0017260000   0.0094980000  -0.0156450000   0.0191910000  -0.0188080000   0.0294700000  -0.0209280000
   6.3972110104   6.0870720481 2837  4.19E+00   1.1221410000   0.8314920000   2.7025830000   0.4502290000  -0.2159340000   1.7456620000  -1.4290800000   0.8484080000   9.7445600000  -0.7885360000   0.6584530000   8.8053430000  -0.2982240000   0.3710080000   7.7579630000   0.0170120000   0.0265080000   0.0239900000  -0.0169620000  -0.0264730000  -0.0245760000   0.0124060000  -0.0132940000  -0.0402120000  -0.0098060000   0.0244260000   0.0628200000  -0.0026500000  -0.0111660000  -0.0220210000
   6.3971950488   6.0850187099 2938  3.66E+00  -1.7474290000  -0.0184760000   2.9150150000  -0.7314490000  -0.2726680000   1.9196540000   2.3972990000   0.6440690000   9.0781420000   1.3585200000   0.8061200000   8.4464910000   0.3459920000   0.8013880000   7.8114260000   0.0031360000  -0.0008140000  -0.0031930000  -0.0030870000   0.0007440000   0.0028320000   0.0749490000  -0.0206400000   0.0449160000  -0.0461120000   0.0298020000  -0.0269420000  -0.0288860000  -0.0090910000  -0.0176130000
   6.3967011300   6.0892347790 3190  7.75E+00   0.8553940000   0.5985350000   1.7276770000  -0.2032910000  -0.4805750000   2.1854890000   1.3350420000   1.6994030000   7.7354780000   0.3910150000   1.0626600000   8.0905950000  -0.6671830000   0.5529360000   8.1684180000   0.0281490000   0.0286890000  -0.0121950000  -0.0281460000  -0.0287600000   0.0121380000   0.0110990000   0.0211390000  -0.0235910000  -0.0052380000  -0.0304640000   0.0405130000  -0.0058630000   0.0093950000  -0.0168670000
   6.3977975838   6.0869073378 3317  4.61E+00  -1.5008690000  -0.7112750000   2.9565460000  -0.5507310000  -1.5203490000   2.4532080000   1.1085010000   2.9034140000   6.2908780000   1.0275310000   3.0239040000   7.4938850000   0.9651820000   3.1520300000   8.6464950000   0.0462300000  -0.0395030000  -0.0245310000  -0.0464370000   0.0391000000   0.0243990000   0.0056150000  -0.0035460000  -0.0573610000  -0.0076240000   0.0050860000   0.0774690000   0.0022170000  -0.0011370000  -0.0199760000
   6.3952249443   6.0899106144 3317  3.74E+00  -1.5053760000  -0.6964470000   2.9511590000  -0.5507660000  -1.5207260000   2.4533430000   1.1100040000   2.9068120000   6.2907590000   1.0289420000   3.0250330000   7.4928240000   0.9630770000   3.1487350000   8.6470720000   0.0406130000  -0.0352060000  -0.0212200000  -0.0408190000   0.0348070000   0.0210900000   0.0053090000  -0.0034390000  -0.0557190000  -0.0070150000   0.0047620000   0.0731050000   0.0019120000  -0.0009240000  -0.0172560000
   6.3953601123   6.0872419546 3323  8.70E+00  -2.2596450000  -0.4719340000   2.8550470000  -0.9044700000  -1.2925510000   2.7332670000   0.9916060000   2.7012560000   7.9175580000   1.6329170000   2.5333700000   6.9436580000   2.4420790000   2.5696770000   6.0405800000  -0.0376850000   0.0228590000   0.0034620000   0.0375830000  -0.0228610000  -0.0032860000   0.0072910000   0.0140060000   0.0103100000  -0.0557570000  -0.0293390000   0.0255590000   0.0485690000   0.0153350000  -0.0360450000
   6.3998791832   6.0893291323 3643  3.06E+00   1.1022930000   0.3303790000   2.5458650000   0.0125170000  -0.3942190000   1.7167610000   0.1378330000   0.9896920000   9.9870540000  -0.0027090000   1.0227970000   8.8114840000  -0.2677600000   0.8781780000   7.6650700000   0.0241900000   0.0160220000   0.0182140000  -0.0240520000  -0.0161120000  -0.0187010000  -0.0055550000  -0.0118270000   0.0223470000   0.0164660000   0.0244290000  -0.0134520000  -0.0110500000  -0.0125120000  -0.0084080000
   6.3996622639   6.0852005415 3884  5.16E+00   0.7073150000  -0.6555490000   2.4217460000  -0.3128120000   0.3223910000   1.7334410000   0.6975500000  -0.6892450000   7.6482890000   0.5588990000  -0.3060880000   8.8101360000   0.4005800000   0.0379000000   9.9293650000   0.0260360000  -0.0249420000   0.0173690000  -0.0261450000   0.0251030000  -0.0179160000   0.0087580000  -0.0290180000  -0.0808420000  -0.0043200000   0.0240100000   0.0604870000  -0.0043280000   0.0048470000   0.0209010000
