   6.3963076591   6.0668661090   22  1.53E+00  -0.6493870000  -0.6195490000   2.4984390000  -0.1727790000   0.4157640000   1.7273620000   0.3097310000  -0.2239600000   9.9347040000   0.3255760000  -0.5238000000   8.8192800000   0.3496730000  -0.7325430000   7.6616100000   0.0150770000   0.0328680000  -0.0246230000  -0.0151740000  -0.0327220000   0.0240870000   0.0010820000  -0.0028230000  -0.0362180000  -0.0017200000  -0.0040940000   0.0328890000   0.0007350000   0.0067700000   0.0038640000
   6.3955882359   6.0685614281   65  1.70E+01   1.7254570000  -0.6200470000   2.3892150000   0.2845920000  -0.0548970000   2.1208720000   0.3332180000   1.1501540000   8.1430160000  -0.6628710000   0.4684220000   8.2214250000  -1.3656270000  -0.5008930000   7.9436980000   0.0366430000  -0.0143780000   0.0067930000  -0.0366340000   0.0144440000  -0.0069440000   0.0540030000   0.0079620000  -0.0230100000  -0.0319410000   0.0634310000   0.0586660000  -0.0220710000  -0.0714600000  -0.0355050000
   6.3952682237   6.0660240273   77  4.30E+00   0.9131330000  -0.9129290000   2.2865440000  -0.0112690000   0.0089260000   1.9008880000   0.0701520000  -0.7481980000   7.9189260000   0.0428010000   0.2573540000   8.5132940000  -0.1035340000   1.2556180000   9.0538090000  -0.0366020000   0.0365550000  -0.0153400000   0.0366210000  -0.0363330000   0.0151000000  -0.0091970000   0.0182840000   0.0095370000   0.0098320000   0.0365200000   0.0233540000  -0.0006540000  -0.0550270000  -0.0326510000
   6.3973219055   6.0664104530  436  5.64E+00   1.6911150000  -0.7427190000   2.9194920000   0.4583150000  -0.6144310000   1.9495110000  -1.7026820000   1.9148510000   8.9805710000  -0.8723880000   1.4475300000   8.3561260000  -0.0379020000   0.8015770000   7.8274380000   0.0318360000  -0.0033390000   0.0248780000  -0.0319200000   0.0033360000  -0.0253570000   0.0541290000  -0.0430640000  -0.0331830000  -0.0518730000   0.0536730000   0.0231390000  -0.0021720000  -0.0106070000   0.0105220000
   6.3985132880   6.0657320010  580  4.86E+00  -1.2057810000  -1.2841710000   3.4937030000  -0.6981170000  -1.3265710000   2.2265710000   1.8123550000   3.1257780000   8.8619720000   1.2434720000   2.6384630000   7.9158150000   0.8167120000   2.2873370000   6.8566970000   0.0188200000  -0.0016850000  -0.0471480000  -0.0189480000   0.0013130000   0.0468430000   0.0357690000   0.0316150000   0.0389610000  -0.0335270000  -0.0314360000  -0.0059210000  -0.0021140000   0.0001940000  -0.0327360000
   6.3959830764   6.0676075567  673  1.57E+00  -0.8812500000  -0.6892230000   2.5419390000   0.4672500000  -0.8077420000   1.9240230000  -0.5264560000   2.0172180000   9.5408880000  -0.8908550000   1.6836500000   8.4814660000  -1.0828180000   1.4840330000   7.3241080000  -0.0127720000   0.0010330000   0.0057090000   0.0129410000  -0.0012990000  -0.0061660000   0.0086000000   0.0064920000  -0.0138720000  -0.0168090000  -0.0129050000   0.0361020000   0.0080400000   0.0066800000  -0.0217730000
   6.3990208181   6.0699205218  731  2.92E+00  -1.2911580000   1.1345570000   2.6063180000  -1.7060970000  -0.1846570000   2.6174870000   2.9650980000   0.7526170000   8.3395480000   3.1458160000   0.5246770000   7.1767420000   3.2753560000   0.3919270000   6.0375180000  -0.0117640000  -0.0372520000   0.0003310000   0.0115230000   0.0372450000  -0.0003150000  -0.0088580000   0.0139980000   0.0414900000   0.0156420000  -0.0252380000  -0.0865000000  -0.0065430000   0.0112460000   0.0449940000
   6.3981903562   6.0657785132  794  4.45E+00   1.1996030000   1.3608540000   2.7119620000   2.2551350000   0.7354880000   3.6312960000  -3.5339970000  -0.9408330000   4.3165460000  -4.1069280000  -1.0490300000   5.3520430000  -4.7212160000  -1.3429370000   6.3604480000  -0.0202710000   0.0121150000  -0.0177180000   0.0205710000  -0.0119800000   0.0178330000   0.0067720000  -0.0093570000  -0.0212590000   0.0320400000   0.0375000000  -0.0367830000  -0.0391120000  -0.0282780000   0.0579280000
   6.3988479480   6.0674273355  873  6.03E+00   1.9293300000   0.9234010000   4.4846300000   2.1416590000   0.5108240000   3.0239890000  -4.8959460000  -1.2806680000   6.5278490000  -3.9590050000  -0.6459480000   6.4365290000  -2.9495620000  -0.1561030000   6.2563800000  -0.0039150000   0.0079290000   0.0279410000   0.0043400000  -0.0079160000  -0.0282410000   0.0795860000   0.0384130000  -0.0141880000   0.0026570000   0.0156070000   0.0051150000  -0.0826680000  -0.0540340000   0.0093730000
   6.3982211519   6.0694582040  922  1.51E+00   1.8253930000   0.4413900000   2.2510120000   0.4482900000   0.0212230000   2.1596020000  -1.9753050000  -0.1591280000   7.8273250000  -0.8590380000   0.1838020000   8.0531420000   0.2663070000   0.5750200000   8.2010020000  -0.0052700000  -0.0016110000  -0.0003670000   0.0052200000   0.0015820000   0.0003630000  -0.0268350000  -0.0053920000  -0.0087680000  -0.0151350000  -0.0120620000   0.0062800000   0.0420200000   0.0174830000   0.0024920000
   6.3981939825   6.0660521330  925  1.54E+00   1.0494610000  -0.8664820000   2.3821300000  -0.0143850000   0.0074800000   1.8427040000   0.1600570000   1.1462880000   9.3154770000   0.0601040000   0.2438570000   8.6050880000  -0.1994580000  -0.6244440000   7.8729120000   0.0075830000  -0.0061470000   0.0037550000  -0.0074790000   0.0063450000  -0.0040550000  -0.0154060000  -0.0326200000  -0.0285270000   0.0205850000   0.0087180000   0.0101360000  -0.0052830000   0.0237050000   0.0186910000
   6.3982056831   6.0656603759 1107  1.07E+01   0.0940230000   0.4091460000   1.8665230000  -1.0679650000  -0.1842810000   2.2189140000   1.1788020000   0.7982000000   8.8380170000   1.9797810000   0.6290640000   7.9765630000   2.6627350000   0.3118050000   6.9758050000  -0.0526110000  -0.0268230000   0.0158910000   0.0522950000   0.0268670000  -0.0160190000  -0.0280590000  -0.0032580000   0.0167400000  -0.0260500000   0.0387660000   0.0766940000   0.0544250000  -0.0355530000  -0.0933060000
   6.3997276148   6.0653793169 1195  4.73E+00   1.0396960000   0.8245180000   1.8425330000  -0.0128880000  -0.0119160000   2.0940160000   0.7368010000   1.1336950000   8.2383090000   0.0080180000   0.2410850000   8.1315520000  -0.7439610000  -0.6194380000   8.0844480000  -0.0379640000  -0.0301730000   0.0091000000   0.0379840000   0.0301860000  -0.0089990000  -0.0275470000  -0.0291460000   0.0022920000  -0.0164150000  -0.0256030000  -0.0114730000   0.0439420000   0.0547360000   0.0090800000
   6.3953978060   6.0674302301 1201  6.19E+00  -0.6394630000   1.0691170000   2.3088740000   0.0068950000  -0.0154770000   1.8207710000   0.5427170000   0.9103970000   9.4304460000  -0.0487220000   0.3272980000   8.6335750000  -0.5002890000  -0.4584910000   7.8507140000   0.0284120000  -0.0475550000  -0.0214660000  -0.0282980000   0.0477880000   0.0211380000  -0.0143790000  -0.0372220000  -0.0306080000   0.0153560000   0.0691280000   0.0458440000  -0.0010910000  -0.0321390000  -0.0149070000
   6.3968714836   6.0680404708 1244  6.47E+00   0.3999680000   1.8626730000   2.1371050000  -0.6724190000   0.7265990000   2.2791970000   0.8439650000  -0.2383260000   8.4642110000   1.1701290000  -1.0795500000   7.7647280000   1.6106480000  -2.0097520000   7.1905210000   0.0269390000   0.0285370000  -0.0035150000  -0.0269790000  -0.0284660000   0.0036870000   0.0292760000  -0.0602750000  -0.0342510000  -0.0368180000   0.0647970000   0.0217410000   0.0075820000  -0.0045930000   0.0123370000
   6.3995117406   6.0683370810 1415  1.80E+00  -0.6719990000   1.2801580000   2.2140790000   0.0100890000  -0.0103850000   1.8986390000  -0.6801740000   0.9220930000   7.8550420000   0.0069760000   0.2222940000   8.4889230000   0.6668890000  -0.4300810000   9.1517860000  -0.0073510000   0.0139150000   0.0033070000   0.0075150000  -0.0140880000  -0.0035270000   0.0113830000  -0.0100810000   0.0168440000   0.0316570000  -0.0339810000   0.0219030000  -0.0432040000   0.0442350000  -0.0385270000
   6.3968625852   6.0661067171 1639  2.07E+00   0.3681540000   0.8132110000   2.0706350000   0.4703860000  -0.6452880000   2.0200480000  -1.3853360000   1.7685710000   7.2666880000  -0.9161330000   1.3954890000   8.3101390000  -0.2993420000   1.0430030000   9.2770440000  -0.0002150000   0.0037860000   0.0000650000   0.0004110000  -0.0039950000  -0.0002650000  -0.0101890000   0.0163610000  -0.0431600000  -0.0232650000  -0.0033690000   0.0083810000   0.0332580000  -0.0127840000   0.0349790000
   6.3978155652   6.0655198364 1690  3.06E+00  -0.2176580000   1.0802580000   2.0627520000   0.2265630000  -0.3204430000   1.9286590000  -1.0666580000   1.6812680000   8.9009210000  -0.3335130000   0.8615340000   8.4557780000   0.1992240000  -0.1080380000   7.9903970000  -0.0027960000   0.0088220000   0.0008480000   0.0027310000  -0.0086480000  -0.0010440000  -0.0260980000   0.0061180000   0.0078460000   0.0218580000   0.0333150000   0.0061180000   0.0043060000  -0.0396080000  -0.0137680000
   6.3967883793   6.0696103056 1690  3.25E+00  -0.2222930000   1.0892840000   2.0663510000   0.2268570000  -0.3209260000   1.9270310000  -1.0666600000   1.6821850000   8.9046170000  -0.3327160000   0.8622660000   8.4581560000   0.1974510000  -0.1076560000   7.9928220000  -0.0041300000   0.0129740000   0.0012860000   0.0040670000  -0.0128010000  -0.0014780000  -0.0273590000   0.0072710000   0.0085900000   0.0239900000   0.0311170000   0.0047790000   0.0034330000  -0.0385610000  -0.0131770000
   6.3993607801   6.0663791218 1997  3.49E+00   0.6700270000   1.3010590000   1.9103300000  -0.0062700000  -0.0162520000   2.0895780000  -0.9914840000   0.8255160000   8.2271460000   0.0144620000   0.2706000000   8.1920660000   0.9697270000  -0.3417840000   8.0680740000   0.0070300000   0.0137070000  -0.0018350000  -0.0070600000  -0.0136710000   0.0018640000   0.0477100000  -0.0329000000  -0.0070650000   0.0207460000  -0.0040710000   0.0036720000  -0.0684260000   0.0369350000   0.0033650000
   6.3970325813   6.0663468960 2104  3.68E-01  -0.2429940000   0.0453360000   2.2922330000  -0.1620000000  -1.3565380000   2.1280420000   0.3992370000   3.1742570000   9.1637750000   0.3423350000   2.7428110000   8.0631120000   0.1681490000   2.2264220000   7.0120940000   0.0011700000  -0.0204530000  -0.0025410000  -0.0011790000   0.0201410000   0.0020910000  -0.0064150000   0.0023550000   0.0227010000   0.0154570000   0.0072970000  -0.0167770000  -0.0090330000  -0.0093390000  -0.0054740000
   6.3974952186   6.0668648249 2207  5.50E+00   1.1824520000  -0.9976600000   2.1943720000  -0.0142050000   0.0156980000   1.9847080000   0.0898640000   1.3071970000   7.9116000000  -0.0181320000   0.2604220000   8.3509760000  -0.0798090000  -0.8305640000   8.7701770000   0.0322400000  -0.0273220000   0.0056900000  -0.0322670000   0.0272120000  -0.0056870000  -0.0039760000  -0.0731820000   0.0299290000   0.0000370000   0.0643230000  -0.0250500000   0.0039660000   0.0089690000  -0.0048820000
   6.3969474140   6.0657672348 2213  8.54E-02   0.8512380000   1.5851710000   3.2241760000   0.8711200000   0.8376770000   1.9507540000  -1.9133740000  -1.9294110000   9.3540130000  -1.6001110000  -1.2924590000   8.3847060000  -1.2896430000  -0.6961050000   7.4071400000  -0.0000520000   0.0049470000   0.0081850000   0.0002670000  -0.0048260000  -0.0086350000  -0.0139440000  -0.0302850000   0.0420510000   0.0094030000   0.0231000000  -0.0263230000   0.0043260000   0.0070650000  -0.0152790000
   6.3964044854   6.0661522152 2383  2.88E+00  -0.4350250000  -0.8418220000   2.4876880000   0.3396230000   0.2954980000   1.7070740000  -0.3517650000   0.0524970000   7.7287960000  -0.6045930000  -0.2442510000   8.8538600000  -0.8631200000  -0.6042160000   9.9435600000  -0.0208950000  -0.0307050000   0.0208870000   0.0209030000   0.0306330000  -0.0214220000   0.0046070000   0.0020920000  -0.0228470000  -0.0020530000   0.0049860000   0.0161030000  -0.0025620000  -0.0070060000   0.0072800000
   6.3999456704   6.0682932608 2383  2.87E+00  -0.4310910000  -0.8459650000   2.4862130000   0.3397370000   0.2957290000   1.7064120000  -0.3535790000   0.0493740000   7.7299330000  -0.6040750000  -0.2472850000   8.8557470000  -0.8625110000  -0.5997090000   9.9444090000  -0.0208790000  -0.0309530000   0.0209520000   0.0208890000   0.0308810000  -0.0214930000   0.0044020000   0.0025210000  -0.0229310000  -0.0030260000   0.0022490000   0.0219000000  -0.0013850000  -0.0046980000   0.0015720000
   6.3998173459   6.0661297342 2503  3.59E+00   0.9739130000   1.1474330000   1.8199490000  -0.0110490000  -0.0115990000   2.1139960000   0.1445450000   1.4023220000   8.1511400000   0.0046740000   0.2559470000   8.0828150000  -0.1542330000  -0.9211500000   8.1098400000   0.0217730000   0.0256160000  -0.0064610000  -0.0217680000  -0.0255590000   0.0065650000  -0.0056170000  -0.0372040000   0.0057870000   0.0095480000   0.0585550000  -0.0144820000  -0.0039360000  -0.0214080000   0.0085910000
   6.3967200414   6.0650550852 2893  3.58E+00  -1.1075930000  -0.7781600000   2.0486650000   0.0174480000   0.0042980000   2.0455090000  -1.1536750000   0.3224350000   8.4454960000  -0.0054170000   0.2094460000   8.2718370000   1.1403830000   0.2355730000   8.0012140000   0.0389720000   0.0271080000  -0.0000640000  -0.0390640000  -0.0271360000   0.0000670000   0.0166820000   0.0078470000  -0.0078010000  -0.0167470000  -0.0173520000   0.0125760000   0.0001580000   0.0095330000  -0.0047780000
   6.3968014851   6.0695023788 2973  2.46E+00   0.5394050000  -1.3082440000   2.1812140000  -0.0065640000   0.0173850000   2.0033930000  -0.9124570000   0.9713690000   8.5896210000   0.0096800000   0.2218300000   8.3696980000   0.9039850000  -0.4546230000   7.9856140000  -0.0017410000   0.0041770000  -0.0005900000   0.0016380000  -0.0041200000   0.0005030000  -0.0453310000   0.0399240000   0.0016390000   0.0328500000  -0.0336930000   0.0125600000   0.0125840000  -0.0062890000  -0.0141120000
   6.3954572885   6.0664569475 3008  5.83E+00   0.5524410000  -0.9988100000   2.2556790000  -0.2107680000   0.0972400000   1.8989000000  -0.2038130000   0.8432580000   9.1403020000   0.4388940000   0.1168990000   8.5520410000   0.8921560000  -0.6660530000   7.8152200000  -0.0218260000   0.0313190000  -0.0102790000   0.0216910000  -0.0311310000   0.0099820000   0.0372440000  -0.0626460000  -0.0578250000  -0.0109250000   0.0460590000   0.0475410000  -0.0261850000   0.0164000000   0.0105810000
   6.3965011695   6.0698003016 3309  3.92E+00  -0.3645800000   0.2463100000   1.6348800000  -1.2646540000  -0.3723940000   2.4767090000   1.6228360000   0.8540410000   8.4021930000   2.2491410000   0.9125410000   7.4348650000   3.0277040000   0.9928980000   6.5453840000  -0.0272870000  -0.0187350000   0.0254650000   0.0271370000   0.0187230000  -0.0253250000   0.0338860000   0.0038430000  -0.0291460000  -0.0519780000  -0.0064270000   0.0295390000   0.0182410000   0.0025970000  -0.0005330000
   6.3995212444   6.0675087554 3317  7.23E+00  -1.4992780000  -0.7902790000   3.0106990000  -0.5501090000  -1.5180170000   2.4520520000   1.0977660000   2.8797530000   6.2937690000   1.0180560000   3.0157480000   7.4974640000   0.9798200000   3.1751460000   8.6432750000   0.0621880000  -0.0478140000  -0.0366450000  -0.0624040000   0.0473940000   0.0365030000   0.0071520000  -0.0035210000  -0.0602470000  -0.0104780000   0.0056620000   0.0885990000   0.0035420000  -0.0017210000  -0.0282090000
   6.3973670380   6.0683195181 3616  4.06E+00   0.7520960000   1.1792120000   2.4408480000  -0.7549110000   0.9663060000   2.0798080000   1.8594730000  -2.5013690000   8.5816760000   1.2890220000  -1.5376610000   8.2077030000   0.8956900000  -0.5569000000   7.7171710000   0.0368990000   0.0051960000   0.0087440000  -0.0369520000  -0.0052370000  -0.0091200000   0.0167710000  -0.0069060000  -0.0042900000  -0.0379080000   0.0282300000  -0.0003600000   0.0211900000  -0.0212830000   0.0050260000
