   6.3968026873   6.8145951526    6  8.19E+00  -0.5697090000  -0.2728200000   2.1820740000   0.9094140000   0.0539630000   1.9397550000  -0.9962100000   1.0197050000   8.9107830000  -1.5587490000   0.0706100000   8.4926160000  -2.3395890000  -0.6373500000   7.8899460000  -0.0287360000  -0.0063370000   0.0047010000   0.0288640000   0.0063770000  -0.0046870000  -0.0115540000   0.0192110000  -0.0089120000   0.0601120000  -0.0030960000   0.0455770000  -0.0486860000  -0.0161550000  -0.0366790000
   6.3955012700   6.8141162150   27  1.77E+00  -0.8216880000  -0.6715780000   2.5878960000   0.0087650000   0.0067770000   1.6881590000   0.7165020000   1.0496830000   9.3154400000   0.0091390000   0.2641350000   8.8597860000  -0.7153660000  -0.5518320000   8.4406230000   0.0170340000   0.0139260000  -0.0184480000  -0.0169300000  -0.0138100000   0.0183990000  -0.0305110000  -0.0346680000  -0.0154470000   0.0206260000   0.0242780000   0.0047100000   0.0097810000   0.0102730000   0.0107860000
   6.3963975922   6.8148154968   59  2.59E+00  -0.7513840000   0.7590710000   2.8705800000  -0.2488310000   0.2936160000   1.5867460000  -0.2752700000   0.2754510000   8.4014860000   0.4616620000  -0.2701540000   9.0659910000   1.2187640000  -0.8991860000   9.6884490000  -0.0000820000   0.0000880000   0.0002080000   0.0001720000  -0.0001430000  -0.0003820000   0.0657030000  -0.0538230000   0.0564710000  -0.0515110000   0.0470310000  -0.0408000000  -0.0142820000   0.0068480000  -0.0154970000
   6.3995625550   6.8136818459  204  4.07E+00  -0.3672100000  -0.8269570000   2.2843370000  -0.0543490000   0.6396570000   1.7936480000   0.3368730000   0.0978510000   9.2773480000   0.1153110000  -0.8725410000   8.6655200000  -0.1288700000  -1.8976670000   8.1168350000  -0.0082380000  -0.0386110000   0.0129250000   0.0082700000   0.0387510000  -0.0128990000  -0.0033020000  -0.0118760000  -0.0001720000   0.0088200000   0.0329910000   0.0036320000  -0.0055490000  -0.0212540000  -0.0034860000
   6.3993457727   6.8140289957  417  3.90E+00  -0.5260190000  -1.6783360000   3.1730860000   0.7520990000  -1.5123450000   2.4840880000  -0.8768760000   2.0976570000   8.0289340000  -1.3594960000   3.0471610000   7.4070700000  -1.8255780000   3.9612820000   6.8057440000  -0.0028310000  -0.0003220000   0.0014960000   0.0027860000   0.0004130000  -0.0015850000   0.0361880000  -0.0710310000   0.0482010000  -0.0235940000   0.0463150000  -0.0327520000  -0.0125480000   0.0246250000  -0.0153610000
   6.3951977445   6.8129497853 1035  3.50E+00  -1.7544830000   0.2520910000   2.7686270000  -0.8456830000  -0.6498610000   2.1324040000   0.5287380000   1.1154040000   8.5675490000   1.5796350000   1.4879390000   8.0841600000   2.6195190000   1.6849610000   7.5407180000   0.0076110000  -0.0075040000  -0.0052970000  -0.0075640000   0.0075500000   0.0053020000  -0.0565990000  -0.0299030000   0.0237230000   0.0311690000   0.0349370000  -0.0078950000   0.0253830000  -0.0050800000  -0.0158330000
   6.3964845464   6.8139329822 1119  4.82E+00   0.4960130000  -0.4773040000   3.0619210000   1.0643640000  -0.6064280000   1.8165030000  -1.6546550000   1.3300860000   9.7808690000  -1.9757890000   1.4536250000   8.6365710000  -2.2090670000   1.3250750000   7.4719100000   0.0184230000  -0.0042000000  -0.0402300000  -0.0182060000   0.0041170000   0.0400670000   0.0148770000  -0.0190840000   0.0336850000  -0.0139640000   0.0373070000  -0.0051690000  -0.0011300000  -0.0181400000  -0.0283540000
   6.3964451686   6.8115701288 1709  1.48E+00   0.1469510000   1.3823220000   2.3356860000  -0.0017150000  -0.0209850000   1.8394150000  -0.4233540000   1.3668900000   8.6010210000   0.0184810000   0.2545420000   8.6306140000   0.4087830000  -0.8525850000   8.5875570000   0.0017110000   0.0160240000   0.0057040000  -0.0016920000  -0.0160540000  -0.0056520000  -0.0172710000   0.0356110000  -0.0040790000   0.0198820000  -0.0341660000   0.0073780000  -0.0026300000  -0.0014160000  -0.0033500000
   6.3963996919   6.8108345554 2238  3.97E+00  -0.9930870000   0.1563970000   3.0610870000  -0.6744110000  -0.1090650000   1.5680340000   0.9351120000   0.5977110000  10.1969360000   1.2199830000   0.4264930000   9.0563600000   1.5797930000   0.3046390000   7.9816820000  -0.0071550000   0.0058930000   0.0330930000   0.0069730000  -0.0058940000  -0.0332250000   0.0003320000   0.0065280000   0.0255200000   0.0183220000  -0.0183170000  -0.1045300000  -0.0184730000   0.0117890000   0.0791420000
   6.3985532463   6.8127654990 2357  3.57E+00   1.1129700000  -0.1100630000   2.7076340000   0.2365750000  -0.9396850000   1.8785790000   0.1052590000   0.8977820000   8.4375610000  -0.4496810000   1.9437470000   8.5626720000  -1.0193200000   3.0306780000   8.5829910000   0.0026070000   0.0025170000   0.0024650000  -0.0026510000  -0.0024500000  -0.0025430000   0.0136510000  -0.0248470000  -0.0077240000   0.0272840000  -0.0540410000   0.0114850000  -0.0408910000   0.0788210000  -0.0036830000
   6.3959079823   6.8137384796 2932  8.41E+00  -0.6148040000   0.4875930000   2.4735430000   0.4299790000  -0.4192580000   1.7005610000  -1.8478230000   0.9911940000   9.3397250000  -0.7844490000   1.1036980000   8.8374470000   0.3280220000   0.9310890000   8.3783750000  -0.0286060000   0.0247910000   0.0211220000   0.0284510000  -0.0247710000  -0.0212280000  -0.0090390000  -0.0184770000   0.0089450000  -0.0481520000   0.0439470000   0.0092850000   0.0573460000  -0.0254900000  -0.0181250000
   6.3975147779   6.8123760024 3121  6.15E+00   0.0448130000   0.6326560000   3.0193510000   0.1004420000   0.6704920000   1.4938080000  -0.0320040000  -1.2452140000   8.0299380000  -0.1780080000  -0.9628400000   9.2107110000  -0.3388240000  -0.7327690000  10.4061370000  -0.0010160000  -0.0005900000   0.0275240000   0.0010030000   0.0007780000  -0.0277880000   0.0087000000  -0.0215680000  -0.0744080000   0.0042680000   0.0067350000  -0.0169970000  -0.0129550000   0.0146460000   0.0916700000
   6.3959140796   6.8133053782 3255  3.72E+00   0.7200640000  -0.5480070000   2.9695660000  -0.1123380000  -0.7302430000   1.6268880000   0.0706420000   1.2091700000  10.0812430000   0.2038280000   1.5771370000   8.9799720000   0.2920190000   1.9760910000   7.8665500000   0.0232770000   0.0049830000   0.0374650000  -0.0232880000  -0.0052200000  -0.0376510000  -0.0021560000   0.0043080000  -0.0066640000   0.0039160000  -0.0121700000   0.0207550000  -0.0017490000   0.0081000000  -0.0139060000
   6.3995940295   6.8140606235 3345  3.95E+00   1.9831860000   0.4335270000   5.2677460000   2.1211360000   1.2179950000   4.0740330000  -4.0296350000  -2.1031900000   3.3079650000  -3.8607810000  -2.0514220000   4.4753560000  -3.7905060000  -1.7794140000   5.6549980000   0.0008760000   0.0050260000  -0.0077300000  -0.0008990000  -0.0050980000   0.0076420000  -0.0086000000   0.0123640000  -0.0108140000   0.0126070000  -0.0379950000  -0.0463700000  -0.0039840000   0.0257030000   0.0572710000
   6.3978376687   6.8137142369 3811  4.30E+00   0.6233160000  -1.0265460000   2.4517330000  -0.0097720000   0.0109930000   1.7778790000  -1.0482920000  -0.2491260000   8.9869590000  -0.0224660000   0.3050070000   8.6760610000   1.0746930000   0.7176050000   8.4675230000  -0.0158590000   0.0259530000  -0.0168110000   0.0157810000  -0.0259420000   0.0168990000  -0.0414580000  -0.0329860000   0.0210090000   0.0115460000   0.0315570000  -0.0237460000   0.0299900000   0.0014190000   0.0026480000
   6.3961160177   6.8147962604 3922  3.06E+00  -0.5737860000  -1.2146560000   3.6177160000  -0.7413200000  -1.4178280000   2.1185000000   1.3086790000   2.9813900000   6.9024140000   1.3762350000   2.9379380000   8.0745850000   1.3966700000   2.6582840000   9.2289840000   0.0028520000   0.0034220000   0.0257900000  -0.0029380000  -0.0036220000  -0.0258520000  -0.0022290000  -0.0145020000   0.0055720000   0.0048310000   0.0349420000  -0.0262350000  -0.0025160000  -0.0202400000   0.0207250000
