   6.4004631326   6.0168526518  246  5.77E+00   1.0003770000  -1.5737090000   3.2244670000   1.8036130000  -1.5775000000   4.3257750000  -4.3841700000   3.4912990000   4.3937280000  -3.3113150000   3.0694390000   4.1280250000  -2.2007460000   2.8697280000   3.7014450000   0.0310020000  -0.0002550000   0.0424980000  -0.0308370000  -0.0001840000  -0.0423630000  -0.0142760000   0.0203710000  -0.0058590000  -0.0278180000  -0.0279060000   0.0315050000   0.0419290000   0.0079740000  -0.0257820000
   6.4001260874   6.0187427715  280  2.28E+00  -1.9431990000   0.1522270000   2.7445340000  -0.9384890000  -0.7915050000   2.3266110000   0.7524250000   1.0642830000   7.7967230000   1.7082220000   1.7479120000   7.7527800000   2.7746910000   2.2546160000   7.5919100000   0.0045980000  -0.0042820000  -0.0019550000  -0.0045590000   0.0043290000   0.0017020000   0.0104880000  -0.0089600000  -0.0058750000  -0.0432380000   0.0080640000   0.0167640000   0.0327110000   0.0008490000  -0.0106350000
   6.4016477651   6.0184431287  491  5.61E+00  -0.3111480000   1.3082750000   2.0673860000  -0.7674780000  -0.2087120000   2.0379240000   2.4940870000   0.4679910000   8.6542170000   1.4351780000   0.6218610000   8.1878660000   0.2811030000   0.7127840000   7.8922370000   0.0125140000   0.0413620000   0.0007760000  -0.0123170000  -0.0414120000  -0.0010450000  -0.0169890000  -0.0024460000   0.0068910000   0.0487090000   0.0043470000  -0.0131870000  -0.0319160000  -0.0018510000   0.0065650000
   6.4043206329   6.0179182194  548  3.31E+00  -0.4940720000  -0.2329820000   1.5276310000  -0.0346220000   1.0213160000   2.3326970000  -0.0439860000  -2.6801060000   7.2851630000   0.0973520000  -1.6060320000   7.7550120000   0.1749400000  -0.5125990000   8.1480670000  -0.0109170000  -0.0298010000  -0.0191230000   0.0109340000   0.0297960000   0.0191340000  -0.0051980000  -0.0069490000  -0.0069720000   0.0107670000   0.0257920000   0.0175950000  -0.0055860000  -0.0188390000  -0.0106350000
   6.4025250020   6.0180380991 1128  1.98E+00  -1.4258370000  -0.1460900000   1.9212510000   0.0177290000   0.0060850000   2.1062610000   0.4872080000  -0.8325170000   8.2924780000   0.0497330000   0.2723690000   8.1373520000  -0.5232530000   1.2945370000   7.9598080000  -0.0039380000  -0.0004250000  -0.0005020000   0.0039990000   0.0003940000   0.0005380000   0.0065950000  -0.0424650000   0.0052940000   0.0106060000   0.0313520000  -0.0028720000  -0.0172620000   0.0111440000  -0.0024580000
   6.4034207625   6.0186008501 1210  5.26E+00  -1.3771650000   0.7326060000   2.1015910000   0.0171510000  -0.0091330000   2.0159370000  -0.1763880000   1.3547750000   7.8747640000   0.0390370000   0.2610090000   8.3286100000   0.1481910000  -0.8635820000   8.6736840000  -0.0374840000   0.0199000000   0.0022670000   0.0375240000  -0.0200840000  -0.0023690000  -0.0146580000   0.0401950000  -0.0220300000   0.0196000000  -0.0231310000   0.0231870000  -0.0049820000  -0.0168810000  -0.0010550000
   6.4024604303   6.0187811317 1634  8.37E-01  -0.1153580000  -1.5258480000   2.8909360000  -0.1492220000  -0.5483430000   1.8072780000   0.0242720000   0.6013450000   7.7126860000   0.2914820000   1.3298710000   8.6067780000   0.5094300000   1.9226910000   9.6193060000   0.0000630000  -0.0016630000   0.0016460000  -0.0000280000   0.0016330000  -0.0021570000  -0.0056930000  -0.0152510000   0.0004780000   0.0020550000   0.0055310000  -0.0385970000   0.0036040000   0.0097490000   0.0386300000
   6.4046834901   6.0186353296 1810  1.03E+01  -0.4731270000  -0.7893690000   1.6641110000   0.7535750000   0.1196530000   2.1898740000  -2.0175010000  -0.7610840000   7.4595430000  -1.2607680000  -0.0222300000   7.9737140000  -0.7697750000   0.9176060000   8.5142050000  -0.0375650000  -0.0278480000  -0.0161450000   0.0376910000   0.0278910000   0.0162250000  -0.0136770000   0.0177360000   0.0066540000   0.0234690000  -0.0465420000  -0.0184810000  -0.0099170000   0.0287620000   0.0117480000
   6.4006384518   6.0172520126 2011  4.84E+00  -1.2201000000   0.2904690000   2.3462010000   0.0115830000   0.0007570000   1.8243350000  -0.5638930000   0.8501240000   7.7534770000  -0.0071140000   0.2021970000   8.6302320000   0.5882570000  -0.3363160000   9.5100420000   0.0438250000  -0.0103490000  -0.0186710000  -0.0436980000   0.0101430000   0.0182870000  -0.0326810000   0.0468630000  -0.0524340000   0.0113860000  -0.0356490000   0.0240990000   0.0211670000  -0.0110080000   0.0287190000
   6.4040834881   6.0155759186 2064  3.21E+00  -0.1709800000  -1.5183180000   2.0583980000   0.0051610000   0.0136580000   2.0898290000   1.1239730000   0.0465810000   8.0003560000   0.0005850000   0.2701640000   8.2052820000  -1.1394160000   0.4657310000   8.2743620000  -0.0037100000  -0.0321280000  -0.0006460000   0.0036270000   0.0321500000   0.0006310000  -0.0276120000   0.0034460000  -0.0029710000  -0.0056080000   0.0043050000   0.0133430000   0.0333030000  -0.0077730000  -0.0103570000
   6.4047263271   6.0166513788 2170  1.71E+00   1.3442580000  -0.3916730000   2.2647780000  -0.0871010000  -0.1749160000   1.9205800000   0.2650530000  -0.3124650000   9.1957250000   0.1020470000   0.5972720000   8.4695680000   0.0086550000   1.4500200000   7.7128600000   0.0136460000  -0.0021090000   0.0032860000  -0.0136380000   0.0019090000  -0.0034130000   0.0046830000  -0.0026330000  -0.0022920000  -0.0151830000   0.0577920000  -0.0430710000   0.0104910000  -0.0549590000   0.0454890000
   6.4021738338   6.0156291884 2383  7.76E+00  -0.4466970000  -0.5751480000   2.4297650000   0.3350240000   0.2869480000   1.7276170000  -0.3025740000   0.1437540000   7.7076470000  -0.6226010000  -0.1767780000   8.8171110000  -0.8750890000  -0.7202260000   9.8933500000   0.0318570000   0.0351210000  -0.0287370000  -0.0318660000  -0.0351720000   0.0282720000   0.0143090000  -0.0015170000  -0.0370270000   0.0010570000   0.0548520000  -0.0422430000  -0.0153560000  -0.0532840000   0.0797350000
   6.4023917934   6.0168593706 2383  7.45E+00  -0.4444910000  -0.5824950000   2.4301470000   0.3351600000   0.2872190000   1.7269280000  -0.3041100000   0.1405570000   7.7079330000  -0.6218430000  -0.1780240000   8.8172880000  -0.8749390000  -0.7169860000   9.8963510000   0.0299420000   0.0333890000  -0.0271290000  -0.0299510000  -0.0334400000   0.0266670000   0.0136060000  -0.0019200000  -0.0352310000   0.0021100000   0.0551010000  -0.0450500000  -0.0157070000  -0.0531300000   0.0807430000
   6.4021781209   6.0181453220 2383  7.07E+00  -0.4428740000  -0.5905000000   2.4310630000   0.3353030000   0.2874990000   1.7262310000  -0.3056630000   0.1373630000   7.7082620000  -0.6210900000  -0.1793610000   8.8175400000  -0.8747690000  -0.7136800000   9.8992510000   0.0276550000   0.0311910000  -0.0251700000  -0.0276630000  -0.0312410000   0.0247110000   0.0129250000  -0.0022910000  -0.0334940000   0.0030910000   0.0551870000  -0.0475680000  -0.0160080000  -0.0528460000   0.0815220000
   6.4015735406   6.0194839495 2383  6.64E+00  -0.4418020000  -0.5991180000   2.4324750000   0.3354530000   0.2877860000   1.7255290000  -0.3072320000   0.1341710000   7.7086340000  -0.6203410000  -0.1807900000   8.8178700000  -0.8745800000  -0.7103090000   9.9020510000   0.0250610000   0.0285860000  -0.0229170000  -0.0250700000  -0.0286360000   0.0224590000   0.0122680000  -0.0026270000  -0.0318270000   0.0039960000   0.0551110000  -0.0497820000  -0.0162560000  -0.0524330000   0.0820670000
   6.4040740682   6.0151220442 2452  4.98E+00   1.9874990000   0.2437990000   2.3718980000   0.7079480000  -0.6735060000   2.3379070000  -2.3511330000   1.2450490000   7.1486100000  -1.3261800000   1.4070690000   7.7271290000  -0.3141900000   1.7346380000   8.2263420000   0.0332180000   0.0238210000   0.0009200000  -0.0331350000  -0.0238470000  -0.0008510000  -0.0185560000   0.0085690000  -0.0131320000   0.0200370000  -0.0195580000   0.0171540000  -0.0015640000   0.0110150000  -0.0040910000
   6.4036234986   6.0170108353 2581  5.52E+00   0.2831560000  -0.2515530000   1.4492740000  -0.2517740000  -1.0153490000   2.4781950000   0.3293170000   1.0781870000   8.0892430000   0.4274780000   2.0669130000   7.4167090000   0.5893580000   3.1446130000   6.8762370000  -0.0136840000  -0.0195450000   0.0263290000   0.0136860000   0.0196080000  -0.0262170000   0.0000660000  -0.0314840000   0.0341930000  -0.0129440000  -0.0350590000  -0.0127200000   0.0128760000   0.0664790000  -0.0215850000
   6.4032517800   6.0159913679 3199  2.68E+00  -1.5650040000  -0.4150430000   3.0845380000  -0.7203120000  -1.1325640000   2.1270210000   1.6341480000   2.6844840000   9.1478350000   1.4465500000   2.2870310000   8.0474980000   0.9759410000   1.9687730000   6.9949350000  -0.0027160000   0.0021430000   0.0028650000   0.0025440000  -0.0024850000  -0.0032990000  -0.0146270000   0.0117480000   0.0215480000   0.0428320000  -0.0101060000  -0.0014280000  -0.0280340000  -0.0013010000  -0.0196850000
   6.4037388815   6.0160432587 3338  1.90E+00   1.1970450000  -1.8301380000   5.6921040000   1.1353060000  -1.6880940000   4.2582700000  -2.2599440000   3.2606010000   2.9875290000  -2.1064600000   3.4275990000   4.1265600000  -1.9041550000   3.4000420000   5.2904160000  -0.0002320000   0.0005380000  -0.0057280000   0.0002650000  -0.0005810000   0.0056600000   0.0063470000  -0.0079440000   0.0296820000  -0.0098130000   0.0198610000  -0.0373640000   0.0034330000  -0.0118750000   0.0077500000
   6.4017520816   6.0186142792 3391  4.45E+00  -0.6219430000  -1.1760760000   1.9733820000   0.0067420000   0.0138080000   2.0787860000   1.1527010000   0.4359730000   8.3614670000  -0.0069230000   0.2296810000   8.1885270000  -1.1419900000   0.0844170000   7.9863360000   0.0290460000   0.0549390000   0.0048780000  -0.0289680000  -0.0549410000  -0.0048430000   0.0272850000   0.0086540000   0.0032860000  -0.0534740000  -0.0159120000  -0.0075890000   0.0261120000   0.0072590000   0.0042680000
   6.4037729876   6.0197535056 3497  5.31E+00   1.4299600000   0.2610770000   2.3990430000  -0.0214820000  -0.0023790000   1.8288640000  -0.6464110000  -0.2837190000   7.8094780000  -0.0541090000   0.2963700000   8.6283770000   0.7042290000   0.7443430000   9.4294860000   0.0390880000   0.0071300000   0.0153340000  -0.0389520000  -0.0069960000  -0.0155810000   0.0226600000   0.0029740000   0.0175340000  -0.0506050000  -0.0043960000  -0.0347220000   0.0278090000   0.0012890000   0.0174350000
   6.4003285869   6.0152668794 3566  3.94E+00   2.0301950000  -0.8347470000   3.4445430000   0.8572820000  -1.4300610000   2.5959900000  -0.7740210000   2.0359680000   7.2337620000  -1.6327010000   2.8594930000   7.1728120000  -2.4096960000   3.6997590000   7.2008030000   0.0288990000   0.0146020000   0.0207570000  -0.0288980000  -0.0147440000  -0.0212040000   0.0191330000  -0.0112680000   0.0088580000  -0.0632690000   0.0518550000  -0.0134570000   0.0441350000  -0.0404460000   0.0050450000
