   6.4087615684   6.3190460119    7  1.35E+01   1.2277990000  -0.3787840000   2.2091710000  -0.4252600000  -0.3187540000   1.9013370000   1.8389730000   0.7753290000   8.8945650000   0.7806020000   0.8669650000   8.4797650000  -0.3784720000   0.8773160000   8.1059780000   0.0594430000  -0.0021480000   0.0110910000  -0.0592340000   0.0021200000  -0.0112150000  -0.0675320000   0.0001720000  -0.0205050000   0.1328060000   0.0041930000   0.0349520000  -0.0654840000  -0.0043380000  -0.0143230000
   6.4061121928   6.3197338500  105  4.96E+00  -1.0228420000   1.1787620000   2.5153590000   0.0158680000   0.2253920000   1.8066690000   0.0849150000   0.8490390000   8.0951770000   0.0584490000  -0.1973960000   8.6777670000  -0.1435990000  -1.2131070000   9.2102270000  -0.0274320000   0.0251150000   0.0186190000   0.0274210000  -0.0253050000  -0.0188420000  -0.0105040000   0.0310490000  -0.0174000000   0.0189350000  -0.0474020000   0.0278420000  -0.0084200000   0.0165440000  -0.0102200000
   6.4063899171   6.3152455075  196  2.60E+00  -1.4046310000  -1.4725610000   3.2526540000  -0.6953380000  -0.8195970000   2.0757770000   1.2176320000   1.2448180000   9.2002060000   1.2575940000   1.7221800000   8.1258480000   1.3994790000   2.3360640000   7.1290800000  -0.0120990000  -0.0111700000   0.0201450000   0.0120200000   0.0109850000  -0.0200980000   0.0068970000   0.0081930000   0.0083720000  -0.0145110000  -0.0190860000  -0.0133130000   0.0076930000   0.0110780000   0.0048940000
   6.4054332643   6.3162729005  486  5.54E+00   1.9962840000  -0.4777680000   2.5582680000   0.5106350000  -0.7040190000   2.2084290000   0.0446520000   1.1114030000   8.2402120000  -0.9438850000   1.5366370000   7.8805940000  -2.0120900000   1.9688660000   7.6544410000   0.0312480000   0.0047870000   0.0073850000  -0.0313160000  -0.0047140000  -0.0072810000  -0.0855960000   0.0351870000  -0.0174920000   0.0834840000  -0.0328630000   0.0044800000   0.0021800000  -0.0023970000   0.0129080000
   6.4083465556   6.3180891593  608  5.35E+00   0.5222620000  -1.1697490000   2.3251080000  -0.0054640000   0.0142810000   1.8790710000   0.2356560000  -0.7826600000   8.9882470000  -0.0413680000   0.2632980000   8.5456870000  -0.2102130000   1.2750550000   8.0667020000  -0.0181580000   0.0406890000  -0.0152910000   0.0181520000  -0.0407770000   0.0153080000   0.0037830000   0.0136140000  -0.0083120000  -0.0263540000   0.0761630000  -0.0321510000   0.0225760000  -0.0896890000   0.0404470000
   6.4075154014   6.3191901585  868  3.36E+00   0.8180100000   0.7536270000   2.7231500000   0.1476810000  -0.0230430000   1.6043960000  -0.4358710000   0.0211390000   7.8964290000  -0.2140000000   0.2070680000   9.0233470000  -0.1925760000   0.5786920000  10.1466620000   0.0110170000   0.0127240000   0.0181630000  -0.0108800000  -0.0126780000  -0.0185530000  -0.0080130000   0.0176040000   0.0321280000   0.0213870000  -0.0342440000  -0.0437820000  -0.0135100000   0.0165940000   0.0120440000
   6.4050262243   6.3159490469  936  2.04E+00   0.0845880000   0.4103380000   2.3387660000   0.7688660000  -0.8318550000   1.9283610000  -1.9256830000   1.7236040000   9.4608640000  -1.4302980000   1.7301930000   8.4204980000  -0.8458310000   1.7938560000   7.4410380000  -0.0044060000   0.0079290000   0.0025050000   0.0044210000  -0.0081580000  -0.0028540000   0.0271160000   0.0047710000  -0.0379750000   0.0064850000  -0.0053330000  -0.0350780000  -0.0336150000   0.0007900000   0.0734020000
   6.4070904288   6.3155940280 1264  4.76E+00  -0.8643980000  -0.7164340000   2.0632220000   0.6124980000  -0.8012320000   2.1888640000   0.1137310000   1.5571170000   8.0263420000  -1.1058070000   1.7557380000   7.9692270000  -2.2881070000   1.8592160000   7.9306750000  -0.0128180000   0.0007750000  -0.0010500000   0.0126950000  -0.0007530000   0.0010100000   0.0953430000  -0.0197880000   0.0069500000  -0.0669890000   0.0219720000  -0.0078440000  -0.0282310000  -0.0022060000   0.0009340000
   6.4090474493   6.3198482668 1351  5.87E+00  -0.9325490000  -1.8735850000   3.1067750000  -0.3649210000  -0.8865000000   2.1627530000   0.0445120000   0.9596300000   8.1930640000   0.5880000000   1.9837290000   7.9939980000   1.3953390000   2.7843030000   7.8100130000  -0.0040600000  -0.0070600000   0.0066950000   0.0040780000   0.0071850000  -0.0068280000   0.0258840000  -0.0036680000   0.0005310000  -0.0062770000   0.0582290000  -0.0112780000  -0.0196250000  -0.0546850000   0.0108810000
   6.4057583866   6.3190154268 1460  1.69E+00   1.1119620000  -0.6178140000   2.4543950000  -0.0149940000   0.0086530000   1.7891210000  -0.4870300000   1.1276700000   9.3271190000  -0.0545940000   0.2122300000   8.6981050000   0.5328400000  -0.6036050000   8.0545000000  -0.0012760000   0.0007280000  -0.0008330000   0.0011660000  -0.0005960000   0.0006350000  -0.0025800000   0.0315820000   0.0172940000  -0.0214920000  -0.0173490000  -0.0020360000   0.0241820000  -0.0143640000  -0.0150600000
   6.4087982184   6.3154813696 2393  2.43E+00   1.2493590000   1.3713310000   2.5247870000   1.1181380000   2.0767560000   3.8022890000  -2.4890760000  -3.5304970000   6.1003160000  -2.0417170000  -3.5144170000   5.0488670000  -1.6411830000  -3.6017930000   3.9620820000   0.0004410000  -0.0022580000  -0.0041510000  -0.0004740000   0.0023250000   0.0043140000   0.0231240000  -0.0075480000  -0.0660650000  -0.0064680000   0.0142400000   0.0351110000  -0.0166230000  -0.0067600000   0.0307910000
   6.4062387301   6.3160068217 2647  9.06E+00   0.5875160000  -1.1705430000   2.0822370000  -0.0702160000   0.1899050000   1.9779910000  -0.2887310000   1.0796270000   8.2271980000   0.1675700000  -0.0356570000   8.3731490000   0.4765950000  -1.2398730000   8.4785450000   0.0103050000  -0.0212820000   0.0016640000  -0.0102710000   0.0212910000  -0.0016300000  -0.0336520000   0.0594970000  -0.0090810000   0.0136860000   0.0518010000   0.0004890000   0.0199320000  -0.1113070000   0.0085580000
   6.4096919995   6.3198171936 2883  2.61E+00   0.8764420000  -1.5991670000   2.9922680000   2.0297080000  -0.9599510000   3.4972880000  -3.6185840000   1.7057350000   4.4621740000  -3.7641370000   1.9904810000   5.5736640000  -3.7477630000   2.3826770000   6.7000610000   0.0176270000   0.0097250000   0.0077350000  -0.0174960000  -0.0097960000  -0.0076300000   0.0042120000   0.0179230000   0.0399160000  -0.0148300000  -0.0348660000  -0.0683190000   0.0104870000   0.0170140000   0.0282990000
   6.4092722184   6.3193239424 2968  5.19E+00   0.1551800000   0.5849520000   2.0013350000  -0.3099980000  -0.9022230000   2.0090770000   0.8501220000   2.3874660000   7.2784150000   0.5733530000   1.7897690000   8.2824430000   0.2578920000   1.4257070000   9.3452710000   0.0109120000   0.0349050000  -0.0002820000  -0.0110100000  -0.0351750000   0.0001750000   0.0060270000   0.0336820000  -0.0241420000  -0.0070850000  -0.0528280000   0.0319400000   0.0011560000   0.0194160000  -0.0076900000
   6.4096316971   6.3183375295 3273  6.20E-01  -0.6394970000  -1.2364990000   2.2832470000   0.0077040000   0.0156950000   1.9026820000   0.2445080000  -0.8102850000   8.9018360000  -0.0101520000   0.2444200000   8.4876150000  -0.2350700000   1.3139910000   8.0814260000  -0.0011350000  -0.0022370000   0.0007280000   0.0011590000   0.0021210000  -0.0006980000  -0.0037870000   0.0256030000  -0.0079230000  -0.0024790000  -0.0071720000  -0.0019430000   0.0062420000  -0.0183150000   0.0098360000
   6.4060485667   6.3193436019 3320  4.97E-02  -0.6829020000  -1.5512550000   3.2685490000   0.4364190000  -1.5686870000   2.3760500000  -0.3191060000   2.0478260000   7.5028540000  -0.7854980000   3.1385880000   7.6311520000  -1.2277800000   4.2158600000   7.6971610000   0.0085220000  -0.0001550000  -0.0069200000  -0.0085730000   0.0000620000   0.0065640000   0.0121960000  -0.0248590000  -0.0053500000  -0.0175380000   0.0349730000   0.0098930000   0.0053930000  -0.0100210000  -0.0041870000
   6.4072084317   6.3161259351 3367  2.78E+00  -1.0456340000  -0.2062870000   1.8613850000  -0.3020250000  -1.2328260000   2.4541680000   0.2303760000   1.7315040000   8.3212040000   0.5628650000   2.4691640000   7.4566520000   0.9213480000   3.2726100000   6.7083250000   0.0153520000  -0.0211890000   0.0122780000  -0.0153470000   0.0212250000  -0.0121420000  -0.0015400000  -0.0025940000   0.0182480000   0.0124650000   0.0262450000  -0.0547550000  -0.0109300000  -0.0236870000   0.0363710000
   6.4057353849   6.3174735832 3535  1.24E+00  -0.1269870000  -0.8930120000   2.4355930000   0.5731680000   0.2180530000   1.7776690000  -0.6385480000   0.6527160000   7.9625930000  -1.0612660000  -0.1101270000   8.7242860000  -1.4193030000  -0.9151170000   9.4577460000  -0.0030920000  -0.0049390000   0.0028600000   0.0030820000   0.0047650000  -0.0031230000  -0.0110920000  -0.0308710000   0.0279540000  -0.0118970000  -0.0071230000   0.0113280000   0.0229990000   0.0381690000  -0.0390180000
   6.4072826648   6.3160701798 3535  1.05E+00  -0.1194080000  -0.8827230000   2.4357130000   0.5734180000   0.2180920000   1.7768920000  -0.6399190000   0.6522090000   7.9601030000  -1.0629220000  -0.1117180000   8.7260710000  -1.4184120000  -0.9142600000   9.4627700000  -0.0008370000  -0.0013630000   0.0007480000   0.0008280000   0.0011870000  -0.0010190000  -0.0081290000  -0.0255610000   0.0229730000  -0.0150210000  -0.0128590000   0.0168040000   0.0231600000   0.0385970000  -0.0395060000
   6.4095675815   6.3160467620 3552  8.84E+00  -1.2201440000  -1.6878430000   3.9884170000  -2.2897900000  -0.8259210000   4.6149420000   5.0155010000   2.2066320000   4.1856210000   4.2332020000   1.6536930000   3.5668590000   3.3192900000   1.4708120000   2.8385170000   0.0156040000  -0.0126730000  -0.0090780000  -0.0158060000   0.0124870000   0.0093520000  -0.0660820000  -0.0118900000  -0.0531520000   0.0669440000  -0.0182620000   0.0558180000  -0.0006600000   0.0303380000  -0.0029400000
   6.4094643851   6.3185132111 3662  1.44E+00   0.0895300000  -1.0365810000   2.6739180000   0.0033200000   0.0143350000   1.6289490000  -0.4062170000   0.4927390000  10.0403170000  -0.0646880000   0.2192060000   8.9572650000   0.4325580000   0.0240950000   7.9328580000   0.0006900000  -0.0090600000   0.0088500000  -0.0008330000   0.0090500000  -0.0092350000   0.0152440000   0.0022770000  -0.0085430000  -0.0058010000  -0.0160410000  -0.0396460000  -0.0093010000   0.0137740000   0.0485730000
   6.4098648743   6.3180762250 3870  6.81E+00   1.1048410000  -0.7326940000   2.0619030000  -0.0198750000   0.0106900000   2.0128300000  -0.8534950000   1.0781370000   8.1840310000   0.0574210000   0.2778180000   8.3043500000   0.8400410000  -0.6062500000   8.4006450000  -0.0524680000   0.0346930000  -0.0022480000   0.0525200000  -0.0346960000   0.0023020000  -0.0599650000   0.0412950000  -0.0067860000   0.0534210000  -0.0206630000   0.0050860000   0.0064910000  -0.0206290000   0.0016470000
