   6.4119007355   6.3028474193  196  2.01E+00  -1.4080240000  -1.4535510000   3.2332980000  -0.6946160000  -0.8190020000   2.0769590000   1.2213010000   1.2466950000   9.2035430000   1.2568170000   1.7209140000   8.1255230000   1.3930030000   2.3309720000   7.1213020000  -0.0088010000  -0.0078610000   0.0143310000   0.0087190000   0.0076690000  -0.0142910000   0.0065960000   0.0063070000   0.0119420000  -0.0148240000  -0.0206200000  -0.0106130000   0.0083100000   0.0145050000  -0.0013690000
   6.4140942584   6.3017487251  705  2.31E+00  -0.6130350000   1.1271510000   2.3470120000   0.0084530000  -0.0115390000   1.8014010000  -0.1399480000   1.1982510000   7.9841530000   0.0668950000   0.2520360000   8.6646440000   0.0861340000  -0.7131650000   9.3680200000   0.0107010000  -0.0196320000  -0.0094710000  -0.0106540000   0.0194600000   0.0093120000  -0.0139060000   0.0092530000  -0.0040400000   0.0249490000   0.0210000000  -0.0190240000  -0.0110910000  -0.0300800000   0.0232240000
   6.4143937010   6.3027096342 1277  1.15E+00  -0.3552920000   1.2722210000   2.8708980000   0.1930560000   0.5747850000   1.6654970000  -0.1682500000  -0.9918150000   7.7597050000  -0.3032400000  -0.8266310000   8.9319670000  -0.5458960000  -0.6507320000  10.0375210000  -0.0063900000   0.0082130000   0.0138960000   0.0063890000  -0.0079680000  -0.0143360000  -0.0050790000  -0.0027670000  -0.0226170000   0.0008090000   0.0103100000   0.0802090000   0.0042700000  -0.0077870000  -0.0571520000
   6.4123096693   6.3014552317 1380  2.57E+00  -0.0221230000   1.4943290000   2.8078730000   0.1156590000   0.4386270000   1.7022250000  -0.6789920000  -0.0175550000   7.9367070000  -0.2152200000  -0.5564560000   8.8803280000   0.2643220000  -1.1618000000   9.7198260000  -0.0026410000   0.0207250000   0.0215180000   0.0028080000  -0.0207280000  -0.0219570000   0.0000120000  -0.0040340000  -0.0069340000   0.0272580000  -0.0271970000   0.0642350000  -0.0274360000   0.0312340000  -0.0568620000
   6.4143064189   6.3032398274 1530  3.46E+00   0.0781630000  -1.5579720000   3.5977300000   0.3815830000  -1.6075120000   2.2534520000  -0.4906590000   2.7426500000   6.7307410000  -0.6589880000   3.2111990000   7.8232410000  -0.9252850000   3.6608500000   8.9166200000   0.0091870000  -0.0016150000  -0.0406930000  -0.0091330000   0.0012640000   0.0404750000   0.0004670000  -0.0170730000  -0.0392300000   0.0201510000  -0.0072480000  -0.0228130000  -0.0206720000   0.0246720000   0.0622620000
   6.4119217877   6.3036186222 1592  3.36E+00   0.9623010000  -0.8781140000   2.5872970000  -0.3239790000  -0.4499620000   1.7900300000   1.0895880000   1.3281570000   7.6701430000   0.5232560000   1.0995160000   8.6707960000   0.0750110000   0.8366580000   9.7190630000   0.0329860000  -0.0110680000   0.0203910000  -0.0331680000   0.0108860000  -0.0206260000   0.0030350000  -0.0037740000   0.0144430000  -0.0136400000   0.0044880000  -0.0114980000   0.0107870000  -0.0005330000  -0.0027100000
   6.4124635762   6.3032107987 1902  8.17E+00  -0.0571780000  -0.1862180000   1.9511410000   0.3768950000  -1.4112090000   2.3853670000  -1.3524620000   2.4918460000   8.5706390000  -0.6085600000   2.7530190000   7.6235790000  -0.0694000000   3.1888040000   6.6715270000   0.0150660000  -0.0426010000   0.0150840000  -0.0151080000   0.0424460000  -0.0150340000  -0.0647180000  -0.0077810000   0.0674010000   0.0748930000  -0.0050320000  -0.0649910000  -0.0101330000   0.0129680000  -0.0024590000
   6.4146965669   6.3030902407 2038  6.48E+00   0.4955360000   1.2218310000   1.8153890000   0.9138300000  -0.2312390000   2.2652860000  -2.7784390000   0.6907680000   7.3659110000  -1.6545390000   0.6098870000   7.8279620000  -0.5746130000   0.6169550000   8.3310960000  -0.0110190000   0.0382840000  -0.0118220000   0.0110050000  -0.0382980000   0.0119210000  -0.0685480000   0.0098540000  -0.0231790000   0.0414260000  -0.0151850000   0.0053860000   0.0271350000   0.0053450000   0.0176940000
   6.4117893431   6.3046359769 2181  4.82E+00   1.3403510000   0.8020310000   1.9661680000  -0.0127470000  -0.0104820000   2.0349000000  -1.0502420000   0.7900580000   8.3067060000  -0.0120730000   0.2512390000   8.2094540000   1.0385210000  -0.2891710000   8.2450210000   0.0360230000   0.0216540000  -0.0017980000  -0.0360770000  -0.0216310000   0.0019240000   0.0033680000  -0.0014430000   0.0098390000  -0.0131550000   0.0061970000  -0.0206090000   0.0098410000  -0.0047780000   0.0106430000
   6.4149205564   6.3048344842 2703  2.92E+00   0.8990380000   0.8760370000   2.3624310000  -0.0113350000  -0.0068690000   1.7920770000   0.0622800000  -0.6907510000   9.4117090000  -0.0486400000   0.2112370000   8.6720390000  -0.0257990000   1.1989660000   7.9805090000  -0.0224350000  -0.0218200000  -0.0141310000   0.0224340000   0.0215910000   0.0139330000   0.0082080000   0.0059210000   0.0031480000  -0.0173220000  -0.0498900000   0.0190940000   0.0091140000   0.0441980000  -0.0220450000
   6.4117966316   6.3015551608 2748  6.51E+00  -0.4951250000   1.4335750000   2.3202130000   0.5950850000   0.4493380000   1.9353790000  -0.5666070000   0.0462850000   9.2792780000  -1.1486190000  -0.5004660000   8.3983350000  -1.5119290000  -1.3173380000   7.6053830000  -0.0179190000   0.0162400000   0.0063750000   0.0179980000  -0.0160400000  -0.0063880000   0.0237660000  -0.0080760000   0.0214570000  -0.0299000000   0.0424010000  -0.0126040000   0.0060550000  -0.0345250000  -0.0088400000
   6.4131269042   6.3037990989 2754  1.05E+01   0.3440240000  -1.0453690000   2.7765270000  -0.3750780000  -0.3328590000   1.7580610000   0.3611730000   0.3587190000   9.7037200000   0.7633920000   1.0037690000   8.8389820000   0.9173070000   1.3036620000   7.7069620000  -0.0044160000   0.0042710000  -0.0063120000   0.0043020000  -0.0044810000   0.0059430000   0.0038640000   0.0102810000  -0.0691470000   0.0172990000   0.0203610000   0.0709100000  -0.0210500000  -0.0304330000  -0.0013950000
   6.4141212685   6.3032945846 3280  1.64E+01   1.0135420000  -1.4432560000   2.6543120000   0.6896820000   0.0303330000   1.9979230000  -1.2586840000  -0.8795790000   8.7097820000  -1.2550050000   0.3017080000   8.3944990000  -1.3074870000   1.2801990000   7.8443470000   0.0108270000  -0.0491880000   0.0219350000  -0.0107900000   0.0492010000  -0.0219550000  -0.0044800000  -0.0742810000   0.0011800000   0.0033300000   0.1895220000  -0.0434020000   0.0011130000  -0.1152530000   0.0422410000
   6.4129719319   6.3033054803 3280  1.54E+01   1.0073050000  -1.4317370000   2.6507820000   0.6898570000   0.0302200000   1.9972550000  -1.2586380000  -0.8793860000   8.7133180000  -1.2558000000   0.3010730000   8.3955130000  -1.3074130000   1.2803210000   7.8436060000   0.0102790000  -0.0472610000   0.0211510000  -0.0102420000   0.0472700000  -0.0211710000  -0.0043030000  -0.0742530000   0.0014610000   0.0033000000   0.1858670000  -0.0419840000   0.0009650000  -0.1116230000   0.0405430000
   6.4118888458   6.3032966128 3280  1.42E+01   1.0008660000  -1.4192870000   2.6468350000   0.6900330000   0.0300960000   1.9965920000  -1.2585860000  -0.8791010000   8.7168520000  -1.2566010000   0.3001310000   8.3965970000  -1.3073410000   1.2805800000   7.8428160000   0.0096700000  -0.0450130000   0.0202190000  -0.0096320000   0.0450180000  -0.0202390000  -0.0041230000  -0.0737180000   0.0016090000   0.0033110000   0.1807270000  -0.0398830000   0.0007740000  -0.1070140000   0.0382950000
   6.4108792367   6.3032682490 3280  1.29E+01   0.9942360000  -1.4059520000   2.6424890000   0.6902130000   0.0299600000   1.9959350000  -1.2585300000  -0.8787250000   8.7203840000  -1.2574060000   0.2988900000   8.3977470000  -1.3072700000   1.2809730000   7.8419780000   0.0089940000  -0.0423990000   0.0191150000  -0.0089550000   0.0423990000  -0.0191360000  -0.0039410000  -0.0726850000   0.0016240000   0.0033580000   0.1741860000  -0.0371400000   0.0005450000  -0.1015010000   0.0355380000
   6.4117994431   6.3014033011 3392  4.19E+00   0.1611980000  -1.3333440000   2.1873230000   0.0016300000   0.0167610000   1.9785120000   0.8035000000  -0.6160150000   8.1965730000  -0.0347400000   0.2260310000   8.4035220000  -0.7957180000   1.1343050000   8.4771450000  -0.0051380000   0.0432600000  -0.0066960000   0.0050460000  -0.0431990000   0.0066700000   0.0401720000  -0.0316190000  -0.0150460000  -0.0286460000   0.0083520000   0.0203840000  -0.0114350000   0.0232060000  -0.0053120000
   6.4148099954   6.3016029963 3535  3.08E+00  -0.0507220000  -0.7911820000   2.4441880000   0.5760010000   0.2186310000   1.7690330000  -0.6536270000   0.6478980000   7.9345780000  -1.0774290000  -0.1252230000   8.7411840000  -1.4110440000  -0.9082680000   9.5156660000   0.0228600000   0.0367900000  -0.0246900000  -0.0228580000  -0.0369820000   0.0243620000   0.0155550000   0.0176590000  -0.0189470000  -0.0339340000  -0.0461090000   0.0498550000   0.0183760000   0.0286420000  -0.0305810000
   6.4135086682   6.3002453364 3535  3.41E+00  -0.0456140000  -0.7848510000   2.4468890000   0.5762820000   0.2187200000   1.7682240000  -0.6550620000   0.6474240000   7.9320780000  -1.0786070000  -0.1262110000   8.7423010000  -1.4104490000  -0.9078990000   9.5211970000   0.0244110000   0.0393490000  -0.0267030000  -0.0244080000  -0.0395420000   0.0263730000   0.0172040000   0.0207560000  -0.0220580000  -0.0344560000  -0.0466940000   0.0504860000   0.0172490000   0.0261300000  -0.0280980000
   6.4115244353   6.3010750304 3662  1.58E+00   0.0884380000  -1.0042660000   2.6519740000   0.0033880000   0.0139370000   1.6361760000  -0.4037040000   0.4940790000  10.0256150000  -0.0601900000   0.2203570000   8.9437030000   0.4263990000   0.0218390000   7.9230310000  -0.0004270000   0.0045220000  -0.0046590000   0.0002880000  -0.0045290000   0.0042810000   0.0150540000   0.0017370000  -0.0098400000   0.0015350000  -0.0183030000  -0.0528790000  -0.0164500000   0.0165730000   0.0630970000
   6.4109202829   6.3032099307 3804  8.17E-01  -0.7747570000   0.9619740000   2.5402400000   0.0083500000  -0.0165030000   1.6947860000  -0.7133500000   0.1407670000   7.9545680000  -0.0154710000   0.2619290000   8.8674290000   0.7320750000   0.3720920000   9.7656610000  -0.0117290000   0.0147360000   0.0126010000   0.0118790000  -0.0146980000  -0.0129100000   0.0295340000   0.0037370000   0.0353650000  -0.0324610000  -0.0029150000  -0.0338470000   0.0027770000  -0.0008600000  -0.0012100000
