   6.4128806724   6.6885311510   84  1.22E+00  -0.4690810000   0.2048620000   2.8636260000   0.0047710000  -0.0016820000   1.4636630000   0.0911550000   0.4192770000   8.1383750000  -0.0123900000   0.2239430000   9.2601960000  -0.0761280000   0.0957810000  10.4209160000  -0.0050290000   0.0021510000   0.0145940000   0.0049790000  -0.0022160000  -0.0149440000  -0.0035180000  -0.0072890000   0.0751090000   0.0000780000   0.0012740000  -0.0670180000   0.0034900000   0.0060800000  -0.0077420000
   6.4119828368   6.6856710098  261  2.89E+00  -1.1930710000   0.9467280000   2.3625570000  -0.0271660000   0.3177580000   1.8456030000  -0.1967590000  -1.4820960000   8.7402770000   0.0619630000  -0.3562330000   8.5140370000   0.3610850000   0.7905870000   8.5032220000   0.0131150000  -0.0071160000  -0.0057640000  -0.0131310000   0.0070000000   0.0058870000   0.0022340000  -0.0008350000   0.0155430000  -0.0083650000  -0.0132480000  -0.0311850000   0.0061470000   0.0141990000   0.0155190000
   6.4121491012   6.6875299350  280  3.83E+00  -0.3976520000  -0.1241620000   2.6375510000  -1.3089880000  -1.0460970000   2.2119700000   3.3576710000   2.7671030000   8.0748350000   2.3649250000   2.1579020000   7.9550700000   1.4294480000   1.5329290000   7.7412240000  -0.0344810000  -0.0348940000  -0.0161740000   0.0344870000   0.0348720000   0.0159490000  -0.0039200000  -0.0059880000  -0.0072230000  -0.0556800000  -0.0300990000   0.0001340000   0.0595930000   0.0361090000   0.0073140000
   6.4110322366   6.6862431524  288  1.32E+00  -1.8654270000  -0.3820150000   3.9097260000  -1.6462710000  -1.7355130000   3.5077980000   3.1581130000   3.7490040000   6.6416410000   3.0662380000   3.3712510000   5.5507650000   2.8794770000   3.0995270000   4.4274940000   0.0018860000  -0.0117650000  -0.0034330000  -0.0019760000   0.0116660000   0.0035730000  -0.0087570000  -0.0029940000  -0.0336450000   0.0117350000  -0.0091230000   0.0208350000  -0.0028880000   0.0122160000   0.0126700000
   6.4113695363   6.6870480938  340  2.63E+00  -0.6422010000   0.6808520000   2.9533840000  -0.0034550000   0.9766250000   1.6758230000  -0.1791320000  -1.2196060000  10.0047830000  -0.0304090000  -1.6216920000   8.9056660000   0.2596780000  -1.7957180000   7.7554190000  -0.0008930000  -0.0003040000   0.0016100000   0.0008000000   0.0005180000  -0.0018570000   0.0076310000   0.0178360000   0.0069850000  -0.0247750000  -0.0268100000   0.0271590000   0.0172380000   0.0087590000  -0.0338980000
   6.4112525471   6.6855612798  469  3.01E+00   1.3730920000  -0.1977370000   2.4217920000  -0.0168960000   0.0026440000   1.8344990000   0.8926250000   0.9537260000   8.3892640000   0.0249010000   0.2428700000   8.6741840000  -0.9134450000  -0.4491190000   8.7857320000   0.0239020000  -0.0034720000   0.0101130000  -0.0239410000   0.0034230000  -0.0101150000  -0.0349910000  -0.0230860000  -0.0008250000   0.0305630000   0.0147280000   0.0130080000   0.0044670000   0.0084070000  -0.0121810000
   6.4116057200   6.6877678030  932  3.68E+00  -1.3959830000  -0.2737600000   2.3609610000   0.0174440000   0.0031150000   1.8234220000   1.0252630000   0.7447260000   8.8712530000  -0.0022330000   0.2977880000   8.5930940000  -1.0227550000  -0.2789100000   8.4237770000  -0.0283040000  -0.0055210000   0.0107750000   0.0284180000   0.0056090000  -0.0107310000  -0.0361320000  -0.0247740000  -0.0014560000   0.0441110000   0.0383770000  -0.0063700000  -0.0080940000  -0.0136910000   0.0077820000
   6.4130588389   6.6856150149  977  3.75E+00  -1.5039930000  -1.1808630000   3.2830790000  -1.4062960000  -0.1676190000   2.2410010000   1.8244370000   0.8531620000   8.7478940000   2.6243870000   0.5348040000   7.8809360000   3.3235870000   0.3445660000   6.9381620000  -0.0000690000  -0.0007830000   0.0008430000   0.0000300000   0.0007760000  -0.0007920000  -0.0550580000   0.0273970000   0.0505360000   0.0437730000  -0.0305750000  -0.0254950000   0.0113240000   0.0031860000  -0.0250930000
   6.4102401171   6.6881430682 1246  3.18E+00  -0.3767620000  -0.0154350000   2.8119600000   0.1256670000  -0.6138130000   1.5558270000  -0.5741530000   1.6320550000  10.2227830000  -0.2899190000   1.3747490000   9.0690380000   0.1879220000   1.0901060000   8.0229780000  -0.0036870000   0.0042980000   0.0089450000   0.0035760000  -0.0043630000  -0.0092460000  -0.0047270000   0.0131320000   0.0724640000  -0.0130910000  -0.0080740000  -0.0663240000   0.0179290000  -0.0049940000  -0.0058390000
   6.4140765653   6.6884257487 1383  2.06E+00   0.9529460000   0.0846570000   2.6559410000  -0.0112170000   0.0017430000   1.6362050000   0.5547500000   0.9525990000   8.2324610000   0.0520930000   0.2361560000   9.0046330000  -0.5978760000  -0.4562470000   9.6700490000  -0.0172120000  -0.0015380000  -0.0182500000   0.0171460000   0.0013880000   0.0180710000  -0.0203760000  -0.0123060000   0.0096440000   0.0132940000  -0.0080060000   0.0154010000   0.0071470000   0.0204620000  -0.0248650000
   6.4120786498   6.6872442091 1386  2.12E-01  -0.2569060000  -0.5971160000   2.9891130000   0.0528760000  -0.5200510000   1.5340960000  -0.3533830000   1.3311880000  10.2652870000  -0.1008270000   1.2095670000   9.1394210000   0.1811860000   1.0833510000   8.0250030000  -0.0031000000  -0.0008290000   0.0142100000   0.0030230000   0.0006960000  -0.0145610000   0.0080170000  -0.0030660000  -0.0251160000   0.0004130000  -0.0017320000  -0.0189340000  -0.0083530000   0.0049310000   0.0444010000
   6.4149285483   6.6863344339 1498  1.92E+00  -0.9974050000  -0.0011100000   3.1314230000  -1.2852050000  -0.8186960000   1.9943460000   3.2865360000   2.3024760000   8.8256470000   2.3455270000   1.7233250000   8.3278100000   1.4341510000   1.1803390000   7.7663500000  -0.0024450000  -0.0068650000  -0.0096690000   0.0023770000   0.0068180000   0.0093510000   0.0549800000   0.0348570000   0.0248550000  -0.0234030000  -0.0171110000  -0.0015470000  -0.0315100000  -0.0176980000  -0.0229900000
   6.4122046950   6.6891454975 1716  4.18E+00   0.9406140000  -1.0562570000   2.4230680000  -0.1070780000  -0.3505200000   1.9117030000   1.1994670000   0.3591200000   8.4335140000   0.1567590000   0.8626780000   8.4909860000  -0.8416330000   1.4980760000   8.4933570000  -0.0406330000   0.0273620000  -0.0197920000   0.0405850000  -0.0273570000   0.0198580000  -0.0263010000   0.0233940000  -0.0006290000   0.0333430000  -0.0389490000   0.0030060000  -0.0069950000   0.0155510000  -0.0024420000
   6.4123297400   6.6865541042 1882  2.62E+00  -0.2531160000   0.3800660000   2.8006930000   0.0048460000  -0.0021990000   1.5137980000   0.4370510000   0.6491700000   8.1545000000   0.0205310000   0.2399180000   9.2056480000  -0.4607180000  -0.1545620000  10.1993180000   0.0093610000  -0.0139870000  -0.0470810000  -0.0094690000   0.0138800000   0.0467450000   0.0111400000   0.0157890000  -0.0395340000  -0.0059300000  -0.0157040000   0.0407320000  -0.0051020000   0.0000210000  -0.0008620000
   6.4147058287   6.6856024459 2038  5.57E+00   1.2285400000   1.0142970000   3.0074660000   1.2854300000  -0.2386430000   2.0222260000  -1.1797160000   0.7535720000   8.1570320000  -2.3714110000   0.6880530000   8.3067460000  -3.5372270000   0.5455190000   8.3193480000  -0.0016420000   0.0357360000   0.0279990000   0.0015920000  -0.0357590000  -0.0282430000   0.0439100000  -0.0022840000  -0.0123080000  -0.0410800000   0.0075400000   0.0204770000  -0.0027800000  -0.0052340000  -0.0079250000
   6.4134690910   6.6855993319 2133  3.39E+00  -0.9899570000  -0.0671700000   2.7384450000   0.0096770000  -0.0012750000   1.5848190000   0.5601530000   0.9055920000   9.8665060000  -0.0555990000   0.3047270000   9.0725790000  -0.5043700000  -0.4360760000   8.2364310000  -0.0182730000  -0.0011390000   0.0209840000   0.0183360000   0.0012950000  -0.0212570000   0.0083540000  -0.0109710000  -0.0050030000  -0.0032240000   0.0457040000   0.0353570000  -0.0051920000  -0.0348890000  -0.0300800000
   6.4124001678   6.6872028606 2460  1.34E+01   1.7897130000   0.0580000000   2.7322210000   0.3636940000  -0.3388030000   1.8922610000   0.0519440000   0.0566470000   8.9276280000  -0.7268980000   0.8822690000   8.5722660000  -1.4353950000   1.6571220000   8.0158420000   0.0526480000   0.0146530000   0.0310300000  -0.0526230000  -0.0146850000  -0.0310290000   0.0201470000  -0.0199970000  -0.0041980000  -0.0113560000   0.0088930000   0.0255730000  -0.0088150000   0.0111360000  -0.0213750000
   6.4115577833   6.6888915808 2512  8.47E+00  -0.2393700000   1.1815830000   2.3373230000   0.0039740000  -0.0178130000   1.7617920000   0.2351700000   1.3708240000   9.1460320000  -0.0411760000   0.2674020000   8.6802770000  -0.2090210000  -0.8693680000   8.3928370000   0.0108740000  -0.0535610000  -0.0256290000  -0.0108780000   0.0536290000   0.0257380000   0.0252200000   0.0738790000   0.0432610000  -0.0287360000  -0.0535790000  -0.0504050000   0.0035200000  -0.0203680000   0.0070350000
   6.4102692192   6.6870458168 2620  5.00E+00   0.2915690000  -1.0910350000   3.4328670000  -0.0612100000  -1.4955020000   1.9451020000   0.0495860000   3.5722600000   9.4086580000   0.1672930000   2.9372040000   8.4177840000   0.1121550000   2.4481070000   7.3427380000   0.0094860000   0.0107040000   0.0398170000  -0.0094670000  -0.0110040000  -0.0400930000  -0.0127570000   0.0180850000   0.0079570000   0.0242440000  -0.0257860000   0.0021390000  -0.0115070000   0.0080000000  -0.0098200000
   6.4138362111   6.6887140831 2727  8.74E-01  -0.0248990000  -0.3430830000   2.9268710000  -0.0851910000  -0.2947470000   1.4823200000  -0.0666270000   0.5198520000   8.1212190000   0.1668580000   0.7231360000   9.2485560000   0.3684010000   1.1186230000  10.3496480000  -0.0001320000   0.0000930000  -0.0038300000   0.0001730000  -0.0001500000   0.0034580000   0.0011580000   0.0157330000   0.0158910000  -0.0030060000  -0.0360060000  -0.0354860000   0.0018070000   0.0203300000   0.0199670000
   6.4146051431   6.6896203711 2811  3.85E+00  -0.3407880000   1.3308850000   2.4007850000   0.0069990000  -0.0153210000   1.7829350000  -0.7436500000  -0.6474410000   8.4001830000  -0.0498350000   0.2869130000   8.7231760000   0.7675760000   1.1123970000   8.9968830000  -0.0059290000   0.0230190000   0.0105980000   0.0059730000  -0.0229290000  -0.0105770000  -0.0239060000  -0.0484520000  -0.0158410000  -0.0079820000   0.0299940000   0.0095030000   0.0318450000   0.0183680000   0.0063150000
   6.4120268220   6.6855020221 2874  5.11E+00   0.8676830000  -0.7620260000   3.2644120000   0.9270850000  -0.8932560000   1.8578820000  -1.0001670000   1.1793940000   7.9147590000  -1.7942830000   1.8826530000   8.4638060000  -2.3376240000   2.6041250000   9.2483080000   0.0008810000  -0.0019360000  -0.0205700000  -0.0008770000   0.0018930000   0.0202260000   0.0314620000  -0.0127480000   0.0050480000  -0.0309370000  -0.0098080000  -0.0429430000  -0.0005310000   0.0226000000   0.0382390000
   6.4106707256   6.6868453479 3094  1.44E-01  -0.5497660000   0.3265070000   2.8522040000   0.0103440000  -0.0041950000   1.4865550000  -0.1404090000   0.7270610000  10.2926750000  -0.0063190000   0.2497180000   9.2393370000   0.1281290000  -0.2264710000   8.1686670000  -0.0085510000   0.0050860000   0.0206150000   0.0084940000  -0.0049730000  -0.0209710000   0.0018500000  -0.0063720000  -0.0149580000  -0.0023200000   0.0076620000   0.0175980000   0.0005270000  -0.0014040000  -0.0022850000
