   6.4180460157   6.7284216098  200  3.97E+00   0.1988130000   0.4359360000   2.6477770000  -0.0763650000  -0.5666130000   1.6005590000  -0.4759340000   1.2126250000  10.0777740000   0.1414060000   1.2093450000   9.0187940000   0.7386380000   1.3695370000   7.9926440000   0.0016600000   0.0061960000   0.0064130000  -0.0017840000  -0.0063150000  -0.0066190000  -0.0441890000   0.0094000000   0.0762260000   0.0247300000  -0.0242630000  -0.0442360000   0.0195830000   0.0149830000  -0.0317850000
   6.4196926452   6.7272253607  396  2.53E+00  -1.1392050000  -0.9944690000   2.3577970000   0.2705550000  -0.6573990000   2.0030920000  -0.3929120000   0.3286750000   8.6244990000  -0.4904140000   1.4629810000   8.2529190000  -0.5183810000   2.6066130000   8.0287830000  -0.0149000000  -0.0035170000   0.0037930000   0.0148790000   0.0036310000  -0.0036970000   0.0072660000  -0.0322020000   0.0218710000  -0.0120650000   0.0476190000  -0.0358210000   0.0048200000  -0.0155320000   0.0138540000
   6.4195637616   6.7282166025  513  2.12E+00   0.0677040000  -0.3388050000   2.8191450000  -0.0027420000   0.0059280000   1.5019390000  -0.4300580000   0.6503420000   8.1855780000  -0.0049280000   0.2374610000   9.2123790000   0.4431870000  -0.1491880000  10.2212530000  -0.0026660000   0.0131990000  -0.0507430000   0.0027650000  -0.0133240000   0.0504550000  -0.0040740000   0.0072110000  -0.0124270000   0.0042420000  -0.0103300000   0.0173480000  -0.0002680000   0.0032440000  -0.0046340000
   6.4165086461   6.7265341168  623  6.67E+00   1.3330220000   0.9800860000   2.9385100000   0.3026830000   0.6772360000   1.7838660000  -0.2469620000  -0.1782320000   9.4545070000  -0.6791650000  -0.9903590000   8.7039270000  -0.8388430000  -1.8346640000   7.9184840000   0.0270590000   0.0079850000   0.0303650000  -0.0270680000  -0.0078700000  -0.0303620000   0.0241870000   0.0086590000   0.0087820000  -0.0460960000  -0.0260840000  -0.0265540000   0.0219170000   0.0173110000   0.0177690000
   6.4167565305   6.7294104928  770  7.63E+00  -0.3414570000   2.1587500000   4.8291280000  -1.0545950000   1.6211660000   5.8035340000   2.5479220000  -1.7336280000   1.2152670000   1.9272490000  -2.7558560000   1.3832050000   1.2937160000  -3.7423900000   1.4590480000  -0.0459840000  -0.0346700000   0.0628070000   0.0459100000   0.0345590000  -0.0627680000   0.0271280000   0.0458450000  -0.0140190000  -0.0241220000  -0.0433420000   0.0198660000  -0.0029310000  -0.0023920000  -0.0058860000
   6.4166778360   6.7283438362  770  9.70E+00  -1.9003910000   1.1591580000   4.7253910000  -0.8514260000   1.8476170000   5.7676650000   0.4558700000  -3.3262510000   1.6697780000   1.6188140000  -3.0999200000   1.4620790000   2.7008520000  -2.9594550000   1.1309980000  -0.0337300000  -0.0220940000  -0.0335290000   0.0338900000   0.0222170000   0.0335650000  -0.0418620000  -0.0144160000  -0.0028360000   0.1128960000   0.0292160000  -0.0086030000  -0.0711940000  -0.0149230000   0.0114040000
   6.4189968185   6.7255016041  806  4.57E-01   1.1139010000   0.2498800000   2.5465220000  -0.0121570000  -0.0049160000   1.6976460000  -1.0099640000   0.5632600000   9.3614720000  -0.0110290000   0.2507120000   8.8661780000   1.0087790000  -0.0549860000   8.3450180000  -0.0081460000  -0.0018120000  -0.0061560000   0.0079890000   0.0018590000   0.0060540000   0.0272810000  -0.0076300000  -0.0138060000  -0.0406590000   0.0107500000   0.0199770000   0.0135360000  -0.0031660000  -0.0060700000
   6.4177380124   6.7299340168  929  2.95E+00  -0.5376350000  -0.3188070000   2.7778340000   0.1561310000  -1.1471160000   1.8090900000   0.2538520000   1.5322570000   7.9818870000  -0.3560760000   2.3396690000   8.6162330000  -0.7324280000   3.1480960000   9.3410850000   0.0006270000  -0.0008240000  -0.0010730000  -0.0007770000   0.0007970000   0.0007600000   0.0272710000  -0.0139400000  -0.0035620000  -0.0598140000   0.0495630000   0.0294210000   0.0326930000  -0.0355960000  -0.0255450000
   6.4178085053   6.7254703133  976  3.40E+00  -1.2554390000  -0.0354230000   4.8208680000  -2.7692750000   0.2705130000   4.5499660000   3.8899430000  -0.0957940000   3.6824490000   5.0584330000  -0.2197860000   3.6853960000   6.2222400000  -0.4003160000   3.5247620000   0.0376370000  -0.0076490000   0.0068310000  -0.0380080000   0.0076510000  -0.0067230000   0.0054780000  -0.0041170000  -0.0108190000  -0.0316900000   0.0118780000   0.0249320000   0.0265830000  -0.0077630000  -0.0142210000
   6.4197128122   6.7251394678  984  8.24E-01  -0.9502020000  -1.1779700000   3.4692270000  -0.7699560000  -1.2140430000   2.0622930000   2.2368740000   3.2906870000   8.3652230000   1.4471620000   2.4724720000   8.1745040000   0.5819560000   1.6783540000   7.9812350000   0.0022620000  -0.0004900000  -0.0177310000  -0.0022060000   0.0004390000   0.0174390000  -0.0316040000  -0.0257900000  -0.0061790000   0.0511710000   0.0371270000   0.0083670000  -0.0196230000  -0.0112860000  -0.0018970000
   6.4180467670   6.7278581233 1030  8.59E+00   0.6464000000  -0.6383390000   3.1477440000   0.3119790000  -0.7480900000   1.6288670000  -1.2609300000   1.8774890000   9.8766260000  -0.5619290000   1.6155610000   9.0342710000   0.0839440000   1.3737490000   8.0092960000   0.0078870000   0.0024850000   0.0356720000  -0.0079530000  -0.0026880000  -0.0361450000   0.0576620000  -0.0215300000  -0.0851980000  -0.0966220000   0.0356920000   0.1631380000   0.0390260000  -0.0139600000  -0.0774660000
   6.4152301843   6.7256434232 1118  3.50E+00   1.0429580000  -0.0643770000   2.5446220000  -0.0154850000  -0.0035170000   1.6919410000  -0.1796350000   1.2896880000   9.3663460000   0.0004210000   0.2698180000   8.8657460000   0.1909440000  -0.7829450000   8.3690780000  -0.0423490000   0.0024940000  -0.0341230000   0.0423230000  -0.0023240000   0.0340480000   0.0081330000  -0.0444350000  -0.0196340000  -0.0091450000   0.0487400000   0.0185790000   0.0010380000  -0.0044750000   0.0011290000
   6.4197483514   6.7257924066 1131  6.83E-01   0.5804900000   1.5697010000   3.0072260000   0.2304430000   0.8641130000   1.8188250000  -0.6552030000  -2.4981460000   8.8055180000  -0.4026820000  -1.3667500000   8.6307300000  -0.2299690000  -0.2026510000   8.4435000000  -0.0034500000  -0.0069990000  -0.0118020000   0.0034540000   0.0068780000   0.0116530000  -0.0049880000   0.0026160000  -0.0002170000   0.0064300000  -0.0298230000   0.0035790000  -0.0014460000   0.0273280000  -0.0032130000
   6.4178104393   6.7297484649 1211  4.99E+00   0.9584260000  -1.0925460000   2.3318840000  -0.0103220000   0.0169320000   1.8784730000   0.4934920000   1.2821480000   8.4689900000   0.0249560000   0.2179670000   8.5447320000  -0.5210590000  -0.7738270000   8.5892350000   0.0201060000  -0.0230240000   0.0094620000  -0.0201070000   0.0229970000  -0.0093760000  -0.0167740000  -0.0191210000   0.0009430000  -0.0226780000  -0.0688040000   0.0036280000   0.0394530000   0.0879520000  -0.0046580000
   6.4177108542   6.7283160523 1335  3.29E+00   0.8319740000   0.7140160000   2.8403210000   0.0429320000   0.5492150000   1.5972820000  -0.1091670000  -1.7295930000   9.7631720000  -0.0889610000  -0.7828900000   9.0126920000  -0.0908780000   0.2170800000   8.3160630000   0.0061880000   0.0012350000   0.0096190000  -0.0061590000  -0.0013650000  -0.0098560000  -0.0023110000  -0.0475390000   0.0433540000   0.0037290000  -0.0140130000  -0.0067430000  -0.0014470000   0.0616820000  -0.0363750000
   6.4173366091   6.7250473173 1699  3.85E+00   1.2522390000   0.2049580000   2.9372170000   0.5374620000   0.3031670000   1.6820330000  -0.0354220000   0.1928690000   8.3817270000  -0.9580490000  -0.3074910000   8.9400690000  -2.0084890000  -0.8013660000   9.3226500000  -0.0015310000   0.0001840000  -0.0027420000   0.0014770000  -0.0002390000   0.0025580000   0.0117270000   0.0108340000  -0.0202780000   0.0624350000   0.0201980000   0.0057250000  -0.0741070000  -0.0309770000   0.0147380000
   6.4176953900   6.7253668823 2117  6.58E+00  -0.9817560000   0.1817340000   2.5657510000   0.0081340000  -0.0037170000   1.6570040000  -0.9269620000   0.4902360000   8.2987030000   0.0377030000   0.2187060000   8.9018500000   0.9198890000   0.0403710000   9.5827710000   0.0419580000  -0.0078730000  -0.0385370000  -0.0417710000   0.0078030000   0.0384020000   0.0122000000   0.0019250000   0.0194430000   0.0736360000  -0.0250410000   0.0357360000  -0.0860240000   0.0231860000  -0.0550440000
   6.4164776478   6.7274547141 2131  3.21E+00  -0.2288290000   0.6572560000   2.9056600000   0.4680980000   1.0133180000   1.7045870000  -0.6215040000  -0.6761100000   8.1246530000  -0.9033010000  -1.5500310000   8.8926590000  -1.0237690000  -2.5747810000   9.5046640000   0.0048780000   0.0024890000  -0.0085530000  -0.0048700000  -0.0024880000   0.0082250000   0.0174120000   0.0148870000  -0.0292420000  -0.0226500000   0.0322510000   0.0159570000   0.0052310000  -0.0471390000   0.0136130000
   6.4185578237   6.7296443665 2864  5.89E+00  -1.0938100000   0.4319430000   2.8165590000  -0.0802800000   0.4850440000   1.6012670000   0.1644770000   0.0062090000   9.9719870000   0.1726470000  -0.6080310000   9.0223970000   0.1757700000  -1.3117290000   8.0815570000  -0.0275030000  -0.0013430000   0.0328960000   0.0274650000   0.0015770000  -0.0330810000   0.0003570000  -0.0572810000  -0.0770210000  -0.0001360000   0.0576840000   0.0659660000  -0.0001830000  -0.0006380000   0.0112400000
   6.4151297537   6.7269585713 3561  6.21E+00  -0.9894380000   0.5660950000   2.4611740000   0.0119960000  -0.0120190000   1.7194700000  -0.3317380000   1.2855140000   9.2534180000  -0.1042760000   0.2218240000   8.8056090000   0.4124500000  -0.7400040000   8.3949210000   0.0328920000  -0.0189760000  -0.0243340000  -0.0329840000   0.0190640000   0.0243640000   0.0212790000   0.0023280000   0.0015450000  -0.0298310000  -0.0311990000  -0.0151430000   0.0086450000   0.0287820000   0.0135670000
   6.4187879494   6.7260820361 3634  5.91E+00  -0.2995960000   0.2205350000   2.6113350000  -0.3459830000  -0.7984850000   1.7210140000   0.8623420000   1.9965440000   7.7183420000   0.6363350000   1.6175600000   8.8059450000   0.4067630000   1.4507700000   9.9125790000  -0.0020810000  -0.0447190000  -0.0390800000   0.0019620000   0.0444800000   0.0388950000  -0.0027540000   0.0114110000   0.0170030000  -0.0107080000  -0.0367960000   0.0476730000   0.0135820000   0.0256240000  -0.0644900000
   6.4197615549   6.7278604983 3668  1.57E+01   0.2163720000   0.8116180000   2.4293180000  -0.4865590000   0.0287450000   1.7022960000   0.2745040000   1.0291520000   8.3116890000   0.9159840000   0.1265000000   8.7739610000   1.4542310000  -0.6311310000   9.4481900000  -0.0693380000  -0.0773300000  -0.0717770000   0.0694450000   0.0771380000   0.0716730000  -0.0230280000   0.0328230000   0.0046980000   0.0556350000  -0.0788030000   0.0126050000  -0.0327140000   0.0461710000  -0.0171980000
   6.4197399126   6.7287916000 3700  2.63E-01  -0.8290920000  -0.6509420000   3.3248570000  -1.0818640000  -0.9342780000   1.8914680000   2.0593320000   2.3728870000   9.6013880000   1.9715900000   1.9498030000   8.4828960000   1.9159310000   1.5581010000   7.3758010000   0.0019560000   0.0022500000   0.0115960000  -0.0021750000  -0.0023760000  -0.0118010000   0.0055540000   0.0184160000   0.0441790000  -0.0081390000  -0.0206560000  -0.0453280000   0.0028050000   0.0023650000   0.0013540000
