   6.4165386748   6.2754055993  136  2.53E+00   0.3834440000   0.5338870000   2.3777460000  -0.6746370000  -0.1832980000   1.7837140000   1.9876680000   0.2969610000   9.5081560000   1.1816560000   0.5953460000   8.7441460000   0.4704120000   0.8255880000   7.8707270000  -0.0171640000  -0.0116820000  -0.0097560000   0.0172080000   0.0115740000   0.0093760000  -0.0299270000   0.0086800000  -0.0429280000  -0.0159050000   0.0087100000   0.0023430000   0.0457880000  -0.0172820000   0.0409640000
   6.4172467962   6.2769348927  235  3.86E+00   1.4874670000  -0.2836440000   2.2435080000  -0.0178820000   0.0028920000   1.9323400000  -0.0676160000   1.4001410000   8.7128460000   0.0030760000   0.2577510000   8.4631970000   0.0609000000  -0.9025320000   8.1431300000   0.0367230000  -0.0069440000   0.0075910000  -0.0367260000   0.0071090000  -0.0076430000  -0.0007700000  -0.0024160000  -0.0036750000  -0.0006550000   0.0501940000   0.0191180000   0.0014280000  -0.0479430000  -0.0153920000
   6.4186697319   6.2751950844  460  2.56E+00  -0.0591430000  -2.3444090000   3.3119500000   0.1209130000  -1.1589080000   2.3882520000   0.4166700000   1.6788010000   8.2857430000  -0.2178570000   2.4200710000   7.6100730000  -0.8532710000   3.1277070000   6.8664180000  -0.0027810000  -0.0182820000   0.0142890000   0.0028130000   0.0182620000  -0.0142390000   0.0134950000  -0.0170780000   0.0114570000   0.0156090000  -0.0142030000   0.0252170000  -0.0291370000   0.0313020000  -0.0367240000
   6.4161072438   6.2786447527  792  2.17E+00   1.4387910000  -0.6176790000   2.3177460000   0.0715670000  -0.2511520000   1.9923110000   0.9729060000   0.4772940000   8.6133350000  -0.1790390000   0.7477120000   8.3745410000  -1.2865720000   0.9423040000   8.0050060000  -0.0008280000   0.0002310000  -0.0001690000   0.0008570000  -0.0002280000   0.0001670000   0.0543190000  -0.0164900000   0.0041260000  -0.0405120000   0.0179090000   0.0077150000  -0.0138360000  -0.0014210000  -0.0118390000
   6.4156724675   6.2783513185  798  7.70E+00  -1.0159600000   0.0433530000   2.7484140000  -0.8841330000  -1.4059720000   2.2256130000   1.9630390000   3.3514330000   8.9401740000   1.6262570000   2.8047940000   7.9014700000   1.2957200000   2.2497250000   6.8410020000  -0.0029510000   0.0312410000   0.0111490000   0.0027310000  -0.0315200000  -0.0115130000   0.0243720000   0.0386260000   0.0730450000   0.0021940000   0.0070520000   0.0148070000  -0.0263460000  -0.0453980000  -0.0874880000
   6.4150217025   6.2791641594 1158  2.90E+00   0.5011330000  -0.7328070000   1.8583210000  -0.8375760000  -0.9753830000   2.4530780000   2.2805580000   2.4092600000   6.7250020000   1.5376780000   2.0832820000   7.5282170000   0.7165970000   1.6319670000   8.2564380000   0.0116170000   0.0021000000  -0.0051580000  -0.0116430000  -0.0021050000   0.0051700000  -0.0517500000  -0.0285510000   0.0466650000   0.0670150000   0.0423050000  -0.0516020000  -0.0152390000  -0.0137480000   0.0049260000
   6.4181945238   6.2756632084 1220  1.98E+00   0.8489900000   0.1123470000   1.7491880000  -0.0562800000  -0.8228430000   2.2493830000  -0.0027090000   2.8105500000   7.3659770000   0.0694920000   1.7504240000   7.9056730000   0.1781300000   0.6654880000   8.3562830000  -0.0207020000  -0.0213990000   0.0114540000   0.0206950000   0.0213760000  -0.0114170000   0.0004840000   0.0251830000  -0.0174070000  -0.0037170000  -0.0145110000   0.0176260000   0.0032400000  -0.0106490000  -0.0002550000
   6.4159798367   6.2787824260 1312  5.00E+00  -0.0306930000   1.2889540000   2.2083400000   0.0060960000  -0.0182240000   1.8737090000   1.0407590000   0.0441470000   8.0663410000   0.0111410000   0.3075010000   8.5486710000  -1.0776350000   0.4224940000   9.0205040000   0.0016640000  -0.0603520000  -0.0154260000  -0.0017980000   0.0604050000   0.0153930000  -0.0189220000  -0.0058080000   0.0082890000   0.0497990000   0.0125750000  -0.0202190000  -0.0307430000  -0.0068190000   0.0119640000
   6.4173095881   6.2790666074 1387  1.45E+00  -0.9783570000  -1.6770580000   2.6461440000  -0.4731940000  -0.4196660000   2.0848430000   0.0499540000   1.8280400000   7.9244330000   0.8600620000   1.0482610000   8.1574700000   1.7292870000   0.2742810000   8.3740470000  -0.0018830000  -0.0047030000   0.0021450000   0.0019220000   0.0046900000  -0.0020760000   0.0433350000  -0.0365600000   0.0115950000  -0.0570330000   0.0440270000  -0.0141200000   0.0136600000  -0.0074550000   0.0024560000
   6.4189756226   6.2792560632 1701  2.48E+00  -0.9637480000  -0.2963630000   2.6048320000   0.0100660000   0.0057780000   1.6724950000  -0.2694410000   0.7555040000   7.9005640000   0.0188830000   0.2818300000   8.9217440000   0.2657120000  -0.2895850000   9.8861490000   0.0281780000   0.0086820000  -0.0270890000  -0.0281250000  -0.0088470000   0.0266960000   0.0055860000  -0.0209680000   0.0284540000   0.0090980000   0.0010930000   0.0213820000  -0.0147360000   0.0200390000  -0.0494430000
   6.4195014720   6.2768456041 1841  2.57E+00  -1.3524200000   0.4774590000   2.0882890000   0.0193440000  -0.0072670000   1.9724050000  -1.1503670000  -0.0165260000   8.6206630000   0.0051990000   0.2195660000   8.3572890000   1.1350600000   0.5455860000   8.1245040000  -0.0021880000   0.0007660000   0.0002300000   0.0021360000  -0.0008040000  -0.0001690000  -0.0579860000  -0.0063890000   0.0158700000   0.0182720000  -0.0106330000  -0.0108010000   0.0397660000   0.0170600000  -0.0051310000
   6.4165125044   6.2778752741 2016  5.71E+00   0.3472690000   1.2345810000   2.5218330000   0.6852340000  -0.0802880000   1.7636600000  -1.0635800000   0.7128490000   9.8437860000  -1.2193240000   0.4686690000   8.6968470000  -1.4651860000  -0.0538100000   7.6616860000  -0.0077360000   0.0304140000   0.0174540000   0.0079550000  -0.0302660000  -0.0177230000  -0.0043690000  -0.0156130000   0.0200420000   0.0124590000   0.0374800000  -0.0218270000  -0.0083090000  -0.0220140000   0.0020540000
   6.4160313806   6.2763954640 2020  5.75E+00  -0.6083700000   0.3700190000   2.5246360000   0.0545340000  -0.4496180000   1.6800110000   0.1451060000   0.9654560000  10.0564610000  -0.0053350000   1.0487490000   8.8761030000  -0.3751280000   1.1571130000   7.7320310000   0.0302910000  -0.0374820000  -0.0387320000  -0.0301940000   0.0373160000   0.0382990000  -0.0083090000  -0.0010380000   0.0392570000   0.0364740000  -0.0052000000   0.0040540000  -0.0282620000   0.0064050000  -0.0428770000
   6.4194850520   6.2774257317 2175  2.32E+00  -1.1603880000  -0.7483020000   1.9872460000   0.0147020000   0.0091670000   2.0273270000   1.1398530000  -0.0498390000   8.2028130000  -0.0054030000   0.2444380000   8.2234520000  -1.1361140000   0.5553800000   8.3748980000   0.0246250000   0.0158710000   0.0008850000  -0.0246500000  -0.0158550000  -0.0007550000   0.0134030000  -0.0020250000   0.0097250000  -0.0018460000  -0.0025970000  -0.0213130000  -0.0115320000   0.0046060000   0.0114570000
   6.4171757333   6.2798240153 2393  9.93E+00   1.5258960000  -0.4057250000   2.9822070000   1.2485480000   0.5229300000   2.1153260000  -1.4631040000   0.0925220000   7.7631470000  -2.2731200000  -0.7002880000   8.1456220000  -3.1621620000  -1.4652230000   8.3708130000  -0.0223160000   0.0747000000  -0.0698300000   0.0223830000  -0.0748130000   0.0695390000   0.0176290000   0.0244130000  -0.0187930000   0.0157250000  -0.0015250000   0.0208830000  -0.0334210000  -0.0227760000  -0.0017990000
   6.4192934851   6.2782820828 2690  5.07E+00   0.1182270000   0.8172680000   2.6260790000  -1.1640990000   0.7619890000   1.9482800000   1.6643440000  -0.8580410000   7.3141200000   2.1962030000  -1.1814390000   8.3614530000   2.4933140000  -1.4244310000   9.5145280000  -0.0012350000   0.0000090000  -0.0007940000   0.0010580000   0.0001300000   0.0003560000  -0.0415220000   0.0217400000  -0.0503030000   0.0369550000  -0.0118740000  -0.0234640000   0.0047440000  -0.0100060000   0.0742050000
   6.4151234359   6.2768618022 2723  1.30E+01   0.4701140000  -0.8482470000   2.5907030000  -0.1545610000   0.4143020000   1.6187980000   0.2488280000  -0.2888680000   7.8430910000   0.3001950000  -0.5566780000   8.9969440000   0.2681130000  -0.6212410000  10.1562330000   0.0233420000  -0.0471990000   0.0360900000  -0.0233450000   0.0471560000  -0.0366160000  -0.0059970000   0.0158350000  -0.0068980000   0.0109720000  -0.0307640000   0.0299530000  -0.0049720000   0.0149720000  -0.0225290000
   6.4175436421   6.2782962785 2982  1.41E+01   0.4514630000  -0.6506130000   2.3196740000   0.0217110000  -2.1135310000   2.9646080000  -0.5856520000   5.1842080000   6.5503480000  -0.0935910000   4.1110680000   6.5874810000   0.5190370000   3.0137820000   6.5535260000   0.0146360000   0.0499570000  -0.0221510000  -0.0147860000  -0.0501950000   0.0218100000  -0.0037060000   0.0210760000  -0.0043340000  -0.0589650000   0.0797710000   0.0103310000   0.0628210000  -0.1006090000  -0.0056550000
   6.4181272845   6.2777114213 3147  3.26E+00   0.5075080000  -2.0234430000   2.8276530000   0.2608780000  -0.6681520000   2.1172810000  -0.4365330000   0.3438620000   8.2735060000  -0.4825270000   1.4991470000   8.1005600000  -0.5361000000   2.6828060000   7.8942560000   0.0054840000  -0.0301000000   0.0157690000  -0.0054850000   0.0301810000  -0.0157770000  -0.0010560000   0.0116250000  -0.0018970000   0.0038090000  -0.0610030000   0.0110840000  -0.0027530000   0.0492970000  -0.0091790000
   6.4150903401   6.2764790971 3367  5.01E+00  -0.9948600000  -0.2358420000   1.8423310000  -0.3016500000  -1.2286350000   2.4555660000   0.2383690000   1.7408350000   8.3439000000   0.5497020000   2.4648440000   7.4525010000   0.9181650000   3.2474540000   6.6829610000   0.0290110000  -0.0415490000   0.0257040000  -0.0290180000   0.0415780000  -0.0255650000  -0.0019640000  -0.0092680000   0.0263990000   0.0091700000   0.0283600000  -0.0596270000  -0.0071990000  -0.0191210000   0.0330890000
   6.4165529857   6.2786732446 3624  5.47E-01  -0.9083440000   0.8625250000   2.4998870000   0.0155460000  -0.0126000000   1.7270010000  -0.3987230000   1.0233790000   9.6201310000  -0.0143630000   0.2326290000   8.8225590000   0.3890960000  -0.5017530000   7.9754350000  -0.0090470000   0.0085880000   0.0075220000   0.0089460000  -0.0084340000  -0.0077600000  -0.0075930000   0.0215540000   0.0158570000  -0.0030030000  -0.0079830000   0.0050600000   0.0106960000  -0.0137240000  -0.0206790000
   6.4177205022   6.2774984180 3719  3.30E+00   0.1791410000   1.2615030000   2.5850380000  -0.0046950000  -0.0128250000   1.6736620000   0.6303710000   0.1435410000   9.8711260000  -0.0202820000   0.2512480000   8.9196060000  -0.6029830000   0.3400960000   7.9126110000   0.0049070000   0.0335770000   0.0238810000  -0.0047410000  -0.0335820000  -0.0242630000  -0.0130000000   0.0016050000  -0.0293430000  -0.0030430000   0.0014950000   0.0119110000   0.0158760000  -0.0030950000   0.0178130000
   6.4161152838   6.2750045062 3753  2.19E+00   1.0691150000   0.5102020000   2.1895050000  -0.0710970000  -0.3073760000   1.9182520000   1.1909940000   0.9386490000   8.8304160000   0.0958500000   0.7976580000   8.5248550000  -0.9752290000   0.6531910000   8.0530330000  -0.0097700000  -0.0070320000  -0.0023180000   0.0099330000   0.0070240000   0.0022200000  -0.0563290000  -0.0075980000  -0.0269810000   0.0540780000   0.0075370000   0.0366520000   0.0020890000   0.0000690000  -0.0095730000
