   6.4232019658   6.1107883164  265  2.80E+00   0.7947550000   0.6032380000   2.5730630000   0.3123340000  -0.3136510000   1.7047740000  -0.7555000000   0.9184690000  10.0034490000  -0.6094000000   0.7768290000   8.8385030000  -0.3969710000   0.7144890000   7.6865420000  -0.0217030000  -0.0413190000  -0.0392730000   0.0217690000   0.0412350000   0.0387690000   0.0019830000   0.0073970000   0.0193040000  -0.0046850000  -0.0131360000  -0.0291050000   0.0026360000   0.0058240000   0.0103050000
   6.4236642583   6.1125264517  332  3.27E+00  -0.0794210000  -2.2808590000   3.8418320000  -0.6295150000  -1.5134100000   2.6096820000   1.0904980000   2.8476750000   8.3383200000   1.1865260000   3.0684800000   7.1652960000   1.1677340000   3.2385420000   6.0084800000   0.0124670000  -0.0174010000   0.0279610000  -0.0125130000   0.0172080000  -0.0279240000  -0.0102830000  -0.0099230000   0.0407760000   0.0169260000   0.0134720000  -0.0544120000  -0.0065970000  -0.0033550000   0.0135990000
   6.4237797468   6.1126774117  509  8.36E+00  -1.8057180000  -0.3898460000   2.5737120000  -0.6465040000   0.0107420000   1.9849740000   0.5472990000   0.6332210000   9.2075360000   1.1150110000   0.1937180000   8.2652620000   1.9582350000  -0.1200560000   7.5133600000   0.0463850000   0.0160640000  -0.0234870000  -0.0465850000  -0.0160210000   0.0235480000   0.0148250000   0.0119430000   0.0209270000  -0.0219610000  -0.0252120000  -0.0468260000   0.0073370000   0.0132260000   0.0258380000
   6.4216559453   6.1134785043  814 -4.86E-01   0.8361100000  -1.5898910000   4.6767070000   0.5588940000  -1.5976160000   6.0860820000  -1.4693890000   3.8770000000  -0.0043180000  -1.0335320000   3.2203340000   0.8552100000  -0.5986730000   2.4722310000   1.6734860000  -0.0016200000  -0.0001910000   0.0085300000   0.0017080000  -0.0002190000  -0.0081480000   0.0035470000  -0.0112440000   0.0043780000  -0.0114120000   0.0303340000  -0.0162500000   0.0077770000  -0.0186800000   0.0114880000
   6.4212435769   6.1138256335  850  2.68E+00  -1.4744410000   0.6217590000   2.2804300000  -0.1777130000   0.1120060000   1.9156370000  -0.2180230000   0.7981800000   9.1072820000   0.3067500000   0.0381180000   8.4220170000   0.9681830000  -0.7376790000   7.8607040000   0.0059370000  -0.0022970000  -0.0016110000  -0.0060860000   0.0024470000   0.0015980000   0.0345660000  -0.0365780000  -0.0219210000  -0.0267820000   0.0166050000  -0.0045310000  -0.0076360000   0.0198240000   0.0264640000
   6.4215895889   6.1108982201 1107  3.17E+00  -2.1597180000   0.4210120000   4.6590800000  -2.1381470000   0.6632100000   3.1148960000   3.3264340000  -1.0441960000   5.2517620000   3.9110760000  -0.9530570000   6.2383860000   4.5520300000  -0.8914310000   7.2162120000  -0.0005670000  -0.0058690000   0.0376590000   0.0002600000   0.0060140000  -0.0376110000   0.0340120000   0.0016970000   0.0472930000  -0.0340410000   0.0008020000  -0.0404940000   0.0003370000  -0.0026430000  -0.0068470000
   6.4249787419   6.1108103283 1578 -4.08E-03  -1.0996920000  -1.4966520000   3.6793620000  -0.4463170000  -1.5724800000   2.3228820000   0.7800910000   2.4744600000   6.7342540000   0.8299940000   3.1145450000   7.7158860000   0.8951350000   3.8227770000   8.6418030000  -0.0093000000   0.0009530000   0.0191010000   0.0091280000  -0.0013360000  -0.0194030000   0.0019900000   0.0113530000   0.0057650000  -0.0023880000  -0.0099020000   0.0057570000   0.0005700000  -0.0010680000  -0.0112210000
   6.4236530957   6.1144070174 1633  5.96E+00  -0.6758390000   1.4033940000   1.9212120000   0.0079950000  -0.0172110000   2.0572140000   1.1238400000   0.0330530000   8.0687310000   0.0184240000   0.2969130000   8.2106490000  -1.1350180000   0.4292640000   8.3734860000  -0.0184510000   0.0383590000  -0.0036250000   0.0184330000  -0.0383250000   0.0037030000  -0.0661240000   0.0055100000   0.0112630000   0.0587350000   0.0051750000  -0.0128290000   0.0074070000  -0.0107180000   0.0014890000
   6.4200187836   6.1124775723 2035  4.80E+00  -1.7397240000  -0.6079320000   3.0599780000  -0.8160070000  -0.2849950000   1.9391400000   1.0500040000   0.9695650000   9.5162620000   1.5360790000   0.8242140000   8.3923990000   1.9818110000   0.5610110000   7.3074610000  -0.0088350000  -0.0030620000   0.0106590000   0.0085840000   0.0030560000  -0.0108220000  -0.0397800000   0.0051090000   0.0902120000   0.0230760000   0.0116510000  -0.0495070000   0.0169540000  -0.0167550000  -0.0405420000
   6.4228693454   6.1109094657 2134  3.61E+00   0.0878520000  -0.6328110000   1.6363250000  -0.0948200000   0.6211840000   2.1758970000  -0.1727830000   0.2126380000   8.2726360000   0.1730140000  -0.8818860000   8.0537980000   0.5109200000  -1.9254080000   7.7125470000  -0.0056810000   0.0389800000   0.0167780000   0.0056830000  -0.0389900000  -0.0167800000   0.0048080000  -0.0134950000  -0.0105320000   0.0124410000  -0.0415430000   0.0008140000  -0.0172510000   0.0550480000   0.0097190000
   6.4222622654   6.1143033408 2169  2.27E-01   0.2691070000   1.2320470000   2.4877050000  -0.0066590000  -0.0136130000   1.7083890000  -0.2138230000  -0.2750900000   7.8135850000   0.0114520000   0.2426140000   8.8280590000   0.2215270000   0.7710010000   9.8715740000   0.0031280000   0.0140810000   0.0087160000  -0.0030610000  -0.0139360000  -0.0090680000   0.0046620000   0.0137150000   0.0299710000  -0.0084490000  -0.0264310000  -0.0555780000   0.0037200000   0.0125710000   0.0259590000
   6.4210576319   6.1142915765 2182  5.18E+00   0.8889990000   1.0942580000   1.9666290000  -0.3905170000   0.3264760000   2.0986140000   1.6337820000  -1.0014470000   8.0245450000   0.6619510000  -0.4015230000   8.2069070000  -0.2363770000   0.2911040000   8.2108600000   0.0152860000   0.0091720000  -0.0015690000  -0.0152810000  -0.0092130000   0.0015470000  -0.0339080000   0.0315700000  -0.0049320000  -0.0480910000   0.0201360000   0.0174650000   0.0819940000  -0.0516660000  -0.0125100000
   6.4207099020   6.1105214469 2268  1.12E+01   0.4615610000  -1.8368820000   3.3219460000   0.2661300000  -0.9535910000   1.9943440000  -0.6459960000   2.2583550000   7.1119510000  -0.5335960000   2.0370140000   8.3447050000  -0.3116340000   1.7783360000   9.4553680000   0.0058670000  -0.0264880000   0.0396480000  -0.0057500000   0.0260880000  -0.0399190000  -0.0043370000   0.0190600000  -0.1161190000   0.0005540000  -0.0195640000   0.1349270000   0.0036670000   0.0009050000  -0.0185370000
   6.4220930390   6.1106219581 2336  5.14E+00   1.6164180000  -1.7882700000   4.4470860000   2.1756890000  -0.4950630000   3.6748670000  -3.8126970000   0.1427960000   4.7102750000  -4.0204970000   1.1864860000   5.2340390000  -4.1368870000   2.2393190000   5.7283840000  -0.0166150000  -0.0385730000   0.0230640000   0.0168620000   0.0386910000  -0.0230140000   0.0067310000  -0.0129150000  -0.0085810000  -0.0129660000   0.0190420000   0.0136000000   0.0059880000  -0.0062450000  -0.0050700000
   6.4212371017   6.1117293135 2354  5.57E+00   2.2294080000  -1.3717420000   3.7176030000   1.3729950000  -0.7870930000   2.8536960000  -3.4286460000   1.6017940000   6.0010340000  -2.5299680000   1.7339180000   6.7068340000  -1.6696470000   1.8015930000   7.4790900000  -0.0396790000   0.0270810000  -0.0400300000   0.0395890000  -0.0270270000   0.0400390000   0.0383330000   0.0021390000   0.0389470000  -0.0049330000   0.0040500000  -0.0186580000  -0.0333100000  -0.0062420000  -0.0202980000
   6.4229765191   6.1122626002 2546  3.25E+00   1.3808020000  -1.2147760000   3.7360560000   0.6499470000  -1.8754560000   2.7112570000  -0.6213600000   2.7673410000   6.4779490000  -1.1642600000   3.6825560000   7.0213910000  -1.8376240000   4.5988710000   7.4762490000  -0.0083210000  -0.0076840000  -0.0118250000   0.0084140000   0.0073300000   0.0115300000   0.0084000000  -0.0257430000  -0.0199970000   0.0458160000  -0.0381060000  -0.0066780000  -0.0543090000   0.0642040000   0.0269710000
   6.4226534299   6.1119843277 2790  1.16E+01   1.1755560000  -0.6899420000   2.3215730000  -0.4275510000  -1.1027590000   2.1879480000   0.0655950000   2.2747770000   8.9595610000   0.8077220000   2.2548880000   8.0174620000   1.3892770000   2.2710740000   6.9495380000   0.0552690000   0.0141490000   0.0045190000  -0.0554530000  -0.0144190000  -0.0047190000  -0.0389670000   0.0031330000   0.0312830000   0.0169640000  -0.0068630000   0.0312030000   0.0221880000   0.0040010000  -0.0622860000
   6.4206786337   6.1114920701 2918  3.82E+00  -0.2588910000   1.4751690000   2.0326440000   0.0041840000  -0.0126750000   1.9890070000  -0.9607450000  -0.3826710000   8.7305950000   0.0197340000   0.2129810000   8.3218700000   0.9413460000   0.8808260000   7.9617550000  -0.0039700000   0.0222870000   0.0006570000   0.0038670000  -0.0223800000  -0.0006480000  -0.0621840000  -0.0316690000   0.0283500000   0.0380630000   0.0077330000  -0.0221840000   0.0242230000   0.0240290000  -0.0061740000
   6.4247117515   6.1105249602 3122  2.02E+00  -0.8962520000  -1.4039240000   2.7823810000   0.5403520000  -1.2047270000   2.2363640000  -0.2761610000   1.5383020000   7.6352170000  -0.9453310000   2.4727240000   7.9054770000  -1.6563650000   3.3982580000   8.0871150000  -0.0319780000  -0.0044230000   0.0120760000   0.0319050000   0.0043770000  -0.0124130000   0.0013080000  -0.0053510000  -0.0055430000   0.0107580000  -0.0063960000   0.0086720000  -0.0119930000   0.0117930000  -0.0027910000
   6.4226442108   6.1123403436 3147  5.69E+00   1.4667990000  -0.4701770000   2.5917150000   0.2707560000  -0.7654850000   2.0123230000  -0.3833130000   0.4948980000   7.9574330000  -0.5718160000   1.6446060000   8.3032910000  -0.6320590000   2.8108190000   8.5971940000  -0.0472490000  -0.0116310000  -0.0229450000   0.0472620000   0.0117410000   0.0226430000   0.0170420000  -0.0608220000  -0.0197250000  -0.0212720000   0.0046530000   0.0084950000   0.0042170000   0.0560590000   0.0115320000
   6.4249416077   6.1123577786 3337  2.15E+00  -1.2583760000  -1.3511150000   3.6991320000  -1.5225280000  -0.8930260000   2.4375180000   3.3297690000   2.0808150000   8.5155770000   2.7804760000   1.9164000000   7.4794620000   2.2660950000   1.7133350000   6.4641960000  -0.0095630000   0.0163890000  -0.0453590000   0.0092670000  -0.0166350000   0.0451600000   0.0114380000   0.0002490000   0.0182960000  -0.0330200000  -0.0055860000  -0.0567020000   0.0218780000   0.0055820000   0.0386050000
   6.4242179320   6.1122325956 3356  3.26E+00  -1.7321490000  -0.0660830000   2.0809910000  -0.4064050000  -0.7672330000   2.3226960000   0.1480330000   0.7873960000   8.2975640000   0.7882190000   1.6540670000   7.7342560000   1.3990720000   2.4944890000   7.1663320000  -0.0219640000   0.0116340000  -0.0039870000   0.0219920000  -0.0116020000   0.0040270000  -0.0372140000  -0.0495170000   0.0326940000   0.0276300000   0.0354430000  -0.0236650000   0.0095570000   0.0140420000  -0.0090690000
   6.4236427337   6.1120918924 3384  5.88E+00   0.4840750000  -1.1176450000   2.7821130000   0.0243010000  -0.4454620000   1.7189700000   0.0407810000   1.1544670000   9.9893430000  -0.0176850000   1.1051470000   8.7879950000  -0.1793700000   0.9987390000   7.6544960000  -0.0242160000   0.0353920000  -0.0561500000   0.0242870000  -0.0355400000   0.0557660000  -0.0043610000  -0.0015750000   0.0543440000   0.0037300000  -0.0000330000  -0.1125390000   0.0005600000   0.0017550000   0.0585800000
   6.4213101465   6.1139161826 3617  1.39E+00   1.7962810000  -0.9172080000   2.5139870000   0.4307100000  -0.6826490000   2.2639070000  -0.0774310000   0.7963160000   8.3867780000  -0.8275740000   1.5064950000   7.8501160000  -1.5655540000   2.2275410000   7.2564710000  -0.0231130000   0.0039790000  -0.0042040000   0.0231400000  -0.0040120000   0.0042620000  -0.0120010000   0.0129840000  -0.0113330000   0.0271940000  -0.0295100000   0.0259520000  -0.0152200000   0.0165590000  -0.0146780000
   6.4246122583   6.1109143414 3705  5.68E+00  -0.7333210000  -1.5133280000   2.1783540000  -0.1592180000  -0.0781380000   2.0235270000  -0.2601840000   1.3971610000   8.5760170000   0.3191750000   0.4699810000   8.1978540000   0.8619570000  -0.5767170000   8.0278500000  -0.0131110000  -0.0326830000   0.0035150000   0.0130310000   0.0328760000  -0.0034780000   0.0163210000  -0.0378880000   0.0029290000  -0.0227920000   0.0625410000  -0.0163480000   0.0065520000  -0.0248460000   0.0133820000
