   6.4357513958   6.4961731857  145  1.43E+00   0.1663330000  -0.6962190000   2.3538860000   0.2009380000   0.5744250000   1.7667350000  -0.2004860000   0.2836920000   8.2439720000  -0.3663990000  -0.7770620000   8.7670410000  -0.5384710000  -1.8376330000   9.2040250000   0.0006940000   0.0256590000  -0.0118910000  -0.0007020000  -0.0258120000   0.0117080000   0.0034920000   0.0256930000  -0.0163960000  -0.0066980000  -0.0481130000   0.0308130000   0.0032140000   0.0225740000  -0.0142340000
   6.4352074138   6.4954328014  150  2.77E+00  -0.2326590000   1.3717890000   2.3748660000   0.0030130000  -0.0146510000   1.8186350000  -0.3941190000  -0.7890140000   8.2555050000  -0.0368980000   0.2279440000   8.7045730000   0.4214310000   1.2923170000   8.9788650000  -0.0035750000   0.0210560000   0.0084600000   0.0035910000  -0.0209770000  -0.0084970000   0.0117690000   0.0176010000  -0.0033780000  -0.0282260000  -0.0434610000   0.0079580000   0.0164410000   0.0257810000  -0.0045440000
   6.4388639355   6.4960883264  752  1.41E+01  -1.2164780000   1.2637890000   3.6562380000  -1.8091250000   0.5980940000   2.3055790000   2.7823850000  -0.6988530000   6.7141080000   3.2247180000  -0.8413360000   7.8159490000   3.9086870000  -1.0485350000   8.6747010000   0.0181980000   0.0207320000   0.0418180000  -0.0186480000  -0.0205630000  -0.0420480000   0.0150840000  -0.0039390000  -0.0289190000   0.0489960000  -0.0161380000   0.1504080000  -0.0636300000   0.0199090000  -0.1212580000
   6.4355744706   6.4950013629 1011  7.07E+00   1.0697520000   0.0369010000   2.4855250000  -0.2760120000  -0.4186640000   1.7096990000   0.9426830000   1.3469300000   7.8401560000   0.4387900000   1.0086460000   8.8159450000   0.0389960000   0.6721430000   9.8476910000   0.0417560000   0.0140830000   0.0239700000  -0.0418910000  -0.0142460000  -0.0241940000  -0.0188700000  -0.0173340000   0.0579640000  -0.0019190000   0.0061350000  -0.0284080000   0.0209230000   0.0113610000  -0.0293310000
   6.4389799498   6.4965195167 1014  4.27E+00  -1.6255440000  -0.1807560000   3.0399890000  -0.7717060000  -0.7185780000   1.9178490000   1.7511170000   1.7624880000   7.3661920000   1.4092630000   1.6040050000   8.4311890000   1.1474550000   1.3212070000   9.5360060000  -0.0124240000   0.0077760000   0.0162900000   0.0122580000  -0.0078780000  -0.0163390000  -0.0251950000  -0.0235290000   0.1044970000   0.0156270000   0.0290460000  -0.0937170000   0.0097340000  -0.0054140000  -0.0107300000
   6.4381203263   6.4989845996 1165  4.18E+00  -1.5224020000  -0.2816330000   3.7490080000  -1.9511780000  -0.3522810000   2.4529250000   4.4674230000   0.5283270000   8.1768920000   3.5835040000   0.9494140000   7.4723990000   2.6830280000   1.2237420000   6.7280960000  -0.0157410000  -0.0026450000  -0.0473590000   0.0154870000   0.0024760000   0.0471440000   0.0425210000  -0.0289610000   0.0323710000  -0.0108270000   0.0274520000  -0.0046860000  -0.0314400000   0.0016780000  -0.0274700000
   6.4380113526   6.4990209343 1205  4.45E+00   0.6667750000   1.3370790000   2.8789180000   0.4886040000   0.5727450000   1.7314600000  -0.5163200000  -0.5488740000   9.8590060000  -0.8049320000  -0.8222840000   8.7627280000  -1.3616370000  -1.0908350000   7.7353240000  -0.0043460000  -0.0188960000  -0.0284300000   0.0045730000   0.0190470000   0.0282860000  -0.0216290000  -0.0035960000  -0.0101180000   0.0539750000   0.0107040000   0.0306400000  -0.0325730000  -0.0072580000  -0.0203780000
   6.4368532243   6.4979757494 1324  4.59E+00  -0.7363350000  -0.2380670000   1.9815370000  -0.5297780000  -1.6183930000   2.6791570000   1.3895760000   4.0453590000   6.4102360000   0.9583580000   3.2465350000   7.1214440000   0.5832220000   2.3027960000   7.7397100000  -0.0049260000   0.0330260000  -0.0166690000   0.0049370000  -0.0329660000   0.0165810000  -0.0122500000  -0.0394180000   0.0214300000   0.0137670000   0.0625840000  -0.0257610000  -0.0015280000  -0.0232260000   0.0044200000
   6.4395833087   6.4972229889 2460  2.32E+00  -0.2274060000  -0.4855500000   2.7651200000   0.6218080000  -0.5780340000   1.6810270000  -1.0585030000   0.9170840000   7.7765240000  -1.1762550000   1.2702620000   8.8876230000  -1.1496190000   1.7344460000   9.9830950000   0.0252230000  -0.0027850000  -0.0323160000  -0.0251190000   0.0026900000   0.0319340000   0.0078730000   0.0107210000   0.0104940000  -0.0178650000  -0.0291600000  -0.0360550000   0.0098880000   0.0185340000   0.0259440000
   6.4378049110   6.4960400456 2504  6.41E+00  -1.0417570000   0.1894340000   2.8332980000  -0.1337810000   0.1292310000   1.5360490000   0.4391540000  -0.3952200000  10.2632620000   0.1999000000   0.0328010000   9.1482870000   0.1445530000   0.4009250000   8.0204340000  -0.0247870000   0.0016060000   0.0351970000   0.0247200000  -0.0016820000  -0.0355550000   0.0252430000  -0.0294550000   0.0673210000  -0.0350420000   0.0260620000  -0.0469700000   0.0098660000   0.0034700000  -0.0199940000
   6.4397036020   6.4993848992 2546  2.46E+00  -0.6768220000  -1.0907720000   2.3620500000   0.0094080000   0.0133050000   1.8150010000  -1.0829510000   0.3046860000   9.0993270000  -0.0221860000   0.3037940000   8.6147630000   1.0952630000   0.1572000000   8.2214210000   0.0108640000   0.0175650000  -0.0086570000  -0.0110260000  -0.0175210000   0.0086630000   0.0176830000  -0.0094010000   0.0004760000  -0.0468350000   0.0220180000   0.0007260000   0.0293130000  -0.0126610000  -0.0012090000
   6.4373148055   6.4980673705 2595  6.23E+00   0.8669830000   0.5014040000   2.9034190000   0.3403620000   0.5967320000   1.6118750000  -0.7334750000  -0.9392380000   7.8338160000  -0.7484570000  -0.7742260000   9.0027750000  -0.4591280000  -0.8036960000  10.1760070000  -0.0111360000   0.0020870000  -0.0275260000   0.0112250000  -0.0019210000   0.0272180000   0.0188050000  -0.0129360000   0.0004090000  -0.0504750000   0.0263800000  -0.0514420000   0.0315810000  -0.0136100000   0.0513410000
   6.4396076366   6.4986682016 2701  6.84E+00   1.2936840000   0.2186190000   2.2285060000   0.1281050000  -0.4683360000   1.9331580000  -1.1544000000   0.4399420000   8.8727740000  -0.2201760000   1.0102050000   8.4373840000   0.5983880000   1.8145860000   7.9994410000  -0.0319390000  -0.0188550000  -0.0081040000   0.0318460000   0.0187010000   0.0081190000  -0.0140450000   0.0096040000   0.0040310000  -0.0310280000  -0.0748570000   0.0222400000   0.0451660000   0.0654070000  -0.0262860000
   6.4395573989   6.4984099845 2737  3.57E+00  -0.1997530000   1.2863710000   2.4267110000   0.0070450000  -0.0188010000   1.7005030000  -0.6189150000   0.9058340000   9.6042790000  -0.0492380000   0.2754830000   8.7846470000   0.6332820000  -0.4121110000   8.1566990000  -0.0029850000   0.0185920000   0.0103650000   0.0028540000  -0.0184720000  -0.0104060000   0.0052350000  -0.0011020000   0.0179910000   0.0154120000  -0.0235690000  -0.0594660000  -0.0205150000   0.0245520000   0.0415160000
   6.4392813973   6.4977381550 3125  3.62E+00  -1.0455220000  -0.1997170000   2.7316620000   0.0136970000  -0.0014100000   1.5864160000  -0.1294300000  -0.3626300000   8.0725270000   0.0563690000   0.2327510000   9.0612080000   0.0845750000   0.8952040000  10.0314010000  -0.0271760000  -0.0050410000   0.0292210000   0.0271890000   0.0051580000  -0.0295650000  -0.0077620000   0.0133770000   0.0155520000   0.0183290000  -0.0188520000  -0.0156540000  -0.0105800000   0.0053570000   0.0004450000
   6.4371951642   6.4950432034 3264  1.92E+00  -1.1002030000   1.1830960000   2.5087780000  -0.3545210000   0.0326440000   1.8330580000   0.6116400000  -0.9338850000   8.1826990000   0.6607210000   0.1547560000   8.6144430000   0.7322410000   1.2678130000   9.0388640000  -0.0137400000   0.0212400000   0.0125060000   0.0137410000  -0.0211400000  -0.0124920000   0.0019580000   0.0058990000   0.0029680000  -0.0056060000  -0.0388380000  -0.0154820000   0.0036460000   0.0328400000   0.0124990000
   6.4399986467   6.4964492526 3410  2.99E+00  -0.6214860000  -1.0797110000   2.8308360000  -0.0875810000  -0.3225790000   1.6459980000   0.7072070000   1.4040890000   9.8075070000   0.1713030000   0.9004490000   8.9073510000  -0.3592470000   0.2866810000   8.1081070000  -0.0070870000  -0.0100780000   0.0156210000   0.0071760000   0.0101230000  -0.0159170000  -0.0125660000  -0.0203480000  -0.0136900000  -0.0275170000  -0.0175560000  -0.0552320000   0.0399940000   0.0378580000   0.0692180000
   6.4393594930   6.4981590817 3420  8.33E-01   0.2766930000  -1.1503730000   3.0123330000   0.0889520000  -0.5685350000   1.6422780000  -0.7046330000   1.7005960000   9.9355640000  -0.1693190000   1.3428340000   8.9326660000   0.3700580000   0.8908960000   7.9681860000   0.0022980000  -0.0072910000   0.0168970000  -0.0024040000   0.0072130000  -0.0172640000  -0.0160370000   0.0053060000   0.0332000000   0.0016520000   0.0118110000  -0.0116200000   0.0144920000  -0.0170390000  -0.0212130000
   6.4352959635   6.4977977723 3576  5.73E+00   0.1182610000  -0.3590050000   2.7893600000   0.1851570000  -1.4989990000   2.0326680000  -0.1973170000   3.8398030000   9.0747450000  -0.3588540000   2.9956170000   8.2603660000  -0.4654630000   2.1080540000   7.3980420000   0.0023750000  -0.0399190000  -0.0266230000  -0.0022880000   0.0397080000   0.0261880000   0.0069850000   0.0187180000   0.0177910000  -0.0013480000   0.0538430000   0.0526290000  -0.0057240000  -0.0723500000  -0.0699840000
   6.4361173358   6.4952213068 3726  3.19E+00   0.6545470000  -0.1418130000   2.5471450000  -0.5544830000  -0.0971430000   1.6858670000   0.2170330000   0.7539290000   8.0787020000   0.9569470000   0.4579520000   8.9481170000   1.7925770000   0.0840530000   9.6250620000   0.0106610000  -0.0004320000   0.0074730000  -0.0105780000   0.0003180000  -0.0078170000   0.0101950000  -0.0066410000  -0.0083720000   0.0393350000  -0.0129680000   0.0680960000  -0.0496130000   0.0197230000  -0.0593810000
   6.4382464593   6.4984722565 3879  3.81E+00  -0.0542320000  -1.4938050000   2.2216600000   0.1019350000   0.0043770000   1.9497760000  -0.5436120000  -0.8182070000   8.3635710000  -0.1283270000   0.2594160000   8.4161530000   0.1342740000   1.3833940000   8.4420180000  -0.0029210000  -0.0281860000   0.0051310000   0.0029730000   0.0282360000  -0.0050750000   0.0047200000   0.0450620000   0.0017310000   0.0169810000  -0.0037040000  -0.0001320000  -0.0217530000  -0.0414080000  -0.0016550000
