   6.4369730130   6.6117677217  169  5.34E+00  -0.9778570000  -0.5029540000   3.1794190000  -0.9344610000  -0.7812050000   1.8186100000   1.0496660000   1.4099400000   7.7327960000   1.8077380000   1.6518550000   8.5675430000   2.3218010000   1.9709100000   9.5538820000   0.0010510000  -0.0070530000  -0.0343180000  -0.0010920000   0.0068980000   0.0339580000   0.0210300000   0.0188660000   0.0558790000   0.0160430000  -0.0129900000  -0.0312340000  -0.0370310000  -0.0057210000  -0.0242860000
   6.4390881652   6.6124773995  200  5.64E+00   0.0655480000   0.3993940000   2.5847490000  -0.0726760000  -0.5567600000   1.6294760000  -0.4460390000   1.2161040000  10.0429350000   0.1286550000   1.2083810000   8.9725040000   0.7082910000   1.3198780000   7.9217870000  -0.0057330000  -0.0393460000  -0.0393730000   0.0055970000   0.0392220000   0.0391260000  -0.0340180000   0.0071940000   0.0654560000   0.0086950000  -0.0189400000  -0.0227150000   0.0254590000   0.0118710000  -0.0424940000
   6.4390987819   6.6122530309  268  4.06E+00   1.2333780000  -0.6966050000   2.3401240000  -0.0151410000   0.0119900000   1.8718690000  -0.0329580000  -0.8983040000   8.4211390000  -0.0259310000   0.2517880000   8.5832550000   0.0503390000   1.3809670000   8.6406280000   0.0183090000  -0.0103570000   0.0068710000  -0.0183200000   0.0104550000  -0.0068620000   0.0053810000   0.0339760000  -0.0012340000  -0.0042750000   0.0607120000   0.0127390000  -0.0010960000  -0.0947860000  -0.0115150000
   6.4389831352   6.6141766372  899  1.47E+00   0.5355630000  -0.3081880000   2.7673440000  -0.0068900000   0.0023000000   1.5200600000  -0.4393830000   0.5489030000  10.2423190000  -0.0249640000   0.2391500000   9.1584890000   0.4587950000  -0.0328260000   8.1177290000  -0.0122630000   0.0070130000  -0.0282930000   0.0121690000  -0.0069820000   0.0279740000  -0.0127830000   0.0150390000   0.0475830000   0.0054330000  -0.0156360000  -0.0449730000   0.0074430000   0.0005660000  -0.0022900000
   6.4359931432   6.6118636534  926  6.25E+00  -0.8547400000  -0.4166880000   5.7824890000  -1.2550520000   0.8425190000   6.3736870000   2.9787360000  -0.6954710000  -0.4327970000   2.3023070000  -1.2683670000   0.2390510000   1.6148190000  -1.8461880000   1.0584790000  -0.0009560000   0.0029000000   0.0014520000   0.0008470000  -0.0026110000  -0.0011730000  -0.0839530000  -0.0710920000   0.0927440000   0.1142850000   0.0974130000  -0.1378080000  -0.0302220000  -0.0266110000   0.0447860000
   6.4383210128   6.6125128162  984  8.57E+00  -0.5258240000  -1.9377700000   3.4491750000  -0.6772790000  -1.0522720000   2.1694330000   1.6677850000   2.7626590000   7.0348520000   1.3498260000   2.1714930000   8.0369710000   0.7345270000   1.6722730000   8.8810320000   0.0037040000  -0.0216280000   0.0312680000  -0.0037410000   0.0214830000  -0.0312300000  -0.0090230000   0.0264170000  -0.0419350000   0.0084530000  -0.0493820000   0.0795730000   0.0006060000   0.0231100000  -0.0376750000
   6.4362722369   6.6121129822 1064  4.16E+00   1.0881490000  -1.5351380000   3.3227100000   0.4466100000  -0.9963330000   2.0511160000  -0.0948460000   1.6854820000   9.0523480000  -0.8688950000   2.1301550000   8.2381150000  -1.5519100000   2.4757390000   7.3114080000   0.0111330000  -0.0093440000   0.0220690000  -0.0110560000   0.0092710000  -0.0220640000   0.0427020000  -0.0268830000   0.0339480000  -0.0209740000   0.0183710000   0.0073610000  -0.0218050000   0.0085840000  -0.0413130000
   6.4392109848   6.6130975472 1084  2.88E-01  -0.8050890000   0.9035090000   2.4683550000   0.0110810000  -0.0131940000   1.7161650000   0.3898020000  -0.6659730000   9.4446240000   0.0136920000   0.2466520000   8.8214310000  -0.4046980000   1.1774590000   8.2078930000   0.0040100000  -0.0045370000  -0.0037500000  -0.0039440000   0.0043730000   0.0036280000  -0.0059190000   0.0089710000  -0.0039720000   0.0171470000  -0.0291950000   0.0141730000  -0.0112950000   0.0203890000  -0.0100790000
   6.4356316042   6.6143716747 1550  1.54E+00   0.9573790000  -0.0612090000   3.1185490000   1.0626950000  -0.4360270000   1.7439790000  -2.3175780000   1.0395070000   9.9011240000  -1.9337780000   1.0872380000   8.7523430000  -1.5984160000   1.0134630000   7.6233820000   0.0010150000  -0.0033380000  -0.0122150000  -0.0008310000   0.0032430000   0.0119220000  -0.0239300000  -0.0097530000   0.0640370000   0.0247580000   0.0172850000  -0.0575570000  -0.0010110000  -0.0074380000  -0.0061860000
   6.4360668617   6.6102237170 1556  7.41E+00   0.4302750000   1.1769960000   2.6256820000  -0.7407450000   0.5718140000   1.7889120000   1.4773890000  -0.1144230000   9.6167340000   1.4602410000  -0.8142200000   8.6586900000   1.0987610000  -1.5166040000   7.7847260000   0.0282050000   0.0146250000   0.0201400000  -0.0281820000  -0.0144370000  -0.0202500000  -0.0227000000   0.0080570000   0.0177670000   0.0435820000  -0.0108670000  -0.0291860000  -0.0209060000   0.0026210000   0.0115290000
   6.4360056192   6.6120770685 1630  1.49E+01   1.1245610000  -1.2502130000   2.6296570000   1.4348620000   0.3177810000   2.2233520000  -2.6488840000   0.5717710000   8.6886740000  -2.4922930000  -0.2624010000   7.8607910000  -2.7170670000  -1.1954210000   7.1418140000  -0.0103920000  -0.0527390000   0.0136860000   0.0104930000   0.0529010000  -0.0136030000  -0.0267070000   0.0018660000   0.0159090000   0.0575980000   0.0259320000  -0.0080080000  -0.0309920000  -0.0279590000  -0.0079830000
   6.4382178080   6.6141234258 1630  1.63E+01   1.1250990000  -1.2690560000   2.6314770000   1.4351630000   0.3180480000   2.2229700000  -2.6498740000   0.5719230000   8.6887080000  -2.4913780000  -0.2622780000   7.8619780000  -2.7183020000  -1.1958150000   7.1426830000  -0.0107860000  -0.0554490000   0.0142910000   0.0108890000   0.0556110000  -0.0142100000  -0.0268540000   0.0011330000   0.0151040000   0.0582990000   0.0276970000  -0.0063360000  -0.0315480000  -0.0289930000  -0.0088490000
   6.4359401882   6.6115827026 1730  3.80E+00   0.6983670000  -1.1474630000   2.4469050000  -0.6001970000  -0.8762880000   2.1071800000   0.5596910000   2.9400140000   8.1141390000   1.0513210000   1.8688660000   8.1212780000   1.6046170000   0.7933960000   8.1125090000  -0.0457270000   0.0095760000  -0.0119760000   0.0456450000  -0.0094640000   0.0119420000  -0.0012580000   0.0113340000  -0.0002060000  -0.0285870000   0.0384160000   0.0000690000   0.0299270000  -0.0498610000   0.0001720000
   6.4380173148   6.6122273978 1730  5.01E+00   0.6812530000  -1.1425180000   2.4430730000  -0.6000620000  -0.8767870000   2.1065550000   0.5616870000   2.9435770000   8.1164960000   1.0502240000   1.8675730000   8.1220940000   1.6038490000   0.7929840000   8.1129010000  -0.0582220000   0.0121010000  -0.0153020000   0.0581420000  -0.0119910000   0.0152720000  -0.0033070000   0.0167190000  -0.0001400000  -0.0264780000   0.0321510000  -0.0000470000   0.0298650000  -0.0489800000   0.0002170000
   6.4398965221   6.6128825957 1730  6.43E+00   0.6652850000  -1.1378110000   2.4395420000  -0.5999410000  -0.8772830000   2.1059260000   0.5636870000   2.9471200000   8.1188540000   1.0491710000   1.8662260000   8.1229090000   1.6030430000   0.7926330000   8.1132930000  -0.0708870000   0.0146230000  -0.0187010000   0.0708090000  -0.0145150000   0.0186750000  -0.0053170000   0.0221110000  -0.0000600000  -0.0243000000   0.0256870000  -0.0001780000   0.0296960000  -0.0479070000   0.0002640000
   6.4378446594   6.6104589534 1737  4.20E+00   1.2163100000  -0.1999890000   2.3668640000  -0.0162700000  -0.0008340000   1.7907190000  -0.1465550000   1.3825660000   9.0485800000   0.0652550000   0.2683680000   8.6836320000   0.1021890000  -0.8795920000   8.3414380000  -0.0396840000   0.0064590000  -0.0185310000   0.0397010000  -0.0063180000   0.0185320000  -0.0162170000   0.0274420000   0.0119310000   0.0256650000   0.0114980000  -0.0039590000  -0.0094650000  -0.0390810000  -0.0079720000
   6.4397240836   6.6146020052 2094  4.49E+00  -1.6295470000   0.3207620000   2.7499920000  -0.5461830000  -0.3333770000   1.8208720000  -0.1094450000   0.7103190000   8.3379970000   1.0316360000   0.8917250000   8.5862710000   2.1654390000   0.9526940000   8.9503810000  -0.0273540000   0.0165510000   0.0234340000   0.0274910000  -0.0165260000  -0.0235430000  -0.0097310000  -0.0088370000   0.0069080000  -0.0207030000   0.0146000000  -0.0246170000   0.0302970000  -0.0057880000   0.0178180000
   6.4381164483   6.6138152171 2094  4.80E+00  -1.6281450000   0.3328860000   2.7511600000  -0.5465840000  -0.3337320000   1.8200440000  -0.1081290000   0.7111130000   8.3360710000   1.0309690000   0.8909400000   8.5878570000   2.1665380000   0.9535020000   8.9551790000  -0.0280880000   0.0173470000   0.0241570000   0.0282230000  -0.0173230000  -0.0242630000  -0.0074390000  -0.0082780000   0.0072750000  -0.0274230000   0.0135440000  -0.0263730000   0.0347270000  -0.0052910000   0.0192040000
   6.4368228565   6.6130163997 2094  5.10E+00  -1.6261890000   0.3446670000   2.7518530000  -0.5469920000  -0.3340840000   1.8192210000  -0.1068040000   0.7119160000   8.3341350000   1.0303470000   0.8901340000   8.5894870000   2.1675930000   0.9543170000   8.9599530000  -0.0286720000   0.0180680000   0.0247550000   0.0288050000  -0.0180440000  -0.0248590000  -0.0052210000  -0.0077320000   0.0076370000  -0.0338370000   0.0125000000  -0.0280610000   0.0389250000  -0.0047920000   0.0205280000
   6.4358573793   6.6122054383 2094  5.37E+00  -1.6236690000   0.3560930000   2.7520580000  -0.5474070000  -0.3344310000   1.8184050000  -0.1054720000   0.7127300000   8.3321910000   1.0297810000   0.8893060000   8.5911630000   2.1686000000   0.9551380000   8.9647020000  -0.0291120000   0.0187140000   0.0252330000   0.0292440000  -0.0186910000  -0.0253340000  -0.0031050000  -0.0072040000   0.0079840000  -0.0399000000   0.0114740000  -0.0296670000   0.0428730000  -0.0042940000   0.0217840000
   6.4352324521   6.6113787180 2094  5.62E+00  -1.6205760000   0.3671510000   2.7517660000  -0.5478300000  -0.3347730000   1.8175960000  -0.1041370000   0.7135520000   8.3302360000   1.0292820000   0.8884600000   8.5928880000   2.1695540000   0.9559640000   8.9694230000  -0.0294170000   0.0192850000   0.0255970000   0.0295470000  -0.0192620000  -0.0256950000  -0.0011220000  -0.0066960000   0.0083100000  -0.0455680000   0.0104720000  -0.0311760000   0.0465590000  -0.0038000000   0.0229640000
   6.4373877451   6.6141367649 2149  2.87E+00  -1.2349960000  -0.4297750000   2.2883350000   0.0194540000   0.0078240000   1.8272480000   0.8071120000   1.0143920000   8.3167180000  -0.0280020000   0.2603390000   8.5737840000  -0.8054380000  -0.5341510000   8.9782740000   0.0220870000   0.0077060000  -0.0080400000  -0.0221250000  -0.0077260000   0.0081660000  -0.0282340000  -0.0318430000   0.0216250000   0.0306670000   0.0411450000  -0.0364440000  -0.0023950000  -0.0092820000   0.0146930000
   6.4356901205   6.6116291564 2410  3.23E+00  -0.2937340000  -1.2063500000   2.4863820000  -0.0015410000   0.0163270000   1.7642230000   1.0970440000   0.5457800000   9.1692540000   0.0014210000   0.2001630000   8.7595560000  -1.0719090000  -0.0139040000   8.2885650000   0.0004650000   0.0017660000  -0.0010410000  -0.0003480000  -0.0017650000   0.0010130000   0.0686870000   0.0288550000   0.0225910000  -0.0416630000  -0.0308500000  -0.0082250000  -0.0271400000   0.0019940000  -0.0143370000
   6.4393259903   6.6109086636 2413  2.36E+00   0.0846660000  -1.3345940000   2.6681500000  -0.1325440000  -0.2842910000   1.7874750000  -0.7835550000   1.1530690000   8.2073110000   0.2377320000   0.8265310000   8.7320620000   1.2617110000   0.4180320000   9.1435680000  -0.0055950000   0.0272190000  -0.0228180000   0.0057180000  -0.0272740000   0.0227630000  -0.0256570000   0.0034890000  -0.0187340000   0.0199200000   0.0036950000   0.0228950000   0.0056140000  -0.0071300000  -0.0041060000
   6.4370159881   6.6141190803 2640  5.14E+00  -0.1197370000   1.2467210000   2.2658700000   0.0006410000  -0.0208520000   1.8182270000   0.0931860000   1.3929880000   8.9281170000   0.0627310000   0.2572700000   8.6237680000  -0.1359400000  -0.8728520000   8.3758190000   0.0055960000  -0.0586650000  -0.0206620000  -0.0055510000   0.0587380000   0.0207330000  -0.0111880000   0.0006490000   0.0049760000   0.0213420000  -0.0066510000  -0.0116600000  -0.0101980000   0.0059290000   0.0066130000
   6.4362446850   6.6123323877 2848  2.83E+00  -0.1015140000  -0.9808460000   2.7657020000   0.0027900000   0.0168980000   1.5852060000   0.4926400000   0.8139340000   8.1310230000   0.0219240000   0.2476680000   9.0824070000  -0.5166380000  -0.3347810000   9.9608870000  -0.0023470000  -0.0221480000   0.0260810000   0.0022500000   0.0219960000  -0.0263070000   0.0139300000   0.0208650000  -0.0387590000   0.0004480000  -0.0087650000   0.0262060000  -0.0142820000  -0.0119500000   0.0127790000
   6.4359473140   6.6144814630 2919  4.78E+00   1.6467730000   0.3087530000   2.6745100000   0.5619550000   0.0536790000   1.8654750000  -1.8918150000  -0.4196990000   7.9897130000  -1.0112830000   0.1036820000   8.5323340000  -0.2593110000   0.7420050000   9.1211480000  -0.0338100000  -0.0079360000  -0.0251420000   0.0338900000   0.0079650000   0.0252400000   0.0204150000   0.0266370000   0.0238730000   0.0275640000  -0.0027630000   0.0014610000  -0.0480590000  -0.0239030000  -0.0254320000
   6.4396068488   6.6107119612 3042  5.99E-01  -1.1536890000   0.0415580000   2.5402160000   0.0135810000  -0.0027340000   1.6944800000   0.3378090000   1.1976350000   9.4590360000  -0.0011580000   0.2658130000   8.8718760000  -0.3320810000  -0.6984730000   8.2593850000   0.0046570000  -0.0001120000  -0.0034090000  -0.0046080000   0.0002930000   0.0032560000  -0.0114900000  -0.0353250000  -0.0218990000   0.0163730000   0.0535280000   0.0320450000  -0.0049320000  -0.0183850000  -0.0099930000
   6.4357079632   6.6117820965 3094  2.56E+00  -0.4877330000   0.2905740000   2.7510060000   0.0097030000  -0.0037990000   1.5138870000  -0.1268770000   0.7363710000  10.2640390000  -0.0075010000   0.2717810000   9.1687440000   0.1147800000  -0.2520590000   8.1201710000   0.0185290000  -0.0109280000  -0.0462450000  -0.0185720000   0.0110430000   0.0459400000  -0.0038870000   0.0122120000   0.0408000000   0.0031010000  -0.0061590000  -0.0404650000   0.0008290000  -0.0061680000  -0.0000310000
   6.4386929476   6.6106393147 3117  9.59E+00  -0.6459500000  -0.2725750000   2.4476450000   0.7380210000  -0.8545220000   1.9600080000  -2.3766080000   2.2286270000   8.5798080000  -1.2893820000   1.8890000000   8.4784290000  -0.3006200000   1.3258420000   8.1136890000  -0.0367290000   0.0154390000   0.0128760000   0.0366460000  -0.0154550000  -0.0131350000   0.0599590000  -0.0367420000  -0.0245070000  -0.0669040000   0.0603100000   0.0471700000   0.0070280000  -0.0235510000  -0.0224030000
   6.4371462346   6.6101040710 3516  3.08E+00   0.5332910000  -0.8042810000   3.1383100000   0.6917390000  -0.5005090000   1.6231770000  -1.0078400000   0.8879610000   7.8583240000  -1.2119940000   1.1930860000   9.0035770000  -1.5706340000   1.4544050000  10.0796520000  -0.0035260000  -0.0069890000   0.0342710000   0.0036870000   0.0068620000  -0.0347100000  -0.0035310000  -0.0125320000  -0.0410260000   0.0087880000   0.0186620000   0.0591100000  -0.0054170000  -0.0060040000  -0.0176450000
   6.4358911464   6.6112073333 3727  5.41E+00   1.3233690000  -0.8372770000   2.6508690000   0.0008590000  -0.8550300000   2.0222410000   0.4189250000   2.9183840000   8.0513700000  -0.0674450000   1.8599790000   8.3263550000  -0.4559600000   0.6959860000   8.4326800000   0.0040840000   0.0000820000   0.0019340000  -0.0040590000  -0.0000010000  -0.0020110000   0.0227630000   0.0324070000  -0.0183390000  -0.0006200000   0.0550870000   0.0188280000  -0.0221680000  -0.0875750000  -0.0004120000
   6.4370987028   6.6119330322 3784  1.28E+00   0.8390220000  -0.3904210000   3.0842300000   0.8461470000   0.0021970000   1.6036870000  -1.2223350000   0.3499200000   7.8741040000  -1.5623860000   0.2372770000   9.0235460000  -1.8835090000   0.1732570000  10.1496250000  -0.0000460000  -0.0075100000   0.0279500000   0.0002180000   0.0074280000  -0.0283690000   0.0134210000   0.0074410000  -0.0433150000  -0.0134010000  -0.0101140000   0.0404850000  -0.0001910000   0.0027550000   0.0032490000
   6.4379431425   6.6123060961 3827  2.50E+00  -0.2479760000  -0.7809330000   2.9843830000   0.1670710000  -0.5799350000   1.5978970000  -0.5258660000   0.6507150000   8.0576130000  -0.3255220000   1.3147800000   9.0711790000  -0.0485340000   1.9954980000   9.9655670000  -0.0008240000  -0.0004590000   0.0026090000   0.0009070000   0.0004160000  -0.0030810000  -0.0082000000  -0.0405790000  -0.0694700000   0.0091840000   0.0535140000   0.0952330000  -0.0010660000  -0.0128910000  -0.0252920000
