   6.4303769757   6.5263517734   54  8.94E+00  -0.1553510000   0.4102360000   2.0158560000   1.3524300000   0.9191370000   2.2810960000  -3.1554290000  -2.3748160000   7.8370600000  -2.3834070000  -1.4743710000   7.7459320000  -1.7999370000  -0.4469450000   7.8299400000  -0.0461090000  -0.0156210000  -0.0080940000   0.0460890000   0.0154710000   0.0079900000  -0.0276430000  -0.0098050000   0.0136860000   0.0356300000  -0.0064330000  -0.0271190000  -0.0079680000   0.0163890000   0.0135370000
   6.4323843629   6.5287872387  327  3.77E+00  -0.6962590000   0.6340080000   1.8759020000   0.5558920000  -0.2151150000   2.0024740000   0.1556570000   0.7985790000   8.4396550000  -0.9719090000   0.5511350000   8.3018430000  -2.1584430000   0.5097570000   8.2103450000  -0.0205100000   0.0139050000  -0.0020310000   0.0204910000  -0.0139440000   0.0021390000  -0.0301370000   0.0081600000   0.0013430000   0.0567900000  -0.0211730000  -0.0041660000  -0.0266330000   0.0130510000   0.0027150000
   6.4314107761   6.5290803096  785  5.48E+00   1.1974020000  -1.3351470000   5.0083540000   1.3071020000  -2.0556550000   3.7285640000  -2.5287610000   3.1941750000   4.3238200000  -2.3535070000   4.0269160000   5.0570390000  -2.3078970000   4.8210650000   5.9441760000  -0.0005780000   0.0039830000   0.0070440000   0.0007080000  -0.0039920000  -0.0069780000   0.0082720000   0.0879520000   0.0899270000   0.0007130000  -0.0998120000  -0.1168930000  -0.0091160000   0.0118690000   0.0269000000
   6.4325230795   6.5258126794  830  3.80E+00  -0.0329780000   0.8058590000   2.7137090000   1.0348980000   0.7377270000   1.8607920000  -1.9248220000  -0.9310790000   9.7281220000  -1.9547120000  -1.1097840000   8.5459130000  -1.7742340000  -1.2832970000   7.3934650000   0.0382120000  -0.0023570000  -0.0305670000  -0.0380620000   0.0025490000   0.0303240000   0.0140110000   0.0059270000   0.0402130000  -0.0272920000  -0.0052220000  -0.0394340000   0.0131310000  -0.0008960000  -0.0005360000
   6.4306916674   6.5272380060 1220  3.35E+00  -0.2249290000  -1.3967530000   3.4109870000  -0.0520940000  -1.1861740000   1.8666490000   0.1755650000   2.4873460000   9.7072480000   0.1267920000   2.4675320000   8.5390850000   0.0035930000   2.3600010000   7.3462820000  -0.0043260000  -0.0054070000   0.0386040000   0.0043390000   0.0050860000  -0.0388610000  -0.0047570000  -0.0053090000  -0.0043750000   0.0139090000   0.0139200000   0.0488430000  -0.0091640000  -0.0082900000  -0.0442120000
   6.4347934035   6.5274757236 1982  8.04E+00  -1.5581990000  -1.1757140000   2.7048320000  -0.2982500000  -0.4657010000   1.9957860000   1.6894090000   1.4820410000   8.2164400000   0.6142580000   1.0695920000   8.3302740000  -0.5628290000   0.8025950000   8.3933920000  -0.0380700000  -0.0214840000   0.0214230000   0.0382070000   0.0214820000  -0.0214350000  -0.0365770000  -0.0019930000   0.0009470000   0.0918460000   0.0033540000  -0.0019820000  -0.0554060000  -0.0013590000   0.0010480000
   6.4332591890   6.5268597059 2181  1.24E+00  -0.3774150000  -0.8958440000   2.8647340000  -0.0558470000  -0.2139830000   1.5839490000   0.5617220000   0.2567060000   8.0644550000   0.1381380000   0.6278920000   9.0936390000  -0.3627330000   1.0847350000  10.0190590000  -0.0029660000  -0.0061680000   0.0114030000   0.0028240000   0.0061530000  -0.0117920000  -0.0099810000   0.0104960000   0.0060340000  -0.0084320000   0.0052750000   0.0457580000   0.0185550000  -0.0157550000  -0.0514030000
   6.4319983118   6.5269073294 2203  5.69E+00   0.1074970000  -1.4997120000   2.1814760000  -0.0011210000   0.0192230000   1.9670610000   0.4835030000  -0.8643440000   8.4190670000  -0.0252310000   0.2404730000   8.3721740000  -0.4657360000   1.3699790000   8.3357430000   0.0021750000  -0.0305930000   0.0043420000  -0.0022020000   0.0306240000  -0.0042810000   0.0340320000  -0.0644080000   0.0047870000  -0.0131730000   0.0000470000  -0.0046550000  -0.0208320000   0.0643300000  -0.0001940000
   6.4311126729   6.5271261388 2431  5.27E+00  -1.1639920000  -0.2103060000   2.4088110000   0.0150800000   0.0023400000   1.7531630000  -0.9926220000   0.6078400000   9.3425000000  -0.0155520000   0.2345580000   8.7208940000   1.0023180000  -0.0946830000   8.2044670000   0.0437250000   0.0079090000  -0.0242870000  -0.0438510000  -0.0078740000   0.0243000000  -0.0545470000   0.0243570000   0.0432120000   0.0306310000  -0.0200490000  -0.0400940000   0.0240420000  -0.0043430000  -0.0031310000
   6.4331822052   6.5280368048 2620  3.02E+00   0.7794050000  -0.6971700000   2.9173250000  -0.0591280000  -1.4095130000   2.0089150000   0.2296610000   3.8336730000   8.9056150000   0.0940430000   2.8728300000   8.2249810000  -0.0540640000   1.7807490000   7.7043050000  -0.0078950000  -0.0067470000  -0.0087250000   0.0079500000   0.0066840000   0.0083350000   0.0022100000   0.0134260000   0.0244680000   0.0066460000   0.0529580000  -0.0067140000  -0.0089100000  -0.0663210000  -0.0173640000
   6.4309156351   6.5263315776 2700  3.87E+00  -0.5255620000  -1.1653740000   3.1991460000  -0.7711580000  -0.7271130000   1.7888290000   1.4748630000   1.7021470000   9.8072870000   1.4006450000   1.6101180000   8.6711700000   1.3581410000   1.4816210000   7.5490880000   0.0028100000  -0.0052240000   0.0164490000  -0.0029880000   0.0050340000  -0.0167150000  -0.0019730000  -0.0085010000  -0.0697960000  -0.0051560000  -0.0015340000  -0.0402870000   0.0073060000   0.0102240000   0.1103490000
   6.4347787183   6.5282402228 2701  5.23E+00   1.3561440000   0.2265860000   2.2653130000   0.1284280000  -0.4718140000   1.9217590000  -1.1485320000   0.4418000000   8.8991920000  -0.2193340000   1.0146580000   8.4542700000   0.5863440000   1.8262580000   8.0149600000  -0.0003120000  -0.0002130000  -0.0000970000   0.0002230000   0.0000600000   0.0001140000  -0.0151830000   0.0095660000   0.0048980000  -0.0256260000  -0.0727200000   0.0193920000   0.0408970000   0.0633070000  -0.0243080000
   6.4322134027   6.5264665275 3224  3.11E+00   0.6843590000   1.7422020000   2.8058550000   0.4886810000   0.6881430000   1.9466470000  -1.3040470000  -1.8627770000   7.6802060000  -0.9309000000  -1.0239740000   8.3837200000  -0.4808390000  -0.2273720000   9.1285540000  -0.0064280000  -0.0346020000  -0.0281350000   0.0064340000   0.0346560000   0.0282140000   0.0173290000   0.0245360000   0.0278030000  -0.0248550000  -0.0257890000  -0.0359070000   0.0075190000   0.0011990000   0.0080250000
   6.4349882601   6.5268076558 3241  8.67E+00  -0.6294700000  -0.1725190000   2.3482060000   0.6034210000  -0.2680330000   1.8034270000  -1.8962610000   0.5434470000   7.7777310000  -1.1064980000   0.7252510000   8.7023800000  -0.2470670000   0.9492770000   9.5359190000   0.0559930000  -0.0043430000  -0.0247950000  -0.0558010000   0.0043250000   0.0246420000  -0.0529530000  -0.0104880000  -0.0688180000  -0.0060620000  -0.0061980000   0.0195030000   0.0588240000   0.0167040000   0.0494690000
   6.4328656774   6.5266482110 3464  2.62E+00  -1.0891550000  -0.7654590000   2.2855580000   0.0175770000   0.0098930000   1.8877040000  -1.0042410000   0.8106970000   8.6785550000  -0.0036060000   0.2310560000   8.5473710000   0.9877860000  -0.2976590000   8.3345050000   0.0183840000   0.0128850000  -0.0065730000  -0.0184190000  -0.0128690000   0.0066190000   0.0225840000  -0.0095920000  -0.0077180000   0.0382450000  -0.0263840000  -0.0008510000  -0.0607950000   0.0359590000   0.0085230000
   6.4341357340   6.5257605213 3656  3.23E+00  -0.9975130000   0.1742440000   2.1100590000   0.1057320000  -0.7040220000   1.9607710000   0.7784580000   1.2303010000   8.9647220000  -0.1396580000   1.5190980000   8.3433210000  -1.1388210000   1.8220700000   7.8476630000   0.0142120000  -0.0112990000  -0.0019320000  -0.0140570000   0.0112500000   0.0019670000  -0.0576880000   0.0175980000  -0.0245620000   0.0223470000  -0.0066920000  -0.0072390000   0.0351870000  -0.0108570000   0.0317670000
   6.4317216052   6.5282550464 3785  6.88E+00   1.2214400000  -0.6036990000   2.1271410000  -0.2277470000  -0.5678720000   2.0531850000   0.2439190000   2.4302980000   7.9694980000   0.2577020000   1.2540190000   8.2088460000   0.6230980000   0.1901140000   8.4812200000  -0.0013170000   0.0000360000  -0.0000420000   0.0012440000  -0.0000320000   0.0001600000   0.0237680000   0.0376110000  -0.0023530000  -0.0341410000  -0.0854920000   0.0088140000   0.0104470000   0.0478780000  -0.0065790000
   6.4337598002   6.5284944312 3976  1.06E+01   0.7373490000  -0.1841490000   1.9018610000   1.2296320000  -1.1472640000   2.7253970000  -2.4809930000   3.2184520000   6.2588840000  -2.1186970000   2.3993940000   7.0556530000  -2.1160510000   1.4093210000   7.7145370000   0.0200050000  -0.0391040000   0.0334890000  -0.0199610000   0.0391790000  -0.0334180000  -0.0328100000   0.0096680000  -0.0274860000   0.0567040000   0.0127950000   0.0272480000  -0.0239370000  -0.0225390000   0.0001670000
