   6.4421504719   6.2432464805   87  2.97E-01   0.2803980000   1.2242600000   2.4066690000  -0.0037350000  -0.0149820000   1.7380440000   0.4566610000  -0.3749170000   9.6845030000   0.0336360000   0.2583850000   8.7712190000  -0.4809270000   0.8663140000   7.9003270000  -0.0016420000  -0.0073880000  -0.0040590000   0.0017800000   0.0072510000   0.0037820000   0.0046670000  -0.0172080000   0.0257810000   0.0042260000   0.0151210000  -0.0249360000  -0.0090320000   0.0022250000  -0.0005680000
   6.4414302477   6.2402794584  166  2.26E-01   1.0072720000  -1.6483540000   5.3790760000   1.0597800000  -2.0545690000   4.0071770000  -1.7343270000   4.7489900000   5.4854360000  -1.9630580000   4.0151610000   4.6085170000  -2.1482700000   3.2893860000   3.7044430000   0.0004140000  -0.0030610000  -0.0103850000  -0.0002780000   0.0029880000   0.0105440000  -0.0003660000  -0.0080420000  -0.0130020000  -0.0026540000   0.0020890000   0.0101790000   0.0028850000   0.0060270000   0.0026630000
   6.4447417818   6.2405148675  196  3.17E+00  -1.4221070000  -1.3557080000   3.1315410000  -0.6910410000  -0.8160630000   2.0829330000   1.2391790000   1.2557910000   9.2189960000   1.2544180000   1.7167930000   8.1246010000   1.3599600000   2.3041230000   7.0831190000   0.0190210000   0.0140030000  -0.0272420000  -0.0191230000  -0.0142300000   0.0272410000   0.0053680000  -0.0025230000   0.0286780000  -0.0150110000  -0.0256600000   0.0015880000   0.0097460000   0.0284100000  -0.0302660000
   6.4404007718   6.2417170722  281  5.24E+00   0.4378940000  -1.7657620000   2.8903760000  -0.3849560000  -0.9740260000   2.1520920000   1.0841740000   2.6049570000   7.0502110000   0.6320600000   2.1141690000   8.0272230000   0.3363160000   1.4713880000   8.9947990000  -0.0332850000   0.0319850000  -0.0298200000   0.0331690000  -0.0321230000   0.0298140000   0.0146500000  -0.0033640000  -0.0091200000  -0.0142520000   0.0344190000  -0.0240930000  -0.0002820000  -0.0309170000   0.0332180000
   6.4409621567   6.2442686269  301  5.60E+00  -0.2721200000   1.2976130000   6.1937270000   0.7753850000   0.4460320000   6.4981510000  -2.1230940000   0.0570560000  -0.6107350000  -1.3955840000  -0.5530110000   0.1275080000  -0.6845620000  -1.2635870000   0.6726340000   0.0290830000  -0.0236340000   0.0084150000  -0.0291700000   0.0237770000  -0.0083970000  -0.0267000000   0.0142790000  -0.0396420000   0.0713000000  -0.0500640000   0.0874730000  -0.0445120000   0.0356420000  -0.0478490000
   6.4417891275   6.2427003614  608  7.31E+00  -0.8576260000  -1.6551710000   2.7633090000  -1.4642170000  -0.2407410000   2.4359380000   2.0854500000   0.9528410000   8.5289370000   2.7232600000   0.8027530000   7.5206730000   3.2368970000   0.4388040000   6.4867470000   0.0155910000  -0.0364800000   0.0084420000  -0.0157950000   0.0365150000  -0.0084470000  -0.0329110000  -0.0060330000   0.0406210000   0.0151410000   0.0349890000   0.0077700000   0.0179730000  -0.0289910000  -0.0483860000
   6.4427739206   6.2425256454 1316  8.40E+00   0.2904500000   1.6965750000   2.8558300000  -1.0193400000   1.7656300000   2.6772260000   1.6425600000  -2.8651690000   5.9081880000   1.8448930000  -2.9046880000   7.0892000000   2.0450170000  -3.1914980000   8.2205250000  -0.0825880000   0.0044380000  -0.0112450000   0.0824600000  -0.0040970000   0.0112440000  -0.0051460000  -0.0158200000  -0.0357550000   0.0019860000   0.0358560000   0.0202440000   0.0032880000  -0.0203770000   0.0155110000
   6.4430015850   6.2415977459 1469  3.09E+00  -1.5545290000   0.5395650000   2.1544270000  -0.3602370000  -0.2772420000   2.0956780000   1.8210290000   0.5422460000   7.8860200000   0.6738220000   0.6791820000   8.1982030000  -0.4298150000   0.9861930000   8.3587500000   0.0023910000  -0.0016420000  -0.0000960000  -0.0024540000   0.0016060000   0.0001230000   0.0329330000   0.0080150000  -0.0165790000  -0.0719940000  -0.0094990000   0.0305570000   0.0391240000   0.0015210000  -0.0140050000
   6.4409567558   6.2405171592 1617  4.97E+00   0.4160280000   1.4806980000   2.1977370000  -0.0011720000  -0.0146910000   1.9007490000   0.9845870000   0.6117610000   8.0309930000  -0.0171170000   0.2621240000   8.5075220000  -0.9920950000  -0.1407820000   8.9523680000   0.0111090000   0.0400020000   0.0079150000  -0.0112940000  -0.0400530000  -0.0080080000  -0.0245670000  -0.0131840000   0.0124360000  -0.0304930000  -0.0048860000   0.0133530000   0.0552460000   0.0181210000  -0.0256950000
   6.4417632580   6.2432601723 1889  5.71E+00  -0.2152450000  -1.3609340000   2.2211020000   0.0051240000   0.0146480000   1.9338340000   0.7633750000  -0.5291650000   8.1069710000  -0.0465920000   0.2281940000   8.4614980000  -0.7404290000   1.0581240000   8.7442300000   0.0024020000   0.0152950000  -0.0032080000  -0.0025690000  -0.0151810000   0.0031260000  -0.0149840000   0.0284460000   0.0071030000  -0.0760380000   0.0638020000   0.0310530000   0.0911890000  -0.0923620000  -0.0380750000
   6.4429097974   6.2424408946 1934  4.33E+00   0.9439690000   1.2168960000   2.1075860000  -0.0117780000  -0.0163060000   1.9662570000  -0.4263590000   1.3434920000   8.6039830000  -0.0314330000   0.2333920000   8.3998350000   0.4493060000  -0.8262580000   8.1387320000   0.0237160000   0.0306250000   0.0035380000  -0.0237750000  -0.0305490000  -0.0035320000  -0.0077110000   0.0390460000   0.0043490000  -0.0100670000  -0.0140550000   0.0042970000   0.0178370000  -0.0250660000  -0.0086520000
   6.4404220451   6.2400353318 2701  2.27E+00   1.2662410000   0.4358290000   2.0633080000   0.1188190000  -0.4415780000   2.0305210000  -1.1474890000   0.4260430000   8.6232460000  -0.2675620000   1.0623100000   8.2869730000   0.6751600000   1.6420470000   7.8860340000  -0.0035850000  -0.0027550000  -0.0001510000   0.0034520000   0.0026590000   0.0001070000   0.0671300000   0.0414700000  -0.0275950000  -0.0677830000  -0.0355250000   0.0288250000   0.0007860000  -0.0058490000  -0.0011860000
   6.4409451228   6.2443666116 2701  2.09E+00   1.2765000000   0.4394520000   2.0666770000   0.1188470000  -0.4421080000   2.0289170000  -1.1475560000   0.4264980000   8.6272570000  -0.2658880000   1.0615820000   8.2891980000   0.6731840000   1.6445560000   7.8881540000   0.0004040000   0.0002940000  -0.0000350000  -0.0005350000  -0.0003900000  -0.0000070000   0.0645920000   0.0400710000  -0.0267250000  -0.0631820000  -0.0333830000   0.0271150000  -0.0012800000  -0.0065920000  -0.0003480000
   6.4401527514   6.2434817338 2975  1.01E+00   0.6093980000   1.5115740000   3.1862120000  -0.0529290000   1.2045090000   1.8581520000   0.2829060000  -2.5934760000   9.5282830000   0.0417960000  -1.9651320000   8.5774930000  -0.0883330000  -1.3544780000   7.5530090000   0.0105100000   0.0049570000   0.0208310000  -0.0104520000  -0.0047180000  -0.0213170000   0.0045850000   0.0051930000  -0.0141950000  -0.0076280000  -0.0220290000   0.0488520000   0.0029850000   0.0165960000  -0.0341710000
   6.4419082748   6.2404157752 3455  2.40E+00   0.9132860000  -1.4385320000   3.2715710000  -0.3780010000  -1.8451700000   2.5805550000   0.5785490000   3.1806170000   6.1539660000   0.7303270000   3.6196070000   7.2565350000   0.7034840000   4.0956920000   8.3057330000   0.0216550000   0.0066670000   0.0115480000  -0.0216740000  -0.0071340000  -0.0117060000  -0.0152970000  -0.0060010000  -0.0281170000   0.0262660000   0.0203450000   0.0682980000  -0.0109510000  -0.0138760000  -0.0400230000
   6.4405548610   6.2447816552 3506  4.88E+00   1.9541000000  -1.1492000000   2.9472960000   0.8537370000  -0.2843540000   2.1880620000  -2.5836070000   0.7381800000   7.3004380000  -1.5911910000   0.8082920000   7.9552780000  -0.6087740000   0.8352470000   8.6153540000   0.0310260000  -0.0243850000   0.0214590000  -0.0309790000   0.0244100000  -0.0213920000  -0.0252230000  -0.0040070000  -0.0139660000   0.0108000000   0.0059520000   0.0020420000   0.0143760000  -0.0019700000   0.0118560000
   6.4414555743   6.2444743126 3834  5.01E+00   1.7289080000   0.6404710000   2.4586110000   0.7340310000  -0.2029220000   2.1032570000  -2.2813020000   0.1672430000   7.5589150000  -1.3656750000   0.6168390000   8.1079780000  -0.4683460000   1.0304630000   8.6965720000  -0.0448110000  -0.0379700000  -0.0159370000   0.0448750000   0.0380160000   0.0160200000   0.0284750000   0.0125100000   0.0228890000   0.0146490000   0.0090400000   0.0001220000  -0.0431870000  -0.0215970000  -0.0230940000
   6.4421140528   6.2432261193 3853  8.40E+00   1.3746460000   0.9608300000   2.6860080000   0.4365630000   0.1566590000   1.8017300000  -1.1974760000  -0.7697880000   7.7556770000  -0.7214460000  -0.0985520000   8.6847530000  -0.5278520000   0.6885180000   9.5584000000   0.0157020000   0.0134600000   0.0147640000  -0.0154910000  -0.0132910000  -0.0149530000  -0.0521020000  -0.0442760000  -0.0710300000   0.0621580000   0.0147800000   0.0483520000  -0.0102660000   0.0293270000   0.0228660000
