   6.4499681372   6.5770524232   19  1.65E+00  -0.0783540000   1.1375670000   2.2892440000  -0.5751660000  -0.1633020000   1.8560890000   0.2510520000   1.1887800000   9.1557730000   1.0361480000   0.4716320000   8.6071950000   1.8485710000  -0.1112590000   7.9700410000   0.0005950000   0.0016430000   0.0005630000  -0.0007120000  -0.0016030000  -0.0005690000  -0.0235970000   0.0315540000   0.0132650000   0.0090290000  -0.0308380000   0.0004420000   0.0146840000  -0.0007560000  -0.0137000000
   6.4494678562   6.5786648706  165  3.21E+00  -0.6556050000   0.4900310000   2.5615480000  -0.5920270000  -0.6261210000   1.7633070000   0.4943770000   0.5538020000   8.1434590000   1.1402280000   1.3651300000   8.6938250000   1.6476900000   2.2052030000   9.3635420000   0.0021190000  -0.0366960000  -0.0263290000  -0.0020620000   0.0367780000   0.0260910000  -0.0052280000   0.0063570000   0.0124220000   0.0034890000  -0.0257920000  -0.0343180000   0.0016820000   0.0193540000   0.0221340000
   6.4492194097   6.5767812465  653  3.51E+00  -0.8883010000  -0.1865140000   2.8135520000   0.0087810000   0.0026910000   1.5265040000  -0.1216110000  -0.2569100000   8.0968660000   0.0227170000   0.2206430000   9.1851060000   0.1166670000   0.7772600000  10.2081070000  -0.0239440000  -0.0050080000   0.0341270000   0.0239390000   0.0051010000  -0.0345470000  -0.0071730000  -0.0084510000  -0.0327690000   0.0108210000   0.0060330000   0.0419300000  -0.0036430000   0.0023250000  -0.0087410000
   6.4482022533   6.5751042618  830  4.44E+00   1.4034740000   1.7397020000   4.8411070000   1.6702640000   1.7270660000   3.4972660000  -3.3189200000  -2.9001860000   6.6868460000  -3.0579420000  -2.8620260000   5.5476330000  -2.8156230000  -2.9986230000   4.3785590000   0.0092340000  -0.0004480000  -0.0466830000  -0.0092610000   0.0004920000   0.0468410000  -0.0000190000  -0.0114150000  -0.0095040000  -0.0057280000   0.0283250000   0.0505630000   0.0057750000  -0.0169530000  -0.0412160000
   6.4477921221   6.5763535173 1566  4.07E+00   0.1290430000   1.3066980000   2.2007310000   0.0011130000  -0.0194430000   1.8837330000  -1.1257180000   0.4871640000   8.3429920000   0.0021530000   0.2739150000   8.5640070000   1.1104120000   0.0096610000   8.6827550000  -0.0044680000  -0.0465750000  -0.0111070000   0.0045550000   0.0465650000   0.0111330000   0.0161690000  -0.0070430000  -0.0022500000   0.0458930000  -0.0037160000   0.0149180000  -0.0621490000   0.0107690000  -0.0126940000
   6.4499111396   6.5762453799 1872  2.76E+00  -0.0030330000  -1.2956650000   2.5595470000  -0.0021710000   0.0198940000   1.7147980000   0.9506110000  -0.0681500000   9.4498960000   0.0061670000   0.2329400000   8.8256970000  -0.9442070000   0.5632310000   8.2005020000   0.0000320000  -0.0320870000   0.0206010000   0.0001260000   0.0320190000  -0.0206770000  -0.0028060000   0.0027510000  -0.0008790000   0.0147360000  -0.0088390000   0.0067970000  -0.0120880000   0.0061560000  -0.0058420000
   6.4497317767   6.5761957589 2409  2.39E+00   0.6323560000   0.8054150000   2.6084680000  -0.0089120000  -0.0144800000   1.6274030000   0.2422160000  -0.5682080000   8.1754310000  -0.0557810000   0.2143010000   8.9940840000  -0.1956690000   1.1165800000   9.7819470000  -0.0052210000  -0.0066040000  -0.0079890000   0.0051630000   0.0067310000   0.0078270000   0.0074970000   0.0135630000   0.0063740000  -0.0112330000  -0.0603270000  -0.0391590000   0.0037940000   0.0466370000   0.0329480000
   6.4498648577   6.5754253026 2460  1.44E+01   1.3895910000  -0.1916400000   3.1556290000   0.6166870000  -0.5990070000   1.6668240000  -1.2242260000   1.0709550000   7.7543920000  -1.0893720000   1.3054500000   8.9188070000  -1.1254220000   1.6403840000  10.0281420000   0.0295040000   0.0154390000   0.0564610000  -0.0292490000  -0.0155510000  -0.0567900000  -0.0150570000   0.0018530000  -0.0280170000   0.0253700000  -0.0008290000   0.0569220000  -0.0105680000  -0.0009130000  -0.0285760000
   6.4488531562   6.5776199900 3556  1.35E+01  -1.4415730000   0.1355200000   2.3457640000  -0.2961300000  -0.3253570000   1.8765490000  -0.6171100000   0.7332230000   8.3604880000   0.6053950000   0.8248930000   8.4221440000   1.7324080000   0.9515810000   8.7985020000   0.0746060000  -0.0299960000  -0.0305530000  -0.0744160000   0.0300160000   0.0305870000  -0.0807690000  -0.0033750000   0.0160350000   0.0526230000  -0.0025410000  -0.0461450000   0.0279560000   0.0058960000   0.0300770000
   6.4450804929   6.5762482435 3856  3.29E+00   0.8118930000  -0.6357150000   2.5571690000  -0.0149310000   0.0081220000   1.6871950000  -0.6868040000   0.8597090000   8.1733670000  -0.0097070000   0.2564290000   8.8871070000   0.7175110000  -0.3650490000   9.5689340000  -0.0323610000   0.0251930000  -0.0340660000   0.0324630000  -0.0252940000   0.0339890000   0.0299060000  -0.0247460000   0.0276580000  -0.0326770000   0.0253890000  -0.0254930000   0.0026700000  -0.0005420000  -0.0020880000
   6.4454719789   6.5772350808 3984  5.40E+00  -0.3357980000   0.2825790000   2.2933550000   0.2637340000  -0.8537210000   1.8630620000   0.3923050000   1.9373050000   7.8173600000  -0.4843660000   1.7875940000   8.5588930000  -1.3246880000   1.6543160000   9.3096320000   0.0258450000  -0.0491300000  -0.0186170000  -0.0260080000   0.0489910000   0.0184770000  -0.0302860000  -0.0036540000   0.0305750000  -0.0364200000  -0.0078660000   0.0255120000   0.0668700000   0.0116580000  -0.0559470000
   6.4474824110   6.5769944814 3985  1.17E+01   0.8649410000  -1.7698120000   3.3350390000  -0.2756190000  -1.3602910000   2.1773820000  -0.0783750000   1.7163690000   7.9870390000   0.4560230000   2.7718150000   7.8931570000   1.0580540000   3.7956390000   8.0042980000   0.0405250000  -0.0145030000   0.0410440000  -0.0404470000   0.0145910000  -0.0412050000  -0.0034870000  -0.0161510000   0.0156530000  -0.0171440000  -0.0101450000  -0.0318660000   0.0205530000   0.0262080000   0.0163740000
