   6.4413100524   6.0922313240  292  1.31E+00  -0.3479330000   1.1485270000   1.8803210000  -0.0410060000  -0.2621290000   2.0265880000  -0.6858030000   1.4700750000   7.8316710000   0.0637660000   0.6682950000   8.2904970000   0.8646480000  -0.0473140000   8.7061340000   0.0003460000  -0.0015280000   0.0001080000  -0.0002280000   0.0013670000  -0.0001580000  -0.0091200000   0.0195770000  -0.0085480000   0.0364290000  -0.0529810000   0.0265610000  -0.0274270000   0.0335650000  -0.0179640000
   6.4405117339   6.0932836931  454  5.69E+00  -1.9956940000   0.5976440000   2.5473770000  -0.6625280000   0.6799120000   2.2929600000   1.8541760000  -1.8831660000   7.2909270000   1.2648570000  -1.0154360000   7.8621650000   0.6308600000  -0.1001740000   8.1960710000   0.0539450000   0.0033230000  -0.0102900000  -0.0539730000  -0.0033000000   0.0102530000   0.0113390000  -0.0175180000  -0.0276910000  -0.0236330000   0.0360300000   0.0498830000   0.0123220000  -0.0185350000  -0.0221540000
   6.4445256138   6.0946672094  766  3.36E+00   0.4278690000   1.4754570000   2.1510690000  -0.0022620000  -0.0154860000   1.9289460000  -0.9775970000  -0.1605170000   8.9717410000  -0.0107470000   0.2417530000   8.4611800000   0.9700060000   0.6510890000   7.9085230000   0.0106820000   0.0371930000   0.0054880000  -0.0108920000  -0.0372750000  -0.0056560000   0.0121020000   0.0051180000  -0.0078050000  -0.0422750000  -0.0177810000   0.0250720000   0.0303830000   0.0127450000  -0.0170990000
   6.4439508488   6.0921799225  879  7.83E+00  -1.0375180000   1.7715370000   2.3938620000  -1.6712520000   1.4733490000   3.8391710000   3.4368500000  -1.8370330000   4.0908080000   3.0528120000  -2.4999170000   4.9528430000   2.6834190000  -3.0684910000   5.8677290000   0.0188060000   0.0088830000  -0.0429970000  -0.0189210000  -0.0089420000   0.0430850000  -0.0149590000  -0.0245540000   0.0440490000  -0.0129560000  -0.0219060000   0.0160610000   0.0280310000   0.0465200000  -0.0601980000
   6.4420465373   6.0946477362 1120  4.16E+00   1.2750910000   0.9162730000   2.5542400000   0.6574660000  -0.3908000000   1.9049110000  -0.3123150000   1.0104750000   7.7564650000  -1.2217220000   0.8944930000   8.4927090000  -2.1344220000   0.8997280000   9.1947670000   0.0168470000   0.0356220000   0.0175510000  -0.0169040000  -0.0357560000  -0.0180000000  -0.0061500000   0.0081750000   0.0042250000  -0.0284520000  -0.0163950000   0.0250760000   0.0346580000   0.0083530000  -0.0288520000
   6.4408159805   6.0928854393 1206  9.78E+00  -0.0642950000  -1.7747470000   2.0821490000   0.3207910000  -0.1811010000   2.1369550000   0.0291600000  -0.3645950000   8.3981030000  -0.5852580000   0.6043840000   8.0447360000  -1.1878660000   1.6148390000   7.7602820000  -0.0127180000  -0.0525740000  -0.0017750000   0.0127230000   0.0525550000   0.0018630000   0.0249560000  -0.0359640000   0.0193570000   0.0050820000  -0.0177920000  -0.0105230000  -0.0300430000   0.0537750000  -0.0089210000
   6.4430356639   6.0919817136 1222  1.35E+01  -1.0001970000  -0.4707380000   2.3627060000  -1.2652640000   0.8019490000   2.2826140000   2.3186170000  -1.4922420000   6.6420550000   2.4001020000  -1.1044410000   7.7986140000   2.2616820000  -0.9664570000   8.9559620000  -0.0209690000   0.1003670000  -0.0063820000   0.0206610000  -0.1000860000   0.0061810000  -0.0165850000  -0.0367020000  -0.0599580000   0.0301660000   0.0518530000   0.0595470000  -0.0132730000  -0.0154320000   0.0006110000
   6.4404497293   6.0901055279 1243  1.96E+00   0.1009230000  -1.4045060000   2.3204400000   0.0036190000   0.0176680000   1.8649630000   0.7603060000  -0.3064980000   7.8991760000  -0.0043310000   0.2951080000   8.5316900000  -0.7814860000   0.7728830000   9.2370380000   0.0010810000  -0.0164440000   0.0052030000  -0.0012690000   0.0165700000  -0.0054240000  -0.0254220000   0.0105130000   0.0279670000  -0.0036740000   0.0168490000  -0.0063870000   0.0292840000  -0.0274880000  -0.0213590000
   6.4441424506   6.0939250360 1334  3.57E+00   0.6184620000  -1.3260300000   2.1074110000  -0.0026230000   0.0157500000   1.9966630000   1.1014530000  -0.0889260000   7.9888230000  -0.0137780000   0.2980210000   8.3114180000  -1.1169730000   0.5577620000   8.6684240000   0.0050110000  -0.0108960000   0.0008680000  -0.0051950000   0.0109660000  -0.0009250000   0.0705780000  -0.0313330000  -0.0162890000  -0.0428090000   0.0317750000   0.0043250000  -0.0275830000  -0.0005130000   0.0120210000
   6.4405389717   6.0900977597 1371  4.82E+00  -1.2587090000   0.2986150000   2.2542840000   0.0182180000  -0.0057400000   1.8807570000   0.5329130000  -0.5655680000   7.9231880000   0.0071580000   0.2487670000   8.5690000000  -0.5499670000   1.0763480000   9.1103000000   0.0480100000  -0.0114040000  -0.0140560000  -0.0481370000   0.0115800000   0.0138450000  -0.0157120000   0.0219570000   0.0111280000  -0.0239650000   0.0393840000   0.0369700000   0.0398040000  -0.0615160000  -0.0478870000
   6.4411268340   6.0924213684 1375  1.20E-01   1.4304260000   0.1155390000   2.7867910000   0.4453410000  -0.3093980000   1.7342640000  -1.0501160000   0.8937480000   9.9348810000  -0.8303840000   0.8193340000   8.7769100000  -0.6407810000   0.7167840000   7.6406070000   0.0129530000   0.0055380000   0.0136330000  -0.0128130000  -0.0056240000  -0.0140950000  -0.0046980000  -0.0009730000   0.0153780000   0.0137560000  -0.0009510000  -0.0581590000  -0.0091990000   0.0020100000   0.0432420000
   6.4438687627   6.0908292199 1539  4.79E+00   1.1388160000   1.1489020000   2.0430080000   0.2637270000   0.0216050000   2.0419480000  -0.4172090000  -0.9702700000   8.5991280000  -0.5352040000   0.1739650000   8.1887870000  -0.5698800000   1.3470650000   7.9280720000  -0.0081840000  -0.0105720000  -0.0000170000   0.0081660000   0.0104430000   0.0000760000   0.0119210000  -0.0706680000   0.0353390000  -0.0148700000   0.0220320000  -0.0350030000   0.0029670000   0.0487650000  -0.0003940000
   6.4417520445   6.0932492115 1801  3.07E+00  -1.6160700000  -0.6564260000   2.2837900000  -0.1028630000  -0.8692930000   2.2487450000   0.9412010000   2.7597360000   7.6163460000   0.2165030000   1.8619930000   7.9225320000  -0.4881870000   0.9129610000   8.0627610000  -0.0278920000   0.0039450000   0.0006270000   0.0279510000  -0.0038870000  -0.0007210000   0.0220520000   0.0230010000  -0.0178990000  -0.0079500000   0.0002960000   0.0234440000  -0.0141620000  -0.0233540000  -0.0054510000
   6.4418755023   6.0940032322 1904  4.38E+00  -0.7246010000   1.1235570000   1.8981340000   0.0044850000  -0.0099790000   2.0678530000  -0.9158890000   0.9505280000   8.0148870000   0.0315820000   0.2853530000   8.2403230000   0.9154320000  -0.4980200000   8.3533750000   0.0300710000  -0.0467320000   0.0069850000  -0.0299930000   0.0467110000  -0.0069970000  -0.0090860000  -0.0040030000  -0.0066410000  -0.0016660000   0.0246220000   0.0106480000   0.0106730000  -0.0205980000  -0.0039950000
   6.4422739997   6.0948740440 1984  3.34E+00   0.6065650000  -0.9994250000   2.6344920000  -0.0080230000   0.0145720000   1.6525790000   0.0470450000   0.1921670000  10.1382220000  -0.0305520000   0.2055420000   8.9309220000  -0.0222530000   0.3314010000   7.7391960000   0.0125980000  -0.0208100000   0.0199540000  -0.0125760000   0.0207010000  -0.0204410000   0.0090940000   0.0057510000   0.0663490000  -0.0142300000  -0.0165140000  -0.0291370000   0.0051140000   0.0108720000  -0.0367260000
   6.4406983979   6.0918115467 2082  5.62E+00  -0.9708100000  -1.2169030000   2.0573720000   0.0165020000   0.0163810000   2.0676500000   0.5596990000   1.2345490000   8.0116530000  -0.0150090000   0.2693520000   8.2509240000  -0.5696810000  -0.7542200000   8.3396300000  -0.0263040000  -0.0328460000  -0.0002630000   0.0262910000   0.0328460000   0.0002500000  -0.0277010000  -0.0531290000   0.0028880000   0.0164610000   0.0392360000   0.0080380000   0.0112520000   0.0138940000  -0.0109120000
   6.4414575614   6.0945659615 2134  2.53E+00   0.0649080000  -0.6720950000   1.6175310000  -0.0948520000   0.6230530000   2.1747300000  -0.1829260000   0.2137880000   8.2549010000   0.1829810000  -0.8851290000   8.0543820000   0.5151860000  -1.9309830000   7.7368550000  -0.0019910000   0.0161400000   0.0069580000   0.0020080000  -0.0161730000  -0.0069650000  -0.0005880000  -0.0018360000  -0.0076700000   0.0233640000  -0.0659660000  -0.0049990000  -0.0227920000   0.0678340000   0.0126770000
   6.4438004234   6.0922214618 2229  4.24E+00   1.3689820000  -0.7263220000   1.9580480000   0.1760430000  -1.1819030000   2.5407860000  -0.9671010000   3.2498330000   6.7309060000  -0.3884170000   2.3706630000   7.3285970000   0.2932350000   1.6066640000   7.9560720000  -0.0223850000  -0.0085390000   0.0109430000   0.0223340000   0.0085910000  -0.0108690000  -0.0232200000   0.0513870000  -0.0269840000  -0.0088290000  -0.0293460000  -0.0003760000   0.0321000000  -0.0220920000   0.0272860000
   6.4422299986   6.0908050764 2329  4.44E+00   0.7144420000  -1.7134070000   2.4077720000  -0.0407720000  -0.4474710000   2.0631620000   0.9105710000   0.5291490000   8.6920930000   0.0704140000   1.0799550000   8.1770600000  -0.8048160000   1.6905360000   7.7149820000   0.0117220000  -0.0195970000   0.0054110000  -0.0115980000   0.0195120000  -0.0053560000  -0.0793040000   0.0551520000  -0.0418060000   0.0566040000  -0.0426230000   0.0223830000   0.0225760000  -0.0124440000   0.0193670000
   6.4445677874   6.0946214394 2434  9.03E+00  -0.6988760000   0.0286820000   1.6246140000  -0.2764910000  -0.9729110000   2.3735490000   1.3626410000   2.7752440000   7.2643390000   0.4958020000   2.0414150000   7.6291210000  -0.3099420000   1.2370930000   8.0532650000   0.0277320000  -0.0657120000   0.0491840000  -0.0276780000   0.0658050000  -0.0491750000   0.0299100000   0.0187370000  -0.0065000000   0.0102570000   0.0283140000  -0.0215690000  -0.0402210000  -0.0471430000   0.0280600000
   6.4416437705   6.0942877175 2853  2.34E+00  -0.9689530000  -1.6264090000   3.0134260000   0.2029910000  -1.0992460000   2.1249150000  -0.4443460000   2.5807720000   6.9393480000  -0.3378640000   2.3055980000   8.0766090000  -0.2547600000   1.9684650000   9.1965680000  -0.0283720000  -0.0128340000   0.0215220000   0.0284240000   0.0125210000  -0.0216510000  -0.0012620000  -0.0037520000   0.0045600000   0.0028530000   0.0074660000  -0.0027380000  -0.0016420000  -0.0034010000  -0.0016930000
   6.4412082807   6.0909249909 2937  5.25E+00   0.9209760000   0.2771620000   2.1543090000  -0.5196770000  -0.3226920000   1.8863950000   0.8733070000  -0.0972730000   7.8116080000   0.9720590000   0.7842710000   8.5753210000   0.9343410000   1.7903400000   9.1952760000   0.0390980000   0.0163270000   0.0072080000  -0.0391530000  -0.0162000000  -0.0075380000  -0.0075200000   0.0197970000   0.0023220000   0.0169970000  -0.0388800000   0.0004730000  -0.0094230000   0.0189570000  -0.0024650000
   6.4424814965   6.0904706680 3124  1.34E+00  -0.1492250000  -1.7056670000   3.1032890000   0.2198010000  -0.8654970000   1.9068640000  -0.5879150000   1.8405780000   7.3030280000  -0.4163900000   1.8249510000   8.4855680000  -0.1878380000   1.9070780000   9.6092200000  -0.0052140000  -0.0120470000   0.0169390000   0.0053300000   0.0116860000  -0.0173020000  -0.0002910000   0.0080350000  -0.0285130000   0.0053570000  -0.0111700000   0.0765400000  -0.0051830000   0.0034950000  -0.0476640000
   6.4431455495   6.0938141215 3359  6.25E+00   0.0756610000   1.3193860000   2.1094580000   0.0025430000  -0.0203120000   1.9676370000   0.6032070000  -0.6635770000   7.9975610000  -0.0148440000   0.2107600000   8.4558650000  -0.6095290000   1.2113540000   8.6960800000  -0.0034210000  -0.0624020000  -0.0066000000   0.0033460000   0.0624780000   0.0065060000  -0.0116460000   0.0271090000  -0.0029820000   0.0198680000  -0.0519490000   0.0126720000  -0.0081460000   0.0247640000  -0.0095960000
   6.4422810599   6.0901968789 3462  5.35E+00   1.6152810000  -1.4691530000   2.7115140000   0.7798900000  -0.2887440000   2.1931680000  -2.4381560000   0.7556720000   7.2571460000  -1.4139460000   0.8257090000   7.9134730000  -0.4971290000   0.8467640000   8.6793870000   0.0166040000  -0.0234410000   0.0103570000  -0.0164810000   0.0234760000  -0.0102600000  -0.0655490000  -0.0063910000  -0.0297440000   0.0417360000   0.0081970000  -0.0027910000   0.0236900000  -0.0018410000   0.0324380000
   6.4431206567   6.0924285090 3542  3.39E+00   0.9180730000  -0.8803100000   2.3358620000  -0.0145330000   0.0137060000   1.8077520000   0.2783750000  -0.5131760000   9.5409720000   0.0668250000   0.2403070000   8.6234210000  -0.3138000000   1.0074630000   7.8111320000  -0.0207150000   0.0198350000  -0.0117330000   0.0208200000  -0.0200260000   0.0115630000  -0.0009210000  -0.0327190000   0.0480780000   0.0137270000   0.0268490000  -0.0512100000  -0.0129110000   0.0060620000   0.0033020000
   6.4448178255   6.0915618672 3574  6.24E+00  -1.5552260000   0.0791050000   2.2245030000  -0.0799340000  -0.4525890000   2.0231740000  -0.6838590000   0.3146690000   8.0359700000   0.1630130000   1.0503870000   8.3596430000   1.0586790000   1.8398400000   8.4452930000  -0.0395410000   0.0142750000   0.0053600000   0.0396340000  -0.0142270000  -0.0055090000   0.0164250000   0.0152660000  -0.0086400000  -0.0458650000  -0.0420220000   0.0208400000   0.0293470000   0.0267080000  -0.0120510000
   6.4448197551   6.0948700094 3574  6.41E+00  -1.5550410000   0.0790500000   2.2276560000  -0.0800600000  -0.4530900000   2.0215900000  -0.6840110000   0.3153890000   8.0375790000   0.1629760000   1.0500300000   8.3629080000   1.0594770000   1.8418940000   8.4489460000  -0.0396250000   0.0143200000   0.0055000000   0.0397160000  -0.0142730000  -0.0056480000   0.0164680000   0.0154660000  -0.0086280000  -0.0485580000  -0.0447920000   0.0205730000   0.0319990000   0.0292800000  -0.0117980000
   6.4434836988   6.0916915815 3670  1.16E+00  -1.0432240000  -1.6290210000   3.8472710000  -0.9728210000  -1.4536460000   2.4677400000   1.0915510000   2.1570930000   6.9185420000   1.8145650000   2.9193310000   7.4059250000   2.4704920000   3.7015450000   7.9561660000   0.0016320000   0.0040670000  -0.0329190000  -0.0017400000  -0.0043670000   0.0325200000   0.0215550000   0.0297590000   0.0232680000  -0.0009080000  -0.0121670000  -0.0142880000  -0.0205390000  -0.0172930000  -0.0085810000
   6.4402411006   6.0947753536 3673  4.64E+00  -1.7991110000   0.8146930000   2.6253300000  -0.8963800000  -0.3360320000   2.1800990000   2.4763260000   0.5064900000   7.1862250000   1.7252940000   0.9217130000   8.0145620000   0.8185890000   1.1161510000   8.7451170000  -0.0167340000   0.0213300000   0.0082690000   0.0165600000  -0.0212720000  -0.0083180000   0.0060590000  -0.0223680000  -0.0213340000   0.0099180000   0.0350820000   0.0217760000  -0.0158030000  -0.0127710000  -0.0003920000
   6.4432203911   6.0926059193 3777  9.31E-01   1.7157170000   0.9857280000   3.2419170000   0.6298480000   1.7108410000   2.4347820000  -1.1488730000  -1.7684800000   7.1092150000  -1.1989120000  -2.8811780000   7.4924540000  -1.2048160000  -3.9874160000   7.9032750000   0.0214350000  -0.0142660000   0.0158030000  -0.0212450000   0.0143800000  -0.0161700000   0.0021620000   0.0012900000   0.0026680000  -0.0049520000   0.0119260000  -0.0094270000   0.0026010000  -0.0133300000   0.0071260000
