   6.4427888280   6.2778138736  613  4.30E+00  -1.0475950000   1.1314500000   2.1297600000   0.0105620000  -0.0088280000   1.9586820000   0.2178210000   1.3712910000   8.0794060000  -0.0002090000   0.2550890000   8.4261480000  -0.2044120000  -0.9023060000   8.6799930000  -0.0260260000   0.0280030000   0.0042040000   0.0260000000  -0.0281010000  -0.0042160000   0.0057510000   0.0223680000  -0.0115480000   0.0017900000   0.0276970000   0.0055810000  -0.0075160000  -0.0499670000   0.0059790000
   6.4446826668   6.2754698621  715  5.82E+00   0.8890080000   0.9268910000   2.2566240000  -0.0129210000  -0.0057280000   1.8627050000   0.0020130000  -0.7806920000   9.0872590000  -0.0311260000   0.2611790000   8.6004490000   0.0298760000   1.2425110000   8.0126310000  -0.0384730000  -0.0398210000  -0.0168480000   0.0384600000   0.0396560000   0.0167240000   0.0055680000   0.0446500000  -0.0297480000  -0.0089280000   0.0199030000  -0.0003930000   0.0033740000  -0.0643870000   0.0302650000
   6.4416774110   6.2753634424  788  3.60E+00  -1.3399100000  -0.7026300000   2.1920730000   0.0164090000   0.0089020000   1.9449240000  -1.1203290000  -0.0013120000   8.7250110000  -0.0018160000   0.2295020000   8.4239140000   1.1241580000   0.5165100000   8.1008490000  -0.0305210000  -0.0160030000   0.0056200000   0.0304260000   0.0159720000  -0.0055960000  -0.0145300000   0.0003610000   0.0038350000  -0.0345700000  -0.0162360000   0.0097140000   0.0491950000   0.0159060000  -0.0135730000
   6.4408636816   6.2768854224  898  9.80E+00   0.0894990000  -0.9992490000   2.0142280000  -0.4636310000   0.2519000000   2.0175750000   1.2110890000  -1.1727400000   7.8967760000   0.8842540000  -0.1917610000   8.3546580000   0.4349510000   0.8092730000   8.6294430000  -0.0199020000   0.0450070000   0.0000910000   0.0198690000  -0.0449100000  -0.0001410000  -0.0419220000   0.0977670000   0.0314070000   0.0093360000  -0.0045070000   0.0088380000   0.0326190000  -0.0933570000  -0.0401950000
   6.4437198401   6.2769183970  959  3.85E+00  -0.0426700000  -1.2007920000   2.3996250000  -0.4881910000   0.0957220000   1.8075330000   0.2902850000   0.8253140000   7.9931110000   0.8121180000   0.0505950000   8.6626030000   1.5408970000  -0.5780230000   9.3266520000   0.0048510000  -0.0141240000   0.0064400000  -0.0048200000   0.0139430000  -0.0065880000   0.0439450000  -0.0314020000   0.0382580000  -0.0484060000   0.0114910000  -0.0286260000   0.0044300000   0.0200920000  -0.0094840000
   6.4407714007   6.2799803372 1257  1.55E+00  -0.6439380000  -0.5119500000   2.5477280000   0.5425770000  -0.4215590000   1.7531330000  -1.2629760000   0.8230160000   7.6377880000  -1.0180270000   1.0733490000   8.7791340000  -0.6419860000   1.1965200000   9.8568540000   0.0095290000   0.0006750000  -0.0065230000  -0.0093240000  -0.0007790000   0.0060520000   0.0036570000  -0.0130310000  -0.0243890000   0.0037910000   0.0271050000   0.0761010000  -0.0076530000  -0.0139700000  -0.0512410000
   6.4400025905   6.2783434464 1271  9.73E-01   0.1828480000   0.6738270000   2.3075340000   0.5383650000  -0.6051160000   1.8375200000  -1.3499140000   1.3840730000   7.4850970000  -0.9810830000   1.3729160000   8.6027840000  -0.6138360000   1.2525980000   9.7356130000   0.0060510000  -0.0215540000  -0.0080050000  -0.0058420000   0.0214320000   0.0077330000  -0.0013860000  -0.0062480000   0.0006050000  -0.0115300000   0.0172620000  -0.0416420000   0.0127090000  -0.0108920000   0.0413090000
   6.4440477604   6.2779426829 1291  3.83E+00  -0.2524100000   0.9286240000   2.3880590000   0.9702820000   0.2639880000   1.8991280000  -2.0499370000  -0.4317070000   7.3586930000  -1.7740080000  -0.3564690000   8.5166010000  -1.4482450000   0.0100590000   9.6139570000  -0.0073570000   0.0040740000   0.0028760000   0.0076140000  -0.0040050000  -0.0031360000  -0.0035620000   0.0159730000  -0.0262730000  -0.0120530000  -0.0478680000  -0.0123260000   0.0153580000   0.0318270000   0.0388580000
   6.4442351790   6.2765886790 1387  1.69E+00  -0.9741200000  -1.7088440000   2.6310010000  -0.4739010000  -0.4196950000   2.0835370000   0.0520450000   1.8261380000   7.9209320000   0.8596260000   1.0459720000   8.1606060000   1.7307850000   0.2800480000   8.3826710000  -0.0046470000  -0.0119940000   0.0051390000   0.0046880000   0.0119760000  -0.0050700000   0.0441690000  -0.0365760000   0.0120190000  -0.0544720000   0.0400750000  -0.0135440000   0.0102630000  -0.0034810000   0.0014560000
   6.4440223614   6.2777108357 1811  5.51E+00  -0.3146730000   1.2990360000   1.9825230000   0.0036460000  -0.0130050000   2.0218020000  -0.5346160000   1.2964900000   8.1377770000  -0.0373950000   0.2199100000   8.3294930000   0.5643040000  -0.7907920000   8.3882170000   0.0145590000  -0.0599950000   0.0017790000  -0.0145480000   0.0599140000  -0.0017860000  -0.0110870000   0.0421580000  -0.0133690000   0.0011660000  -0.0404380000   0.0200490000   0.0099100000  -0.0016390000  -0.0066730000
   6.4405689784   6.2768330951 1816  3.50E+00   0.3465720000  -1.5716020000   2.6008760000   0.4189430000  -0.3766480000   1.9045510000   0.2084160000   0.4519410000   8.1228910000  -0.7955620000   0.9612820000   8.4112940000  -1.7253290000   1.4941910000   8.8883210000   0.0019260000   0.0326420000  -0.0190400000  -0.0021060000  -0.0325840000   0.0189130000  -0.0230420000   0.0162840000   0.0231420000   0.0131940000  -0.0153040000  -0.0343230000   0.0100270000  -0.0010380000   0.0113080000
   6.4445176935   6.2757476638 1816  3.05E+00   0.3567290000  -1.5794950000   2.6055580000   0.4191410000  -0.3768410000   1.9036700000   0.2065730000   0.4529170000   8.1206890000  -0.7963490000   0.9624650000   8.4142290000  -1.7245220000   1.4937880000   8.8924250000   0.0013910000   0.0277810000  -0.0162350000  -0.0015710000  -0.0277240000   0.0161020000  -0.0222290000   0.0157960000   0.0228260000   0.0102190000  -0.0134850000  -0.0326450000   0.0121900000  -0.0023680000   0.0099520000
   6.4410566227   6.2785141548 2393  6.30E+00   0.4692470000   2.3208480000   2.8199560000   1.4709300000   1.0611570000   2.9083840000  -3.0279920000  -2.3099460000   5.7039350000  -2.7037350000  -1.7568770000   6.6659350000  -2.3180700000  -1.1293940000   7.5903230000  -0.0304590000   0.0382680000  -0.0026780000   0.0304400000  -0.0382940000   0.0026950000   0.0139550000   0.0226090000   0.0301940000  -0.0201810000  -0.0317890000  -0.0357880000   0.0062450000   0.0092070000   0.0055770000
   6.4431638802   6.2785016656 2606  8.91E-01   1.0017750000  -0.5582990000   2.4910250000  -0.0164040000   0.0098080000   1.7177020000   0.1948330000   0.9661480000   7.9193450000  -0.0039100000   0.2384660000   8.8051460000  -0.1730850000  -0.4712980000   9.7362940000  -0.0211060000   0.0117120000  -0.0160600000   0.0210710000  -0.0119050000   0.0158360000  -0.0023960000  -0.0142510000   0.0242240000   0.0028770000   0.0231800000  -0.0407450000  -0.0004460000  -0.0087360000   0.0167450000
   6.4429715389   6.2782017310 2645  4.70E+00   1.0812700000  -0.9153610000   2.5138300000   0.0373550000  -0.3466370000   1.8497580000   0.8778970000   0.9112020000   7.9429630000  -0.0701290000   0.9247370000   8.5801470000  -1.0799350000   0.8711360000   9.2206220000  -0.0411360000   0.0223770000  -0.0261880000   0.0409980000  -0.0224150000   0.0260750000  -0.0614790000  -0.0032990000   0.0406420000   0.0963750000   0.0093170000  -0.0609820000  -0.0347580000  -0.0059800000   0.0204530000
   6.4429693431   6.2791145562 2701  2.44E+00   1.3525820000   0.4639580000   2.0933750000   0.1191470000  -0.4462900000   2.0160850000  -1.1506140000   0.4285600000   8.6604050000  -0.2495490000   1.0573260000   8.3056970000   0.6576860000   1.6650310000   7.9050220000   0.0241630000   0.0178190000   0.0014790000  -0.0242650000  -0.0179040000  -0.0014940000   0.0328220000   0.0213960000  -0.0149810000  -0.0109210000  -0.0054320000   0.0066550000  -0.0217990000  -0.0158790000   0.0083420000
   6.4442940988   6.2759128320 2754  1.42E+01   0.3405380000  -0.9888330000   2.7262810000  -0.3736990000  -0.3320590000   1.7629510000   0.3621680000   0.3595740000   9.7008390000   0.7723110000   1.0058730000   8.8388620000   0.9029470000   1.2936730000   7.6886790000  -0.0259520000   0.0237650000  -0.0350650000   0.0258360000  -0.0239800000   0.0346690000   0.0014180000   0.0084230000  -0.0684450000   0.0194420000   0.0182510000   0.0886020000  -0.0207440000  -0.0264590000  -0.0197620000
   6.4409958658   6.2795125777 2900  2.19E+00  -2.1959390000  -0.8369680000   4.2443040000  -2.2951180000   0.5416960000   3.9991370000   3.8135530000   0.1150940000   5.3899740000   4.2297100000  -0.7362580000   4.6771090000   4.6119470000  -1.5273410000   3.8600610000  -0.0018240000   0.0257070000  -0.0045950000   0.0017740000  -0.0258040000   0.0045060000  -0.0071880000   0.0176270000   0.0057360000  -0.0060280000   0.0086510000   0.0312910000   0.0132650000  -0.0261820000  -0.0369380000
   6.4401185698   6.2757032583 2900  1.90E+00  -2.1971050000  -0.8475560000   4.2430830000  -2.2949760000   0.5419170000   3.9993680000   3.8104190000   0.1152850000   5.3873840000   4.2274790000  -0.7351900000   4.6757740000   4.6161210000  -1.5287730000   3.8625790000  -0.0013790000   0.0199470000  -0.0035220000   0.0013310000  -0.0200430000   0.0034330000  -0.0062920000   0.0162310000   0.0048930000  -0.0080390000   0.0114390000   0.0329460000   0.0143780000  -0.0275740000  -0.0377500000
   6.4433911517   6.2753184022 2968  6.78E+00   0.1717720000   0.6110520000   1.9519580000  -0.3086840000  -0.8985540000   2.0138920000   0.8323870000   2.3558540000   7.2566400000   0.5718020000   1.7770750000   8.2763280000   0.2691820000   1.4468800000   9.3506960000   0.0131010000   0.0411780000  -0.0018070000  -0.0132000000  -0.0414600000   0.0016760000   0.0051780000   0.0339560000  -0.0243050000  -0.0074580000  -0.0555710000   0.0382380000   0.0023800000   0.0218970000  -0.0138030000
   6.4429314041   6.2765442046 3410  4.90E+00  -0.7396420000  -1.0024690000   2.7106100000  -0.0806230000  -0.3129890000   1.7113340000   0.7706200000   1.3260350000   9.7359850000   0.1768260000   0.9138200000   8.7933140000  -0.4541110000   0.3019350000   7.9465070000   0.0191790000   0.0200440000  -0.0291990000  -0.0190500000  -0.0200020000   0.0287820000   0.0128790000  -0.0010970000   0.0298030000   0.0245510000   0.0466690000   0.0104810000  -0.0375580000  -0.0456140000  -0.0398670000
   6.4405989676   6.2782306162 3552  6.50E+00  -1.2712960000  -1.6746960000   4.0244570000  -2.2857770000  -0.8253920000   4.6123130000   5.0332410000   2.2059040000   4.1736940000   4.2235620000   1.6523790000   3.5571000000   3.2919680000   1.4690600000   2.8686300000  -0.0021530000   0.0017170000   0.0013030000   0.0019630000  -0.0018960000  -0.0010530000  -0.0384710000   0.0070130000  -0.0282380000   0.0265440000  -0.0388240000   0.0195880000   0.0121170000   0.0319890000   0.0084010000
   6.4400464824   6.2754384748 3606  1.15E+00   0.1595710000  -0.7112640000   1.6713360000  -0.9589300000  -0.9680270000   2.5858930000   0.8367010000   1.7097220000   7.9698040000   1.7653470000   2.0026510000   7.2865250000   2.6171360000   2.3539450000   6.5415400000   0.0044000000   0.0010070000  -0.0035830000  -0.0043860000  -0.0010150000   0.0036280000  -0.0248580000  -0.0021930000   0.0125100000   0.0157410000  -0.0076390000   0.0016630000   0.0091030000   0.0098400000  -0.0142180000
   6.4443123984   6.2777977031 3606  1.20E+00   0.1619460000  -0.7306600000   1.6704050000  -0.9591290000  -0.9679250000   2.5857570000   0.8369740000   1.7097040000   7.9723200000   1.7628460000   2.0006640000   7.2834390000   2.6195810000   2.3561680000   6.5420820000   0.0041420000   0.0008730000  -0.0033670000  -0.0041270000  -0.0008790000   0.0034170000  -0.0253730000  -0.0021430000   0.0140430000   0.0123710000  -0.0094740000   0.0023150000   0.0129860000   0.0116230000  -0.0164080000
   6.4420410721   6.2796982098 3834  4.14E+00   1.7470350000   0.6515340000   2.4779150000   0.7360970000  -0.2034200000   2.1002230000  -2.2915180000   0.1680690000   7.5893170000  -1.3769950000   0.6173560000   8.1116670000  -0.4610960000   1.0310380000   8.6773350000  -0.0316950000  -0.0267810000  -0.0117770000   0.0317260000   0.0268210000   0.0118640000   0.0534570000   0.0240280000   0.0357470000  -0.0145850000  -0.0041220000  -0.0165360000  -0.0389030000  -0.0199460000  -0.0192980000
