   6.4551922105   6.7066936177  332  3.59E+00  -0.2016310000  -1.5797420000   4.7062370000  -1.3059850000  -2.2516480000   3.8278920000   1.8769800000   3.6411580000   4.1790480000   2.3984200000   4.3227300000   4.9709360000   2.8576410000   5.1462640000   5.6765480000   0.0268050000   0.0162460000   0.0213950000  -0.0268760000  -0.0164730000  -0.0212610000   0.0054640000   0.0228040000   0.0076120000  -0.0035440000  -0.0363800000  -0.0051980000  -0.0018490000   0.0138030000  -0.0025470000
   6.4597296943   6.7055096472  393  1.64E+00  -1.8189320000  -0.5364670000   2.8097950000  -0.9600070000   0.4333650000   2.0797590000   0.9701650000   0.0822170000   8.7540240000   1.7670020000  -0.5532520000   8.1827740000   2.6124580000  -1.1097460000   7.5405430000  -0.0079550000  -0.0089910000   0.0068140000   0.0079250000   0.0090060000  -0.0067340000   0.0105690000  -0.0006390000  -0.0084470000  -0.0416240000   0.0137400000   0.0322670000   0.0310860000  -0.0131160000  -0.0239000000
   6.4585078546   6.7084285330  480  3.66E+00   0.9933500000  -0.0408090000   2.5988320000  -0.0148890000   0.0002950000   1.6439990000   0.9489920000   0.1532830000   9.6114880000  -0.0254520000   0.2042480000   8.9717680000  -0.9181110000   0.3821630000   8.2803670000  -0.0254020000   0.0010210000  -0.0240790000   0.0255240000  -0.0010680000   0.0240110000  -0.0112180000   0.0102620000  -0.0142090000  -0.0519010000  -0.0082320000  -0.0280250000   0.0629960000  -0.0019830000   0.0423010000
   6.4580219455   6.7062227597  879  7.01E+00  -0.0694690000   0.8764100000   2.0249140000  -1.5628300000   0.8651720000   2.5847420000   3.4310210000  -2.0909720000   6.5445240000   2.8492410000  -1.3826210000   7.3243440000   2.2395920000  -0.5595190000   7.9219010000   0.0426090000   0.0003170000  -0.0159560000  -0.0426150000  -0.0003420000   0.0159540000   0.0217840000  -0.0211520000  -0.0407490000  -0.0108440000   0.0010930000   0.0410440000  -0.0109340000   0.0200840000  -0.0002930000
   6.4585902512   6.7056839324  942  5.26E+00   1.0463790000   0.6920400000   2.2801470000  -0.0167960000  -0.0108270000   1.7981110000   1.1239610000   0.5318150000   8.9752390000   0.0040810000   0.3127600000   8.6427840000  -1.1090690000  -0.0684590000   8.4139870000  -0.0412960000  -0.0272950000  -0.0186520000   0.0413560000   0.0273430000   0.0187460000   0.0241570000  -0.0052320000   0.0144620000   0.0115870000   0.0274430000  -0.0149650000  -0.0358040000  -0.0222580000   0.0004100000
   6.4578135346   6.7098606786 1183  6.28E+00   1.2435650000  -1.5453340000   5.7489590000   0.1239860000  -0.6621970000   6.4224040000  -0.2185520000   2.6298590000   0.5856870000  -0.2556480000   1.4747910000   0.2412770000  -0.2870960000   0.3552280000  -0.2028710000   0.0294080000  -0.0231680000  -0.0177260000  -0.0294250000   0.0232280000   0.0176300000   0.0018830000   0.0553070000   0.0088830000  -0.0006400000  -0.0084130000   0.0177920000  -0.0012260000  -0.0469550000  -0.0265780000
   6.4594579501   6.7063434099 1405  1.00E+01  -0.2797920000   1.7493990000   2.3064800000  -0.4314210000   0.1701130000   1.9223740000   0.4264910000   0.9843060000   8.5235950000   0.7634630000  -0.1035450000   8.4058910000   1.1726310000  -1.1787030000   8.4212080000   0.0049140000   0.0510010000   0.0124450000  -0.0048870000  -0.0510670000  -0.0123220000   0.0263910000  -0.0657690000   0.0045100000  -0.0118780000   0.0117310000  -0.0153210000  -0.0145400000   0.0541030000   0.0106890000
   6.4559923081   6.7065014892 1432  5.52E+00  -0.9244690000   0.9343750000   2.1493080000   0.0113030000  -0.0120740000   1.8835580000   0.9284800000   0.9386410000   8.5626450000  -0.0144340000   0.2548000000   8.5046090000  -0.9158480000  -0.4408110000   8.5118110000   0.0391910000  -0.0396350000  -0.0110760000  -0.0391930000   0.0396350000   0.0111980000  -0.0157560000  -0.0145580000   0.0051200000  -0.0507610000  -0.0334940000  -0.0110140000   0.0665190000   0.0480530000   0.0057710000
   6.4596190887   6.7096199594 1579  4.47E+00  -1.5338020000  -0.2833230000   3.4257960000  -1.1808370000  -1.1786420000   2.1855500000   3.1956530000   2.9782760000   8.1584900000   2.1537220000   2.4474530000   7.9724110000   1.1815760000   1.7763780000   7.7268370000  -0.0089510000   0.0225790000   0.0311760000   0.0089080000  -0.0226510000  -0.0314940000   0.0242930000   0.0019060000   0.0003250000   0.0108640000   0.0334960000   0.0122310000  -0.0351140000  -0.0353300000  -0.0122380000
   6.4580624663   6.7076558838 1648  1.39E+00  -0.4749730000  -0.7406350000   3.0571790000  -0.9881380000  -0.4788420000   1.7226950000   1.7294640000   0.5391940000   7.7700820000   1.8305350000   1.1936930000   8.7711600000   1.8612880000   1.6904930000   9.8504660000  -0.0002430000   0.0000650000  -0.0005480000   0.0000470000  -0.0000560000   0.0002290000  -0.0068560000  -0.0308340000  -0.0266910000   0.0104040000   0.0279240000  -0.0049400000  -0.0033530000   0.0029000000   0.0319490000
   6.4553035747   6.7056357570 1690  3.90E+00  -0.4001820000   0.7563060000   2.4711210000   0.2672220000  -0.3767490000   1.6675970000  -0.9181530000   1.8464690000   9.4614310000  -0.5397740000   0.8688920000   8.9239330000   0.0140060000   0.0228610000   8.3565240000  -0.0138950000   0.0235640000   0.0166830000   0.0138080000  -0.0234750000  -0.0168050000   0.0114490000   0.0108960000  -0.0003750000  -0.0056990000  -0.0473270000  -0.0174270000  -0.0056630000   0.0363410000   0.0179230000
   6.4584948490   6.7071151089 1694  1.49E+01   1.1563390000  -1.0896400000   5.0030250000   0.3408090000  -2.3116790000   5.2693130000  -0.4323150000   4.0842400000   3.4038660000  -0.8511900000   4.4413150000   2.3402220000  -0.7036270000   4.8830940000   1.2090920000   0.0087660000   0.0130430000  -0.0028790000  -0.0088140000  -0.0132720000   0.0028250000   0.0421220000   0.0014620000   0.0115070000  -0.0850780000  -0.0284360000   0.0476250000   0.0430030000   0.0272030000  -0.0590790000
   6.4599902334   6.7098283571 1694  1.47E+01   1.1558370000  -1.0959810000   4.9930220000   0.3408410000  -2.3118830000   5.2696200000  -0.4335640000   4.0857890000   3.4009610000  -0.8515860000   4.4418620000   2.3408490000  -0.7022080000   4.8825520000   1.2106230000   0.0080710000   0.0119510000  -0.0027560000  -0.0081190000  -0.0121760000   0.0027020000   0.0403420000   0.0034830000   0.0054480000  -0.0836260000  -0.0296840000   0.0518280000   0.0433330000   0.0264260000  -0.0572220000
   6.4553176552   6.7084323921 1926  8.91E+00  -1.0599200000   0.8456030000   3.1101670000  -1.3805230000  -0.2500140000   1.9234550000   2.4060130000   0.7944850000   9.6128950000   2.5929810000   0.7170430000   8.4309670000   2.6088880000   0.5502610000   7.2570490000   0.0106320000   0.0367150000   0.0396990000  -0.0108760000  -0.0367050000  -0.0398500000  -0.0171270000  -0.0025670000   0.0447360000   0.0265410000   0.0103380000  -0.0296010000  -0.0091700000  -0.0077800000  -0.0149820000
   6.4560490930   6.7069481724 2092  4.50E+00   0.7272090000   0.3859220000   2.3626500000  -0.4873020000  -0.4447120000   1.7461600000   0.4251060000   0.4373930000   9.6836860000   0.8600890000   1.0539940000   8.7826650000   1.3171170000   1.6557350000   7.8547890000   0.0346290000   0.0236470000   0.0175130000  -0.0347500000  -0.0238090000  -0.0176440000  -0.0009190000  -0.0041940000   0.0038900000  -0.0141250000  -0.0128780000   0.0234840000   0.0151660000   0.0172340000  -0.0272440000
   6.4575243853   6.7091348622 2597  3.89E+00  -0.6284040000   1.2787290000   2.2964460000   0.0117420000  -0.0164100000   1.7904440000   0.8426690000  -0.5495650000   8.4265420000  -0.0265110000   0.2534310000   8.6435800000  -0.8418160000   1.0483830000   8.9993520000  -0.0120950000   0.0244420000   0.0096250000   0.0120340000  -0.0243970000  -0.0095260000   0.0375240000  -0.0322100000   0.0011830000  -0.0171440000   0.0097280000  -0.0208350000  -0.0203190000   0.0224370000   0.0195530000
   6.4569818197   6.7075924806 2681  4.06E+00   0.6017940000  -1.6362380000   3.7357970000  -0.3435790000  -1.8746760000   2.5115050000   0.8083010000   2.5528140000   7.4168390000   0.6137130000   3.7040340000   7.3653930000   0.4089900000   4.8199290000   7.2767440000   0.0232000000   0.0057920000   0.0299480000  -0.0232740000  -0.0058790000  -0.0302290000  -0.0040220000   0.0196380000  -0.0022800000  -0.0089680000   0.0575050000  -0.0010440000   0.0130650000  -0.0770560000   0.0036050000
   6.4589351543   6.7076965669 2970  9.32E-01   0.8074840000  -0.1946330000   3.1001340000   0.7782350000  -0.4232190000   1.6010150000  -1.6256640000   1.1345110000  10.1700910000  -1.4422150000   1.0020480000   9.0351700000  -1.2292410000   0.9268530000   7.8572550000   0.0005670000   0.0036060000   0.0238580000  -0.0003830000  -0.0037310000  -0.0242570000   0.0061190000   0.0006520000  -0.0291200000  -0.0139960000  -0.0023590000   0.0660990000   0.0076920000   0.0018320000  -0.0365810000
   6.4557279982   6.7071071481 3535  5.23E+00  -0.7954550000  -1.2477110000   2.3190530000   0.0102610000   0.0147800000   1.8408400000  -1.0844710000   0.6157240000   8.4306590000  -0.0012340000   0.2294470000   8.5531240000   1.0842670000  -0.0955000000   8.8100250000  -0.0206150000  -0.0323470000   0.0123090000   0.0206840000   0.0323300000  -0.0121810000   0.0397940000  -0.0095490000   0.0157320000  -0.0118580000  -0.0034040000  -0.0200690000  -0.0280040000   0.0129680000   0.0042090000
   6.4583027787   6.7097107428 3579  1.97E+00  -0.9703760000   0.5458610000   2.8760010000  -0.5110640000  -0.0245780000   1.6010290000   1.4763570000  -0.3978550000   9.8688700000   0.9640520000   0.2940230000   9.0326430000   0.4134490000   0.9531670000   8.1744230000  -0.0021920000   0.0026580000   0.0059230000   0.0021980000  -0.0027970000  -0.0061940000   0.0201160000  -0.0317620000   0.0354080000   0.0110690000  -0.0015950000   0.0101490000  -0.0311910000   0.0334960000  -0.0452860000
   6.4586080827   6.7084800260 3819  1.19E+00  -0.7227440000   0.4288980000   2.7746060000   0.0111160000  -0.0080310000   1.5024120000  -0.1438610000   0.8270150000  10.2212680000  -0.0069380000   0.2848640000   9.1918090000   0.1390870000  -0.3401020000   8.2014460000  -0.0140850000   0.0084360000   0.0242640000   0.0140300000  -0.0082910000  -0.0245450000   0.0008860000  -0.0064960000   0.0010360000  -0.0021770000   0.0145710000  -0.0010380000   0.0013470000  -0.0082200000   0.0002820000
   6.4562222622   6.7099919146 3896  9.11E-01  -1.2763870000  -0.0957120000   2.3076560000  -0.0663930000   0.5574180000   1.8654760000   0.1446310000   0.3196320000   8.9793240000   0.1628400000  -0.7595600000   8.5663090000   0.1451240000  -1.8396120000   8.1291410000   0.0039060000   0.0021350000  -0.0013990000  -0.0038950000  -0.0020520000   0.0014600000  -0.0018190000  -0.0372130000  -0.0147350000   0.0038460000   0.0160150000   0.0060630000  -0.0020380000   0.0211160000   0.0086110000
   6.4575992922   6.7050135064 3928  4.03E+00  -0.4362260000  -1.1731810000   2.6528290000   0.7222720000  -0.5619760000   1.9135710000  -0.1537610000   1.1356440000   8.3406900000  -1.3052330000   1.3465640000   8.5346910000  -2.4461220000   1.4217250000   8.5295660000  -0.0155190000  -0.0081620000   0.0098670000   0.0154120000   0.0081510000  -0.0099990000   0.0099380000  -0.0108320000  -0.0140640000  -0.0776290000   0.0246280000   0.0272150000   0.0677990000  -0.0137860000  -0.0130200000
   6.4588579540   6.7089470984 3942  3.88E+00   0.3691170000  -0.6082610000   2.6733190000  -0.3684220000   0.1359260000   1.5593040000   0.2073210000   0.2799660000  10.1369820000   0.6671570000   0.1103330000   9.0851550000   1.1085820000  -0.3156480000   8.0880490000   0.0136270000  -0.0137860000   0.0205130000  -0.0137780000   0.0138770000  -0.0207920000   0.0111080000  -0.0227380000  -0.0238770000  -0.0025200000   0.0336530000   0.0014650000  -0.0084370000  -0.0110070000   0.0226900000
