   6.4598392263   6.7331171970  133  7.96E+00  -1.4762470000  -0.6422030000   2.8564230000  -0.2324800000  -1.3185170000   2.1611990000   0.5634220000   3.3075560000   6.9882950000   0.5106700000   2.6792310000   8.0284400000   0.3072850000   1.9942840000   9.0124620000  -0.0327350000   0.0177650000   0.0183200000   0.0327310000  -0.0178880000  -0.0182880000  -0.0049350000   0.0335110000  -0.0609110000   0.0250640000   0.0098620000   0.0049100000  -0.0201250000  -0.0432510000   0.0559690000
   6.4570463756   6.7323852199  282  3.46E+00  -0.4639320000   1.0387430000   2.4367130000   0.0038680000  -0.0098380000   1.7196190000   1.0424420000  -0.0563720000   9.2863690000   0.0002360000   0.2281870000   8.8258440000  -1.0327090000   0.5564350000   8.3475790000   0.0205860000  -0.0460520000  -0.0315020000  -0.0204500000   0.0460050000   0.0314590000   0.0024570000   0.0023020000   0.0005260000   0.0102410000  -0.0093200000   0.0051080000  -0.0128340000   0.0070660000  -0.0055920000
   6.4592732717   6.7349219722  342  3.98E+00   1.1203400000  -1.6452230000   2.8436080000   0.4910370000  -0.5057750000   2.0121810000  -1.9148040000   1.6692300000   7.9449380000  -0.9310000000   1.1840620000   8.2758600000   0.0907610000   0.7591900000   8.6151210000   0.0133920000  -0.0242940000   0.0177620000  -0.0134580000   0.0243250000  -0.0176940000   0.0574130000  -0.0222040000   0.0203390000  -0.0236750000   0.0021930000  -0.0104860000  -0.0336720000   0.0199790000  -0.0099200000
   6.4551600837   6.7347973475  676  4.64E+00   0.3128840000   0.3339680000   2.0948760000  -0.4008540000  -0.9445740000   1.9959700000   1.4616580000   2.8628480000   8.2298910000   0.6222400000   2.0207540000   8.3180700000   0.0534810000   1.0042410000   8.4266150000   0.0028520000   0.0051740000   0.0004290000  -0.0028530000  -0.0050730000  -0.0004320000   0.0342130000   0.0047830000   0.0006540000  -0.0608790000  -0.0088410000  -0.0018620000   0.0266670000   0.0039580000   0.0012110000
   6.4552951462   6.7334379289  676  4.51E+00   0.3065180000   0.3242520000   2.0999590000  -0.4010340000  -0.9450430000   1.9952440000   1.4630880000   2.8651940000   8.2339170000   0.6236180000   2.0225370000   8.3197750000   0.0523160000   1.0035140000   8.4246130000   0.0005780000   0.0011010000   0.0001170000  -0.0005770000  -0.0009990000  -0.0001260000   0.0346180000   0.0054860000   0.0005080000  -0.0580290000  -0.0042480000  -0.0022150000   0.0234110000  -0.0013410000   0.0017150000
   6.4554797281   6.7320736647  676  4.47E+00   0.3001400000   0.3145130000   2.1050410000  -0.4012140000  -0.9455130000   1.9945190000   1.4644750000   2.8675340000   8.2379420000   0.6250930000   2.0243260000   8.3214840000   0.0511210000   1.0027890000   8.4226080000  -0.0018130000  -0.0031950000  -0.0002560000   0.0018160000   0.0032990000   0.0002430000   0.0348950000   0.0060790000   0.0003780000  -0.0550190000   0.0004740000  -0.0025440000   0.0201200000  -0.0066570000   0.0021790000
   6.4556809625   6.7307092815  676  4.50E+00   0.2937980000   0.3048380000   2.1101270000  -0.4013940000  -0.9459830000   1.9937930000   1.4658190000   2.8698650000   8.2419660000   0.6266580000   2.0261150000   8.3231960000   0.0499020000   1.0020720000   8.4206010000  -0.0043020000  -0.0076800000  -0.0006920000   0.0043080000   0.0077850000   0.0006740000   0.0350550000   0.0065690000   0.0002620000  -0.0518750000   0.0052820000  -0.0028460000   0.0168140000  -0.0119560000   0.0026030000
   6.4575907364   6.7309839247  948  4.17E+00  -0.0732750000  -0.0091290000   2.8143380000   0.0042470000   0.0009760000   1.4674070000   0.3336600000   0.0122120000   8.1903160000   0.0203380000   0.2561120000   9.2658000000  -0.3655230000   0.4788990000  10.3491770000   0.0035810000   0.0004890000  -0.0629200000  -0.0036540000  -0.0004500000   0.0626070000  -0.0225390000   0.0121060000   0.0624660000   0.0254570000  -0.0093170000  -0.0567150000  -0.0028450000  -0.0028280000  -0.0054380000
   6.4556387940   6.7333801260  986  7.07E-01   0.6771210000  -0.3205670000   2.8132210000  -0.0110790000   0.0013450000   1.5156630000  -0.6740620000   0.1780840000   8.2139930000  -0.0128370000   0.2745980000   9.2042310000   0.6963680000   0.3169280000  10.1307860000   0.0091900000  -0.0042670000   0.0170950000  -0.0090250000   0.0042640000  -0.0173680000  -0.0137750000  -0.0057930000  -0.0270760000   0.0155470000   0.0095330000   0.0374470000  -0.0019370000  -0.0037370000  -0.0100970000
   6.4558068655   6.7310683755 1324  2.01E+00  -0.6370200000  -0.8057680000   2.6695510000  -0.5337730000  -2.2476930000   3.1384020000   1.1547700000   3.9535730000   5.1385030000   1.0075530000   4.3092500000   6.2485750000   0.7947910000   4.7754540000   7.3297750000  -0.0017670000   0.0239820000  -0.0078120000   0.0016820000  -0.0241620000   0.0078820000  -0.0038520000   0.0090130000   0.0004000000   0.0149420000  -0.0317520000  -0.0347010000  -0.0110040000   0.0229190000   0.0342310000
   6.4593988798   6.7341135770 1337  3.02E+00   0.5218970000   0.7208560000   3.1248660000   1.0255460000   0.9840630000   1.7970290000  -1.6509330000  -1.0080800000   7.6464830000  -1.8239470000  -1.4754490000   8.7281770000  -2.1345460000  -2.1566980000   9.6308200000   0.0017640000   0.0009230000  -0.0045300000  -0.0015430000  -0.0008030000   0.0041980000  -0.0073760000  -0.0080070000  -0.0257880000   0.0151110000   0.0193530000   0.0413690000  -0.0079560000  -0.0114650000  -0.0152490000
   6.4558084627   6.7306915697 1740  1.39E+00   0.1950010000   0.7546550000   2.8111270000  -0.0015960000  -0.0060940000   1.4802680000   0.3137890000   0.5915610000   8.1769500000   0.0010850000   0.2509870000   9.2443360000  -0.3189190000  -0.1094150000  10.3146240000   0.0041940000   0.0163080000   0.0283900000  -0.0042600000  -0.0163770000  -0.0287230000  -0.0076390000  -0.0091130000   0.0267060000   0.0083670000   0.0107050000  -0.0275940000  -0.0006620000  -0.0015230000   0.0012210000
   6.4591905509   6.7313805861 2025  1.63E+01   1.1564140000  -1.3122230000   2.9022190000   0.4516070000  -0.7439680000   2.0032680000  -1.7969510000   2.2289960000   8.1016580000  -0.8199440000   1.6582430000   8.2865930000   0.0841860000   1.0120690000   8.4911660000  -0.0715460000   0.0576910000  -0.0912190000   0.0714850000  -0.0576140000   0.0912410000   0.0508520000  -0.0387730000   0.0134360000   0.0404530000  -0.0167660000   0.0027030000  -0.0912430000   0.0554620000  -0.0161610000
   6.4567381128   6.7327271914 2025  1.52E+01   1.1660900000  -1.3094530000   2.9075420000   0.4516960000  -0.7443640000   2.0024500000  -1.7971600000   2.2294980000   8.1053340000  -0.8199400000   1.6594660000   8.2862660000   0.0833400000   1.0124530000   8.4914810000  -0.0672370000   0.0531920000  -0.0851510000   0.0671750000  -0.0531130000   0.0851730000   0.0524720000  -0.0398670000   0.0138910000   0.0392140000  -0.0158720000   0.0020120000  -0.0916230000   0.0556610000  -0.0159250000
   6.4582977071   6.7342684934 2028  1.14E+00   0.4050030000  -0.7135830000   3.1038210000   0.8195940000  -0.6943680000   1.6856470000  -1.6817890000   1.9497090000   9.9286160000  -1.4370680000   1.5561950000   8.8626830000  -1.3581810000   1.0825340000   7.8053110000  -0.0027160000  -0.0001810000   0.0094230000   0.0028980000   0.0000960000  -0.0097550000  -0.0066530000  -0.0140470000  -0.0219570000   0.0213310000   0.0047340000  -0.0125140000  -0.0148600000   0.0093980000   0.0348030000
   6.4561063619   6.7339672098 2244  4.59E+00   0.1548650000  -1.0310450000   2.3641880000   1.5892380000  -0.5802940000   2.3885230000  -3.3884480000   1.3152920000   6.5086820000  -2.8509680000   1.2688410000   7.5945610000  -2.4181420000   1.3829560000   8.7134880000  -0.0189580000  -0.0059980000  -0.0002960000   0.0190880000   0.0059490000   0.0003880000  -0.0340500000   0.0119480000  -0.0516020000   0.0204470000  -0.0264420000  -0.0022380000   0.0134740000   0.0145430000   0.0537480000
   6.4566797571   6.7348135452 2259  3.18E+00  -1.3914350000  -0.6845960000   4.9828210000  -1.9607870000  -1.6854130000   4.1084430000   2.9681660000   2.8723940000   3.5703620000   3.6323450000   3.3308510000   4.4113900000   4.1853560000   3.7753170000   5.2867230000  -0.0015820000  -0.0027690000  -0.0023220000   0.0014410000   0.0026130000   0.0024940000   0.0101000000   0.0120410000   0.0240790000   0.0502220000   0.0307030000   0.0557410000  -0.0601810000  -0.0425880000  -0.0799920000
   6.4552085660   6.7310442770 2861  4.09E+00   0.7657750000   0.2344680000   2.9511940000   0.5181790000  -0.1384170000   1.5516890000  -1.2579660000   0.1434090000   8.0380470000  -1.0714420000   0.4975320000   9.1338430000  -0.5738590000   0.8472860000  10.1709580000   0.0011730000   0.0016930000   0.0061800000  -0.0010410000  -0.0016530000  -0.0064300000   0.0235900000   0.0068480000   0.0197640000  -0.0612940000  -0.0188160000  -0.0523070000   0.0375720000   0.0119280000   0.0327930000
   6.4573721543   6.7310091588 2894  5.31E+00  -1.8076660000  -0.6212060000   3.0448820000  -0.6865380000  -0.4606940000   1.9356220000   2.2624100000   1.2451560000   7.7408150000   1.3066460000   1.0687880000   8.4432740000   0.2993200000   0.9801380000   9.0632400000  -0.0306770000  -0.0044010000   0.0303980000   0.0306230000   0.0043750000  -0.0303440000   0.0302330000   0.0117370000  -0.0277290000  -0.0079680000  -0.0155800000   0.0197380000  -0.0222110000   0.0038690000   0.0079370000
   6.4589088186   6.7311818781 3111  6.35E+00   0.7508950000  -0.6279920000   2.9779180000   0.3184310000  -0.2374120000   1.5111260000  -1.1445330000   0.8381520000  10.2114370000  -0.6604680000   0.6108990000   9.1577810000   0.0027140000   0.6161820000   8.1804970000   0.0114020000  -0.0103770000   0.0385820000  -0.0114780000   0.0102730000  -0.0389170000   0.0076450000   0.0174060000   0.0145190000  -0.0199140000  -0.0330270000  -0.0201600000   0.0123440000   0.0157250000   0.0059770000
   6.4574407677   6.7331552719 3369  4.14E+00  -2.1664910000  -0.6232250000   4.6743040000  -1.5424500000  -1.7598580000   3.9938910000   3.3427490000   3.4605110000   3.5855400000   2.8275240000   3.4704210000   4.6538620000   2.3745070000   3.4503530000   5.6810570000  -0.0018740000   0.0034950000   0.0020580000   0.0019340000  -0.0034330000  -0.0020860000   0.0108930000  -0.0013570000  -0.0142720000  -0.0639660000   0.0002690000   0.1247150000   0.0530130000   0.0010260000  -0.1104150000
   6.4573653232   6.7317765408 3469  5.51E+00  -0.0362490000  -1.0801930000   2.8915760000   1.3516840000  -1.6512360000   2.6760380000  -2.3759210000   3.9854400000   8.0019740000  -2.4301860000   3.2058230000   7.0864180000  -2.5481040000   2.6103690000   6.1325090000  -0.0220720000   0.0090470000   0.0034130000   0.0222410000  -0.0091620000  -0.0034280000  -0.0027690000   0.0412450000   0.0306930000  -0.0024320000  -0.1075190000  -0.1130600000   0.0050320000   0.0663890000   0.0823820000
   6.4599301008   6.7332277040 3472  1.62E+00   0.8565020000  -0.9575770000   2.4951300000  -0.0057730000   0.0113250000   1.7343060000   1.0473330000  -0.1258860000   8.3832530000  -0.0125240000   0.2699880000   8.7775320000  -1.0630600000   0.6146490000   9.2099330000   0.0113720000  -0.0128220000   0.0100500000  -0.0115080000   0.0128710000  -0.0100820000   0.0355440000  -0.0160370000  -0.0090050000  -0.0124340000   0.0113050000  -0.0037800000  -0.0229750000   0.0046830000   0.0128170000
   6.4551217339   6.7332187676 3602  1.43E+00  -0.1766250000   0.0358690000   2.8328240000   0.3004140000  -0.3378010000   1.4923400000  -0.3902390000   1.0058710000  10.3769610000  -0.5819950000   0.7885240000   9.2310880000  -0.6620680000   0.7746640000   8.0629020000  -0.0023270000   0.0018090000   0.0064430000   0.0024000000  -0.0019020000  -0.0068020000   0.0094540000   0.0159530000   0.0111400000  -0.0177410000  -0.0298990000  -0.0256590000   0.0082150000   0.0140400000   0.0148790000
   6.4580213066   6.7341469521 3641  6.00E+00   1.3707120000   1.0747760000   4.6540540000   1.2949830000   2.4426400000   4.1083960000  -1.9334990000  -3.4534580000   3.7063170000  -2.3084030000  -4.2298840000   4.4787420000  -2.8874150000  -4.9503600000   5.1211510000   0.0005030000  -0.0081370000   0.0033470000  -0.0003490000   0.0083350000  -0.0031600000  -0.0343350000  -0.0324740000   0.0244610000  -0.0083190000  -0.0452000000   0.0512470000   0.0425000000   0.0774760000  -0.0758950000
   6.4554577001   6.7327768032 3777  2.89E+00   1.2059960000   1.3974150000   3.5290940000   0.6712990000   1.6721040000   2.2648490000  -1.2423570000  -4.0143810000   7.8264610000  -1.2169650000  -2.8242040000   7.7693920000  -1.2726850000  -1.6167600000   7.8087270000  -0.0108710000   0.0055730000  -0.0258510000   0.0109620000  -0.0056410000   0.0256580000  -0.0056840000  -0.0353360000   0.0078010000   0.0134830000  -0.0205210000  -0.0164310000  -0.0078890000   0.0559250000   0.0088230000
   6.4591660925   6.7344542253 3942  2.05E+00   0.4454600000  -0.0538950000   2.6994850000  -0.3717280000   0.1279110000   1.5346750000   0.2389060000   0.3533170000  10.1995130000   0.7081510000   0.0894510000   9.1517150000   1.0579200000  -0.3682180000   8.0969030000  -0.0055200000   0.0012620000  -0.0079430000   0.0053910000  -0.0011470000   0.0076390000  -0.0112020000  -0.0099550000   0.0084780000   0.0069370000   0.0371350000   0.0252240000   0.0043940000  -0.0272950000  -0.0333970000
