   6.4630633775   6.3473553474  102  2.86E+00   1.1334530000   0.4153050000   2.4473870000  -0.0116170000  -0.0071920000   1.7033100000  -0.6308790000  -0.1189270000   9.7499490000  -0.0083370000   0.1772340000   8.8043380000   0.6237430000   0.6833060000   7.9809250000  -0.0097440000  -0.0036180000  -0.0064230000   0.0096190000   0.0034770000   0.0061790000   0.0077570000   0.0184330000  -0.0013750000   0.0191770000  -0.0114280000  -0.0451270000  -0.0268090000  -0.0068640000   0.0467460000
   6.4603940128   6.3485736342  438  4.36E+00   0.2906370000   1.1904480000   1.7378600000  -0.5369080000  -0.0890030000   2.0987150000  -0.1225930000   0.6692200000   8.4284120000   0.9701070000   0.4056490000   8.1143090000   2.0574760000   0.0834360000   7.8904180000   0.0204550000   0.0316280000  -0.0088740000  -0.0204330000  -0.0316100000   0.0089920000   0.0180980000  -0.0084730000   0.0026680000   0.0205120000   0.0011240000  -0.0186590000  -0.0386320000   0.0073320000   0.0158730000
   6.4642096731   6.3464099149  606  5.37E+00  -1.6914140000  -0.8761630000   3.2951250000  -0.8643000000  -0.6283420000   1.9376070000   1.6647260000   1.7089540000   7.2684600000   1.5662380000   1.3863520000   8.3995090000   1.5825950000   1.1312870000   9.5427690000  -0.0249530000  -0.0075180000   0.0408970000   0.0247590000   0.0073070000  -0.0410090000   0.0088590000   0.0064250000  -0.0017350000  -0.0164320000  -0.0116150000   0.0039390000   0.0077670000   0.0054010000  -0.0020920000
   6.4638100475   6.3485284597  770  2.71E+00  -0.7615520000   1.9913430000   4.3086500000  -0.7468410000   1.9683770000   5.7305420000   1.4868660000  -4.5220150000   1.6452140000   1.3558720000  -3.4010000000   1.4415970000   1.2731710000  -2.1932030000   1.3825980000   0.0001030000  -0.0001790000   0.0160930000  -0.0002790000   0.0003460000  -0.0157350000  -0.0025230000   0.0549080000   0.0001160000   0.0024780000  -0.1118020000  -0.0059750000   0.0002210000   0.0567260000   0.0055020000
   6.4635009946   6.3475795276 1312  3.45E+00  -0.0388070000   1.3810580000   2.2077350000   0.0059640000  -0.0193240000   1.8479890000   1.0555220000   0.0367540000   8.1079450000   0.0142050000   0.3100830000   8.5816700000  -1.0935260000   0.4276360000   9.0826170000   0.0000810000  -0.0034710000  -0.0008590000  -0.0001920000   0.0035180000   0.0008560000  -0.0003710000  -0.0101880000   0.0017380000   0.0723960000   0.0121720000  -0.0350610000  -0.0719130000  -0.0020320000   0.0333260000
   6.4625199086   6.3474449002 1442  5.97E+00  -0.0047820000   1.5259910000   2.1666870000  -0.0050100000  -0.0223300000   1.8824810000  -1.0224780000  -0.0898990000   8.1474830000   0.0223760000   0.2786060000   8.5076220000   1.0310010000   0.5838060000   8.9289920000   0.0000490000   0.0401290000   0.0074070000   0.0001170000  -0.0400720000  -0.0074020000   0.0230100000   0.0042800000   0.0154760000   0.0570450000   0.0238900000   0.0113040000  -0.0802210000  -0.0282280000  -0.0267850000
   6.4631294755   6.3482409162 1472  2.98E+00  -0.2284050000  -0.9729300000   2.6454490000  -1.2318920000  -0.2535200000   1.9941490000   3.2048320000   0.4072420000   8.9210740000   2.2179410000   0.7951950000   8.3604440000   1.2969250000   1.0109170000   7.6780250000  -0.0221910000   0.0158770000  -0.0144700000   0.0221590000  -0.0159970000   0.0141890000   0.0386810000  -0.0244260000   0.0120850000  -0.0595980000   0.0389520000  -0.0174910000   0.0209480000  -0.0144060000   0.0056870000
   6.4611460570   6.3466155764 1982  3.80E+00  -0.9716240000   0.4833100000   2.4835770000   0.0104740000  -0.0079310000   1.6993770000   0.3757230000   0.9852280000   9.6852770000   0.0073520000   0.2618310000   8.8662850000  -0.3723350000  -0.4849530000   8.0164520000   0.0456510000  -0.0227640000  -0.0365140000  -0.0455730000   0.0229480000   0.0361980000  -0.0127150000  -0.0250830000  -0.0281520000   0.0217350000   0.0430300000   0.0470980000  -0.0090980000  -0.0181320000  -0.0186290000
   6.4608950372   6.3492342821 2204  1.87E+00   0.4277850000   1.2442630000   2.2391300000  -0.7530490000   1.8564710000   2.8091830000   1.3638580000  -2.0570440000   7.3386290000   1.3235680000  -3.1664930000   6.8744260000   1.3765030000  -4.2282680000   6.3311430000  -0.0027240000   0.0013700000   0.0012940000   0.0026590000  -0.0014250000  -0.0014460000   0.0075820000   0.0455100000   0.0149420000  -0.0149100000  -0.0140730000   0.0064920000   0.0073930000  -0.0313810000  -0.0212830000
   6.4646305142   6.3495273840 2449  2.74E+00   0.6925270000   1.9362680000   4.3082360000   1.3914540000   1.9607880000   3.1252400000  -2.7641620000  -4.0021450000   7.1947330000  -2.5405980000  -3.3216440000   6.2298790000  -2.3215090000  -2.7312790000   5.2500720000   0.0228380000   0.0008460000  -0.0385490000  -0.0226430000  -0.0006300000   0.0385910000  -0.0095410000  -0.0333690000   0.0378660000   0.0146130000   0.0508090000  -0.0548970000  -0.0052660000  -0.0176570000   0.0169890000
   6.4634511285   6.3495256753 2748  8.19E+00  -0.5446680000   1.4804370000   2.2851980000   0.5977660000   0.4505890000   1.9324340000  -0.5632840000   0.0603110000   9.2540900000  -1.1402940000  -0.5058720000   8.4069630000  -1.5317730000  -1.3365100000   7.6410080000  -0.0301890000   0.0272780000   0.0093740000   0.0302730000  -0.0270780000  -0.0093760000   0.0065330000  -0.0231520000  -0.0020540000  -0.0104100000   0.0579870000   0.0105530000   0.0037920000  -0.0350340000  -0.0084980000
   6.4626144542   6.3477726607 2900  2.73E+00  -1.8757440000  -0.2182090000   4.5128430000  -2.4235530000   0.2747760000   3.3511300000   3.4303360000   0.3624810000   5.8043950000   4.4668350000  -0.2291390000   5.7525840000   5.4384160000  -0.8613450000   5.8576750000  -0.0175680000   0.0156660000  -0.0370830000   0.0172260000  -0.0157930000   0.0368700000  -0.0259210000   0.0109170000   0.0120970000   0.0439100000  -0.0171370000  -0.0207350000  -0.0176470000   0.0063470000   0.0088510000
   6.4607355051   6.3477174674 2983  5.54E-01  -1.3746850000  -0.6622650000   2.1457450000  -1.1112380000   0.7621220000   2.4041480000   1.4609460000  -0.4167610000   8.3138420000   2.0520160000  -1.1371070000   7.6022410000   2.6350160000  -1.8064380000   6.8382880000  -0.0013450000  -0.0072300000  -0.0012870000   0.0013260000   0.0072510000   0.0013540000   0.0028170000  -0.0001820000  -0.0056400000   0.0014200000  -0.0080490000   0.0017780000  -0.0042190000   0.0082110000   0.0037950000
   6.4647445796   6.3470900252 3033  3.24E+00   1.4392190000   0.0650190000   2.1108430000  -0.0217370000  -0.0035670000   1.9858730000  -0.5046530000  -0.8214300000   8.2614960000   0.0349910000   0.2374220000   8.4188810000   0.4962710000   1.3445900000   8.3687490000   0.0059820000   0.0002770000   0.0005320000  -0.0059550000  -0.0002630000  -0.0005460000  -0.0230260000  -0.0329190000  -0.0162510000   0.0109800000  -0.0102860000   0.0291700000   0.0120190000   0.0431900000  -0.0129050000
   6.4608010181   6.3468768047 3501  3.13E+00   1.3266450000  -0.5039180000   2.4171720000  -0.0177410000   0.0010050000   1.8143360000   0.4812760000   1.2021100000   9.1518850000  -0.0044840000   0.2476200000   8.6945310000  -0.4728890000  -0.6735920000   8.1088260000   0.0315790000  -0.0118050000   0.0141320000  -0.0314850000   0.0119560000  -0.0142800000  -0.0061150000  -0.0119110000  -0.0144350000   0.0122120000   0.0236240000   0.0300250000  -0.0061910000  -0.0118630000  -0.0154410000
   6.4634009788   6.3457254624 3910  2.27E+00  -0.0377750000   1.4152070000   2.0903400000  -0.0013760000  -0.0139090000   1.9448710000   0.9604110000  -0.4263390000   8.6662510000   0.0134480000   0.2452270000   8.4467600000  -0.9612550000   0.9102240000   8.1491310000   0.0002430000  -0.0082600000  -0.0008450000  -0.0001250000   0.0081850000   0.0008270000   0.0128340000  -0.0106430000  -0.0002080000   0.0430010000  -0.0259440000   0.0196210000  -0.0559520000   0.0366610000  -0.0193960000
