   6.4644406766   6.0081899089    8  5.07E+00   1.8702510000  -1.0514880000   3.2315110000   0.5828230000  -1.2478880000   2.3337070000  -0.6806350000   1.4794410000   7.5359850000  -1.1408570000   2.5159110000   7.7031870000  -1.4915190000   3.6180520000   7.8237560000   0.0346720000   0.0052770000   0.0240650000  -0.0346370000  -0.0053080000  -0.0244350000  -0.0194630000   0.0663780000   0.0082260000   0.0038670000  -0.0472170000  -0.0023230000   0.0155600000  -0.0191310000  -0.0055330000
   6.4643537952   6.0056372561  252  1.56E+01  -0.8369380000   0.1460340000   2.2524120000  -0.4306650000  -1.3564360000   2.2301910000   1.1580760000   2.0450310000   6.9177920000   0.8193110000   2.8083480000   7.9054460000   0.4304440000   3.2995920000   8.8687850000  -0.0095910000   0.0350040000   0.0003740000   0.0092560000  -0.0353100000  -0.0009100000   0.0354990000  -0.0980740000  -0.1089970000  -0.0447950000   0.1284200000   0.1411940000   0.0096310000  -0.0300400000  -0.0316610000
   6.4629400431   6.0081317546  252  1.48E+01  -0.8373720000   0.1495430000   2.2504030000  -0.4308910000  -1.3565330000   2.2302400000   1.1598610000   2.0458740000   6.9196730000   0.8216020000   2.8071400000   7.9032410000   0.4280940000   3.2999190000   8.8684420000  -0.0098150000   0.0359060000   0.0003400000   0.0094850000  -0.0362050000  -0.0008660000   0.0344040000  -0.0959920000  -0.1060430000  -0.0409330000   0.1228980000   0.1314770000   0.0068580000  -0.0266070000  -0.0249090000
   6.4609639668   6.0099723631  500  3.84E+00  -1.2512040000  -0.7146790000   1.7784810000   0.0122470000   0.0061810000   2.1230000000   0.6276620000   1.2566760000   7.9691350000  -0.0564300000   0.2852940000   8.0487780000  -0.5676350000  -0.7690140000   8.2750450000  -0.0141280000  -0.0080440000  -0.0038160000   0.0140690000   0.0080420000   0.0039340000   0.0252390000   0.0155390000   0.0090870000  -0.0231200000   0.0159510000  -0.0254480000  -0.0020600000  -0.0314890000   0.0162430000
   6.4606768528   6.0081706183  968  4.26E+00  -0.9218530000  -0.4336540000   2.1768520000   0.3887970000  -0.1653840000   1.9030570000  -0.7248420000  -0.4079950000   7.8021300000  -0.6830490000   0.5265550000   8.5613110000  -0.6460610000   1.5536770000   9.1306350000   0.0488070000   0.0100300000  -0.0102780000  -0.0487270000  -0.0098570000   0.0099000000  -0.0021250000  -0.0287840000  -0.0377580000   0.0022680000   0.0187860000   0.0471590000  -0.0002240000   0.0098240000  -0.0090230000
   6.4600197830   6.0059680859 1480  2.44E+00   0.9671490000   0.9281970000   2.5399200000   0.4102780000  -0.0912730000   1.7550350000  -0.3242070000   0.5745270000   7.6786230000  -0.7563580000   0.3139130000   8.7354050000  -1.2179590000   0.2748560000   9.8398380000  -0.0108410000  -0.0198930000  -0.0154490000   0.0108680000   0.0197860000   0.0149620000  -0.0068420000   0.0115380000   0.0165140000   0.0243030000  -0.0243120000  -0.0566570000  -0.0174890000   0.0128800000   0.0406290000
   6.4610239573   6.0068677402 1501  1.27E+00   0.6310400000   1.1790510000   2.2795610000  -0.0128120000  -0.0155590000   1.8373130000  -0.7251920000   0.5860870000   7.7713670000  -0.0411400000   0.2128790000   8.6324750000   0.7803080000  -0.0547970000   9.4298510000  -0.0058970000  -0.0110490000  -0.0041360000   0.0060730000   0.0109440000   0.0038320000   0.0287270000  -0.0033120000   0.0223730000  -0.0386810000  -0.0037280000  -0.0187030000   0.0097790000   0.0071460000  -0.0033660000
   6.4633439177   6.0082977216 1589  3.43E+00   1.6025070000  -0.9158640000   3.4806300000   0.8731840000  -1.5544090000   2.5049460000  -1.2367130000   2.2196220000   6.6768360000  -1.6047280000   3.0503970000   7.4501680000  -2.0204820000   3.9989330000   8.0019400000  -0.0232960000  -0.0205660000  -0.0313840000   0.0235590000   0.0202110000   0.0309910000   0.0031580000  -0.0071320000  -0.0278590000  -0.0001050000  -0.0005730000   0.0422340000  -0.0033160000   0.0080590000  -0.0139830000
   6.4602091596   6.0052026874 1992  4.88E+00  -1.1582210000   0.2584790000   2.3842420000   0.0101150000  -0.0019080000   1.7600320000  -0.2007020000   0.8101930000   7.7063340000   0.0131520000   0.2018660000   8.7371140000   0.2132820000  -0.2808100000   9.7956980000   0.0538640000  -0.0120590000  -0.0289040000  -0.0538330000   0.0118430000   0.0284190000  -0.0118770000   0.0392640000  -0.0497140000   0.0093590000  -0.0385440000   0.0308190000   0.0024870000  -0.0005040000   0.0193810000
   6.4601507216   6.0085015076 2081  6.12E+00  -1.7177730000   0.7420570000   2.4169570000  -0.3487780000   0.0192520000   1.9437930000   1.2243820000  -0.6540180000   9.0011260000   0.7002250000   0.2027970000   8.3831980000   0.1000670000   1.0465540000   7.8467820000  -0.0425230000   0.0224140000   0.0146200000   0.0425980000  -0.0226010000  -0.0148060000  -0.0009610000  -0.0073360000   0.0109130000  -0.0051760000   0.0233900000  -0.0279610000   0.0060630000  -0.0158660000   0.0172350000
   6.4608449790   6.0091465267 2406  4.45E+00  -0.6431270000  -1.3977500000   1.9898650000  -0.9457940000   0.1150150000   2.2667530000   0.7822440000   0.7650030000   7.9852530000   1.7023460000   0.0485320000   7.8336260000   2.7038540000  -0.6001100000   7.6891810000   0.0075670000  -0.0377230000  -0.0068570000  -0.0074990000   0.0376650000   0.0068790000   0.0033310000   0.0061520000   0.0024450000  -0.0476570000   0.0147120000   0.0015060000   0.0442580000  -0.0208060000  -0.0039730000
   6.4611825326   6.0090495723 2463  1.02E+01   1.3950640000  -1.0124850000   2.1517360000  -0.0041450000  -1.1878690000   2.4411580000  -0.0231000000   1.3127090000   7.9051700000   0.1108910000   2.4478630000   7.4549210000  -0.1273430000   3.5336570000   7.1723380000  -0.0067700000  -0.0007750000   0.0014130000   0.0068410000   0.0009770000  -0.0015820000  -0.0318660000  -0.0625230000   0.0368960000   0.0436900000   0.1233680000  -0.0637330000  -0.0118950000  -0.0610470000   0.0270070000
   6.4626493043   6.0082220379 2524  3.28E+00   0.6615620000  -0.0567380000   2.0774200000   0.8928430000  -1.5198030000   2.5823030000  -0.9447390000   2.1167210000   6.9979250000  -1.5922240000   3.0362210000   7.2850960000  -2.3607400000   3.8855140000   7.5068410000  -0.0056910000   0.0360040000  -0.0125150000   0.0057610000  -0.0361630000   0.0121080000  -0.0289330000   0.0243470000   0.0059090000   0.0273460000  -0.0083090000   0.0016240000   0.0015170000  -0.0158800000  -0.0071260000
   6.4620541877   6.0073056685 2638  2.87E-01   1.0740490000  -1.6106670000   3.0126600000   1.0882030000  -0.4460830000   2.1738100000  -3.1263410000   1.2184040000   8.2802610000  -1.9932650000   1.1456590000   7.9878380000  -0.8797410000   0.9385480000   7.6781460000   0.0000740000   0.0073490000  -0.0053910000  -0.0001190000  -0.0074320000   0.0050180000   0.0006840000  -0.0089340000  -0.0011920000   0.0079720000   0.0161490000  -0.0010560000  -0.0086110000  -0.0071320000   0.0026210000
   6.4624001321   6.0083402087 2655  2.93E+00   1.3381090000   0.6095520000   1.7982990000  -0.0132330000  -0.0047580000   2.1131160000   0.0260730000  -0.9125350000   8.0523540000   0.0121940000   0.2561610000   8.1133350000  -0.0534450000   1.3932700000   8.1914740000   0.0219390000   0.0099830000  -0.0050760000  -0.0219350000  -0.0098850000   0.0051390000  -0.0039990000   0.0129580000   0.0039600000   0.0037220000   0.0599750000  -0.0018560000   0.0002730000  -0.0730310000  -0.0021670000
   6.4641203664   6.0070603533 2796  4.79E+00  -1.7099660000  -0.3516520000   2.3421330000  -0.5842080000   0.3540500000   2.0837120000   0.5334120000   0.3644050000   8.8560680000   1.0576890000  -0.4357520000   8.1831830000   1.6979960000  -1.0956700000   7.4479110000   0.0494860000   0.0310570000  -0.0113290000  -0.0496570000  -0.0309430000   0.0113140000   0.0130760000   0.0018080000  -0.0095950000  -0.0204870000  -0.0120740000   0.0107880000   0.0075810000   0.0101520000  -0.0011780000
   6.4608714124   6.0087740804 2814  3.75E+00   0.1621510000  -2.0438340000   2.4528230000  -0.0831180000  -0.6904580000   2.2577210000  -0.0939270000   0.5358790000   8.4085120000   0.2181640000   1.5361160000   7.8308970000   0.3350420000   2.5757190000   7.2839120000  -0.0061880000   0.0342350000  -0.0049090000   0.0062350000  -0.0342440000   0.0049850000  -0.0213740000  -0.0264340000   0.0203150000   0.0325760000   0.0152590000  -0.0196130000  -0.0112490000   0.0111840000  -0.0007780000
   6.4636207186   6.0060642190 2988  2.05E+00  -0.6037800000  -1.3358820000   1.8076990000  -0.5999380000   0.0098450000   2.2478960000   2.1008320000  -0.2969090000   7.6036920000   1.0789650000   0.2199760000   7.8513790000   0.1234680000   0.8544440000   8.1630700000   0.0000510000   0.0184010000   0.0060410000  -0.0000270000  -0.0184280000  -0.0059360000  -0.0012800000   0.0107870000   0.0071950000   0.0139950000  -0.0301130000  -0.0187750000  -0.0127400000   0.0193530000   0.0114750000
   6.4644886813   6.0066828021 3502  1.69E+00   1.4091550000  -0.3882690000   2.0466200000  -0.0212700000   0.0088040000   2.0227370000  -0.8723000000   0.9338790000   7.8964260000  -0.0163280000   0.2538190000   8.3192060000   0.9020060000  -0.4562560000   8.6285850000   0.0123950000  -0.0034470000   0.0002400000  -0.0123340000   0.0033890000  -0.0002720000   0.0071490000  -0.0044590000  -0.0036500000  -0.0454570000   0.0329580000  -0.0020380000   0.0382460000  -0.0284420000   0.0057210000
   6.4622642755   6.0085264481 3917  5.92E+00   1.2371920000   0.9751830000   2.2461290000  -0.1407420000   0.2986660000   1.9367910000   0.0651690000   0.7371600000   7.9257570000   0.1801220000  -0.2767950000   8.4972100000   0.4245680000  -1.3947470000   8.8822910000   0.0340820000   0.0166980000   0.0076070000  -0.0340790000  -0.0168350000  -0.0078120000   0.0094700000  -0.0182040000  -0.0032840000  -0.0282450000   0.0734360000  -0.0022750000   0.0187710000  -0.0550950000   0.0057650000
   6.4627136639   6.0057578944 3956  3.46E+00  -1.6584430000  -1.6210760000   2.9767230000  -0.6957820000  -0.6465500000   2.2710720000   1.9850410000   1.9211360000   6.9922270000   1.2873140000   1.4835760000   7.8192760000   0.6279670000   0.9839820000   8.6092350000  -0.0199420000  -0.0201650000   0.0146760000   0.0198260000   0.0201000000  -0.0146290000  -0.0096790000  -0.0119890000   0.0146680000  -0.0313070000  -0.0126130000   0.0323520000   0.0411030000   0.0246660000  -0.0470670000
