   6.4644664135   6.0719656840   31  4.60E+00   0.5291030000  -1.0304000000   2.4610340000  -0.0105060000   0.0099180000   1.7438800000   0.1366140000   0.8285150000   9.7558410000  -0.0449440000   0.3030160000   8.7603830000  -0.0837370000  -0.3529310000   7.8045520000  -0.0176920000   0.0341560000  -0.0236710000   0.0177160000  -0.0340010000   0.0231880000  -0.0010720000  -0.0441380000  -0.0615080000  -0.0111110000   0.0294530000   0.0210390000   0.0121590000   0.0145300000   0.0409520000
   6.4641100381   6.0720331765  150  2.09E+00   0.3592710000  -1.8782950000   3.0639420000   0.6125960000  -0.9120870000   2.1166640000  -1.4427070000   2.1071550000   6.9673850000  -1.1105160000   1.9378650000   8.0700750000  -0.8057240000   1.7992920000   9.2114600000   0.0079890000   0.0303010000  -0.0297200000  -0.0078100000  -0.0305180000   0.0296340000   0.0041830000  -0.0002420000   0.0261790000  -0.0095420000   0.0013520000  -0.0559970000   0.0051800000  -0.0008930000   0.0299040000
   6.4626419499   6.0701375306  339  3.19E+00  -0.6774780000  -1.1388480000   2.1838610000   0.0078070000   0.0141550000   1.9335150000   1.0078840000  -0.0652560000   8.9651040000   0.0049390000   0.2526780000   8.4579110000  -1.0078960000   0.5643020000   7.8927310000   0.0259730000   0.0436020000  -0.0094900000  -0.0257600000  -0.0436870000   0.0093320000  -0.0069960000   0.0016960000  -0.0060590000   0.0423270000  -0.0121480000   0.0271720000  -0.0355440000   0.0105360000  -0.0209550000
   6.4635726497   6.0717593782  530  5.15E+00  -1.0189310000   0.2441290000   2.4924460000   0.1055400000   0.4959080000   1.7348310000  -0.1596770000  -0.9305410000   7.6306910000  -0.2078360000  -0.7511780000   8.8272120000  -0.1471980000  -0.3099410000   9.9227470000   0.0339260000   0.0076600000  -0.0230150000  -0.0339500000  -0.0074660000   0.0225010000   0.0087220000   0.0080170000  -0.0545270000  -0.0162500000  -0.0306550000   0.0448670000   0.0075520000   0.0224440000   0.0101730000
   6.4624728902   6.0705913685  667  4.61E-01   1.4419050000  -1.5775710000   3.1619240000   0.3399150000  -1.1929620000   2.2761330000  -0.5251880000   2.1048440000   8.8962380000  -0.6384400000   2.4253470000   7.7892740000  -0.7839990000   2.8194680000   6.6908020000   0.0036900000  -0.0013220000   0.0030100000  -0.0036020000   0.0010490000  -0.0030110000  -0.0054300000   0.0141150000  -0.0285430000   0.0075500000  -0.0189160000   0.0224650000  -0.0022070000   0.0050750000   0.0060790000
   6.4625223217   6.0727176307 1107  1.12E+01  -2.2160730000  -0.4640580000   3.4661040000  -1.2940350000  -0.1369550000   2.2482420000   3.5182550000   0.0635660000   7.9954130000   2.3921190000   0.4538260000   7.9030230000   1.2883370000   0.9966490000   7.6263640000  -0.0223050000  -0.0079690000   0.0293280000   0.0222530000   0.0077560000  -0.0296980000   0.0446500000  -0.0070120000  -0.0056320000   0.0571770000  -0.0521920000   0.0399140000  -0.1017760000   0.0594170000  -0.0339120000
   6.4637829881   6.0743635782 1484  2.83E-01  -1.3388780000  -0.5258240000   2.4666680000  -0.0374420000  -0.6208190000   1.9050840000  -0.2412470000   0.4492610000   7.8809760000   0.0787950000   1.4093290000   8.4688240000   0.4534430000   2.3140830000   9.0928410000   0.0153530000  -0.0010900000  -0.0067200000  -0.0153070000   0.0011940000   0.0063330000   0.0080040000   0.0091260000   0.0123570000  -0.0040540000   0.0132410000  -0.0020550000  -0.0039960000  -0.0224710000  -0.0099150000
   6.4618707426   6.0732207457 1772  1.23E+00   0.9077950000  -0.0130510000   2.4232800000  -0.1726480000  -0.6934190000   1.7991630000   0.3381790000   1.1569710000   7.5610310000   0.3347700000   1.4460620000   8.6921240000   0.2155610000   1.9090770000   9.7768840000  -0.0125020000  -0.0079200000  -0.0073780000   0.0124890000   0.0077600000   0.0068920000  -0.0076880000   0.0173070000   0.0191510000   0.0173610000  -0.0365190000  -0.0340440000  -0.0096600000   0.0193720000   0.0153790000
   6.4603282105   6.0711040975 1978  2.02E+00  -0.0458290000   1.3270890000   2.1522970000   0.4799470000   0.0183570000   1.9278650000  -1.4158120000  -0.4897260000   7.6729720000  -0.9258500000   0.2013690000   8.4526270000  -0.2832360000   0.8509420000   9.2190360000   0.0047120000  -0.0116400000  -0.0019880000  -0.0045860000   0.0117740000   0.0018740000   0.0313980000   0.0274730000   0.0354420000  -0.0571680000  -0.0404540000  -0.0538290000   0.0256440000   0.0128480000   0.0185020000
   6.4645523169   6.0741759625 2011  5.23E+00  -1.2218790000   0.2880660000   2.3200290000   0.0117320000   0.0006350000   1.8055470000  -0.5688360000   0.8472920000   7.7923430000   0.0128000000   0.2003730000   8.6649730000   0.5776190000  -0.3313550000   9.5405740000   0.0449170000  -0.0105050000  -0.0188410000  -0.0447760000   0.0102940000   0.0184370000  -0.0410230000   0.0513780000  -0.0576000000   0.0413640000  -0.0574020000   0.0566340000  -0.0004820000   0.0062360000   0.0013690000
   6.4612227604   6.0725552957 2390  5.00E+00  -1.2069570000  -0.5739510000   2.0158080000   0.0146060000   0.0133930000   2.0200740000   0.8775230000  -0.5042020000   8.6034040000   0.0255390000   0.2866460000   8.2997340000  -0.8936010000   0.9459640000   7.9514650000   0.0524370000   0.0251920000   0.0001780000  -0.0523250000  -0.0252450000  -0.0001920000   0.0288260000  -0.0384740000   0.0101420000  -0.0127100000   0.0376880000  -0.0046260000  -0.0162260000   0.0008390000  -0.0055030000
   6.4626721985   6.0713732473 2468  7.31E+00   0.0155950000  -1.5638890000   1.9782890000   0.0054210000   0.0156480000   2.0657420000   0.9817660000  -0.2914330000   8.0502240000   0.0159060000   0.2871600000   8.1701990000  -1.0217650000   0.7839190000   8.3761750000   0.0002600000  -0.0425100000  -0.0023410000  -0.0003010000   0.0425730000   0.0024350000  -0.0884510000   0.0438130000   0.0185920000   0.0762600000  -0.0294500000  -0.0230940000   0.0122320000  -0.0144260000   0.0044080000
   6.4616994669   6.0718619337 2627  1.87E+00  -1.6277590000   0.1516460000   2.6433000000  -0.4958140000  -0.2088580000   1.8697440000   1.6950410000   0.1990400000   9.2980470000   0.9222420000   0.6484640000   8.5597370000   0.1914060000   1.0353700000   7.7728900000   0.0146970000  -0.0047220000  -0.0101470000  -0.0146530000   0.0045580000   0.0098050000  -0.0183210000   0.0079880000  -0.0235960000  -0.0350850000   0.0228120000  -0.0282970000   0.0533620000  -0.0306350000   0.0522360000
   6.4627502705   6.0724660892 2776  3.24E+00   1.0708040000  -0.3080380000   2.2921910000  -0.1449700000   0.5649130000   1.7945170000   0.1682080000  -0.3469330000   9.7918000000   0.2214820000  -0.7456060000   8.6839300000   0.3220770000  -1.2075780000   7.5837300000   0.0319880000  -0.0228920000   0.0129480000  -0.0320170000   0.0231490000  -0.0133610000   0.0022820000   0.0008410000   0.0142990000  -0.0082010000   0.0170990000   0.0162650000   0.0059480000  -0.0181970000  -0.0301510000
   6.4606253081   6.0725090250 2900  5.46E+00  -2.2864280000  -0.8051760000   4.0990750000  -2.2871060000   0.5460870000   4.0126260000   3.6440620000   0.1081210000   5.2393280000   4.1576850000  -0.7217650000   4.5530900000   4.8011980000  -1.5551810000   4.0455930000  -0.0000040000   0.0590150000  -0.0038280000  -0.0001350000  -0.0591590000   0.0036290000   0.0002050000   0.0164550000   0.0258690000  -0.0036770000  -0.0232570000  -0.0417980000   0.0036110000   0.0069470000   0.0161290000
   6.4617244816   6.0706702605 2930  4.32E+00  -0.3708940000  -0.5641860000   1.9863370000   0.9693120000  -0.6947630000   2.2228590000  -0.6625080000   1.1937770000   7.7567200000  -1.7518350000   1.4930250000   7.9541480000  -2.8400090000   1.8784480000   8.0466770000   0.0486680000  -0.0047470000   0.0085820000  -0.0487750000   0.0046920000  -0.0088100000  -0.0630310000   0.0242620000   0.0055520000   0.0289810000  -0.0187180000   0.0045820000   0.0341570000  -0.0054890000  -0.0099060000
   6.4640937554   6.0725630148 2938  6.10E+00  -1.9412150000   0.0390830000   2.9003770000  -0.7222170000  -0.2700290000   1.9370380000   2.3953520000   0.6201340000   9.0134040000   1.3618510000   0.7909010000   8.4057410000   0.3115400000   0.8199390000   7.8208580000  -0.0331520000   0.0083750000   0.0260640000   0.0332140000  -0.0084550000  -0.0264410000   0.0557500000  -0.0172870000   0.0350420000  -0.0144930000   0.0239150000  -0.0151670000  -0.0413180000  -0.0065490000  -0.0194980000
   6.4636720033   6.0749915265 3422  3.96E+00   0.5473590000  -1.6398310000   2.0276460000  -0.5204410000  -0.5303800000   2.2798250000  -0.1186180000   0.9819930000   8.2117080000   0.9327750000   1.2290260000   7.8069340000   1.9831120000   1.5352180000   7.4151000000   0.0254890000  -0.0264940000  -0.0059970000  -0.0255060000   0.0264990000   0.0060900000   0.0423200000   0.0146390000  -0.0138020000  -0.0157450000  -0.0116470000   0.0011120000  -0.0265580000  -0.0029960000   0.0125970000
   6.4605644534   6.0724773622 3659  1.29E+01   0.1946370000  -2.3325140000   2.7628520000   0.3629160000  -0.7180660000   2.2835630000   0.0568610000   0.8511250000   8.3324110000  -0.7138060000   1.5737830000   7.8278760000  -1.3457600000   2.3882670000   7.2136850000  -0.0061500000  -0.0588090000   0.0174970000   0.0061510000   0.0587540000  -0.0174570000   0.0035800000   0.0111670000  -0.0090270000   0.0085510000  -0.0443200000   0.0345570000  -0.0121310000   0.0332080000  -0.0255700000
   6.4622451082   6.0721515491 3717  4.52E+00  -1.3974180000  -0.0272990000   1.8759240000   0.0151840000  -0.0034680000   2.0940720000   0.4802500000  -0.7740290000   8.0991510000   0.0351470000   0.2693560000   8.1703950000  -0.4944260000   1.2785360000   8.1920630000   0.0119130000   0.0002020000   0.0018550000  -0.0119030000  -0.0001550000  -0.0018100000  -0.0419300000   0.0800960000   0.0035330000   0.0105160000  -0.0050100000   0.0003060000   0.0314040000  -0.0751330000  -0.0038840000
