   6.4605093692   6.6671380747  883  6.50E+00   1.2258960000   0.6449970000   2.4292320000  -0.0134940000  -0.0075030000   1.7693570000   0.6073840000   1.2343590000   9.0732010000  -0.0710900000   0.2676580000   8.7469550000  -0.5638570000  -0.7507800000   8.3720360000   0.0272370000   0.0143610000   0.0145400000  -0.0272390000  -0.0142910000  -0.0145240000   0.0551550000   0.0607550000   0.0197560000  -0.0522890000  -0.0304140000  -0.0083520000  -0.0028650000  -0.0304110000  -0.0114200000
   6.4645366429   6.6690556474  977  3.63E+00  -1.5471810000  -1.1869440000   3.2550010000  -1.4046660000  -0.1678200000   2.2415020000   1.8320170000   0.8433390000   8.7561280000   2.6287130000   0.5434330000   7.8764660000   3.3073380000   0.3492960000   6.9325480000   0.0004680000   0.0032870000  -0.0032350000  -0.0005000000  -0.0032920000   0.0032800000  -0.0572380000   0.0255550000   0.0533520000   0.0576980000  -0.0303730000  -0.0429830000  -0.0004280000   0.0048220000  -0.0104140000
   6.4610212990   6.6698011530 1449  5.16E+00  -1.0256480000  -0.5086970000   2.0683680000   0.3556900000  -0.0691880000   1.9094430000  -0.6570060000   1.5730310000   8.5316260000  -0.5169040000   0.3756810000   8.4483250000  -0.6667410000  -0.7897900000   8.4609020000  -0.0016670000  -0.0005220000   0.0002290000   0.0017160000   0.0005510000  -0.0001030000  -0.0241000000   0.0509170000   0.0107110000   0.0420140000  -0.0564410000  -0.0182430000  -0.0179630000   0.0054940000   0.0074070000
   6.4609347853   6.6692213227 1726  1.58E+01  -0.2066140000   0.6403840000   2.2149250000   0.3320650000  -0.9818710000   1.8968230000  -0.0564190000   0.9879110000   8.2566620000  -0.5432680000   2.0532280000   8.5104960000  -1.1811490000   3.0217690000   8.7429900000  -0.0207910000   0.0626200000   0.0122650000   0.0207530000  -0.0625230000  -0.0124170000   0.0056380000  -0.0384760000  -0.0074770000   0.0132660000   0.0297410000   0.0048110000  -0.0188650000   0.0086380000   0.0028180000
   6.4642752104   6.6685976754 1978  4.16E+00   1.0737680000   1.0869000000   2.1575590000  -0.0130290000  -0.0182530000   1.8980180000   0.9793030000  -0.3887910000   8.4819510000   0.0194400000   0.2740560000   8.4832630000  -0.9964790000   0.8934120000   8.5357940000   0.0277470000   0.0282250000   0.0066800000  -0.0277490000  -0.0282170000  -0.0065720000  -0.0164210000   0.0059540000   0.0047430000   0.0429050000  -0.0170280000  -0.0107250000  -0.0264820000   0.0110650000   0.0058740000
   6.4643544368   6.6683939727 2410  4.55E+00  -0.3122450000  -1.3054840000   2.5196980000  -0.0011110000   0.0175740000   1.7414240000   1.0879400000   0.5316600000   9.2194750000   0.0045990000   0.2172900000   8.7941420000  -1.0661700000  -0.0126210000   8.3241450000  -0.0076570000  -0.0327670000   0.0192710000   0.0077830000   0.0327760000  -0.0193050000   0.0504690000   0.0194750000   0.0177560000  -0.0233780000  -0.0186100000  -0.0044910000  -0.0272180000  -0.0008730000  -0.0132310000
   6.4600847029   6.6659399948 2496  1.05E+00   1.0100910000  -0.6704210000   2.5212610000  -0.0133550000   0.0069260000   1.7298700000   0.8782030000   0.9238990000   9.2455010000  -0.0201930000   0.2556230000   8.8310670000  -0.8599840000  -0.4204720000   8.3279990000   0.0019370000  -0.0012390000   0.0014880000  -0.0018430000   0.0013150000  -0.0015310000   0.0309120000   0.0199680000   0.0081200000  -0.0159450000  -0.0047620000   0.0067350000  -0.0150600000  -0.0152810000  -0.0148110000
   6.4609741663   6.6670684412 2640  3.42E+00  -0.1232080000   1.2953240000   2.2664840000   0.0007080000  -0.0213320000   1.7993980000   0.0903880000   1.3802410000   8.9730860000   0.0710190000   0.2697390000   8.6425830000  -0.1394790000  -0.8701340000   8.4107280000   0.0024090000  -0.0252940000  -0.0089120000  -0.0023570000   0.0253900000   0.0089910000  -0.0136770000  -0.0348740000  -0.0019160000   0.0276590000   0.0419710000  -0.0055710000  -0.0140340000  -0.0071930000   0.0074070000
   6.4636712727   6.6658190848 2686  3.27E+00   1.1531800000  -0.5827440000   2.2604710000  -0.1120230000  -0.0837520000   1.8555510000  -0.0001780000   1.5636090000   8.6960540000   0.0893210000   0.3979630000   8.5601110000   0.4199440000  -0.7196910000   8.4696070000  -0.0157310000   0.0062220000  -0.0050130000   0.0156660000  -0.0061540000   0.0050830000   0.0165870000   0.0016560000   0.0040690000  -0.0279710000  -0.0220140000  -0.0101910000   0.0114480000   0.0202900000   0.0060510000
   6.4622378566   6.6685360868 2986  6.66E+00  -1.8273610000  -0.1353020000   2.5982330000  -0.6233220000   0.5352750000   1.9824080000   1.8581360000  -1.7168580000   8.1569020000   1.1654910000  -0.7013810000   8.2976110000   0.4950880000   0.2662860000   8.5509830000  -0.0175000000  -0.0097780000   0.0090030000   0.0175640000   0.0097340000  -0.0089150000   0.0566200000  -0.0834480000  -0.0041550000  -0.0278170000   0.0422220000  -0.0147040000  -0.0288670000   0.0412700000   0.0187700000
   6.4619327888   6.6657192004 2986  6.82E+00  -1.8349630000  -0.1384480000   2.6029630000  -0.6234760000   0.5355520000   1.9819750000   1.8591680000  -1.7168580000   8.1617210000   1.1656500000  -0.7019320000   8.2981700000   0.4951820000   0.2655160000   8.5476050000  -0.0200570000  -0.0111900000   0.0103330000   0.0201200000   0.0111450000  -0.0102460000   0.0564020000  -0.0829050000  -0.0037140000  -0.0284800000   0.0428850000  -0.0146960000  -0.0279870000   0.0400650000   0.0183220000
   6.4637321353   6.6658149466 3183  1.46E+01  -0.6107920000  -1.1945890000   3.1022180000   0.1170790000  -1.3772260000   2.0314240000  -0.3892050000   2.8822070000   7.1337760000  -0.1434370000   2.7274500000   8.2187620000  -0.0493590000   2.7114450000   9.3567490000   0.0544820000  -0.0137330000  -0.0801110000  -0.0544130000   0.0135100000   0.0800800000   0.0159650000  -0.0052020000   0.1322070000   0.0030870000  -0.0076010000  -0.0579860000  -0.0191210000   0.0130260000  -0.0741900000
   6.4613526576   6.6680834207 3183  1.29E+01  -0.6214550000  -1.1942700000   3.1106800000   0.1172390000  -1.3777710000   2.0305940000  -0.3892370000   2.8835900000   7.1342810000  -0.1437160000   2.7286800000   8.2225590000  -0.0492440000   2.7118400000   9.3570040000   0.0478230000  -0.0119460000  -0.0698860000  -0.0477530000   0.0117140000   0.0698500000   0.0142040000  -0.0041370000   0.1241450000   0.0054790000  -0.0087740000  -0.0417700000  -0.0197530000   0.0131430000  -0.0823390000
   6.4621139320   6.6694921963 3712  3.07E+00  -0.7346100000  -1.3747510000   3.7350990000  -1.7179180000  -1.1571020000   2.5321980000   2.1105840000   1.8949650000   7.0609490000   3.1385300000   2.3963970000   7.2757410000   4.1593170000   2.8592060000   7.5966390000   0.0246640000  -0.0055540000   0.0300990000  -0.0247570000   0.0053900000  -0.0303830000   0.0254390000   0.0104410000   0.0138400000  -0.0111150000  -0.0014770000  -0.0168130000  -0.0142310000  -0.0088000000   0.0032580000
   6.4611790605   6.6658039154 3761  1.62E+00   0.7930730000  -0.8491090000   2.6158300000  -0.0069010000   0.0098290000   1.6674880000   0.8837210000   0.5949560000   8.2475610000  -0.0151110000   0.2871850000   8.9247530000  -0.8878780000  -0.1184610000   9.5612030000   0.0114980000  -0.0124340000   0.0136470000  -0.0116530000   0.0123650000  -0.0137830000  -0.0157410000  -0.0127880000   0.0123010000  -0.0177980000   0.0049480000   0.0132260000   0.0336930000   0.0079080000  -0.0253910000
   6.4609450383   6.6697029345 3853  1.24E+01   0.5092850000   0.5744970000   2.8507460000   0.5044350000   0.2125960000   1.5329380000  -0.7026290000  -0.4490410000  10.3357560000  -0.9128050000  -0.1550530000   9.1108760000  -1.1634890000   0.1551600000   7.9904660000  -0.0001220000  -0.0132870000  -0.0484230000   0.0002500000   0.0132580000   0.0482340000   0.0215790000  -0.0323670000   0.1437560000  -0.0123260000   0.0230540000  -0.1192430000  -0.0093800000   0.0093420000  -0.0243250000
   6.4610423870   6.6667507272 3971  2.47E+00   1.2230550000   0.4947770000   2.4782930000  -0.0179000000  -0.0027710000   1.7206960000  -0.6880950000   1.0150290000   8.2751210000  -0.0261300000   0.2067930000   8.8108810000   0.7200510000  -0.4999270000   9.3620630000   0.0248170000   0.0099000000   0.0151590000  -0.0247370000  -0.0100270000  -0.0151800000   0.0092810000   0.0024110000   0.0058540000  -0.0043790000  -0.0192580000   0.0000920000  -0.0049810000   0.0169730000  -0.0059260000
