   6.4697171023   6.1557084998  228  2.39E-01   1.1313150000   0.5098300000   2.2522970000   0.0360490000  -0.3732050000   1.8527790000  -0.4589880000   1.8638780000   9.1623910000  -0.0973730000   0.8974880000   8.5924300000   0.2807700000  -0.0181870000   7.9933670000   0.0027560000   0.0022800000   0.0009810000  -0.0028220000  -0.0021450000  -0.0012120000  -0.0013080000   0.0099110000   0.0025260000   0.0125560000  -0.0432680000  -0.0217880000  -0.0111830000   0.0332230000   0.0194940000
   6.4675038853   6.1587790664  252  1.65E+01  -1.8841910000  -1.2941180000   4.1492340000  -1.4388840000  -1.1577800000   2.7761000000   1.6137730000   2.7976330000   6.3770100000   2.6618860000   2.3383380000   6.9718310000   3.6928030000   1.9984280000   7.2645190000   0.0006100000   0.0000700000  -0.0018860000  -0.0006770000  -0.0005540000   0.0017200000  -0.1094200000   0.0564250000  -0.0785430000   0.2015770000  -0.0931740000   0.1219590000  -0.0920890000   0.0372330000  -0.0432510000
   6.4665015158   6.1572281911  252  1.58E+01  -1.8816740000  -1.2900680000   4.1408570000  -1.4390270000  -1.1577130000   2.7763640000   1.6154070000   2.7953110000   6.3757380000   2.6608430000   2.3393550000   6.9707810000   3.6925070000   1.9994000000   7.2657880000   0.0019860000   0.0004790000  -0.0061280000  -0.0020540000  -0.0009580000   0.0059650000  -0.1070760000   0.0550900000  -0.0774600000   0.1962520000  -0.0907480000   0.1202180000  -0.0891080000   0.0361380000  -0.0425940000
   6.4652595072   6.1557579810  252  1.50E+01  -1.8791970000  -1.2860270000   4.1326010000  -1.4391690000  -1.1576470000   2.7766270000   1.6171740000   2.7929210000   6.3745620000   2.6594760000   2.3405210000   6.9695320000   3.6923210000   2.0003270000   7.2671100000   0.0034090000   0.0008820000  -0.0105090000  -0.0034760000  -0.0013550000   0.0103480000  -0.1042700000   0.0535570000  -0.0761040000   0.1892670000  -0.0877310000   0.1178400000  -0.0849310000   0.0346480000  -0.0415760000
   6.4678799636   6.1576707908  938  4.19E+00   0.5875370000  -0.6436600000   2.2734720000  -0.8735010000  -1.2517160000   2.2921870000   1.3613730000   2.4939590000   6.6386990000   1.6057100000   2.5837000000   7.7853630000   1.7586830000   2.5460680000   8.9270760000   0.0394370000   0.0162990000  -0.0006060000  -0.0395770000  -0.0166720000   0.0003320000  -0.0042070000  -0.0070350000   0.0085030000   0.0162420000   0.0146840000   0.0338590000  -0.0118940000  -0.0072760000  -0.0420880000
   6.4694508910   6.1588868606 1165  3.40E+00  -2.2094720000   0.2589640000   4.7743220000  -2.2250320000   0.2304390000   3.2368410000   4.9622120000  -0.9265680000   5.8402070000   4.1149240000  -0.1444860000   6.0754900000   3.2002820000   0.5555250000   6.1337660000   0.0002320000   0.0005320000   0.0309610000  -0.0004880000  -0.0006630000  -0.0311350000  -0.0037130000  -0.0061610000  -0.0123040000  -0.0334870000   0.0428290000   0.0266680000   0.0374550000  -0.0365380000  -0.0141890000
   6.4668798906   6.1566840853 1299  3.76E+00   0.6345070000  -0.7830730000   2.5740750000  -0.0041170000   0.0123520000   1.6600880000  -0.3354720000   0.3801190000  10.0376330000   0.0586200000   0.2889900000   8.9254190000   0.2720480000   0.0782580000   7.8102220000  -0.0223970000   0.0278800000  -0.0321940000   0.0223630000  -0.0278720000   0.0317350000  -0.0170830000  -0.0071410000   0.0133320000   0.0382870000   0.0066230000  -0.0605200000  -0.0211700000   0.0005100000   0.0476470000
   6.4663427480   6.1571676515 1575  3.78E+00   1.1439920000  -1.6714870000   3.2965870000   1.4770230000  -0.6408180000   2.4792920000  -3.8833220000   1.6314890000   7.3204480000  -2.7067110000   1.4451160000   7.4526020000  -1.5334490000   1.2770520000   7.4962180000   0.0139870000   0.0433240000  -0.0344240000  -0.0140080000  -0.0434170000   0.0341610000  -0.0449920000   0.0083910000  -0.0098290000   0.0269290000  -0.0073560000   0.0132060000   0.0180840000  -0.0009420000  -0.0031150000
   6.4673126132   6.1596097215 1595  2.32E+00   1.2305570000  -1.1206170000   2.7642690000   0.0039190000  -1.1672010000   2.1510560000   0.2217250000   3.5276750000   8.2389800000  -0.0279970000   2.3797550000   8.0547860000  -0.2978110000   1.2734140000   7.7984580000  -0.0413110000  -0.0015460000  -0.0207120000   0.0413890000   0.0015780000   0.0204390000   0.0043770000   0.0294060000   0.0001680000  -0.0068320000  -0.0489140000  -0.0007180000   0.0023780000   0.0194750000   0.0008220000
   6.4659382075   6.1584782396 1676  8.12E+00   0.6941940000  -1.8765840000   3.1459010000   0.4663080000  -0.8161130000   1.9688260000  -0.4162930000   1.9405330000   9.4199830000  -0.8050910000   1.6966880000   8.3220220000  -1.3519210000   1.6675440000   7.3029000000   0.0067170000  -0.0310140000   0.0344230000  -0.0064960000   0.0308520000  -0.0345230000  -0.0038550000   0.0194290000   0.0260140000  -0.0058980000  -0.0360540000  -0.0721350000   0.0095330000   0.0167860000   0.0462220000
   6.4699712267   6.1553465570 1714  6.14E+00   0.6719780000   1.4630310000   2.2352180000   1.1007380000  -0.0504600000   2.1819640000  -1.3626330000   0.5370810000   8.8953390000  -2.0280170000   0.3360100000   8.0058660000  -2.6546300000   0.0581850000   7.0577920000  -0.0110430000   0.0391910000   0.0013970000   0.0113050000  -0.0391270000  -0.0014300000  -0.0568230000  -0.0236990000  -0.0829320000   0.0438320000   0.0245830000   0.0688530000   0.0127280000  -0.0009480000   0.0141120000
   6.4685970836   6.1575740214 1768  1.15E+00  -0.8391090000   0.9635340000   2.1799190000  -0.3285380000  -0.3600510000   1.9089710000   0.8519780000  -0.1159780000   7.9473920000   0.5825060000   0.8648670000   8.4895960000   0.4044020000   1.8918790000   9.0094870000   0.0016290000  -0.0042330000  -0.0008600000  -0.0017290000   0.0043780000   0.0007270000  -0.0049360000   0.0466700000   0.0244010000  -0.0049220000  -0.0314150000  -0.0140400000   0.0099590000  -0.0154000000  -0.0102280000
   6.4659201311   6.1576892636 2054  4.29E+00  -0.7149190000  -1.3640040000   2.0135330000   0.0133640000   0.0184820000   2.0380590000   0.7105300000   1.1497370000   8.0506590000   0.0402530000   0.2086350000   8.2396590000  -0.7624480000  -0.6250510000   8.4596320000  -0.0176430000  -0.0335200000  -0.0005510000   0.0176520000   0.0334690000   0.0006240000  -0.0151090000  -0.0015400000   0.0055090000   0.0257750000  -0.0037790000  -0.0095740000  -0.0106750000   0.0053700000   0.0039920000
   6.4679478348   6.1574171684 2068  1.21E+01  -0.1872640000  -0.1371450000   2.1087960000   1.0560000000  -0.5960950000   2.0944630000  -2.5109840000   0.8128550000   9.0372730000  -1.9551110000   1.4308320000   8.1296360000  -1.2834440000   1.7863790000   7.2679150000   0.0769450000  -0.0284480000  -0.0009270000  -0.0769230000   0.0282810000   0.0007170000  -0.0298080000  -0.0573370000   0.0636920000   0.0554760000   0.0905290000  -0.1095440000  -0.0256900000  -0.0330240000   0.0460620000
   6.4682000444   6.1594028532 2208  3.64E+00  -1.1066810000  -1.5159650000   2.7245780000  -0.4707850000  -0.3440060000   2.0064810000  -0.0425460000   1.3205430000   8.8484550000   0.9299800000   0.9207250000   8.3594840000   1.7653530000   0.4895030000   7.6847900000  -0.0099710000  -0.0183100000   0.0112240000   0.0098020000   0.0183280000  -0.0113280000   0.0201760000  -0.0143700000  -0.0277330000   0.0218910000  -0.0005420000   0.0133900000  -0.0418980000   0.0148930000   0.0144460000
   6.4662615463   6.1579597409 2235  2.13E+00  -1.5313430000   1.0956370000   2.2104350000  -1.2911960000  -0.3253920000   2.5096070000   1.5566190000   0.9688400000   8.2228970000   2.3436850000   0.7833290000   7.3775580000   3.2290100000   0.6868490000   6.5671400000  -0.0012530000   0.0074150000  -0.0015240000   0.0011960000  -0.0074140000   0.0016690000   0.0114540000   0.0046340000  -0.0017970000  -0.0527270000  -0.0067250000   0.0292280000   0.0413300000   0.0020900000  -0.0275760000
   6.4665135684   6.1568447134 2240  7.56E+00  -0.5573010000   0.8924330000   1.7979050000  -0.4693490000  -0.6599140000   2.1139560000   0.6183350000   2.2886870000   7.4082390000   0.8187870000   1.4122380000   8.0948870000   1.1461600000   0.5783680000   8.8452680000  -0.0024260000   0.0426410000  -0.0087230000   0.0024220000  -0.0427850000   0.0087590000   0.0279050000  -0.0747240000   0.0682150000  -0.0323140000   0.0577450000  -0.0618060000   0.0044120000   0.0171230000  -0.0064450000
   6.4659122627   6.1553747183 2267  5.79E+00  -1.1414100000  -0.9722200000   2.2662360000   0.0204810000   0.0143550000   1.8872130000   0.5631260000   1.0535910000   7.9299080000  -0.0468590000   0.2546380000   8.5196190000  -0.5583250000  -0.5675100000   9.1076560000  -0.0295720000  -0.0251220000   0.0096730000   0.0294360000   0.0249550000  -0.0097590000  -0.0074870000  -0.0212020000   0.0166500000  -0.0411970000  -0.0434580000   0.0301760000   0.0488200000   0.0648260000  -0.0467400000
   6.4686440346   6.1574623503 2414  8.87E+00   0.8050840000   0.6694310000   1.7389970000  -0.4057300000   0.8565400000   2.2520550000  -0.1716550000  -0.6023390000   8.2296150000   0.6848470000  -1.3472680000   7.8840620000   1.6331340000  -2.0185430000   7.4961700000  -0.0725770000   0.0112180000   0.0307560000   0.0725500000  -0.0112380000  -0.0307200000  -0.0130720000   0.0197860000   0.0063940000  -0.0543100000   0.0204380000   0.0199340000   0.0674090000  -0.0402040000  -0.0263640000
   6.4683128302   6.1593162988 2806  3.25E+00   0.2167140000  -1.0031730000   2.4637300000   0.7435090000   0.1015770000   1.8084220000  -1.2940650000   0.5298490000   9.7735000000  -1.3012520000   0.0929070000   8.6551320000  -1.4560120000  -0.3560170000   7.5433930000   0.0136100000   0.0284130000  -0.0169720000  -0.0133650000  -0.0283210000   0.0166000000  -0.0082450000   0.0181910000   0.0490690000   0.0241880000   0.0029050000  -0.0003480000  -0.0161870000  -0.0211870000  -0.0483490000
   6.4698046028   6.1564638021 2865  1.16E+00   0.0291080000   0.7874230000   2.3446840000   0.5443040000  -0.4852260000   1.7688610000  -1.1322490000   1.2908310000   9.8829040000  -0.9231700000   1.0778970000   8.7374270000  -0.8949540000   0.9613990000   7.5772910000  -0.0049530000   0.0123290000   0.0054280000   0.0051070000  -0.0124310000  -0.0058760000  -0.0150990000   0.0095090000   0.0155420000   0.0280440000  -0.0185300000  -0.0391370000  -0.0130990000   0.0091220000   0.0240420000
   6.4699502159   6.1592887388 3003  6.02E+00   0.2366460000  -1.4892080000   2.2886420000  -0.0058280000   0.0176320000   1.8801310000  -0.7943340000  -0.3680770000   7.9765500000   0.0359200000   0.2489930000   8.5174960000   0.7815660000   0.8745980000   9.0965680000   0.0065260000  -0.0401630000   0.0108520000  -0.0063160000   0.0402800000  -0.0110220000   0.0114590000   0.0140890000   0.0168090000   0.0546850000   0.0354490000   0.0263280000  -0.0663540000  -0.0496550000  -0.0429670000
   6.4670988877   6.1564132296 3326  4.01E+00   1.3069440000  -0.1427550000   2.1236720000  -0.0220010000   0.0052210000   1.9340490000   0.9497700000  -0.2905930000   8.8927260000   0.0156670000   0.2406600000   8.4489360000  -0.9339920000   0.7805230000   7.9729730000  -0.0607970000   0.0067430000  -0.0086390000   0.0609480000  -0.0068350000   0.0085930000  -0.0172590000   0.0097950000  -0.0087930000   0.0388720000  -0.0220590000   0.0192420000  -0.0217640000   0.0123550000  -0.0104020000
   6.4668898278   6.1596440497 3351  5.86E+00   0.4543150000   1.4559710000   1.9851100000  -0.0091520000  -0.0205730000   1.9560480000   0.6905370000   1.0906420000   8.8025460000  -0.0078440000   0.2883340000   8.3289020000  -0.6675620000  -0.6084030000   8.0521260000   0.0101570000   0.0323470000   0.0007250000  -0.0100970000  -0.0322450000  -0.0006320000  -0.0141780000  -0.0265620000   0.0042060000  -0.0266280000  -0.0180660000  -0.0366740000   0.0407450000   0.0445260000   0.0323760000
   6.4669442186   6.1560419211 3473  1.80E+00   1.0530990000  -1.4406660000   3.0023160000   0.7274160000  -0.4335860000   1.9250590000  -0.9060740000   1.0858980000   9.5111930000  -1.3291220000   1.1230210000   8.4405050000  -1.7954000000   1.0149260000   7.3503760000   0.0048800000  -0.0148690000   0.0158590000  -0.0045660000   0.0147590000  -0.0160940000  -0.0186890000  -0.0082830000  -0.0402550000   0.0298110000   0.0193270000   0.0576860000  -0.0114360000  -0.0109330000  -0.0171950000
   6.4682034954   6.1593981049 3473  2.04E+00   1.0498920000  -1.4504320000   3.0069120000   0.7280260000  -0.4337630000   1.9240070000  -0.9036440000   1.0876850000   9.5139200000  -1.3305220000   1.1230690000   8.4427540000  -1.7996230000   1.0146010000   7.3509230000   0.0054740000  -0.0170640000   0.0181290000  -0.0051610000   0.0169540000  -0.0183640000  -0.0170960000  -0.0082810000  -0.0362490000   0.0300750000   0.0195730000   0.0582420000  -0.0132920000  -0.0111820000  -0.0217580000
   6.4659245049   6.1565144999 3497  3.93E+00  -1.4117330000  -0.8444380000   2.1300830000  -0.0764540000  -0.0519760000   2.0043850000   0.5904710000   1.4289230000   8.5104720000   0.1322650000   0.3779150000   8.2888250000  -0.2189870000  -0.7121650000   8.1237400000  -0.0313590000  -0.0185760000   0.0029460000   0.0313790000   0.0187130000  -0.0029210000   0.0010860000  -0.0176480000   0.0020110000  -0.0210130000  -0.0178050000  -0.0136920000   0.0199060000   0.0353160000   0.0116560000
   6.4685904527   6.1599254827 3660  3.69E+00   0.6589830000   1.6744480000   2.9972970000  -0.3353400000   1.0841630000   1.9033820000   0.7935950000  -2.6226820000   9.2397140000   0.6243860000  -1.7327950000   8.4956750000   0.3709290000  -0.9089100000   7.6890130000   0.0280110000   0.0166690000   0.0306290000  -0.0279970000  -0.0165580000  -0.0311090000  -0.0055470000  -0.0041690000  -0.0040080000   0.0119910000   0.0057410000   0.0099970000  -0.0064570000  -0.0016840000  -0.0055110000
