   6.4782078654   6.4759023571  406  3.58E+00   0.4623340000   1.0853350000   2.6184820000  -0.0092420000  -0.0106560000   1.6195340000   0.2772110000  -0.3951110000   9.9310280000   0.0140250000   0.3101020000   9.0344940000  -0.2707120000   0.8348300000   8.0346800000   0.0109910000   0.0254180000   0.0230560000  -0.0109050000  -0.0255190000  -0.0233850000  -0.0035840000  -0.0069730000  -0.0137110000  -0.0017610000   0.0321900000  -0.0049360000   0.0052590000  -0.0251160000   0.0189760000
   6.4762911266   6.4781647122  464  2.34E+00  -0.7933700000   0.9842560000   2.5148400000   0.0118930000  -0.0118790000   1.6678350000   0.7741410000   0.4681820000   8.0830620000  -0.0126640000   0.2227500000   8.8986440000  -0.7740440000   0.0495910000   9.7499340000  -0.0160000000   0.0196940000   0.0167300000   0.0158150000  -0.0197530000  -0.0169170000  -0.0234810000  -0.0027590000   0.0311050000  -0.0041220000  -0.0082680000  -0.0051800000   0.0277880000   0.0110860000  -0.0257380000
   6.4770546586   6.4771713969  560  5.73E-01   1.3850360000  -0.3121390000   2.1900710000  -0.0176240000  -0.0000430000   1.9109080000   0.3333890000  -0.8484660000   8.3226720000  -0.0031180000   0.2503340000   8.4915700000  -0.3302900000   1.3680980000   8.6224090000   0.0040550000  -0.0008790000   0.0008240000  -0.0040820000   0.0009520000  -0.0007850000  -0.0076780000   0.0282330000   0.0031840000   0.0051770000  -0.0229990000  -0.0010550000   0.0025280000  -0.0053070000  -0.0021690000
   6.4767167263   6.4761054637  851  3.27E+00   0.8161910000  -0.3270270000   2.7923350000  -0.0115380000   0.0077820000   1.5288620000  -0.2813490000   0.1823960000   7.9969880000  -0.0457920000   0.2680440000   9.1837930000   0.3219260000   0.2857960000  10.2985300000   0.0180690000  -0.0072990000   0.0273080000  -0.0179650000   0.0072800000  -0.0277690000  -0.0034270000  -0.0080950000  -0.0590400000  -0.0066300000   0.0121150000   0.0576090000   0.0099530000  -0.0040020000   0.0018920000
   6.4797351201   6.4791400485  934  1.18E+01  -1.8443110000   0.3826130000   3.0126600000  -1.0368550000  -0.6500600000   2.0615780000   1.8606940000   0.3299720000   7.7732330000   1.8317970000   1.4359020000   8.2437000000   2.0586890000   2.5022270000   8.5536130000  -0.0252180000   0.0322810000   0.0296680000   0.0250460000  -0.0321230000  -0.0298360000   0.0198500000  -0.0302610000  -0.0214250000  -0.0199760000   0.1179160000   0.0571680000   0.0002990000  -0.0878130000  -0.0355750000
   6.4775590556   6.4751023046  976  1.85E+00  -1.3688660000   0.1992050000   5.0791210000  -2.6900630000   0.2595530000   4.5372730000   3.7295650000  -0.0636190000   3.7556810000   4.9408300000  -0.2285970000   3.6778740000   6.0824420000  -0.3859200000   3.5042970000  -0.0115280000   0.0005200000  -0.0045840000   0.0110200000  -0.0005120000   0.0046990000  -0.0759510000   0.0104010000  -0.0013020000   0.0876750000  -0.0118560000   0.0058200000  -0.0112160000   0.0014480000  -0.0046330000
   6.4777878242   6.4781563956 1457  1.88E+00   1.1251890000  -0.4876940000   2.9207470000   0.2845830000  -0.4749030000   1.6257340000  -0.3475540000   1.2360360000   7.8418100000  -0.5261960000   1.1230580000   8.9738570000  -0.7496000000   1.0110690000  10.1194120000   0.0178860000  -0.0003470000   0.0273730000  -0.0178230000   0.0001710000  -0.0276970000  -0.0115410000  -0.0044690000   0.0540520000   0.0140180000   0.0041270000  -0.0517130000  -0.0025400000   0.0005180000  -0.0020150000
   6.4761985105   6.4762097279 1713  4.17E+00   1.3627430000  -0.5714370000   2.0123850000  -0.0160370000   0.0070250000   1.9896550000  -1.0749660000  -0.2897660000   8.3718080000   0.0351520000   0.2027570000   8.3035910000   1.0428100000   0.8261520000   8.3323030000   0.0155970000  -0.0065530000   0.0003080000  -0.0155740000   0.0065400000  -0.0001900000  -0.0666400000  -0.0190840000   0.0108620000   0.0551560000   0.0004520000  -0.0185560000   0.0114600000   0.0186460000   0.0075760000
   6.4759485894   6.4795643723 1895  8.76E+00   0.5500070000  -1.7006740000   2.8710420000  -0.1236840000  -0.8816250000   2.0128470000   0.3536950000   2.7119300000   7.3834360000   0.1579680000   1.8717640000   8.2582400000   0.1107770000   1.0808160000   9.1847930000  -0.0255750000   0.0310590000  -0.0325050000   0.0255270000  -0.0311810000   0.0325630000   0.0215000000   0.0621500000  -0.0570260000  -0.0262370000  -0.0146150000  -0.0055220000   0.0047840000  -0.0474110000   0.0624890000
   6.4779967087   6.4774542886 2021  4.41E+00   0.9923190000   0.2403800000   2.6948070000  -0.0156510000  -0.0052700000   1.5512100000  -0.4444260000   0.3306480000   8.0057220000   0.0652540000   0.2874080000   9.1059520000   0.4110840000   0.1524460000  10.2427630000   0.0215140000   0.0052170000   0.0242130000  -0.0213480000  -0.0052410000  -0.0245660000  -0.0350100000  -0.0030660000  -0.0506540000   0.0317440000   0.0132690000   0.0072160000   0.0031010000  -0.0101790000   0.0437910000
   6.4762344854   6.4777451108 2483  1.90E+00   0.1819830000  -0.2075950000   2.1735160000  -1.2340830000   0.0397000000   1.9846390000   1.1672340000   0.5769720000   7.9768170000   2.2430230000   0.1700690000   8.3014110000   3.3007800000  -0.2021590000   8.7438280000  -0.0019220000   0.0003170000  -0.0002780000   0.0020040000  -0.0004040000   0.0000910000  -0.0319640000   0.0141000000  -0.0009130000  -0.0167860000   0.0013380000  -0.0270640000   0.0486680000  -0.0153520000   0.0281640000
   6.4771599366   6.4787960551 2863  3.29E+00  -1.5757730000  -0.9152250000   3.7589670000  -1.3002980000  -0.9684420000   2.2089030000   1.3707010000   1.9905840000   7.3162240000   2.3855490000   2.0702740000   7.9240990000   3.4317610000   2.0372390000   8.4677510000  -0.0072130000   0.0012820000   0.0402290000   0.0071340000  -0.0015140000  -0.0405070000  -0.0102520000  -0.0072920000  -0.0105330000  -0.0033060000   0.0148640000   0.0086320000   0.0136370000  -0.0073400000   0.0021800000
   6.4786500180   6.4766796558 2877  6.26E+00  -0.0225860000  -1.7750870000   2.7079840000  -0.2066320000  -0.6043250000   1.9452070000   1.2245890000   0.7604810000   8.9746800000   0.3041590000   1.3078140000   8.3967330000  -0.4195250000   2.0754040000   7.8376690000  -0.0029880000   0.0190930000  -0.0123670000   0.0030230000  -0.0191670000   0.0124540000   0.0615170000  -0.0163410000   0.0333600000  -0.0546410000  -0.0168320000  -0.0216700000  -0.0069110000   0.0332470000  -0.0117770000
   6.4759123136   6.4760636411 3337  3.21E+00  -1.7273070000   0.6822790000   4.1010410000  -2.4121410000   0.2671740000   5.2091030000   5.5433210000  -0.1831790000   2.7672440000   4.4425150000  -0.2876550000   2.3893270000   3.2773450000  -0.2905200000   2.1663860000  -0.0250420000  -0.0150860000   0.0404230000   0.0247620000   0.0151410000  -0.0401720000  -0.0127210000   0.0058180000   0.0069910000   0.0286830000  -0.0123350000  -0.0141150000  -0.0156830000   0.0064620000   0.0068720000
   6.4758125890   6.4758923022 3839  1.50E+01  -0.9632080000  -1.2114040000   2.0296820000  -0.1141030000   0.2658690000   1.9882220000   0.3117420000   0.9803730000   8.4538610000   0.1519470000  -0.1947090000   8.3272140000   0.2047390000  -1.3980220000   8.2385810000  -0.0314450000  -0.0546550000   0.0015600000   0.0314080000   0.0547120000  -0.0014790000   0.0170120000   0.0299760000   0.0069240000  -0.0320450000   0.0247320000  -0.0068770000   0.0150710000  -0.0547650000  -0.0001270000
   6.4769605685   6.4764448618 3892  3.33E+00  -0.1176880000  -1.2125360000   2.9266890000  -0.7586790000  -0.4476950000   1.7382680000   0.7076580000   1.2479580000   7.8143650000   1.4264310000   1.1480210000   8.7571680000   2.0179640000   0.8901900000   9.7471280000   0.0144820000  -0.0173280000   0.0267150000  -0.0144610000   0.0171540000  -0.0270420000  -0.0201680000  -0.0076580000  -0.0116070000   0.0203550000   0.0211020000  -0.0044420000  -0.0002080000  -0.0132710000   0.0163760000
