   6.4798199913   6.5872442886  288  9.30E-01  -1.1095150000  -0.1364990000   2.9483590000  -0.9676190000  -1.3793730000   2.1826770000   1.6304690000   2.5252070000   6.8082560000   1.8112440000   2.7108840000   7.9832020000   1.9122610000   3.0249400000   9.1133990000  -0.0006190000   0.0044970000   0.0027530000   0.0004150000  -0.0047750000  -0.0029420000  -0.0106250000   0.0022380000  -0.0439260000   0.0146430000  -0.0129830000   0.0360570000  -0.0038130000   0.0110220000   0.0080570000
   6.4766537077   6.5852537173  316  1.88E+00   0.1248980000  -0.8357120000   2.8065470000  -0.0005600000   0.0092330000   1.5164490000  -0.4504510000   0.2183820000   8.0829870000   0.0114030000   0.2820810000   9.1850030000   0.4368210000   0.2640750000  10.2727200000   0.0027910000  -0.0184350000   0.0279340000  -0.0026610000   0.0183930000  -0.0283260000  -0.0152030000  -0.0067620000  -0.0293530000   0.0196020000   0.0118690000   0.0359210000  -0.0045280000  -0.0050650000  -0.0061770000
   6.4762033932   6.5898503811  348  5.12E+00  -1.0459110000   0.6725270000   2.5770010000   0.0114650000  -0.0126960000   1.6320450000   0.5911410000   0.8392430000   9.7889290000   0.0533100000   0.2327610000   8.9440670000  -0.6225270000  -0.3052660000   8.1847990000  -0.0274460000   0.0178600000   0.0245010000   0.0275760000  -0.0177550000  -0.0246700000  -0.0148550000  -0.0007480000  -0.0010510000  -0.0093350000  -0.0311700000  -0.0450050000   0.0240600000   0.0318130000   0.0462250000
   6.4762582118   6.5885019018  906  1.47E+00   0.6491460000   1.1813760000   2.2668460000  -0.0085020000  -0.0147490000   1.8264690000   0.7074630000  -0.6264290000   8.9637060000   0.0416050000   0.2798430000   8.6512060000  -0.7371360000   1.1032550000   8.2784080000  -0.0043760000  -0.0080490000  -0.0029400000   0.0044840000   0.0079630000   0.0029340000  -0.0147080000   0.0046520000  -0.0063940000   0.0400180000  -0.0182730000   0.0171970000  -0.0254170000   0.0137070000  -0.0107960000
   6.4782672472   6.5868543091  936  9.99E-01  -0.1432250000  -0.1853040000   2.5724620000   0.8210780000  -0.8710270000   1.8542890000  -1.6682580000   1.7221440000   9.7261000000  -1.4622890000   1.8492540000   8.5798400000  -1.3256490000   1.9390970000   7.4113940000   0.0267740000  -0.0190950000  -0.0200240000  -0.0266420000   0.0188660000   0.0197620000  -0.0043530000  -0.0020860000  -0.0028550000   0.0088080000   0.0036190000   0.0074160000  -0.0045870000  -0.0013040000  -0.0042990000
   6.4756857195   6.5886981488  976  2.83E+00  -1.3686300000   0.0869510000   4.9308070000  -2.7281550000   0.2648840000   4.5437680000   3.7994050000  -0.0789250000   3.7169070000   4.9804870000  -0.2195540000   3.6941690000   6.1730560000  -0.3969580000   3.5077450000  -0.0141080000   0.0018260000  -0.0039240000   0.0137540000  -0.0018220000   0.0040210000  -0.0237820000   0.0009320000  -0.0091750000  -0.0528030000   0.0124850000   0.0303800000   0.0769390000  -0.0134210000  -0.0213010000
   6.4798764236   6.5897483310 1030  3.16E+00   0.9249300000   0.1087840000   2.6603770000  -0.0143330000   0.0008790000   1.5681880000   0.5913800000  -0.1030350000  10.0801310000   0.0550620000   0.2865390000   9.0791410000  -0.6194100000   0.5643590000   8.1058600000  -0.0028900000  -0.0003640000  -0.0034910000   0.0030590000   0.0002950000   0.0032490000   0.0148680000  -0.0227900000   0.0444140000   0.0294530000   0.0140330000   0.0050470000  -0.0444900000   0.0088260000  -0.0492190000
   6.4767500914   6.5860227112 1064  4.86E+00   1.1143920000  -1.5026760000   3.2581320000   0.4453360000  -0.9950560000   2.0532180000  -0.0924320000   1.6867120000   9.0668860000  -0.8744240000   2.1313200000   8.2367840000  -1.5454640000   2.4652100000   7.2914400000   0.0029100000  -0.0022050000   0.0052420000  -0.0028360000   0.0021310000  -0.0052460000   0.0578870000  -0.0352010000   0.0496340000  -0.0330490000   0.0253460000  -0.0014410000  -0.0249120000   0.0099290000  -0.0481890000
   6.4774444889   6.5872001440 1165  6.29E+00  -0.6299130000   0.3473530000   2.5414300000  -2.0992920000  -0.2730340000   2.5934710000   3.3595350000   0.7960040000   6.1218660000   3.7876570000   0.7646170000   7.2603550000   4.3211460000   0.6593900000   8.3164620000   0.0418480000   0.0177070000  -0.0015850000  -0.0422160000  -0.0177800000   0.0014480000  -0.0153500000  -0.0023320000  -0.0647190000  -0.0047750000   0.0094150000   0.0414790000   0.0204930000  -0.0070110000   0.0233780000
   6.4778035576   6.5858570792 1178  6.39E+00   1.1943780000  -1.2961770000   4.1562510000   1.5750050000  -1.3510970000   2.5780930000  -3.4330570000   3.0083560000   8.2167660000  -2.8906830000   2.6873800000   7.2230880000  -2.3381260000   2.4912830000   6.2246030000  -0.0119780000   0.0016440000   0.0499090000   0.0121540000  -0.0018940000  -0.0499590000  -0.0013460000   0.0099010000   0.0031180000   0.0202090000  -0.0260190000  -0.0372060000  -0.0190400000   0.0163680000   0.0341380000
   6.4755062332   6.5864425895 1279  9.48E+00  -0.8631140000  -0.8534630000   2.8725860000   0.3760690000  -1.6976880000   2.2672880000  -0.2045870000   4.2599060000   8.4736160000  -0.6961360000   3.3423870000   7.8020020000  -1.0966280000   2.4510860000   7.1662740000  -0.0382410000   0.0260150000   0.0185890000   0.0383420000  -0.0261300000  -0.0187960000   0.0448430000   0.0759120000   0.0566700000  -0.0546890000  -0.0890060000  -0.0674160000   0.0097440000   0.0132100000   0.0109530000
   6.4777214271   6.5879982023 1404  1.37E+00  -1.3709180000   0.3821650000   3.0889490000  -1.2234780000  -0.5886490000   1.9582280000   3.2823450000   1.3910150000   8.9345240000   2.2207480000   1.2934030000   8.4021830000   1.2472670000   1.2414840000   7.7846980000  -0.0017760000   0.0114360000   0.0132320000   0.0017330000  -0.0115310000  -0.0135120000   0.0324050000   0.0055990000   0.0079490000  -0.0769730000  -0.0110320000  -0.0276780000   0.0446110000   0.0055280000   0.0200090000
   6.4777753119   6.5874482208 1478  4.90E+00  -1.4829950000  -0.6959260000   3.0784320000  -0.5057700000  -1.3797550000   2.1619720000   0.9299910000   3.0488480000   6.8225020000   0.9833350000   2.7383900000   7.9860040000   0.9511920000   2.5178030000   9.1922610000  -0.0130860000   0.0090870000   0.0122740000   0.0130400000  -0.0092870000  -0.0122770000  -0.0065340000   0.0197930000  -0.0483410000   0.0133320000  -0.0090900000  -0.0404880000  -0.0067530000  -0.0105020000   0.0888320000
   6.4750090018   6.5898918002 1542  4.39E+00   0.1971210000   0.0810880000   1.9460420000  -0.2188130000  -1.1844960000   2.2023250000   0.3907710000   3.1860220000   7.0965720000   0.4075250000   2.4366410000   7.9737150000   0.3836870000   1.5830270000   8.7972260000  -0.0175690000  -0.0534920000   0.0108340000   0.0175730000   0.0534190000  -0.0108000000  -0.0019910000  -0.0348560000   0.0312760000   0.0050120000   0.0542210000  -0.0409260000  -0.0030260000  -0.0192910000   0.0096160000
   6.4799363043   6.5895043184 1606  4.45E+00   1.8275270000   0.6246710000   2.9240930000   0.9757100000   0.1237400000   1.9952200000  -2.5091240000  -0.5372550000   7.5486500000  -1.7852530000   0.0336040000   8.2708710000  -1.1387670000   0.5423570000   9.0947890000  -0.0361790000  -0.0212400000  -0.0393600000   0.0362330000   0.0213030000   0.0394690000   0.0016340000   0.0018020000   0.0162930000   0.0162960000   0.0120270000  -0.0088000000  -0.0179840000  -0.0138920000  -0.0076020000
   6.4782506136   6.5887767977 1844  1.58E+00  -0.4974120000   1.0519300000   2.3697040000  -0.6494770000  -0.3259880000   1.8052590000   1.8128140000   0.1874290000   7.8950460000   1.1648800000   0.8522750000   8.6278710000   0.5877000000   1.4222320000   9.4640370000   0.0017310000   0.0161350000   0.0066220000  -0.0019020000  -0.0160310000  -0.0066700000   0.0097020000  -0.0107230000   0.0037830000  -0.0232200000   0.0255550000   0.0013500000   0.0136890000  -0.0149350000  -0.0050850000
   6.4770645885   6.5892408530 1925  4.41E+00   0.0715550000  -0.9867230000   2.5729850000   0.0008840000   0.0144510000   1.6717920000   0.3400780000   1.0709910000   8.1669260000  -0.0065940000   0.2717760000   8.9261290000  -0.3440510000  -0.5973420000   9.6220110000  -0.0033220000   0.0467530000  -0.0421210000   0.0032630000  -0.0468950000   0.0420080000  -0.0125910000  -0.0353360000   0.0264580000   0.0051680000   0.0228020000  -0.0085460000   0.0074820000   0.0126770000  -0.0177990000
   6.4758344471   6.5851825716 1989  3.41E+00   1.6928050000   1.1995210000   2.7968920000   1.2417280000   0.0279130000   2.2572980000  -3.2031390000   0.0220780000   7.1160790000  -2.2783090000   0.1992810000   7.8134850000  -1.3946860000   0.3010160000   8.5698510000  -0.0165990000  -0.0430360000  -0.0197730000   0.0165680000   0.0430500000   0.0198850000   0.0033760000  -0.0038150000   0.0105860000   0.0120260000   0.0103270000  -0.0056600000  -0.0153710000  -0.0065270000  -0.0050380000
   6.4759476323   6.5880152130 2188  1.21E+00   0.7830580000   0.6178920000   2.6521340000  -0.0074790000  -0.0111100000   1.5993220000   0.7283580000   0.1326330000   8.1445360000   0.0476600000   0.2515500000   9.0757530000  -0.7761220000   0.3827610000   9.8890240000   0.0011130000   0.0009350000   0.0014130000  -0.0012340000  -0.0009090000  -0.0017030000  -0.0325160000   0.0047780000   0.0242560000   0.0281850000  -0.0033560000  -0.0017190000   0.0044510000  -0.0014480000  -0.0222470000
   6.4753212744   6.5860304004 2246  8.85E+00  -0.9384190000  -0.8585160000   2.2805700000   0.0099560000   0.0116200000   1.8689890000   0.5940470000  -0.7033760000   8.7557160000   0.0072440000   0.2717220000   8.5859700000  -0.5900850000   1.1831240000   8.3221530000   0.0429960000   0.0394430000  -0.0186300000  -0.0429700000  -0.0394590000   0.0186720000  -0.0311470000   0.0454340000  -0.0149800000  -0.0364720000   0.0639060000  -0.0093010000   0.0675930000  -0.1093240000   0.0242390000
   6.4793954727   6.5877399065 2271  9.17E+00   0.8399490000  -0.6528860000   3.2499630000   1.0148500000  -1.3395410000   2.1340340000  -1.3093720000   1.8720810000   7.3953830000  -1.9349240000   2.6714630000   8.0698540000  -2.3594110000   3.5412630000   8.6851560000   0.0113290000  -0.0442950000  -0.0720240000  -0.0111850000   0.0440930000   0.0715910000   0.0433880000  -0.0343660000  -0.0358670000  -0.0749450000   0.0679800000   0.0668380000   0.0314120000  -0.0334120000  -0.0305390000
   6.4798767051   6.5873813011 2986  1.73E+00  -1.8310700000  -0.1088850000   2.6204070000  -0.6300190000   0.5413460000   1.9720580000   1.8660320000  -1.6881170000   8.2868610000   1.1837810000  -0.7361280000   8.3218140000   0.5071380000   0.2316480000   8.4531500000  -0.0180600000  -0.0098290000   0.0097840000   0.0181470000   0.0097210000  -0.0097640000  -0.0016750000   0.0041660000   0.0073030000   0.0125640000  -0.0218190000  -0.0174400000  -0.0109770000   0.0177610000   0.0101170000
   6.4796261330   6.5888454059 3285  7.94E+00   0.5421300000  -0.2293310000   2.4135310000  -0.7005570000  -0.4681300000   1.8166950000   2.3546420000   1.3496570000   9.0244830000   1.2270960000   1.0018570000   8.7381300000   0.1887800000   0.9383330000   8.1919460000  -0.0257090000  -0.0049670000  -0.0123790000   0.0257870000   0.0048920000   0.0122290000   0.0575710000   0.0342650000  -0.0027480000  -0.0715580000  -0.0531840000   0.0136830000   0.0139090000   0.0189940000  -0.0107850000
   6.4765883122   6.5886565358 3514  4.03E+00   0.9002530000  -1.1427960000   2.2676720000  -0.0073690000   0.0109680000   1.8779910000  -0.3672950000   1.3455550000   8.6703520000   0.0388280000   0.2587540000   8.5318400000   0.3182290000  -0.8349020000   8.4040070000   0.0149860000  -0.0190170000   0.0064520000  -0.0149780000   0.0190860000  -0.0063880000  -0.0027190000  -0.0183900000  -0.0002220000   0.0337610000  -0.0658090000  -0.0121530000  -0.0310500000   0.0841310000   0.0123120000
   6.4758739393   6.5886502756 3657  2.56E+00  -1.6260750000  -1.6044970000   3.6018530000  -1.1705460000  -0.8216150000   2.3903180000   2.4130470000   0.7890760000   8.1544870000   2.2231090000   1.7765950000   7.5627800000   1.8665110000   2.7693470000   7.0045990000  -0.0069140000  -0.0119300000   0.0184930000   0.0069750000   0.0118760000  -0.0184580000  -0.0126470000   0.0135900000  -0.0046140000   0.0310660000  -0.0382210000   0.0145530000  -0.0184800000   0.0246840000  -0.0099730000
