   6.4754863991   6.8570127687   36  1.62E+00  -1.2946100000  -1.6140740000   3.7014210000  -0.4270080000  -1.7318930000   2.5613120000   0.9146220000   2.9406390000   8.3143390000   0.7842970000   3.3858770000   7.2525560000   0.7107580000   3.9564600000   6.2173690000   0.0048370000  -0.0006300000  -0.0062670000  -0.0048160000   0.0006150000   0.0064050000   0.0005040000   0.0213680000  -0.0265860000  -0.0040190000  -0.0365750000   0.0336500000   0.0034940000   0.0152210000  -0.0072010000
   6.4751419918   6.8573700559   59  4.64E+00  -0.5292930000   0.0170100000   2.8062020000  -0.2688030000   0.3168920000   1.5026960000  -0.2062830000   0.1375360000   8.3574350000   0.4787230000  -0.3600640000   9.1912770000   1.2227240000  -0.7632690000  10.0622740000   0.0101520000   0.0116130000  -0.0507090000  -0.0100720000  -0.0116860000   0.0504980000  -0.0108750000   0.0158880000  -0.0136490000  -0.0352070000   0.0017850000  -0.0386050000   0.0460010000  -0.0176010000   0.0524650000
   6.4756594738   6.8567206650  398  8.16E-01  -0.0090500000  -0.3031010000   2.8972640000  -0.1784590000  -0.7079560000   1.5599560000   0.8632390000   2.0761700000  10.0006780000   0.3171020000   1.5166770000   9.1034060000  -0.2094490000   1.0277410000   8.1932820000  -0.0028660000  -0.0069570000  -0.0230460000   0.0029490000   0.0069210000   0.0227850000   0.0144600000   0.0182590000   0.0212530000  -0.0304300000  -0.0368980000  -0.0471500000   0.0158880000   0.0186750000   0.0261580000
   6.4775505608   6.8596809663  874  6.12E+00  -0.6322450000  -0.0846620000   2.6033340000  -1.7179630000   0.6223480000   2.2393910000   3.1733140000  -1.1392420000   6.7145930000   3.0865740000  -0.8469940000   7.8519430000   3.1293680000  -0.6400710000   9.0440930000  -0.0529110000   0.0344470000  -0.0177140000   0.0527540000  -0.0343560000   0.0177330000   0.0093010000  -0.0065950000   0.0003470000  -0.0195470000   0.0013330000  -0.0643660000   0.0104030000   0.0051710000   0.0640010000
   6.4792332395   6.8571440801 1074  3.73E+00   0.7415330000   0.7683620000   2.5509970000  -0.0093630000  -0.0097290000   1.6560670000   0.0326910000  -0.7809860000   9.4450270000  -0.0325250000   0.2778460000   8.9650980000  -0.0082310000   1.2602630000   8.3945790000  -0.0140890000  -0.0146420000  -0.0168150000   0.0140810000   0.0145350000   0.0167660000   0.0051910000   0.0185830000  -0.0168970000  -0.0099310000   0.0641310000  -0.0226530000   0.0047470000  -0.0826070000   0.0395990000
   6.4767754240   6.8593676397 1625  4.34E+00   0.6733920000   0.9220180000   2.8544510000   0.4265130000   0.0854520000   1.5465810000  -0.3943340000  -0.5436670000  10.0746940000  -0.7715070000   0.0753810000   9.1109750000  -1.1990330000   0.6898960000   8.1830840000   0.0063870000   0.0213680000   0.0334010000  -0.0062430000  -0.0214620000  -0.0335480000   0.0150200000  -0.0299460000   0.0488290000  -0.0005660000   0.0141560000  -0.0280940000  -0.0145970000   0.0158840000  -0.0205880000
   6.4782573770   6.8567273474 2051  9.55E+00  -0.5933390000  -0.7663630000   2.7689960000   0.3294700000  -0.9031420000   1.8332480000  -0.8674700000   2.5460370000   7.6371440000  -0.6604390000   1.9316040000   8.6583330000  -0.2448070000   1.2503810000   9.5341230000   0.0597290000  -0.0089100000  -0.0605600000  -0.0596950000   0.0087320000   0.0605040000   0.0035220000   0.0233280000  -0.0516410000  -0.0231280000  -0.0079640000   0.0452540000   0.0195720000  -0.0151860000   0.0064430000
   6.4784684144   6.8576788131 2163  2.03E+00  -0.5476380000  -0.9620730000   2.9666050000  -0.0034110000  -0.5981870000   1.6086360000  -0.6863780000   1.2125930000   9.9397320000  -0.0197620000   1.4005510000   8.9757570000   0.7527510000   1.4717980000   8.1025670000  -0.0077550000  -0.0051660000   0.0191900000   0.0076070000   0.0050930000  -0.0192860000  -0.0049010000  -0.0108410000   0.0238210000   0.0093540000   0.0190770000  -0.0443280000  -0.0043050000  -0.0081620000   0.0206030000
   6.4751697091   6.8556271879 2211  2.82E+00  -1.0964000000   0.2234910000   2.2982060000   0.0635490000  -0.5273330000   1.7968260000  -0.6732020000   0.3756390000   9.2627070000  -0.1581220000   1.2112450000   8.6284350000   0.5436010000   2.0223080000   8.1425730000  -0.0054440000   0.0034910000   0.0024070000   0.0053570000  -0.0035530000  -0.0023070000   0.0195480000   0.0095680000   0.0026960000  -0.0304590000  -0.0061440000  -0.0157400000   0.0109980000  -0.0033620000   0.0129430000
   6.4796066478   6.8554589773 2245  5.83E+00   0.2579160000   0.2230160000   2.8425170000   0.2533280000  -0.6502340000   1.5432200000  -0.6073580000   0.6373250000   8.2214480000  -0.4694710000   1.3887820000   9.1747520000  -0.3216430000   2.2411700000  10.0059880000   0.0001550000   0.0215420000   0.0318650000  -0.0000700000  -0.0215070000  -0.0321870000  -0.0080160000  -0.0395640000  -0.0627850000   0.0011380000  -0.0023790000   0.0342400000   0.0067920000   0.0419080000   0.0288680000
   6.4796665741   6.8589898909 2245  5.98E+00   0.2682790000   0.2279470000   2.8437790000   0.2534250000  -0.6507700000   1.5419600000  -0.6085720000   0.6402640000   8.2229730000  -0.4680600000   1.3887250000   9.1759570000  -0.3226250000   2.2406420000  10.0097690000   0.0004200000   0.0223360000   0.0329050000  -0.0003340000  -0.0223010000  -0.0332230000  -0.0081980000  -0.0378650000  -0.0608740000   0.0015120000  -0.0053240000   0.0309670000   0.0066010000   0.0431530000   0.0302250000
   6.4790201425   6.8574185201 2499  2.68E+00   0.9013640000  -1.3847870000   3.0840550000   0.7824390000  -0.5160570000   1.8840880000  -0.5169610000   0.4450120000   8.5483280000  -1.4436310000   1.2419430000   8.5227120000  -2.3637910000   1.9748980000   8.4509980000   0.0010460000  -0.0078220000   0.0107670000  -0.0011280000   0.0078940000  -0.0108940000   0.0566290000  -0.0520660000   0.0004310000  -0.0455210000   0.0466090000   0.0025750000  -0.0110260000   0.0053850000  -0.0028780000
   6.4777941024   6.8562714661 2499  2.42E+00   0.8990590000  -1.3703570000   3.0817590000   0.7829280000  -0.5165430000   1.8834060000  -0.5192820000   0.4455520000   8.5457690000  -1.4442860000   1.2424690000   8.5263610000  -2.3632740000   1.9754820000   8.4543700000   0.0007090000  -0.0053880000   0.0075250000  -0.0007900000   0.0054590000  -0.0076540000   0.0550040000  -0.0507950000  -0.0003720000  -0.0452510000   0.0464450000   0.0036700000  -0.0096720000   0.0042790000  -0.0031680000
   6.4766170908   6.8551470055 2499  2.20E+00   0.8967390000  -1.3558220000   3.0793140000   0.7834170000  -0.5170300000   1.8827250000  -0.5216710000   0.4461550000   8.5432100000  -1.4448660000   1.2429170000   8.5300030000  -2.3627450000   1.9760600000   8.4577450000   0.0003620000  -0.0028540000   0.0040350000  -0.0004420000   0.0029250000  -0.0041650000   0.0531830000  -0.0493480000  -0.0011620000  -0.0446650000   0.0460110000   0.0047620000  -0.0084380000   0.0032660000  -0.0034690000
   6.4772737670   6.8576832747 3073  4.05E+00   1.0814750000   0.5663990000   2.4179400000  -0.0115640000  -0.0045680000   1.7689280000  -0.2842290000  -0.9103740000   8.5610550000  -0.0245790000   0.2518380000   8.7923240000   0.2922990000   1.3961200000   8.8529770000  -0.0254010000  -0.0132540000  -0.0150600000   0.0254040000   0.0133160000   0.0150640000  -0.0100150000  -0.0605510000  -0.0204510000  -0.0007700000   0.0344970000   0.0279830000   0.0107810000   0.0259920000  -0.0075360000
   6.4780426269   6.8586979081 3235  6.85E+00  -0.8085090000   1.5383430000   2.6055320000  -0.8223360000   0.3109070000   1.9909440000   0.6791920000   0.4525580000   8.6817650000   1.4752360000  -0.4113940000   8.3455730000   2.3712420000  -1.1057160000   7.9470210000  -0.0004480000  -0.0410290000  -0.0205220000   0.0004710000   0.0409640000   0.0205590000  -0.0431440000   0.0626820000   0.0185460000   0.0008670000  -0.0438360000  -0.0000170000   0.0422540000  -0.0187810000  -0.0185660000
   6.4794399201   6.8591925023 3277  3.83E+00  -0.7850450000  -0.5640350000   5.6209010000  -0.4996080000  -1.8508810000   5.9558810000   0.6149510000   3.7688860000   2.1843430000   0.9310230000   3.6838360000   1.0389970000   1.2307550000   3.4326300000  -0.0623740000   0.0114980000  -0.0519800000   0.0135190000  -0.0115130000   0.0517510000  -0.0135030000  -0.0069140000  -0.0077910000   0.0242650000   0.0101780000   0.0164240000  -0.0352410000  -0.0032490000  -0.0084040000   0.0109600000
   6.4750468129   6.8572298353 3861  1.84E+00  -0.8169080000   0.5793880000   2.6328080000   0.0074010000  -0.0102610000   1.6129310000  -0.7607190000  -0.3973590000   8.4160000000   0.0366980000   0.1892850000   9.0394770000   0.7476740000   0.9576840000   9.5780460000   0.0045470000  -0.0031940000  -0.0056100000  -0.0044320000   0.0032600000   0.0055120000   0.0047710000   0.0200450000   0.0042800000  -0.0003400000  -0.0337830000  -0.0001710000  -0.0045460000   0.0136720000  -0.0040110000
   6.4783398662   6.8574605144 3973  6.11E+00  -1.0541980000  -0.8029750000   2.5871190000   0.2224280000  -0.4804710000   1.7549160000  -1.1512760000   1.9994330000   8.9406260000  -0.4564440000   1.0904260000   8.7536910000   0.4494870000   0.3198450000   8.5617290000  -0.0300520000  -0.0075440000   0.0195900000   0.0299180000   0.0076180000  -0.0196140000   0.0318770000  -0.0144460000  -0.0043930000  -0.0769570000   0.0316790000   0.0097360000   0.0452140000  -0.0173080000  -0.0053190000
