   6.4757393482   6.0140008993   82  4.43E+00   0.9088540000   0.9909830000   1.7278830000  -0.0112470000  -0.0184490000   2.1381760000  -0.3163160000   1.3627000000   7.9834790000   0.0625320000   0.2677260000   8.1072120000   0.2682800000  -0.8463050000   8.1442250000  -0.0089040000  -0.0098010000   0.0039910000   0.0089700000   0.0097400000  -0.0039700000  -0.0035330000  -0.0293160000  -0.0015260000   0.0338810000  -0.0625420000   0.0096390000  -0.0304130000   0.0919190000  -0.0081350000
   6.4796477890   6.0119397737  142  3.15E+00  -1.9871060000   0.5366640000   3.8325250000  -1.6867840000   0.7456650000   2.4892220000   3.5181540000  -1.5514670000   8.3891050000   3.1978990000  -1.1249810000   7.3454290000   2.6305940000  -0.6741840000   6.4246630000   0.0070440000   0.0049960000  -0.0320560000  -0.0074740000  -0.0049100000   0.0317700000  -0.0186670000   0.0041680000   0.0023730000   0.0262940000   0.0010800000  -0.0251600000  -0.0071980000  -0.0053330000   0.0230720000
   6.4765180027   6.0105412601  254  8.87E-01  -1.1502770000   0.1946950000   2.4365780000   0.0171330000  -0.0042220000   1.7249030000  -0.4057400000   0.1125670000   9.9066810000  -0.0178680000   0.2742750000   8.8128310000   0.4060570000   0.3780310000   7.7106550000   0.0336620000  -0.0057590000  -0.0206490000  -0.0338280000   0.0057020000   0.0201660000   0.0022570000  -0.0037670000   0.0001590000  -0.0098460000   0.0061830000   0.0120550000   0.0077550000  -0.0023600000  -0.0117310000
   6.4756954013   6.0147096995  272  3.64E+00   0.1710470000   1.4920900000   1.9147640000  -0.0028880000  -0.0156810000   2.0110310000   0.2438310000  -0.8808780000   7.9580720000  -0.0297870000   0.2598920000   8.2689740000  -0.2178220000   1.3577610000   8.6714200000   0.0029260000   0.0255560000  -0.0015610000  -0.0029820000  -0.0253940000   0.0015570000   0.0190030000  -0.0609370000  -0.0085650000  -0.0204660000   0.0429130000  -0.0053190000   0.0015190000   0.0178640000   0.0138880000
   6.4760187876   6.0138757567 1127  2.53E-01   0.4206860000   1.7031940000   2.2383150000   0.7770070000   0.2955130000   2.1128270000  -2.1123990000  -1.2610510000   8.2917880000  -1.4438260000  -0.3077290000   8.1050520000  -0.7107900000   0.5965640000   7.9319790000  -0.0003650000   0.0013560000   0.0000780000   0.0002840000  -0.0014950000  -0.0002480000  -0.0019280000  -0.0115780000   0.0033660000  -0.0020880000   0.0144040000  -0.0059690000   0.0040970000  -0.0026870000   0.0027730000
   6.4766040393   6.0109620580 1378  5.61E+00   0.6373390000  -1.8838550000   4.0947540000   0.0485120000  -2.1919410000   5.3292830000  -0.2278420000   5.4493580000   1.9573130000  -0.1684690000   4.2788170000   2.2730660000   0.0718800000   3.0919980000   2.4637800000  -0.0114600000  -0.0061470000   0.0241080000   0.0114300000   0.0056750000  -0.0238080000   0.0061690000   0.0691640000  -0.0256560000  -0.0312340000   0.0065060000   0.0207280000   0.0250950000  -0.0751980000   0.0046280000
   6.4775394736   6.0145130160 1394  7.51E-01   1.2978520000   0.3530300000   1.9715840000   0.0058770000  -0.3044020000   2.0168440000   0.1931190000   1.7506220000   7.6662850000  -0.0353220000   0.8092450000   8.2940070000  -0.2777210000  -0.1724320000   8.9118000000  -0.0016450000  -0.0008710000   0.0000440000   0.0016180000   0.0007050000  -0.0000810000  -0.0095300000  -0.0373920000   0.0247240000   0.0140840000   0.0544540000  -0.0340810000  -0.0045270000  -0.0168950000   0.0093940000
   6.4751038273   6.0110960204 1408  4.37E+00   2.4966940000  -0.2654710000   4.6660800000   1.9761640000  -0.5917030000   3.2333080000  -4.7085520000   1.2210270000   5.4879540000  -3.6334960000   1.3558570000   5.9772000000  -2.5905380000   1.4206410000   6.5842750000   0.0123960000   0.0076730000   0.0337940000  -0.0123110000  -0.0077810000  -0.0340680000  -0.0304340000  -0.0074360000  -0.0054980000  -0.0124130000   0.0081470000  -0.0291430000   0.0427620000  -0.0006030000   0.0349160000
   6.4770066320   6.0102499605 1589  1.44E+00   1.6628420000  -0.9007490000   3.4855320000   0.8736230000  -1.5564660000   2.5049190000  -1.2508390000   2.2284580000   6.6623360000  -1.6039550000   3.0537770000   7.4404500000  -2.0129300000   3.9968810000   8.0235590000  -0.0096210000  -0.0081540000  -0.0121570000   0.0098790000   0.0078160000   0.0117880000   0.0003630000  -0.0024100000  -0.0216570000   0.0085200000  -0.0175360000   0.0265100000  -0.0091410000   0.0202840000  -0.0044840000
   6.4791294125   6.0107312601 1589  1.20E+00   1.6757070000  -0.8970420000   3.4875410000   0.8737010000  -1.5568860000   2.5049020000  -1.2536680000   2.2302390000   6.6595230000  -1.6038320000   3.0545170000   7.4383540000  -2.0113920000   3.9964070000   8.0279090000  -0.0066020000  -0.0055900000  -0.0082890000   0.0068590000   0.0052560000   0.0079240000  -0.0002260000  -0.0013510000  -0.0202600000   0.0102400000  -0.0210000000   0.0230940000  -0.0102720000   0.0226850000  -0.0024700000
   6.4799390051   6.0120438035 1774  4.19E+00  -0.2978180000  -1.3076090000   1.9165910000   0.0034660000   0.0227150000   2.0342020000  -0.7781980000  -0.5634540000   8.6528180000   0.0141880000   0.2056190000   8.2096350000   0.7690000000   1.0657100000   7.9053850000   0.0106420000   0.0470220000   0.0042240000  -0.0107190000  -0.0471240000  -0.0041520000  -0.0200650000  -0.0113860000   0.0197990000   0.0132740000  -0.0048610000  -0.0267740000   0.0068690000   0.0163490000   0.0069030000
   6.4767195920   6.0120464529 1884  4.90E+00  -1.3667560000   0.6795410000   1.8143220000   0.0160830000  -0.0051240000   2.1079740000   1.0481960000  -0.2452660000   8.0258940000   0.0062830000   0.2742810000   8.1308420000  -1.0471250000   0.7098140000   8.2294630000  -0.0351240000   0.0173980000  -0.0074270000   0.0350720000  -0.0173490000   0.0074710000  -0.0164310000   0.0017890000   0.0029750000  -0.0434990000   0.0293190000   0.0016310000   0.0599820000  -0.0311580000  -0.0046500000
   6.4765399761   6.0103668345 1965  1.61E+00   0.2722740000  -0.7844520000   1.5270630000  -0.7726790000  -0.8792060000   2.5520330000   2.0439450000   2.5681370000   6.6655580000   1.3525840000   1.8956460000   7.3232320000   0.7824670000   1.1368750000   7.9964290000   0.0038970000   0.0003470000  -0.0038300000  -0.0039060000  -0.0002890000   0.0038830000  -0.0021060000  -0.0160300000   0.0130500000  -0.0194900000   0.0044430000  -0.0007080000   0.0216040000   0.0115290000  -0.0123950000
   6.4799169367   6.0128223099 2706  8.22E+00  -0.2955900000   1.5124930000   2.3919880000   0.6552720000   0.3257350000   1.9131540000  -0.4779790000   0.3280300000   7.8182170000  -1.1182260000  -0.3587450000   8.5410580000  -1.9365380000  -1.0931420000   9.0657720000  -0.0270840000   0.0337720000   0.0135340000   0.0270740000  -0.0338470000  -0.0139020000  -0.0027060000   0.0058160000  -0.0190820000   0.0609940000   0.0398590000   0.0001570000  -0.0582780000  -0.0456000000   0.0192940000
   6.4799706171   6.0110237696 2706  8.44E+00  -0.3056430000   1.5075680000   2.3877970000   0.6556410000   0.3259410000   1.9128600000  -0.4793640000   0.3269550000   7.8157550000  -1.1186360000  -0.3581060000   8.5398960000  -1.9360560000  -1.0932630000   9.0708370000  -0.0275240000   0.0338030000   0.0134960000   0.0275140000  -0.0338770000  -0.0138600000  -0.0031110000   0.0051860000  -0.0182470000   0.0636130000   0.0427480000  -0.0029060000  -0.0604920000  -0.0478590000   0.0215170000
   6.4755406601   6.0114599032 2776 -2.50E-01   0.9223980000  -0.3534620000   2.2516270000  -0.1425550000   0.5620870000   1.7995000000   0.1614860000  -0.4245220000   9.8000840000   0.2629410000  -0.7377450000   8.6820290000   0.2949630000  -1.1189110000   7.5545390000   0.0065900000  -0.0055950000   0.0026480000  -0.0066060000   0.0058500000  -0.0031220000  -0.0034800000  -0.0075900000  -0.0113220000   0.0073500000   0.0193510000   0.0311060000  -0.0038540000  -0.0120160000  -0.0193090000
   6.4763844332   6.0143769616 2810  5.08E+00  -1.4068150000   0.6004650000   1.7939560000   0.0173580000  -0.0008580000   2.1236430000   0.6227950000  -0.7423590000   8.0613490000   0.0150130000   0.2574500000   8.1030210000  -0.6321240000   1.2032180000   8.1379230000  -0.0380980000   0.0160840000  -0.0087990000   0.0380850000  -0.0160250000   0.0088490000  -0.0096290000   0.0075150000   0.0018090000  -0.0216050000   0.0459120000  -0.0010890000   0.0312470000  -0.0534860000  -0.0007700000
   6.4787381657   6.0139481557 2895  2.46E+00   1.2509150000  -0.6481000000   2.1625880000   1.0130490000  -1.6325940000   3.1542740000  -1.5739320000   3.3019650000   7.3366660000  -1.8903210000   3.3044750000   6.2226170000  -2.1452350000   3.0994550000   5.1037680000  -0.0030510000  -0.0128620000   0.0129270000   0.0032510000   0.0126850000  -0.0128690000  -0.0059300000  -0.0141200000  -0.0348100000  -0.0035550000   0.0227720000   0.0080320000   0.0092840000  -0.0084750000   0.0267200000
   6.4754452804   6.0135907470 3034  2.51E+00   1.3610540000   0.1983330000   1.8209610000  -0.0160100000   0.0047470000   2.1090210000   0.4238770000   1.2964870000   7.9657420000   0.0225110000   0.2248500000   8.1564950000  -0.4465710000  -0.8138090000   8.2647100000  -0.0165190000  -0.0023420000   0.0034630000   0.0165030000   0.0022500000  -0.0034440000  -0.0176300000  -0.0310180000   0.0017920000  -0.0043000000  -0.0311600000   0.0090710000   0.0219460000   0.0622710000  -0.0108810000
   6.4769166586   6.0130424306 3056  4.91E+00  -0.9083230000   0.9773410000   2.5100260000   0.0136740000  -0.0134760000   1.6915200000  -0.1985370000   0.1437670000   7.6987590000  -0.0485360000   0.2936720000   8.8931140000   0.2239110000   0.3291750000  10.0204040000  -0.0248170000   0.0266950000   0.0218210000   0.0248260000  -0.0266330000  -0.0224560000   0.0008780000  -0.0140730000  -0.0564130000  -0.0038230000   0.0217940000   0.0806120000   0.0029360000  -0.0077830000  -0.0235630000
   6.4781211728   6.0117823031 3335  1.78E+00  -0.7983630000   0.6392950000   2.3473730000   0.0299990000  -0.4509210000   1.7588670000   0.2070290000   1.3736630000   9.8570820000   0.0003490000   0.9725490000   8.7674240000  -0.3068170000   0.7956570000   7.6303340000  -0.0083410000   0.0109760000   0.0057580000   0.0084150000  -0.0110750000  -0.0063150000  -0.0044790000   0.0181950000   0.0075740000   0.0161640000  -0.0297530000   0.0134450000  -0.0117590000   0.0116580000  -0.0204630000
   6.4778556286   6.0133143333 3465  1.01E+01  -0.3217050000  -2.0646690000   2.7985500000   0.6518070000  -0.9650840000   2.2931650000  -0.4746280000   2.0331280000   8.7635680000  -1.1211050000   2.0955790000   7.6991530000  -1.9187770000   2.0313460000   6.8289620000  -0.0221240000  -0.0250360000   0.0115120000   0.0223050000   0.0250020000  -0.0115000000   0.0460680000  -0.0119020000   0.1016870000  -0.0278140000   0.0187790000  -0.1037570000  -0.0184350000  -0.0068430000   0.0020580000
   6.4777248116   6.0109607479 3556  1.19E+01   0.1662900000  -1.3913960000   2.6573940000  -0.3409340000  -0.4589090000   1.8369930000   0.1719170000   1.2197260000   9.7182980000   0.5920170000   1.2408990000   8.5608420000   1.0758890000   0.9159690000   7.5144900000  -0.0260350000   0.0477460000  -0.0421210000   0.0258220000  -0.0478250000   0.0417540000  -0.0257780000  -0.0211550000   0.0880380000   0.0083590000   0.0495910000  -0.0665860000   0.0176310000  -0.0283570000  -0.0210850000
   6.4794766220   6.0141509386 3917  6.22E+00   1.2679440000   0.9531920000   2.2193130000  -0.1408640000   0.2980510000   1.9400330000   0.0666860000   0.7511380000   7.9335000000   0.1773200000  -0.2820960000   8.4857490000   0.4238250000  -1.4002880000   8.8686490000   0.0373370000   0.0173270000   0.0073590000  -0.0373340000  -0.0174710000  -0.0075580000   0.0082900000  -0.0044450000  -0.0089840000  -0.0276790000   0.0597530000   0.0017570000   0.0193870000  -0.0551640000   0.0074270000
   6.4751957990   6.0127320205 3917  6.20E+00   1.2613270000   0.9591980000   2.2262390000  -0.1408470000   0.2981980000   1.9392200000   0.0663240000   0.7476240000   7.9315520000   0.1779510000  -0.2806070000   8.4886140000   0.4240460000  -1.3990060000   8.8720720000   0.0367710000   0.0172980000   0.0074840000  -0.0367680000  -0.0174410000  -0.0076840000   0.0086150000  -0.0082110000  -0.0074570000  -0.0279440000   0.0638850000   0.0005170000   0.0193260000  -0.0555310000   0.0071400000
   6.4764734812   6.0103884488 3933  3.85E+00  -0.1745420000  -1.3229870000   2.0392720000   0.0055600000   0.0168390000   1.9888080000   1.0549810000   0.0009670000   7.9068510000  -0.0066160000   0.2544620000   8.3184570000  -1.0667840000   0.4949360000   8.7886360000   0.0079680000   0.0595290000  -0.0022280000  -0.0081410000  -0.0594880000   0.0021990000  -0.0161750000   0.0032020000   0.0122400000   0.0321320000  -0.0060800000  -0.0241470000  -0.0157840000   0.0028370000   0.0119370000
