   6.4803996425   6.6959037803  141  7.89E+00  -0.4385300000  -0.9970640000   2.4570110000   0.1506950000   0.2692580000   1.7199040000  -0.0648290000   0.8222730000   9.3701360000  -0.2311190000  -0.2401420000   8.8897110000  -0.4866500000  -1.2362470000   8.2131600000  -0.0156300000  -0.0335720000   0.0194730000   0.0156840000   0.0337270000  -0.0196360000  -0.0036030000   0.0141270000  -0.0061080000   0.0260030000   0.0490010000   0.0614630000  -0.0224550000  -0.0632830000  -0.0551920000
   6.4831643048   6.6962054609  261  4.42E+00  -1.3266820000   0.9632300000   2.2988130000  -0.0255730000   0.3153720000   1.8539710000  -0.1867320000  -1.4681500000   8.6969580000   0.0657580000  -0.3442720000   8.4942120000   0.3486680000   0.7785350000   8.5236480000  -0.0218140000   0.0108300000   0.0075180000   0.0218100000  -0.0109200000  -0.0073660000   0.0059900000   0.0163940000   0.0147330000   0.0016020000   0.0231620000  -0.0319570000  -0.0075880000  -0.0394660000   0.0170730000
   6.4806214454   6.6973740209  346  6.77E+00  -0.0070930000  -1.3960190000   2.4626290000  -0.0008660000   0.0183650000   1.7631070000  -1.0121910000  -0.2487610000   9.1527370000  -0.0198510000   0.3046660000   8.7161050000   1.0318680000   0.7039530000   8.3447670000  -0.0001870000  -0.0373460000   0.0185160000   0.0001020000   0.0373500000  -0.0184630000  -0.0530160000  -0.0404330000   0.0297010000   0.0326280000   0.0428550000  -0.0290890000   0.0204720000  -0.0024260000  -0.0006650000
   6.4820446453   6.6957743781  577  4.42E+00  -1.1898120000  -0.5696360000   2.2516950000   0.0150000000   0.0076610000   1.8622790000  -0.6261920000  -0.7123790000   8.4882740000  -0.0350530000   0.2827120000   8.5728450000   0.6525550000   1.1854460000   8.6347760000   0.0291210000   0.0139820000  -0.0093930000  -0.0290950000  -0.0138920000   0.0094430000   0.0264690000   0.0252460000   0.0027060000   0.0182870000   0.0500250000   0.0024310000  -0.0447820000  -0.0753620000  -0.0051860000
   6.4832964989   6.6983276746  932  5.63E+00  -0.2251500000  -0.2336950000   1.9582640000   0.5038300000  -1.5034080000   2.4206800000  -0.4721250000   4.0692590000   7.2466180000  -0.8732670000   2.9776200000   7.5529520000  -1.3743800000   1.9062340000   7.8717590000  -0.0143740000   0.0251070000  -0.0091030000   0.0144390000  -0.0250090000   0.0090800000   0.0123360000   0.0504840000  -0.0123040000   0.0264580000   0.0182120000  -0.0106640000  -0.0388590000  -0.0687950000   0.0229920000
   6.4819028248   6.6992260217  967  1.49E+01   1.3384150000  -1.5585900000   3.9606610000  -0.1179210000  -2.3530950000   3.5612620000   0.1092180000   4.3013520000   4.3004320000   0.1826050000   4.6525490000   5.4101160000   0.2583030000   4.7437890000   6.6040670000   0.0540950000   0.0294880000   0.0148620000  -0.0540840000  -0.0295930000  -0.0147950000   0.0014120000  -0.0090350000   0.0259610000  -0.0039360000   0.0223710000  -0.0696490000   0.0025140000  -0.0132310000   0.0436200000
   6.4826737984   6.6950301454 1063  4.63E+00   0.8339060000  -1.1733690000   3.0408810000   0.4174670000  -0.5263670000   1.6804200000  -0.3644340000   0.9160480000   9.9408500000  -0.7075730000   1.2372700000   8.8579010000  -1.2418680000   1.5455430000   7.8267380000   0.0101840000  -0.0157730000   0.0330890000  -0.0100100000   0.0156310000  -0.0331830000  -0.0078030000  -0.0044760000   0.0167180000   0.0379860000  -0.0056480000   0.0134090000  -0.0303570000   0.0102660000  -0.0300340000
   6.4843456916   6.6995436142 1230  2.13E+00  -1.1973670000   0.1157440000   2.4438400000   0.0449900000  -0.1997890000   1.7355530000  -0.8717060000   1.2164680000   8.2192070000  -0.0784950000   0.5687600000   8.8148400000   0.7813790000   0.0347430000   9.3429740000  -0.0037760000   0.0009160000   0.0021240000   0.0038910000  -0.0010590000  -0.0022150000  -0.0011700000   0.0130410000  -0.0072590000   0.0475920000  -0.0528040000   0.0427980000  -0.0465380000   0.0399060000  -0.0354480000
   6.4839486958   6.6980953120 1388  6.79E+00   0.0912440000   1.4779120000   2.3901900000  -0.1113180000   0.2605010000   1.8167760000  -0.0100060000   0.8372640000   8.9932440000   0.2595220000  -0.2208180000   8.6453950000   0.3653810000  -1.3779410000   8.2938700000  -0.0080710000  -0.0484570000  -0.0227760000   0.0080860000   0.0485750000   0.0228380000   0.0027170000  -0.0589660000  -0.0164480000   0.0029230000   0.1196450000   0.0313970000  -0.0056540000  -0.0607970000  -0.0150110000
   6.4847126284   6.6997282268 1404  1.01E+01  -0.4126420000  -2.2273770000   4.3789520000  -0.1868510000  -1.9435570000   2.9283990000  -0.3218930000   4.6093980000   5.9193450000   0.2647560000   3.8119110000   6.6416120000   1.0823240000   3.0636150000   7.1949880000  -0.0025850000  -0.0031750000   0.0163480000   0.0024800000   0.0032220000  -0.0163840000  -0.0278730000   0.0575160000  -0.0573700000  -0.0477780000  -0.0030910000   0.0222850000   0.0757570000  -0.0544720000   0.0351210000
   6.4841939181   6.6959634802 1564  1.48E+01   1.0247040000  -1.4048120000   2.7251850000  -0.1173130000  -1.1131990000   2.2238660000   1.0606760000   2.9203880000   7.4371610000   0.1887710000   2.3190010000   7.9672460000  -0.6810570000   1.6745130000   8.3048250000  -0.1107110000   0.0282600000  -0.0485730000   0.1106660000  -0.0282990000   0.0486070000   0.0055890000   0.0014820000  -0.0158930000  -0.0750210000  -0.0503640000   0.0556270000   0.0694780000   0.0489210000  -0.0397680000
   6.4805909912   6.6980964719 2443  1.74E+00   0.6773410000   0.1608210000   2.0902120000  -0.5072200000  -0.7186650000   1.9587050000   0.1777330000   1.0073430000   9.1133030000   0.9249370000   1.5677150000   8.4113990000   1.6184250000   2.0825090000   7.6595430000   0.0091350000   0.0067740000   0.0010110000  -0.0092080000  -0.0068410000  -0.0009940000   0.0067230000   0.0048430000  -0.0124460000   0.0368440000   0.0276080000  -0.0288380000  -0.0434940000  -0.0323840000   0.0412680000
   6.4807592975   6.6986008170 2452  4.83E+00  -0.6082340000  -0.0090510000   2.7300990000   0.0111140000  -0.0003790000   1.5310680000   0.3636090000  -0.3790200000   8.2096630000  -0.0385950000   0.2138410000   9.1819260000  -0.3518190000   0.9086300000  10.0801600000   0.0286690000   0.0004460000  -0.0556820000  -0.0287770000  -0.0003360000   0.0553940000   0.0225720000  -0.0189620000  -0.0438000000  -0.0246500000   0.0054650000   0.0388440000   0.0021850000   0.0133870000   0.0052440000
   6.4836930580   6.6993499962 2914  3.52E+00   1.5829670000  -0.9136950000   4.4165780000   2.3444930000  -0.6462070000   3.2987510000  -3.6240950000   1.8512800000   5.0365100000  -4.2913530000   1.3911570000   5.9059730000  -4.9631000000   1.0769420000   6.7780670000   0.0230890000   0.0080520000  -0.0338400000  -0.0229490000  -0.0082500000   0.0339180000   0.0066880000   0.0168370000  -0.0107440000  -0.0407910000  -0.0432030000   0.0555180000   0.0339630000   0.0265640000  -0.0448520000
   6.4812256200   6.6990246498 3045  5.37E+00  -0.4518380000  -1.9546580000   3.6915450000   0.2254990000  -1.5388450000   2.3175890000  -0.3226130000   3.5448360000   6.6457170000  -0.3916380000   3.1187690000   7.7242860000  -0.4811170000   2.6101040000   8.7497020000  -0.0187130000  -0.0114950000   0.0380030000   0.0187180000   0.0113760000  -0.0379490000  -0.0035480000  -0.0168460000   0.0280400000   0.0006820000  -0.0026810000   0.0255210000   0.0028610000   0.0196460000  -0.0536150000
   6.4803463793   6.6959978727 3111  5.40E+00   0.7786480000  -0.6649390000   2.9507970000   0.3154190000  -0.2348170000   1.5267160000  -1.1648370000   0.8279870000  10.1669680000  -0.6582770000   0.6134000000   9.1391720000   0.0346700000   0.6138420000   8.1627800000   0.0108660000  -0.0101700000   0.0332940000  -0.0109470000   0.0100610000  -0.0336710000   0.0194530000   0.0111520000  -0.0109130000  -0.0474730000  -0.0255460000   0.0285060000   0.0281010000   0.0145040000  -0.0172160000
   6.4823637949   6.6964803401 3277  3.73E+00   0.8203770000  -1.0570370000   2.5256090000  -0.0106830000   0.0131130000   1.7143770000  -0.7675410000  -0.5079390000   8.3475150000   0.0084800000   0.2396370000   8.8248550000   0.7628400000   1.0168270000   9.3077550000   0.0221320000  -0.0284170000   0.0215740000  -0.0220270000   0.0285050000  -0.0216020000  -0.0053180000  -0.0016860000  -0.0002730000  -0.0074420000  -0.0148540000  -0.0099230000   0.0126550000   0.0164520000   0.0102240000
   6.4842169552   6.6990198517 3279  9.22E+00   0.3560670000   0.2369910000   2.3548660000  -0.6912640000  -0.8420030000   1.8551470000   0.6821980000   0.7921740000   8.2049450000   1.1511280000   1.8040150000   8.5964510000   1.8835630000   2.7314700000   8.9295050000   0.0285830000   0.0294860000   0.0136140000  -0.0285910000  -0.0294040000  -0.0137600000   0.0113220000  -0.0141340000  -0.0055710000  -0.0756990000  -0.0429630000  -0.0136770000   0.0643840000   0.0570140000   0.0193940000
   6.4826492226   6.6971363929 3433  6.15E+00  -0.0440540000   1.4046560000   2.4161760000   0.0006250000  -0.0199280000   1.7602550000   0.4036030000   1.3448120000   9.0585710000  -0.0381130000   0.2419630000   8.7937030000  -0.3753370000  -0.8277530000   8.3978530000  -0.0011250000   0.0358700000   0.0165370000   0.0011300000  -0.0358120000  -0.0165360000   0.0314770000   0.0653100000   0.0086840000  -0.0296380000  -0.0421340000   0.0067260000  -0.0018440000  -0.0232340000  -0.0154100000
   6.4846233974   6.6994069112 3525  9.59E+00   0.5904660000   1.7294580000   2.5148300000   0.2489810000   0.2739230000   1.8169340000  -0.9240550000  -1.2780950000   8.2276500000  -0.4201910000  -0.2805780000   8.5966610000  -0.0411840000   0.6994010000   9.0874120000   0.0115330000   0.0491190000   0.0236390000  -0.0114940000  -0.0490780000  -0.0235210000  -0.0076830000   0.0007150000   0.0107660000   0.0269000000   0.0278370000  -0.0067700000  -0.0192560000  -0.0285940000  -0.0041130000
   6.4808639181   6.6965839098 3636  2.28E+00   0.0265260000  -0.7172390000   2.4711320000  -0.3667760000   0.3573800000   1.6444110000   0.1250730000   0.4544090000   8.3222030000   0.6709820000  -0.4314670000   8.9135390000   1.2013210000  -1.1824850000   9.6193520000  -0.0059930000   0.0164030000  -0.0126710000   0.0060680000  -0.0165700000   0.0125170000  -0.0148730000   0.0316330000  -0.0057530000   0.0284750000  -0.0583180000   0.0147220000  -0.0136770000   0.0268520000  -0.0088150000
   6.4807692666   6.6986308817 3761  4.54E+00   0.8204240000  -0.8812690000   2.6383950000  -0.0073280000   0.0102340000   1.6552020000   0.8911560000   0.5791790000   8.2688760000  -0.0224420000   0.2989800000   8.9547990000  -0.8893990000  -0.1115400000   9.5772730000   0.0201880000  -0.0218390000   0.0239870000  -0.0203530000   0.0217700000  -0.0241470000  -0.0019300000  -0.0107370000   0.0013750000  -0.0502560000  -0.0031430000   0.0378380000   0.0523510000   0.0139490000  -0.0390520000
   6.4820851934   6.6966384506 3779  4.87E+00   0.0000230000   1.5614280000   2.6643760000   0.5139130000   0.5876170000   1.7924220000  -1.1151870000  -1.6856980000   7.8770780000  -0.8687510000  -0.7968750000   8.6394130000  -0.7992530000  -0.0614970000   9.5188830000   0.0094490000  -0.0178240000  -0.0159350000  -0.0093710000   0.0180020000   0.0159810000  -0.0178180000  -0.0303450000  -0.0067180000   0.0333030000   0.0759220000   0.0398310000  -0.0155630000  -0.0457550000  -0.0331590000
   6.4841304560   6.6963890396 3928  6.07E+00  -0.4428590000  -1.2383170000   2.6750450000   0.7249410000  -0.5632420000   1.9091240000  -0.1633820000   1.1370390000   8.3248510000  -1.3045070000   1.3594250000   8.5532460000  -2.4499580000   1.4211040000   8.5522820000  -0.0262720000  -0.0151630000   0.0171900000   0.0261730000   0.0151490000  -0.0173340000   0.0046050000  -0.0119280000  -0.0157440000  -0.0646800000   0.0263860000   0.0313910000   0.0601740000  -0.0144430000  -0.0155020000
   6.4832391006   6.6996135282 3988  4.45E+00   0.4647560000  -0.1738390000   2.6579370000   0.1267650000  -1.2851230000   1.9063300000  -0.4793920000   2.6527560000   7.2924700000  -0.2369380000   2.6152780000   8.4683450000  -0.0051140000   2.5008080000   9.6634320000  -0.0094310000  -0.0312140000  -0.0211200000   0.0095120000   0.0310020000   0.0209670000  -0.0103500000  -0.0018180000  -0.0439930000  -0.0048970000   0.0138100000  -0.0387180000   0.0151670000  -0.0117800000   0.0828640000
