   6.4891447934   6.5652401831  141  3.78E+00  -0.3772950000  -0.8488950000   2.3464840000   0.1469400000   0.2616650000   1.7480230000  -0.0588060000   0.7765670000   9.3825960000  -0.2935650000  -0.2349830000   8.8059810000  -0.4308960000  -1.1658260000   8.1300880000   0.0193720000   0.0410650000  -0.0221570000  -0.0193570000  -0.0409390000   0.0220580000   0.0106850000   0.0234300000   0.0044700000  -0.0213420000  -0.0572900000  -0.0201460000   0.0106420000   0.0337330000   0.0157740000
   6.4894041351   6.5699505674  804  8.52E+00  -1.5783260000   0.0105380000   3.0493790000  -0.7748840000   0.3742510000   1.7295030000   2.0932590000  -1.0385200000   9.4912700000   1.5068540000  -0.4360310000   8.7410050000   0.7449450000   0.1837550000   8.1184060000  -0.0221960000  -0.0100880000   0.0362880000   0.0222040000   0.0099720000  -0.0366390000  -0.0701480000   0.0595090000  -0.0620540000   0.0571080000  -0.0395070000   0.0291280000   0.0130320000  -0.0198870000   0.0332760000
   6.4893077573   6.5684101923  804  8.49E+00  -1.5763650000   0.0162410000   3.0504700000  -0.7751910000   0.3743370000   1.7290820000   2.0924800000  -1.0363600000   9.4948220000   1.5068040000  -0.4370680000   8.7425430000   0.7471710000   0.1815840000   8.1157300000  -0.0220170000  -0.0098800000   0.0361350000   0.0220230000   0.0097640000  -0.0364880000  -0.0709370000   0.0603520000  -0.0636550000   0.0580780000  -0.0407210000   0.0309210000   0.0128530000  -0.0195160000   0.0330880000
   6.4895545973   6.5668202484  804  8.39E+00  -1.5739690000   0.0221390000   3.0508500000  -0.7755030000   0.3744210000   1.7286710000   2.0917880000  -1.0342750000   9.4984520000   1.5066590000  -0.4380380000   8.7440290000   0.7493820000   0.1794380000   8.1130140000  -0.0217400000  -0.0096300000   0.0358190000   0.0217450000   0.0095150000  -0.0361760000  -0.0713410000   0.0608030000  -0.0647890000   0.0585890000  -0.0414900000   0.0322050000   0.0127480000  -0.0191970000   0.0329400000
   6.4898396557   6.5650151597  902  7.84E+00   0.4303060000  -2.2351780000   3.9399920000   0.3840720000  -1.5301820000   2.5277120000  -0.5379150000   2.4200900000   8.2825780000  -0.6583770000   3.1635810000   7.3730940000  -0.9131030000   3.6756150000   6.3114190000   0.0012440000  -0.0187260000   0.0375380000  -0.0011890000   0.0186580000  -0.0375160000  -0.0077040000  -0.0191360000  -0.0021450000   0.0259240000   0.0132220000   0.0507540000  -0.0182750000   0.0059820000  -0.0486300000
   6.4854087649   6.5666427228  911  7.44E+00   0.7521810000  -0.9393650000   2.9576390000   0.9475620000   0.0726280000   1.7190600000  -1.2791100000   0.7294030000   7.8616470000  -1.7386920000   0.1822050000   8.8396590000  -2.1954030000  -0.4820520000   9.7319030000  -0.0058980000  -0.0307800000   0.0374960000   0.0059940000   0.0306270000  -0.0377800000   0.0221120000   0.0205410000  -0.0512690000  -0.0015920000   0.0161990000   0.0157240000  -0.0206170000  -0.0365860000   0.0358290000
   6.4881081380   6.5697488637 1010  4.38E+00  -1.0429160000  -0.0569680000   1.9692800000   0.3298730000   0.1294340000   1.9389020000   0.3056510000   0.7609850000   8.4781800000  -0.5255980000  -0.0442370000   8.4367190000  -1.4928490000  -0.6829370000   8.3821810000   0.0369810000   0.0050140000  -0.0007870000  -0.0369650000  -0.0050620000   0.0008660000  -0.0391770000  -0.0161860000  -0.0009030000   0.0193410000  -0.0155240000  -0.0013300000   0.0198200000   0.0317570000   0.0021540000
   6.4894663159   6.5699293532 1030  3.88E+00   0.8895010000   0.1059880000   2.6326820000  -0.0139390000   0.0009520000   1.5772170000   0.5890480000  -0.1018410000  10.0573130000   0.0597910000   0.2868800000   9.0663460000  -0.6203640000   0.5627220000   8.0949340000  -0.0210270000  -0.0024770000  -0.0246990000   0.0212030000   0.0024050000   0.0244380000   0.0052560000  -0.0168500000   0.0278870000   0.0403250000   0.0084330000   0.0218880000  -0.0457570000   0.0084890000  -0.0495150000
   6.4865223877   6.5677492291 1099  9.25E-01   0.2879190000  -0.5326370000   2.7690640000  -0.0011120000   0.0046380000   1.5108170000   0.2728980000  -0.0422920000   8.0726800000   0.0061400000   0.2844910000   9.1977400000  -0.2900930000   0.5267930000  10.3039520000  -0.0061210000   0.0113530000  -0.0267640000   0.0060630000  -0.0113140000   0.0263290000   0.0073810000  -0.0164520000  -0.0379050000  -0.0056030000   0.0217600000   0.0396130000  -0.0017200000  -0.0053460000  -0.0012730000
   6.4862297551   6.5687507188 1206  1.73E+01  -1.2077820000  -0.6715520000   2.3369210000   0.4244210000  -0.3015380000   1.8720490000   0.0793690000  -0.0196680000   8.4256720000  -0.7099160000   0.8170950000   8.6303490000  -1.5900080000   1.6422140000   8.6000470000  -0.0627970000  -0.0142250000   0.0178920000   0.0627720000   0.0142660000  -0.0179400000  -0.0156780000   0.0099070000  -0.0109100000   0.0576270000  -0.0432350000   0.0260940000  -0.0419250000   0.0332880000  -0.0151350000
   6.4859656616   6.5663761375 1244  7.24E+00  -1.6617370000  -0.2595090000   2.2923410000  -0.6993080000   0.7720320000   2.1366970000   0.8450550000  -0.1685910000   8.4491820000   1.2937740000  -1.1504080000   7.9966380000   1.7809240000  -2.1194930000   7.7333560000   0.0118620000   0.0126470000  -0.0018640000  -0.0117650000  -0.0127690000   0.0019660000   0.0123280000  -0.0185120000   0.0076100000   0.0451860000  -0.1035190000  -0.0566740000  -0.0576100000   0.1221520000   0.0489620000
   6.4860602402   6.5663458211 1253  1.04E+00  -0.2606160000  -0.6414600000   2.7688960000   0.0066990000   0.0085450000   1.5217310000   0.2874660000  -0.1407720000   8.0803720000   0.0186540000   0.2856760000   9.1822730000  -0.3185060000   0.6117280000  10.2533780000   0.0020280000   0.0050350000  -0.0098210000  -0.0021100000  -0.0049730000   0.0093910000   0.0084200000  -0.0259070000  -0.0511270000  -0.0047900000   0.0325730000   0.0550970000  -0.0035480000  -0.0067270000  -0.0035410000
   6.4889490782   6.5691052478 1370  3.79E+00   0.3743420000   1.3212700000   2.4511680000  -0.0029070000  -0.0203810000   1.7146940000  -0.1531730000  -0.7532950000   8.2410560000  -0.0222570000   0.2450740000   8.8379490000   0.1608140000   1.2755390000   9.4074870000   0.0098860000   0.0351920000   0.0193270000  -0.0098750000  -0.0350690000  -0.0193770000   0.0042730000   0.0094670000   0.0045270000  -0.0123190000  -0.0381940000  -0.0183120000   0.0080360000   0.0286030000   0.0138340000
   6.4863659527   6.5688536029 1513  4.76E+00   0.5458050000  -0.7017020000   1.9419060000  -0.1459350000   0.6402070000   1.9802040000   0.0803210000   0.2808290000   8.5353160000   0.2385640000  -0.8981640000   8.4180120000   0.4350360000  -2.0720450000   8.1345390000   0.0101630000  -0.0197060000  -0.0005500000  -0.0101740000   0.0197260000   0.0005590000  -0.0030530000   0.0391090000  -0.0042380000  -0.0117020000   0.0360070000   0.0304280000   0.0147670000  -0.0751360000  -0.0262000000
   6.4857702347   6.5681733631 1576  1.86E+00  -1.0067650000   1.3826840000   3.8967870000  -0.5591550000   2.7023470000   4.0427510000   0.9028400000  -5.7076210000   5.1465190000   1.0904650000  -4.7214260000   4.5345040000   1.1345350000  -3.6436380000   4.0146460000   0.0088200000   0.0263260000   0.0029260000  -0.0089820000  -0.0259880000  -0.0028530000  -0.0099100000   0.0002790000   0.0089950000   0.0173300000  -0.0346670000  -0.0003950000  -0.0072580000   0.0340510000  -0.0086730000
   6.4883084038   6.5651737932 1949  3.13E+00  -0.1774930000  -1.5429060000   3.2677830000  -0.5483270000  -1.0907220000   1.9698610000   0.8503860000   1.9661970000   9.5083940000   1.0285500000   2.3003260000   8.3543510000   1.1271460000   2.5391700000   7.1773730000  -0.0039640000   0.0047550000  -0.0138020000   0.0038810000  -0.0049610000   0.0137190000  -0.0147520000  -0.0245760000   0.0668030000   0.0146090000   0.0187740000  -0.0158540000   0.0002270000   0.0060080000  -0.0508660000
   6.4869248231   6.5698480736 1949  2.84E+00  -0.1657480000  -1.5486490000   3.2720320000  -0.5487400000  -1.0911300000   1.9693210000   0.8476650000   1.9666760000   9.5077310000   1.0292550000   2.2989050000   8.3561730000   1.1306590000   2.5421560000   7.1790960000  -0.0027790000   0.0032390000  -0.0093790000   0.0026950000  -0.0034480000   0.0092970000  -0.0145360000  -0.0232780000   0.0635660000   0.0141820000   0.0166210000  -0.0109110000   0.0004380000   0.0068660000  -0.0525720000
   6.4856174048   6.5653802903 2314  7.16E+00  -0.7578020000   1.3210540000   2.2850630000  -0.8239070000  -0.1991180000   2.0176530000   2.5898820000   0.0613000000   8.2270410000   1.4644090000   0.4920130000   8.3214280000   0.4733300000   1.1682370000   8.3066700000   0.0014330000   0.0325040000   0.0057090000  -0.0013780000  -0.0325960000  -0.0057110000   0.0591400000  -0.0048590000  -0.0097760000  -0.0350200000  -0.0319470000   0.0152630000  -0.0241740000   0.0368970000  -0.0054850000
   6.4883384941   6.5651489207 2327  6.32E+00   0.4535790000   1.4894600000   2.4863900000   0.3960630000   0.1842690000   1.8558620000  -1.3367150000  -1.0474810000   8.0672590000  -0.7513830000  -0.1271930000   8.6534830000  -0.1058340000   0.8165120000   9.0125130000  -0.0000550000  -0.0014830000  -0.0007100000   0.0001250000   0.0015770000   0.0006690000  -0.0419430000  -0.0695850000  -0.0558740000   0.0140660000   0.0322550000   0.0536820000   0.0278060000   0.0372360000   0.0022330000
   6.4856763626   6.5685811824 2952  1.96E+00   1.1769570000  -0.7319670000   2.2700140000  -0.0141950000   0.0098950000   1.8415690000  -0.8440800000  -0.4706260000   8.9359560000   0.0275270000   0.2010210000   8.5844690000   0.8201540000   1.0040950000   8.2806440000   0.0046170000  -0.0029230000   0.0017060000  -0.0046960000   0.0028180000  -0.0016520000   0.0260150000   0.0338150000  -0.0083250000  -0.0071070000  -0.0298600000  -0.0019340000  -0.0188290000  -0.0038510000   0.0102050000
   6.4899396871   6.5681792790 2986  1.24E+00  -1.7814850000  -0.0753780000   2.5985010000  -0.6321450000   0.5423480000   1.9700950000   1.8653230000  -1.6783470000   8.3151450000   1.1886710000  -0.7445990000   8.3299610000   0.5116690000   0.2211200000   8.4299310000   0.0022550000   0.0011570000  -0.0012050000  -0.0021640000  -0.0012800000   0.0012000000  -0.0244680000   0.0361980000   0.0072960000   0.0296940000  -0.0463440000  -0.0156540000  -0.0053170000   0.0102690000   0.0083630000
   6.4861952248   6.5677514416 3166  6.18E+00   1.4317110000   1.5392280000   3.5864220000   0.5543770000   1.5930740000   2.2532170000  -1.5591870000  -3.7234390000   7.7453450000  -0.9765820000  -2.7007380000   7.8635170000  -0.5665940000  -1.6146290000   7.8736640000   0.0252430000  -0.0015430000   0.0382320000  -0.0252110000   0.0015340000  -0.0384540000  -0.0178130000  -0.0064390000  -0.0079990000   0.0417070000   0.0341880000   0.0143870000  -0.0239260000  -0.0277410000  -0.0061650000
   6.4857990082   6.5695295971 3464  4.01E+00  -1.1784130000  -0.8263090000   2.3020350000   0.0186080000   0.0106760000   1.8687360000  -1.0051350000   0.8018260000   8.7124480000  -0.0037260000   0.2228820000   8.5936880000   0.9892450000  -0.2827270000   8.3595370000  -0.0209240000  -0.0146300000   0.0076080000   0.0208940000   0.0146370000  -0.0075740000   0.0259350000  -0.0097130000  -0.0104690000   0.0462280000  -0.0323560000   0.0006320000  -0.0721320000   0.0420620000   0.0098020000
   6.4896727239   6.5655541612 3498  5.18E+00   0.3966010000  -0.5525220000   2.7143680000  -0.0075510000   0.0054470000   1.5458740000  -0.3293640000  -0.1245950000   8.1022470000  -0.0110500000   0.2368750000   9.1429390000   0.3503840000   0.6420560000  10.1438890000  -0.0170660000   0.0236320000  -0.0496010000   0.0171620000  -0.0235810000   0.0492320000   0.0222590000   0.0250730000   0.0613580000  -0.0010570000  -0.0009290000   0.0097660000  -0.0212980000  -0.0241960000  -0.0707560000
   6.4876750156   6.5689396624 3641  5.49E+00   1.6560300000   1.0571820000   4.7561900000   1.2183660000   2.3094960000   4.1336670000  -2.7512850000  -2.9240320000   4.1886570000  -2.3304010000  -4.0412720000   4.3044580000  -1.6884390000  -4.9553120000   4.6370050000   0.0015330000  -0.0042350000   0.0021030000  -0.0013020000   0.0043260000  -0.0021060000   0.0039420000   0.0384590000   0.0118490000  -0.0058590000  -0.0699040000  -0.0197900000   0.0016860000   0.0313540000   0.0079440000
   6.4863176676   6.5665650650 3655  4.85E+00  -1.7920060000  -1.6241070000   4.0530210000  -1.3346080000  -1.1284780000   2.6924850000   2.3050650000   3.0876480000   6.1705360000   2.4379060000   2.3210120000   6.9883570000   2.6430670000   1.5958690000   7.8822440000  -0.0074880000  -0.0081190000   0.0224270000   0.0075630000   0.0081630000  -0.0223390000   0.0187680000  -0.0675110000   0.0829160000  -0.0217280000   0.0517070000  -0.0748460000   0.0028860000   0.0157590000  -0.0081580000
   6.4870413299   6.5688787071 3819  8.04E+00  -0.7287960000   0.3626870000   2.6546740000   0.0112560000   0.0612430000   1.5357910000   0.2469020000   0.5531410000  10.2537070000   0.0563050000   0.1985500000   9.0919390000  -0.2994690000  -0.3432330000   8.0848380000   0.0239210000  -0.0096850000  -0.0362380000  -0.0238550000   0.0098160000   0.0359700000   0.0041750000   0.0145030000   0.0912410000   0.0159810000   0.0126700000  -0.0705700000  -0.0202210000  -0.0273030000  -0.0204030000
