   6.4838637053   6.7365116983  207  2.22E+00  -1.1076040000   0.0339810000   2.6197560000   0.0168280000  -0.0033430000   1.6154420000  -0.9266400000   0.1602910000   9.7275280000   0.0062710000   0.1827560000   9.0054930000   0.9076700000   0.4047480000   8.2803090000  -0.0160950000   0.0005110000   0.0143470000   0.0159520000  -0.0005720000  -0.0144280000  -0.0090420000   0.0129530000   0.0059730000   0.0106750000  -0.0261560000  -0.0071670000  -0.0014900000   0.0132640000   0.0012750000
   6.4816231278   6.7384253609  342  4.17E+00   1.1119660000  -1.7005410000   2.8281550000   0.4894020000  -0.5034450000   2.0158090000  -1.9201890000   1.6686630000   7.9219240000  -0.9211540000   1.1812450000   8.2662770000   0.0974460000   0.7537230000   8.6281820000   0.0161540000  -0.0311040000   0.0211470000  -0.0162040000   0.0311320000  -0.0210690000   0.0219310000  -0.0055790000   0.0096870000   0.0010420000  -0.0091600000  -0.0038610000  -0.0229230000   0.0147110000  -0.0059030000
   6.4836255724   6.7384059644  422  4.48E+00   2.1985650000  -0.4451540000   4.3521370000   1.8921510000  -0.9998400000   3.1036630000  -3.8218140000   1.9068810000   5.1791610000  -3.4674180000   2.0823180000   6.2351990000  -3.1635900000   2.2390950000   7.3666470000  -0.0062750000  -0.0112320000  -0.0253230000   0.0062060000   0.0112850000   0.0253800000   0.0283370000   0.0157250000   0.1051260000  -0.0249800000  -0.0157000000  -0.1165340000  -0.0032870000  -0.0000790000   0.0113510000
   6.4835496480   6.7354451691  430  2.17E+00   0.1309900000   0.3052290000   2.7838540000   0.7889350000  -0.0530720000   1.5730830000  -1.7735380000   0.1124500000  10.1464170000  -1.4731710000   0.3377040000   9.0657350000  -1.0689450000   0.5675350000   8.0174100000   0.0070140000  -0.0038350000  -0.0130270000  -0.0069460000   0.0037540000   0.0126580000   0.0250070000   0.0132600000  -0.0589300000  -0.0084260000   0.0000090000  -0.0075600000  -0.0166490000  -0.0131880000   0.0668590000
   6.4848152705   6.7387537950  469  2.73E+00   1.2678400000  -0.1835290000   2.3624750000  -0.0156040000   0.0024470000   1.8165220000   0.9068140000   0.9535750000   8.4237380000   0.0301730000   0.2447620000   8.7136620000  -0.9314120000  -0.4503020000   8.8151420000  -0.0221910000   0.0031970000  -0.0094250000   0.0221650000  -0.0032340000   0.0094250000  -0.0233900000  -0.0133070000  -0.0051710000   0.0486250000   0.0264870000   0.0144390000  -0.0252100000  -0.0131420000  -0.0092680000
   6.4821185499   6.7399150473  724  6.87E+00   1.5057980000   0.1584050000   3.3575970000   2.0298920000  -1.1271890000   3.0442740000  -4.8665860000   1.9661940000   6.4043850000  -3.7603630000   2.4182990000   6.3871660000  -2.5431670000   2.5255410000   6.3866010000   0.0057140000  -0.0139750000  -0.0034750000  -0.0056060000   0.0137910000   0.0032720000  -0.0267210000  -0.0335610000   0.0017200000  -0.0450760000   0.0474230000  -0.0033120000   0.0716890000  -0.0136780000   0.0017950000
   6.4815931115   6.7367671263  929  6.17E-01  -0.5714480000  -0.5224570000   2.8936830000   0.1590090000  -1.1628290000   1.7885370000   0.1935660000   1.6423580000   7.9133850000  -0.2845610000   2.3339600000   8.7048470000  -0.7380750000   3.1335910000   9.4384110000  -0.0037530000   0.0032200000   0.0054980000   0.0036530000  -0.0032980000  -0.0057660000  -0.0170670000   0.0355580000   0.0289230000   0.0162510000  -0.0445920000  -0.0263870000   0.0009170000   0.0091110000  -0.0022690000
   6.4823780507   6.7395744466  942  3.48E+00   1.1001050000   0.7272720000   2.2931010000  -0.0174050000  -0.0112400000   1.7842900000   1.1336760000   0.5386600000   9.0053470000  -0.0039860000   0.3077610000   8.6669710000  -1.1130700000  -0.0717090000   8.4339310000  -0.0080630000  -0.0053190000  -0.0036000000   0.0081000000   0.0053580000   0.0036960000   0.0562180000   0.0024060000   0.0234880000  -0.0243560000   0.0176850000  -0.0241220000  -0.0318980000  -0.0201310000   0.0005380000
   6.4828469768   6.7356566729 1088  2.18E+00   0.2626710000  -0.4528940000   2.8574210000  -0.0002000000   0.0064130000   1.4453410000  -0.1977040000   0.3492050000  10.4545040000  -0.0667330000   0.3046750000   9.2874200000   0.2322520000   0.1062540000   8.1762450000   0.0037070000  -0.0065190000   0.0198290000  -0.0037720000   0.0065290000  -0.0201990000   0.0115290000  -0.0105210000   0.0038860000  -0.0172730000   0.0171540000  -0.0305080000   0.0058090000  -0.0066430000   0.0269910000
   6.4827020692   6.7355435887 1135  1.36E+01  -1.0297040000  -0.9051080000   3.2494810000  -0.6120330000  -2.0038850000   2.6938540000   1.0780790000   4.1785910000   8.1913180000   1.2010240000   3.8821160000   7.0087050000   1.1418300000   3.6597090000   5.8899790000   0.0336520000  -0.0886080000  -0.0447660000  -0.0336840000   0.0884650000   0.0448020000  -0.0190690000   0.0237040000   0.0779050000   0.0267170000  -0.0429340000  -0.1496730000  -0.0076150000   0.0193740000   0.0717320000
   6.4815648841   6.7384540368 1175  1.02E+01  -1.2557720000  -0.9706330000   2.7240020000  -0.8316850000  -2.0383330000   3.3746920000   1.9506670000   3.6794750000   6.8254720000   1.5705630000   3.9844390000   5.8013020000   1.1030700000   4.2581790000   4.7950520000   0.0277690000  -0.0699050000   0.0426150000  -0.0277190000   0.0698620000  -0.0425300000  -0.0377940000   0.0235600000  -0.0824250000   0.0125630000  -0.0041310000   0.0125470000   0.0251810000  -0.0193860000   0.0697930000
   6.4801047669   6.7353333336 1213  8.52E+00   1.3652160000  -0.9438360000   5.4060900000   0.7209670000  -2.3139220000   4.8718250000  -1.8768920000   3.5082660000   2.6997360000  -1.3108730000   4.4678820000   3.0516020000  -0.8257370000   5.4411400000   3.3389520000   0.0192070000   0.0408210000   0.0159200000  -0.0190450000  -0.0408110000  -0.0158040000   0.0049020000   0.0227730000   0.0017830000   0.0494910000   0.0720640000   0.0317550000  -0.0545550000  -0.0948470000  -0.0336540000
   6.4829524672   6.7389415154 1281  2.94E+00   0.1210850000   0.4715720000   2.7474850000  -0.0052200000  -0.0045550000   1.4912760000  -0.5681550000   0.2901360000   8.2001950000   0.0116520000   0.2466130000   9.2256090000   0.5778480000   0.2054470000  10.2544720000  -0.0058180000  -0.0221500000  -0.0585470000   0.0059540000   0.0221370000   0.0582570000  -0.0029160000   0.0003210000  -0.0012130000   0.0012810000  -0.0002930000  -0.0035480000   0.0014990000  -0.0000150000   0.0050500000
   6.4834951830   6.7366335014 1315  1.95E+00   0.0295990000   1.3216660000   2.4510030000  -0.0036160000  -0.0172270000   1.7078830000   0.9033420000   0.8525680000   9.3008630000   0.0179490000   0.2493640000   8.8451990000  -0.9006240000  -0.3493250000   8.3762650000   0.0006720000   0.0255330000   0.0141900000  -0.0005480000  -0.0254600000  -0.0142120000  -0.0149380000  -0.0084600000  -0.0065770000   0.0383620000   0.0221030000   0.0166090000  -0.0235490000  -0.0137170000  -0.0100100000
   6.4820226765   6.7382292671 1332  4.14E+00   0.6003590000   0.5538930000   2.8846240000   0.9750980000   0.0541240000   1.6806070000  -1.9524520000  -0.1516930000   7.7461510000  -1.8396170000   0.1527190000   8.8764680000  -1.5742520000   0.4195160000  10.0164080000   0.0159430000  -0.0211380000  -0.0510660000  -0.0157640000   0.0212080000   0.0508720000   0.0086930000  -0.0025360000   0.0018350000  -0.0283740000  -0.0054540000  -0.0466070000   0.0195030000   0.0079190000   0.0449660000
   6.4817210193   6.7389113176 1852  2.28E+00  -0.4781000000  -0.9753790000   2.8983150000  -0.1686160000  -0.4358170000   1.6135980000   0.3223690000   1.6871540000   7.9904980000   0.3747560000   1.0662950000   8.9906800000   0.2685330000   0.4380860000  10.0201210000   0.0028530000   0.0049130000  -0.0118390000  -0.0028530000  -0.0050780000   0.0117410000  -0.0096870000   0.0033580000  -0.0018520000   0.0245850000   0.0289260000  -0.0526170000  -0.0148980000  -0.0321190000   0.0545680000
   6.4838182669   6.7396027883 2460  2.73E+00   1.4259920000  -0.0862380000   2.7415520000   0.4487890000  -0.4197040000   1.8099090000  -0.1581480000   0.0638600000   8.5046860000  -0.8377160000   1.0229250000   8.7152680000  -1.5441860000   1.9574460000   8.7421300000  -0.0240090000  -0.0081510000  -0.0229110000   0.0239630000   0.0082480000   0.0227910000   0.0143960000  -0.0245740000  -0.0152600000  -0.0148880000   0.0291440000   0.0264880000   0.0005380000  -0.0046670000  -0.0111080000
   6.4802044934   6.7350597945 2480  3.87E+00  -1.1713130000  -0.7707320000   2.4115580000   0.0169620000   0.0093490000   1.8147510000  -0.8703830000   1.0313750000   8.7717410000  -0.0294970000   0.2238410000   8.7123620000   0.8816100000  -0.5098700000   8.4738670000  -0.0248010000  -0.0162600000   0.0124740000   0.0247330000   0.0162960000  -0.0124700000   0.0152400000  -0.0052680000  -0.0113350000  -0.0414000000   0.0176660000   0.0271270000   0.0262280000  -0.0124340000  -0.0157960000
   6.4805793725   6.7364425530 2681  4.60E+00   0.8260340000  -1.7748840000   3.4622350000  -0.3345040000  -1.8832410000   2.7733860000   0.2154410000   4.6472660000   6.2748610000   0.6498060000   3.7284320000   6.8798900000   0.9153000000   2.7586710000   7.4925280000  -0.0508200000  -0.0047170000  -0.0301960000   0.0508110000   0.0047800000   0.0300980000  -0.0159280000   0.0081070000  -0.0059600000   0.0264570000  -0.0050490000   0.0038670000  -0.0105200000  -0.0031210000   0.0021910000
   6.4844867337   6.7360385164 2986  5.52E+00  -1.7170340000  -0.1030670000   2.5174330000  -0.6182320000   0.5287110000   1.9931110000   1.8090010000  -1.6832520000   8.0343290000   1.1705480000  -0.7026900000   8.2924560000   0.5080530000   0.2644170000   8.6290620000   0.0373680000   0.0214560000  -0.0177880000  -0.0373020000  -0.0215060000   0.0178620000   0.0232140000  -0.0380850000  -0.0043030000   0.0179030000  -0.0197030000  -0.0219520000  -0.0411830000   0.0578380000   0.0261800000
   6.4800766496   6.7359646262 3098  6.70E+00   1.0673760000   0.7234120000   2.1999780000  -0.0178040000  -0.0104400000   1.8764830000   0.9537600000   0.9058880000   8.4787270000   0.0175530000   0.2222870000   8.5747830000  -0.9452650000  -0.3785190000   8.5751850000  -0.0504620000  -0.0341310000  -0.0150260000   0.0504210000   0.0340820000   0.0150640000  -0.0274850000  -0.0123020000  -0.0029940000  -0.0465420000  -0.0414040000   0.0089030000   0.0740660000   0.0537550000  -0.0059480000
   6.4827131446   6.7359751674 3458  1.41E+00   1.6489910000  -0.5159350000   3.1216690000   0.8453520000  -0.6445180000   1.9557440000  -2.2473860000   1.7227610000   7.4515900000  -1.6091910000   1.4100120000   8.3848000000  -0.8703830000   1.1578080000   9.2910270000  -0.0090700000  -0.0014630000  -0.0131280000   0.0091410000   0.0014050000   0.0131680000   0.0077500000   0.0032930000   0.0027350000  -0.0369020000   0.0005560000  -0.0302390000   0.0290810000  -0.0037910000   0.0274640000
   6.4805597712   6.7384769859 3638  1.12E+01   1.8004300000  -1.5399740000   3.7329720000   0.9050460000  -1.3189420000   2.4758420000  -1.2599570000   1.7643600000   8.0627090000  -1.6049750000   2.6418370000   7.3264840000  -2.1686520000   3.6242390000   6.8383790000   0.0211930000  -0.0051820000   0.0297890000  -0.0212610000   0.0053380000  -0.0297530000  -0.0032000000  -0.0182340000   0.0361660000   0.0553620000  -0.0568750000  -0.0170490000  -0.0520940000   0.0749530000  -0.0191540000
   6.4803390601   6.7362292211 3641  6.15E+00   1.4129630000   1.0690030000   4.6689040000   1.2947790000   2.4433240000   4.1080700000  -1.9294950000  -3.4574760000   3.7063230000  -2.3084070000  -4.2328460000   4.4776010000  -2.8930580000  -4.9471730000   5.1226920000   0.0012040000  -0.0133850000   0.0055620000  -0.0010510000   0.0135810000  -0.0053770000  -0.0347240000  -0.0322010000   0.0249090000  -0.0076740000  -0.0443780000   0.0499790000   0.0422450000   0.0763830000  -0.0750730000
   6.4838652464   6.7396570115 3982  4.59E+00  -0.9383470000  -0.3335140000   3.1533900000  -0.7180550000  -0.4675280000   1.5822300000   1.7354940000   1.0905370000  10.1742790000   1.2933370000   1.1151880000   9.0662030000   0.9388650000   1.1159290000   7.9202310000  -0.0062760000   0.0036980000   0.0440850000   0.0061560000  -0.0038420000  -0.0444320000   0.0199810000  -0.0021630000   0.0348800000  -0.0134860000   0.0032430000   0.0051670000  -0.0063750000  -0.0009360000  -0.0397000000
   6.4832941214   6.7396443135 3982  4.79E+00  -0.9301940000  -0.3349610000   3.1545750000  -0.7185340000  -0.4677520000   1.5815140000   1.7330960000   1.0900090000  10.1779230000   1.2949780000   1.1171080000   9.0683900000   0.9419080000   1.1162240000   7.9184500000  -0.0060490000   0.0036730000   0.0442480000   0.0059280000  -0.0038180000  -0.0445990000   0.0197560000  -0.0024800000   0.0350660000  -0.0115740000   0.0038500000   0.0102520000  -0.0080600000  -0.0012240000  -0.0449660000
   6.4834899288   6.7396791661 3982  4.95E+00  -0.9219210000  -0.3364800000   3.1548890000  -0.7190140000  -0.4679750000   1.5808080000   1.7306730000   1.0894840000  10.1815240000   1.2966380000   1.1190220000   9.0705590000   0.9449620000   1.1165210000   7.9167240000  -0.0057970000   0.0036310000   0.0442290000   0.0056740000  -0.0037780000  -0.0445840000   0.0195100000  -0.0027940000   0.0352100000  -0.0097250000   0.0044610000   0.0151730000  -0.0096610000  -0.0015210000  -0.0500270000
   6.4844480456   6.7397672192 3982  5.09E+00  -0.9135350000  -0.3380700000   3.1543320000  -0.7194960000  -0.4681960000   1.5801140000   1.7282260000   1.0889630000  10.1850810000   1.2983140000   1.1209280000   9.0727030000   0.9480270000   1.1168200000   7.9150610000  -0.0055220000   0.0035750000   0.0440250000   0.0053970000  -0.0037230000  -0.0443850000   0.0192490000  -0.0031020000   0.0353270000  -0.0079480000   0.0050750000   0.0199030000  -0.0111770000  -0.0018250000  -0.0548700000
