   6.4954609692   6.0174225825  150  2.04E+00   0.2858630000  -1.9207540000   3.0034700000   0.6097910000  -0.9061460000   2.1220120000  -1.4243560000   2.0502760000   6.9522490000  -1.0730690000   1.9260950000   8.0577820000  -0.8335540000   1.8380120000   9.2129230000   0.0092600000   0.0288290000  -0.0250620000  -0.0090480000  -0.0290660000   0.0249500000  -0.0020090000   0.0014110000   0.0240940000   0.0061020000  -0.0026970000  -0.0435510000  -0.0043040000   0.0015230000   0.0195700000
   6.4954072184   6.0190170094  241  2.09E+00  -0.9554990000  -1.4753500000   3.2155100000  -1.1045700000  -0.6963440000   2.0949240000   2.7182240000   1.8016440000   9.0074840000   2.0231690000   1.5411200000   8.1367660000   1.3396800000   1.2997780000   7.2203220000  -0.0050190000   0.0258870000  -0.0374730000   0.0048220000  -0.0261490000   0.0369900000  -0.0352850000  -0.0120830000  -0.0484350000   0.0210890000   0.0056190000   0.0333970000   0.0143930000   0.0067260000   0.0155200000
   6.4978437817   6.0196347039  729  2.37E+00  -1.5070270000   0.6729760000   2.6500910000  -0.2484420000   0.4565780000   1.7745240000   1.0921310000  -0.9292580000   9.6909860000   0.4955170000  -0.6044030000   8.6982390000  -0.1283890000  -0.2520070000   7.7511030000  -0.0276590000   0.0047700000   0.0190830000   0.0277150000  -0.0047470000  -0.0195590000   0.0253950000  -0.0131120000   0.0480000000  -0.0123110000   0.0051330000  -0.0345820000  -0.0131390000   0.0079560000  -0.0129430000
   6.4955847075   6.0164898278  746  5.45E-02   1.8678190000  -0.6926030000   3.5399640000   1.1097970000  -1.3317710000   2.4536410000  -2.7163960000   3.2962810000   8.1858390000  -2.0518460000   2.6664490000   7.4827570000  -1.4035670000   2.0845240000   6.7209680000   0.0038120000   0.0030450000   0.0052300000  -0.0035630000  -0.0033730000  -0.0056120000   0.0210590000  -0.0175700000  -0.0276980000   0.0052870000  -0.0086850000   0.0021760000  -0.0265950000   0.0265820000   0.0259040000
   6.4978409129   6.0184246986  984  6.79E+00  -0.3785930000  -2.1454520000   3.2139370000  -0.6429920000  -0.9934200000   2.2117280000   1.3847820000   2.3534280000   6.7842740000   1.0680660000   2.1340430000   7.8845940000   1.0485380000   1.8287790000   9.0495860000   0.0058400000  -0.0256210000   0.0223150000  -0.0060220000   0.0254330000  -0.0223500000   0.0132200000  -0.0090840000   0.0293090000  -0.0318900000   0.0257140000  -0.0771230000   0.0188530000  -0.0164430000   0.0478500000
   6.4988898016   6.0165783045 1178  6.03E+00  -0.1097490000  -1.1479950000   2.3515310000   1.4712970000  -1.2502760000   2.7049480000  -3.3803410000   2.7795390000   7.9193260000  -2.6589060000   2.5808580000   7.0241130000  -1.9647300000   2.2872010000   6.1515680000  -0.0498040000   0.0031180000  -0.0112200000   0.0500240000  -0.0034740000   0.0109620000   0.0069260000  -0.0089830000  -0.0093920000   0.0265320000   0.0017770000  -0.0318220000  -0.0336780000   0.0075620000   0.0414720000
   6.4978009826   6.0184183202 1294  4.20E+00   1.3380350000   0.3801720000   2.4419560000  -0.0166180000   0.0005350000   1.7509500000  -0.1527380000   0.8066160000   7.7135890000  -0.0122250000   0.2741060000   8.7970300000   0.1606100000  -0.3513370000   9.7851860000   0.0338450000   0.0094230000   0.0171230000  -0.0337580000  -0.0095980000  -0.0176030000  -0.0055680000   0.0223160000  -0.0595590000   0.0003870000  -0.0050390000   0.0468530000   0.0050950000  -0.0171020000   0.0131870000
   6.4973050138   6.0193132071 1317  4.61E+00  -1.9732770000   0.1670300000   2.5174720000  -1.0492090000  -1.1269120000   2.6034010000   0.9304670000   1.7970000000   7.4782090000   1.9603460000   2.2755590000   7.2393030000   2.9622350000   2.7999680000   6.9278410000  -0.0260670000   0.0365350000  -0.0024670000   0.0261510000  -0.0365680000   0.0022540000   0.0277960000   0.0175040000  -0.0100410000  -0.0230310000  -0.0192930000   0.0135130000  -0.0048490000   0.0018220000  -0.0032590000
   6.4951577033   6.0190596090 1394  7.54E-01   1.3075900000   0.3560260000   1.9598370000   0.0058300000  -0.3047400000   2.0154350000   0.1922950000   1.7516230000   7.6692550000  -0.0334930000   0.8104330000   8.2987710000  -0.2786500000  -0.1728210000   8.9130340000   0.0026350000   0.0013030000  -0.0001260000  -0.0026610000  -0.0014690000   0.0000870000  -0.0096690000  -0.0369730000   0.0240690000   0.0146410000   0.0542350000  -0.0330490000  -0.0049470000  -0.0170970000   0.0090190000
   6.4965273673   6.0185858008 1402  4.60E+00   1.4570210000   0.2170360000   2.3437650000  -0.0146650000  -0.0047410000   1.8142100000   0.4589580000  -0.4124930000   7.8002600000   0.0517510000   0.2374900000   8.6864510000  -0.5163640000   0.9318880000   9.4717750000   0.0392110000   0.0059590000   0.0140200000  -0.0392710000  -0.0058080000  -0.0143750000  -0.0137460000   0.0081070000   0.0029410000   0.0393000000  -0.0295880000  -0.0175730000  -0.0254930000   0.0213300000   0.0149860000
   6.4978608022   6.0150514369 1480  3.48E+00   0.9491760000   0.9297010000   2.5054530000   0.4117120000  -0.0913860000   1.7511600000  -0.3309800000   0.5721890000   7.6831850000  -0.7584890000   0.3107600000   8.7442820000  -1.2156160000   0.2800320000   9.8501390000  -0.0163510000  -0.0311090000  -0.0231090000   0.0163790000   0.0310010000   0.0226230000  -0.0052520000   0.0130220000   0.0125270000   0.0221810000  -0.0266490000  -0.0515840000  -0.0169570000   0.0137350000   0.0395430000
   6.4959672215   6.0160809503 1523  7.74E+00  -0.0173150000  -1.1977030000   1.6824760000   1.0554550000  -0.2615080000   2.3751820000  -2.8211630000   0.4321680000   6.9231350000  -1.8617970000   0.7074240000   7.6125660000  -1.0513040000   1.1059400000   8.3950950000  -0.0290110000  -0.0253570000  -0.0187740000   0.0291330000   0.0253780000   0.0188990000  -0.0573050000  -0.0061990000  -0.0272470000   0.0407140000  -0.0137760000  -0.0039820000   0.0164700000   0.0199540000   0.0311030000
   6.4978305572   6.0151735790 1589  1.75E+00   1.7785700000  -0.8672650000   3.5038000000   0.8743200000  -1.5602430000   2.5047590000  -1.2762350000   2.2444390000   6.6377750000  -1.6036740000   3.0621420000   7.4206850000  -1.9985160000   3.9913720000   8.0626100000   0.0143700000   0.0108670000   0.0156970000  -0.0141210000  -0.0111730000  -0.0160260000  -0.0044030000   0.0064980000  -0.0091550000   0.0219500000  -0.0450020000  -0.0037630000  -0.0177960000   0.0388110000   0.0132470000
   6.4994585024   6.0155549695 1840  4.75E+00   0.8028940000  -0.8403360000   2.4106060000  -0.0152870000   0.0084490000   1.7492010000   0.5931950000   0.4988170000   9.7878820000  -0.0016950000   0.2139620000   8.7733140000  -0.5661600000   0.0389860000   7.7394020000  -0.0367770000   0.0382020000  -0.0298400000   0.0369450000  -0.0382020000   0.0294470000   0.0334690000   0.0216190000   0.0534680000  -0.0217760000  -0.0239720000  -0.0294880000  -0.0118630000   0.0023520000  -0.0235870000
   6.4962465900   6.0152474298 1850  2.41E-01   1.0810670000  -1.3397040000   2.9009620000   0.3125190000  -0.6558480000   1.8944620000  -0.1852230000   2.0946440000   9.3996240000  -0.6373100000   1.4715440000   8.4996480000  -0.9652540000   0.8482180000   7.5767400000  -0.0037490000   0.0033750000  -0.0050610000   0.0039460000  -0.0034300000   0.0046850000   0.0152560000   0.0099040000   0.0130370000  -0.0321000000  -0.0273660000  -0.0381330000   0.0166470000   0.0175160000   0.0254720000
   6.4978965943   6.0172978970 1987  2.28E+00  -1.3306830000  -1.3902210000   3.1001080000  -0.3275180000  -0.9782760000   2.0281090000   1.0899040000   2.8968460000   8.8735520000   0.6103380000   2.0603260000   8.2526630000   0.1714570000   1.2174860000   7.6082100000  -0.0177980000  -0.0073470000   0.0188510000   0.0177880000   0.0072440000  -0.0193400000  -0.0208860000  -0.0421630000  -0.0324260000  -0.0070350000  -0.0053480000  -0.0035000000   0.0279310000   0.0476140000   0.0364140000
   6.4991076796   6.0167145604 2235  2.29E+00  -0.7881730000  -1.6724250000   2.2289860000  -1.1088040000  -0.2960560000   2.4576030000   3.0776690000   0.6828310000   6.9957950000   2.0557220000   0.8770160000   7.4874090000   0.9664020000   0.9304130000   7.9703290000  -0.0024460000   0.0105760000   0.0017600000   0.0025500000  -0.0105520000  -0.0018180000  -0.0472630000  -0.0009500000   0.0214080000   0.0738290000   0.0088700000  -0.0325800000  -0.0266700000  -0.0079450000   0.0112300000
   6.4955157411   6.0193392284 2376  1.97E+00  -1.1903990000  -0.8756830000   2.2636800000   0.2398790000  -0.5063630000   1.9476990000   0.5375130000   0.7892130000   7.8184180000  -0.4407620000   1.2081140000   8.3700340000  -1.3296480000   1.5756070000   9.0295220000  -0.0212700000  -0.0054500000   0.0046870000   0.0210400000   0.0054580000  -0.0049410000   0.0344430000  -0.0149570000  -0.0070630000  -0.0489950000   0.0217940000   0.0065140000   0.0147810000  -0.0068450000   0.0008030000
   6.4951340631   6.0159597146 2383  5.15E+00  -0.0602400000   1.4994640000   1.9691120000   0.2533370000   0.1799460000   2.0684740000  -0.1689690000   0.9899390000   8.5185750000  -0.4692370000  -0.1068310000   8.2491840000  -0.7402060000  -1.2152300000   7.8354600000   0.0126620000  -0.0532380000   0.0040470000  -0.0126190000   0.0533800000  -0.0040900000  -0.0002520000  -0.0079350000  -0.0094750000   0.0121600000   0.0641710000   0.0371830000  -0.0119510000  -0.0563780000  -0.0276660000
   6.4985892022   6.0194986816 2607  4.20E+00  -0.0656670000  -1.3741140000   1.7964220000   0.1169670000  -0.0429280000   2.1552040000   0.5189090000   1.3223450000   8.0210040000  -0.2409460000   0.3719530000   8.0535930000  -0.9180540000  -0.6129280000   8.0575930000   0.0044890000   0.0327040000   0.0088090000  -0.0045180000  -0.0327020000  -0.0087810000   0.0488750000   0.0535730000  -0.0019410000  -0.0310060000  -0.0191330000   0.0018650000  -0.0178400000  -0.0344430000   0.0000480000
   6.4977730027   6.0170862677 2986  3.58E+00  -1.8387730000  -0.3491720000   2.4154510000  -0.5782970000   0.4952500000   2.0516110000   1.4693630000  -1.3640560000   7.3953360000   1.0871340000  -0.6513450000   8.2093110000   0.7185360000   0.0892900000   9.0447310000  -0.0301240000  -0.0201370000   0.0087130000   0.0300020000   0.0202960000  -0.0087410000  -0.0182670000   0.0387500000   0.0459330000   0.0170530000  -0.0406000000  -0.0481880000   0.0013360000   0.0016910000   0.0022820000
   6.4972569301   6.0185414586 3306  7.27E+00  -0.9368410000  -1.1726060000   2.7065550000  -1.0518840000  -2.1691740000   3.9232530000   2.8447600000   4.9473200000   5.0899260000   1.8812240000   4.2753110000   4.8496970000   1.0554030000   3.4381520000   4.5064150000   0.0029800000   0.0260080000  -0.0320000000  -0.0031110000  -0.0265440000   0.0319350000   0.0473980000   0.0186140000   0.0041430000  -0.0047190000   0.0410010000   0.0225480000  -0.0425480000  -0.0590790000  -0.0266250000
   6.4964388946   6.0160208649 3327  6.57E+00   1.0593630000   1.3991870000   2.3938340000   0.5149000000  -0.0088470000   1.9443490000  -0.2057260000   0.4879840000   9.2723320000  -0.9449540000   0.1435650000   8.4444410000  -1.7231810000   0.0479530000   7.5282790000   0.0142470000   0.0366830000   0.0117110000  -0.0139450000  -0.0366820000  -0.0119090000  -0.0174100000   0.0092330000  -0.0215380000   0.0477580000  -0.0218880000   0.0576350000  -0.0306490000   0.0126550000  -0.0358990000
   6.4961708803   6.0171036486 3834  6.65E+00   1.8870680000   0.8012900000   2.4353250000   0.7174780000  -0.2026930000   2.1212070000  -2.2113480000   0.1648230000   7.3645310000  -1.3343430000   0.5937120000   8.0726700000  -0.4891180000   1.0389700000   8.8292810000   0.0301140000   0.0258550000   0.0081520000  -0.0299870000  -0.0258170000  -0.0081260000  -0.0428880000  -0.0187540000  -0.0283220000  -0.0078710000  -0.0100410000  -0.0225230000   0.0506320000   0.0287570000   0.0508180000
   6.4962143019   6.0199491490 3917  5.95E+00   1.2869980000   0.9257750000   2.1901930000  -0.1408380000   0.2975050000   1.9433050000   0.0680390000   0.7652000000   7.9414230000   0.1752470000  -0.2889630000   8.4742380000   0.4226980000  -1.4047410000   8.8548610000   0.0379870000   0.0166770000   0.0065270000  -0.0379850000  -0.0168330000  -0.0067260000   0.0068740000   0.0120980000  -0.0153070000  -0.0259290000   0.0394240000   0.0077000000   0.0190540000  -0.0513660000   0.0078060000
