   6.4967362351   6.1535854232   97  1.93E+00   0.2986450000   1.5290820000   2.4263160000  -0.2379490000   0.2432920000   1.8102880000   0.2519090000   0.6578680000   7.9303190000   0.4203780000  -0.2110030000   8.6845000000   0.6020760000  -1.1231910000   9.3575670000   0.0093500000   0.0223720000   0.0106090000  -0.0093480000  -0.0225290000  -0.0109640000   0.0057870000  -0.0272960000   0.0172710000   0.0017150000  -0.0121220000   0.0199110000  -0.0075040000   0.0395740000  -0.0368270000
   6.4969866653   6.1534813336  252  1.22E+01  -1.6001940000  -0.9739420000   3.6117480000  -1.0632330000  -1.3851550000   2.4114680000   1.7896900000   2.1863990000   6.5309540000   2.0076150000   2.8188100000   7.4600700000   2.1140580000   3.3643660000   8.5989840000   0.0165180000  -0.0127200000  -0.0370610000  -0.0166940000   0.0125680000   0.0369020000   0.0056440000   0.0283710000   0.0606920000  -0.0099370000  -0.0778880000  -0.1863870000   0.0044690000   0.0496690000   0.1258540000
   6.4962192017   6.1544605647  496  2.73E+00   0.5504600000  -1.3508910000   2.7022830000   0.4477440000  -0.3171090000   1.8115190000  -0.4593940000   0.5820840000   9.7255830000  -0.7936530000   0.8752210000   8.6553200000  -1.2156390000   1.1173920000   7.5606710000  -0.0036000000   0.0367900000  -0.0317770000   0.0038400000  -0.0369820000   0.0314810000  -0.0129960000   0.0031410000  -0.0241910000   0.0308720000  -0.0070570000   0.0547970000  -0.0181160000   0.0041080000  -0.0303110000
   6.4993144603   6.1541258019  514  6.03E+00  -0.6840480000  -1.3916870000   1.9218220000   0.0115450000   0.0198090000   2.0604270000  -1.1441470000   0.1597150000   8.3520490000  -0.0208210000   0.2544260000   8.1741440000   1.1452160000   0.3257110000   8.1014930000  -0.0185270000  -0.0375770000  -0.0036480000   0.0184390000   0.0375930000   0.0037600000   0.0750210000   0.0044890000  -0.0023270000  -0.0620950000  -0.0019780000  -0.0082720000  -0.0128390000  -0.0025270000   0.0104880000
   6.4954295737   6.1536066445  751  3.51E+00   2.1569070000   0.0403040000   2.6309930000   0.7542880000  -0.4617410000   2.2336110000  -2.3448520000   0.4945070000   7.4631230000  -1.4651190000   1.1283430000   7.9118740000  -0.4582740000   1.6496300000   8.2776960000   0.0292570000   0.0104850000   0.0083040000  -0.0292370000  -0.0104530000  -0.0083200000   0.0105550000  -0.0047070000  -0.0024020000  -0.0406850000  -0.0000370000  -0.0016210000   0.0301100000   0.0047120000   0.0040390000
   6.4996311932   6.1504821755  841  7.36E+00  -0.7825870000  -0.1905360000   1.5929110000   0.6420590000  -0.5070660000   2.2094520000  -0.3664320000   1.9906380000   8.1735780000  -1.1752030000   1.2328160000   7.9226130000  -1.9086390000   0.3159770000   7.7452420000  -0.0387640000   0.0086580000  -0.0167820000   0.0388580000  -0.0085040000   0.0167810000  -0.0539070000  -0.0663010000  -0.0119930000   0.0564120000   0.0862880000   0.0066630000  -0.0025980000  -0.0201420000   0.0053300000
   6.4978549197   6.1542406961  841  7.46E+00  -0.7710760000  -0.1891060000   1.5943690000   0.6421880000  -0.5072410000   2.2088470000  -0.3696180000   1.9891480000   8.1736040000  -1.1738510000   1.2345950000   7.9215300000  -1.9078390000   0.3169150000   7.7489560000  -0.0364460000   0.0082500000  -0.0158530000   0.0365430000  -0.0080910000   0.0158530000  -0.0632770000  -0.0753230000  -0.0145330000   0.0657750000   0.0953510000   0.0085670000  -0.0025950000  -0.0201870000   0.0059660000
   6.4984782827   6.1527551448  936  7.63E+00   0.2487110000   0.6608730000   2.1955510000   0.7458660000  -0.8150230000   1.9606100000  -2.0807300000   1.7050280000   9.3674240000  -1.3713190000   1.7351880000   8.3964840000  -0.6305330000   1.7088300000   7.4004710000  -0.0129280000   0.0383130000   0.0059450000   0.0129400000  -0.0385410000  -0.0064040000  -0.0338920000  -0.0043600000   0.0474770000  -0.0273920000   0.0089980000   0.0332240000   0.0612720000  -0.0044110000  -0.0802420000
   6.4972123925   6.1539458780  984  6.96E+00  -0.4447030000  -1.9711510000   3.1636340000  -0.6517010000  -1.0104490000   2.2020280000   1.4860590000   2.4641890000   6.8094050000   1.0980650000   2.1696460000   7.9267670000   0.9724040000   1.7653560000   9.0444130000  -0.0067170000   0.0309600000  -0.0309810000   0.0065230000  -0.0311730000   0.0309440000   0.0367450000   0.0106330000  -0.0586330000  -0.0479540000   0.0085240000   0.0223720000   0.0114020000  -0.0189450000   0.0362980000
   6.4976849784   6.1548048079 1651  3.65E+00   0.5288580000   1.2384970000   2.2028860000  -0.0063630000  -0.0158840000   1.8924670000   0.2209340000  -0.7686210000   7.9968380000  -0.0257240000   0.2123840000   8.5950250000  -0.2031650000   1.2981580000   8.9618700000  -0.0112020000  -0.0261910000  -0.0064950000   0.0111530000   0.0263470000   0.0063190000   0.0027760000   0.0154720000  -0.0092550000  -0.0127110000   0.0084660000   0.0354440000   0.0099840000  -0.0240950000  -0.0260130000
   6.4991528641   6.1519649690 1682  1.61E+00   1.4982650000   0.2015250000   2.3283870000   0.3828270000  -0.5837760000   1.9696060000  -1.4012760000   1.5545620000   7.4551470000  -0.6965110000   1.3232150000   8.3420180000  -0.0821810000   1.0426030000   9.3003380000  -0.0175970000  -0.0124350000  -0.0056410000   0.0177950000   0.0123260000   0.0055840000   0.0191260000  -0.0113880000   0.0396860000  -0.0096620000   0.0132830000  -0.0404780000  -0.0096620000  -0.0017860000   0.0008500000
   6.4988110720   6.1524007553 2082  2.68E+00  -0.9357510000  -1.1714040000   2.0371300000   0.0159510000   0.0157530000   2.0423470000   0.5821560000   1.2364180000   8.0457980000  -0.0152010000   0.2709430000   8.3066410000  -0.5914540000  -0.7570150000   8.3913010000  -0.0162420000  -0.0202510000  -0.0000780000   0.0162260000   0.0202440000   0.0000560000  -0.0098030000  -0.0222990000  -0.0053920000   0.0122110000   0.0332860000   0.0152780000  -0.0023920000  -0.0109810000  -0.0098640000
   6.4950253068   6.1517389086 2343  1.18E+01  -0.0239050000  -2.0568500000   5.4274830000  -1.2462530000  -1.7201730000   5.0250410000   2.5899400000   4.3018410000   3.5302480000   2.2310550000   3.4261340000   2.7746740000   1.9608130000   2.5343990000   1.9497790000  -0.0716280000   0.0197540000  -0.0235380000   0.0715570000  -0.0197540000   0.0237840000   0.0254440000   0.0499510000   0.0395120000  -0.0080090000   0.0247110000   0.0342840000  -0.0173640000  -0.0746610000  -0.0740410000
   6.4982732114   6.1544572916 2343  1.15E+01  -0.0233710000  -2.0533670000   5.4411850000  -1.2462250000  -1.7201360000   5.0251070000   2.5882000000   4.3000310000   3.5322170000   2.2315170000   3.4264930000   2.7739450000   1.9620310000   2.5355350000   1.9471690000  -0.0685880000   0.0187160000  -0.0232930000   0.0685170000  -0.0187160000   0.0235380000   0.0250420000   0.0492620000   0.0392800000  -0.0074740000   0.0258060000   0.0350030000  -0.0174970000  -0.0750680000  -0.0745280000
   6.4959267583   6.1541138254 2414  6.73E+00   0.8200260000   0.6530120000   1.7023500000  -0.4061090000   0.8568900000   2.2526630000  -0.1745190000  -0.6022940000   8.2267960000   0.6849670000  -1.3449060000   7.8819250000   1.6368590000  -2.0210760000   7.4998650000  -0.0499080000   0.0083020000   0.0224010000   0.0498810000  -0.0083210000  -0.0223630000  -0.0141290000   0.0201280000   0.0070750000  -0.0571660000   0.0234890000   0.0200440000   0.0713210000  -0.0435990000  -0.0271570000
   6.4995565574   6.1508051803 2517  3.74E+00  -1.3573880000  -0.2107010000   2.3584170000   0.0774770000   0.0019570000   1.8058010000  -0.2784450000  -0.6193220000   9.4406600000  -0.0578900000   0.2666710000   8.7088230000   0.0204790000   1.1103100000   7.8556530000  -0.0325020000  -0.0048770000   0.0124690000   0.0324830000   0.0046530000  -0.0127520000  -0.0080740000   0.0008590000  -0.0099400000   0.0142910000  -0.0269530000   0.0448400000  -0.0061980000   0.0263190000  -0.0346160000
   6.4988001557   6.1539440065 2517  3.39E+00  -1.3500310000  -0.2062370000   2.3590350000   0.0774590000   0.0019170000   1.8044420000  -0.2786410000  -0.6166550000   9.4441060000  -0.0563120000   0.2662380000   8.7102130000   0.0191210000   1.1078830000   7.8579090000  -0.0307450000  -0.0045430000   0.0118960000   0.0307270000   0.0043200000  -0.0121780000  -0.0081010000   0.0022200000  -0.0109160000   0.0150100000  -0.0257820000   0.0431060000  -0.0068920000   0.0237840000  -0.0319080000
   6.4952799912   6.1526771867 2655  5.07E+00   1.2005610000   0.5451730000   1.7884380000  -0.0116110000  -0.0040600000   2.0706470000  -0.0137710000  -0.9085920000   8.1564710000   0.0347350000   0.2377520000   8.1708360000  -0.0299570000   1.4037170000   8.2569130000  -0.0486010000  -0.0220270000   0.0113520000   0.0486240000   0.0220410000  -0.0112380000  -0.0056280000   0.0613950000   0.0075700000   0.0130220000  -0.0492850000  -0.0134070000  -0.0074170000  -0.0121240000   0.0057230000
   6.4970704132   6.1545059053 2876  9.38E+00   0.2936290000   0.7957070000   1.8909960000   0.5308030000  -0.6331030000   2.0696560000   0.1026330000   1.0814310000   7.9649920000  -0.9822480000   1.2448000000   8.2457090000  -2.0347190000   1.7835200000   8.3906720000  -0.0003960000   0.0022120000  -0.0002800000   0.0002720000  -0.0022870000   0.0001990000  -0.1001730000   0.0441020000   0.0180810000   0.1070320000  -0.0770920000  -0.0099970000  -0.0067350000   0.0330660000  -0.0080040000
   6.4955798209   6.1539810279 2918  7.09E+00  -0.2725140000   1.5411460000   2.0137140000   0.0042720000  -0.0136610000   1.9703710000  -0.9558300000  -0.3955710000   8.7694310000   0.0191490000   0.2111040000   8.3649720000   0.9372890000   0.8959020000   7.9848250000  -0.0074050000   0.0414180000   0.0011510000   0.0072960000  -0.0415160000  -0.0011640000  -0.0624940000  -0.0326610000   0.0269560000   0.0228370000  -0.0034840000  -0.0123360000   0.0397660000   0.0362430000  -0.0146080000
   6.4983874625   6.1537789105 3323  3.94E+00   0.2911690000  -2.1539820000   2.8091560000  -1.0538640000  -1.3694490000   2.9216540000   2.6447310000   2.6767310000   5.7176900000   1.9352980000   2.8117390000   6.6649950000   1.1473560000   2.8752460000   7.5116770000   0.0322610000  -0.0188600000  -0.0026870000  -0.0323990000   0.0187980000   0.0027550000   0.0095770000  -0.0060720000  -0.0241760000  -0.0257750000   0.0118500000   0.0528120000   0.0163370000  -0.0057160000  -0.0287030000
   6.4986711287   6.1549783150 3643  1.35E+00   1.0649350000   0.2466070000   2.4660810000   0.0144300000  -0.3968210000   1.7025350000   0.1639860000   0.9947040000  10.0027810000  -0.0122890000   1.0226110000   8.8276950000  -0.2939220000   0.8915820000   7.7132500000  -0.0016020000  -0.0010290000  -0.0013030000   0.0017260000   0.0009500000   0.0009010000  -0.0036330000  -0.0111950000   0.0279300000   0.0007450000   0.0169130000  -0.0736810000   0.0027640000  -0.0056390000   0.0461540000
