   6.4997660096   6.5191885264  124  5.54E+00   0.4488480000  -1.2014160000   2.2446220000  -0.0057190000   0.0175480000   1.8716590000  -0.9162450000  -0.4103010000   8.8108290000   0.0351520000   0.2234410000   8.5727810000   0.8901400000   0.9182960000   8.2658680000  -0.0200530000   0.0537460000  -0.0164090000   0.0200190000  -0.0537930000   0.0164530000   0.0089550000   0.0152480000  -0.0077900000   0.0501250000   0.0224340000  -0.0075220000  -0.0590460000  -0.0376360000   0.0152680000
   6.4969570680   6.5170462673  138  5.93E+00  -0.6736660000   1.3389730000   2.3093900000  -0.2299460000   0.0152510000   1.8596960000  -0.1386130000   1.1252910000   8.8934620000   0.4429080000   0.1658580000   8.6012510000   0.9969710000  -0.7226520000   8.2175310000  -0.0016640000   0.0049590000   0.0017240000   0.0016480000  -0.0049410000  -0.0016920000   0.0187830000  -0.0287480000  -0.0164420000   0.0545670000  -0.0912430000  -0.0272900000  -0.0733340000   0.1199740000   0.0437000000
   6.4978892200   6.5153020434  204  2.24E+00  -0.9327110000  -0.9340530000   2.5093970000   0.0083580000   0.0144610000   1.7254530000   0.4096700000  -0.6463880000   9.4662380000   0.0038250000   0.2541010000   8.8287130000  -0.3955180000   1.1299380000   8.1318370000  -0.0208110000  -0.0210450000   0.0173520000   0.0208730000   0.0208840000  -0.0174620000   0.0022900000  -0.0055750000  -0.0001340000   0.0044020000  -0.0087760000   0.0147570000  -0.0067540000   0.0145110000  -0.0145130000
   6.4952134159   6.5178474712  217  2.73E+00  -0.1779880000   0.4490610000   2.2125420000   0.3747960000  -0.7527210000   1.8481790000   0.1982280000   0.9571610000   8.1352660000  -0.6936770000   1.6167660000   8.5810840000  -1.5380970000   2.2477900000   9.0544870000   0.0185950000  -0.0405130000  -0.0123160000  -0.0187420000   0.0405540000   0.0120970000   0.0257150000  -0.0181910000  -0.0076070000  -0.0527640000   0.0379030000   0.0189460000   0.0271960000  -0.0197530000  -0.0111190000
   6.4958959241   6.5179898660  884  5.04E+00   0.6573300000   0.6808550000   2.0547610000  -0.3454180000  -0.3134910000   1.8925600000   1.7091870000   0.8013320000   7.9769630000   0.6200840000   0.8031940000   8.5493980000  -0.4909970000   0.8061440000   9.0248650000  -0.0115570000  -0.0114190000  -0.0018840000   0.0114130000   0.0114060000   0.0018450000   0.0774880000   0.0001360000  -0.0447570000  -0.0175560000  -0.0004480000   0.0240010000  -0.0597880000   0.0003260000   0.0207940000
   6.4952433767   6.5179856079 1100  5.23E-02  -0.8466370000   0.5987070000   2.8661210000  -0.6221650000  -0.1122330000   1.5974940000   1.1588260000   0.7167330000  10.1855770000   1.1680190000   0.4463220000   9.0391370000   1.1249270000   0.1586870000   7.8711220000  -0.0012180000   0.0036460000   0.0063070000   0.0010410000  -0.0035950000  -0.0066970000  -0.0031950000   0.0021820000   0.0126580000   0.0076150000   0.0098110000   0.0318580000  -0.0042420000  -0.0120440000  -0.0441260000
   6.4988499218   6.5169950167 1141  3.04E+00   0.9789570000  -0.4816430000   2.5035810000  -0.0092760000   0.0099690000   1.6941780000  -0.6461110000  -0.3924280000   9.5895350000  -0.0006910000   0.2421440000   8.8872690000   0.6312780000   0.8788820000   8.1211450000  -0.0351460000   0.0174140000  -0.0288130000   0.0350270000  -0.0175720000   0.0286090000   0.0312970000   0.0319110000  -0.0389150000  -0.0309850000  -0.0328750000   0.0424540000  -0.0001920000   0.0011230000  -0.0033350000
   6.4955289075   6.5186099773 1253  4.69E+00  -0.2422720000  -0.6049070000   2.7237990000   0.0065600000   0.0080790000   1.5379620000   0.2804650000  -0.1519290000   8.0488490000   0.0292780000   0.2981240000   9.1505160000  -0.3199450000   0.6135630000  10.2305230000   0.0103050000   0.0254770000  -0.0494260000  -0.0103790000  -0.0254060000   0.0489980000   0.0072990000  -0.0313270000  -0.0565120000   0.0027510000   0.0355050000   0.0450760000  -0.0099760000  -0.0042490000   0.0118640000
   6.4999487284   6.5199693400 1335  3.50E+00  -0.1198590000   1.0708890000   2.9143830000   0.0546940000   0.5726500000   1.5506830000  -0.1676330000  -1.3478790000  10.1988300000  -0.1047420000  -0.7941300000   9.1410040000  -0.0193420000  -0.2957200000   8.0121420000  -0.0004280000   0.0012320000   0.0030730000   0.0004130000  -0.0011860000  -0.0035420000  -0.0013240000  -0.0252960000   0.0389820000  -0.0063710000  -0.0094080000   0.0494730000   0.0077100000   0.0346580000  -0.0879860000
   6.4977294388   6.5152072817 1489  1.56E+00   0.5442730000   0.0769580000   2.2775980000  -0.8495910000   0.4312380000   1.8035820000   1.2018730000  -0.2716200000   9.7448530000   1.5059440000  -0.5497560000   8.6731360000   1.8763970000  -0.7865590000   7.5944270000   0.0215920000  -0.0054720000   0.0072480000  -0.0218150000   0.0055840000  -0.0074710000   0.0190260000  -0.0099500000  -0.0495330000  -0.0154820000   0.0015350000   0.0226270000  -0.0033200000   0.0083020000   0.0271280000
   6.4954482077   6.5198114004 1491  5.48E+00   0.2760680000  -1.2100850000   2.3416160000  -0.0001160000   0.0112120000   1.8397860000   0.2385720000  -0.8327980000   8.3003290000   0.0080430000   0.2383410000   8.6678370000  -0.2614240000   1.3617960000   8.8580820000  -0.0129130000   0.0571030000  -0.0234850000   0.0128970000  -0.0570120000   0.0234240000  -0.0115780000   0.0447570000   0.0032140000   0.0115690000  -0.0369940000   0.0103400000   0.0000250000  -0.0078530000  -0.0134930000
   6.4960178954   6.5193916062 1595  4.03E+00  -1.4056820000  -1.4327850000   2.7286970000   0.0370900000  -1.0542800000   2.2243030000   0.2091800000   3.1220500000   7.2274140000  -0.0197680000   2.2181360000   7.9198690000  -0.2910170000   1.2560770000   8.5477340000  -0.0374330000  -0.0098000000   0.0131060000   0.0374440000   0.0098170000  -0.0130660000  -0.0081210000  -0.0242680000   0.0130580000   0.0125870000   0.0335170000  -0.0138890000  -0.0044760000  -0.0092650000   0.0007910000
   6.4998579204   6.5160047588 2921  2.35E+00  -1.2391520000  -0.5227300000   2.4208440000   0.0191250000   0.0104770000   1.7399420000   1.0201880000   0.2224800000   8.1750990000  -0.0265100000   0.2509530000   8.7595400000  -1.0177310000   0.2574150000   9.4081290000  -0.0228710000  -0.0096640000   0.0123890000   0.0227030000   0.0096680000  -0.0124320000   0.0387340000  -0.0021710000  -0.0139190000  -0.0233490000   0.0033240000  -0.0029310000  -0.0152180000  -0.0011570000   0.0168940000
   6.4983799231   6.5171435262 2986  3.79E+00  -1.5657540000   0.6357240000   3.1439050000  -0.7624700000   0.6573110000   1.7816280000   1.3828580000  -0.6074430000   9.7938530000   1.4080040000  -0.9692200000   8.6945680000   1.4667640000  -1.3001140000   7.5844000000  -0.0216750000  -0.0005200000   0.0366330000   0.0214990000   0.0007010000  -0.0368010000   0.0033340000  -0.0083210000  -0.0317810000  -0.0045330000  -0.0037620000  -0.0035820000   0.0013740000   0.0119020000   0.0355320000
   6.4964921228   6.5170116012 3110  4.45E+00   1.4683840000  -0.4127590000   2.9767650000   0.6892910000  -0.3756250000   1.7838880000  -0.6653450000   1.0143630000   9.7403580000  -1.3042430000   0.9388750000   8.6942850000  -1.8905630000   0.8704700000   7.6373520000  -0.0077440000   0.0003640000  -0.0119230000   0.0079310000  -0.0004090000   0.0118240000   0.0498590000   0.0060820000   0.0774180000  -0.0217460000  -0.0032050000  -0.0234830000  -0.0283010000  -0.0028320000  -0.0538350000
   6.4960547383   6.5194307702 3145  4.46E+00  -0.7344960000  -1.4617580000   2.3835130000   0.3455620000  -0.5376340000   2.0226890000  -0.5888180000   0.1448710000   8.7524010000  -0.6616450000   1.2722540000   8.2757620000  -0.5940330000   2.3648960000   7.7842390000  -0.0039990000  -0.0033930000   0.0013660000   0.0039710000   0.0034000000  -0.0013150000   0.0125600000  -0.0780220000   0.0327010000  -0.0227980000   0.0363940000  -0.0138130000   0.0102660000   0.0416210000  -0.0189380000
   6.4970807810   6.5184139505 3264  4.71E+00  -1.0380300000   1.0205730000   2.3529620000   0.0085960000  -0.0107040000   1.8102170000   0.7737790000  -0.5559990000   9.0655620000  -0.0245090000   0.2403900000   8.7229030000  -0.7329110000   1.0523750000   8.1984680000  -0.0258980000   0.0255110000   0.0133710000   0.0259760000  -0.0256230000  -0.0134920000   0.0115970000  -0.0049510000  -0.0080160000   0.0041540000  -0.0205700000   0.0336560000  -0.0158280000   0.0256330000  -0.0255180000
   6.4986701742   6.5150789467 3560  1.47E+00   1.4564780000  -0.0145940000   2.0783740000  -0.0210180000   0.0052520000   1.9605240000  -0.3540230000   1.3737050000   8.3623220000   0.0264130000   0.2532600000   8.4120840000   0.3474030000  -0.9014630000   8.4016720000   0.0118890000  -0.0001450000   0.0009770000  -0.0118910000   0.0001820000  -0.0009260000  -0.0099490000   0.0163990000  -0.0031670000   0.0026190000   0.0252900000   0.0056630000   0.0073320000  -0.0417270000  -0.0025470000
   6.4993545079   6.5159515788 3784  5.56E+00   1.3253710000  -0.0855260000   3.0973380000   0.8228890000   0.0005200000   1.6477510000  -1.1575370000   0.4233480000   7.8410340000  -1.4098610000   0.2346090000   8.9844110000  -1.9772990000   0.0910000000   9.9911810000   0.0101130000  -0.0017540000   0.0287320000  -0.0099030000   0.0016690000  -0.0291280000  -0.0214470000   0.0040500000  -0.0122930000   0.0316570000  -0.0099910000   0.0421050000  -0.0104210000   0.0060270000  -0.0294160000
   6.4997978781   6.5186856973 3784  5.12E+00   1.3143150000  -0.0912310000   3.0922760000   0.8234020000   0.0005440000   1.6468520000  -1.1595560000   0.4217520000   7.8423120000  -1.4114520000   0.2346220000   8.9839130000  -1.9759500000   0.0928220000   9.9950880000   0.0092120000  -0.0017430000   0.0266830000  -0.0090040000   0.0016580000  -0.0270720000  -0.0218860000   0.0035700000  -0.0089130000   0.0340340000  -0.0089630000   0.0346340000  -0.0123560000   0.0054770000  -0.0253310000
   6.4988605877   6.5175089405 3863  4.66E+00  -0.1829600000  -1.4680900000   2.7007990000  -0.0825340000  -0.2547190000   1.7714170000  -0.4583400000   1.5140290000   8.0330640000   0.1698980000   0.7906330000   8.7842890000   0.7545170000  -0.0552570000   9.3567450000  -0.0018870000  -0.0231700000   0.0177240000   0.0019810000   0.0230230000  -0.0178420000  -0.0359210000   0.0314360000  -0.0488730000   0.0344870000  -0.0183890000   0.0551790000   0.0013390000  -0.0129000000  -0.0061880000
