   6.4910992229   6.4118624608   16  2.73E+00   0.9849920000  -1.0221150000   3.0384100000   0.3612960000  -0.8228870000   1.7818820000  -0.8489220000   2.5414130000   9.5425410000  -0.6088220000   1.8228970000   8.6508990000  -0.5604950000   0.9519130000   7.8738740000  -0.0082380000   0.0026350000  -0.0168310000   0.0083490000  -0.0026400000   0.0164460000  -0.0110070000  -0.0177950000  -0.0006720000   0.0256540000   0.0099870000  -0.0247590000  -0.0147570000   0.0078120000   0.0258160000
   6.4945556877   6.4126926903  504  1.04E+01  -0.2157860000  -1.2450670000   2.5237390000   0.0549440000  -0.1081170000   1.7906180000  -0.9962220000   0.1240750000   8.1123080000  -0.1603070000   0.4496500000   8.7930380000   0.8557580000   0.8444530000   9.1861920000   0.0081310000   0.0339860000  -0.0219610000  -0.0080160000  -0.0339850000   0.0217890000   0.1078440000   0.0422020000   0.0543760000  -0.0793260000  -0.0311350000  -0.0148660000  -0.0286340000  -0.0110680000  -0.0393390000
   6.4910598738   6.4119742027  571  8.52E+00  -0.2231790000   0.9275990000   2.1657830000  -1.2639170000   0.0109980000   2.1772060000   2.4106510000   1.1117860000   7.3152240000   2.4102760000   0.2392170000   8.0585670000   2.1063300000  -0.7170600000   8.6264800000  -0.0274910000  -0.0242160000   0.0002530000   0.0273750000   0.0240920000  -0.0003880000  -0.0230580000  -0.0656560000   0.0381200000   0.0311500000   0.0233600000   0.0042390000  -0.0079760000   0.0424200000  -0.0422230000
   6.4937511739   6.4119879324  608  2.96E+00   0.5409560000  -1.2145080000   2.3184670000  -0.0057090000   0.0147950000   1.8484850000   0.2649930000  -0.7788620000   9.0249900000  -0.0654240000   0.2456620000   8.6168010000  -0.2214490000   1.2847480000   8.1297480000  -0.0055210000   0.0123540000  -0.0047020000   0.0055110000  -0.0124800000   0.0046850000  -0.0022900000   0.0481670000  -0.0234720000  -0.0162340000  -0.0112940000   0.0096400000   0.0185340000  -0.0367470000   0.0138480000
   6.4932941095   6.4132023772  705  5.93E+00  -0.6935220000   1.2647270000   2.3757970000   0.0094230000  -0.0135300000   1.7633590000  -0.1122330000   1.2255800000   8.0545410000   0.0548100000   0.2378260000   8.7435550000   0.0677170000  -0.7285500000   9.4265710000  -0.0189250000   0.0343740000   0.0163840000   0.0189560000  -0.0345620000  -0.0165810000  -0.0178150000   0.0533490000  -0.0346880000   0.0265950000  -0.0363790000   0.0218640000  -0.0088110000  -0.0167820000   0.0130210000
   6.4908426457   6.4114577379  814  2.62E+00   1.1379530000  -0.3991840000   5.5745950000   0.6293910000  -1.8107420000   6.0062530000  -0.7241690000   2.8200760000   1.7836720000  -1.1808790000   3.5823760000   1.0028080000  -1.6043750000   4.2467570000   0.1168120000   0.0122620000   0.0337580000  -0.0102200000  -0.0121670000  -0.0340620000   0.0105360000   0.0057370000  -0.0117730000  -0.0008910000   0.0007100000   0.0046070000   0.0253480000  -0.0065420000   0.0074700000  -0.0247720000
   6.4900501229   6.4142883818 1131  3.01E+00  -0.4212460000  -0.7024020000   1.7184370000   0.1759420000   0.6393170000   2.0635030000  -0.0679620000   0.1899920000   8.5512530000  -0.2912750000  -0.9115510000   8.2038140000  -0.5655370000  -1.9666710000   7.8774630000  -0.0085620000  -0.0192390000  -0.0049230000   0.0085730000   0.0192220000   0.0050040000  -0.0043480000   0.0000810000   0.0020650000  -0.0112200000  -0.0773560000  -0.0281700000   0.0155560000   0.0772920000   0.0260230000
   6.4936439363   6.4137291572 1165  6.53E+00  -1.0076840000   0.4665850000   2.7628130000  -2.2414270000  -0.0924110000   2.8376610000   3.3863300000   0.5921840000   5.8369280000   4.0713410000   0.4932610000   6.8088240000   4.8150480000   0.1573270000   7.7068700000  -0.0523250000  -0.0236650000   0.0031060000   0.0519660000   0.0236210000  -0.0032240000  -0.0115760000  -0.0113590000  -0.0269850000  -0.0322770000   0.0435420000  -0.0175890000   0.0442130000  -0.0321390000   0.0446910000
   6.4931060255   6.4103008388 1316  7.21E+00  -0.8303700000   1.6144730000   3.7009280000  -0.8417900000   1.5022020000   2.1004200000   1.2056620000  -1.9589140000   7.0924710000   1.6167530000  -2.4724160000   8.1133370000   1.8370660000  -3.1014600000   9.0948890000   0.0002650000   0.0034680000   0.0472530000  -0.0004250000  -0.0031430000  -0.0475750000  -0.0308010000   0.0172370000  -0.0510460000   0.0370590000   0.0039490000   0.0308200000  -0.0060980000  -0.0215110000   0.0205490000
   6.4932628180   6.4115271534 1389  1.70E+00  -1.7823080000  -0.9533560000   2.8774390000  -0.5236880000  -0.7635030000   2.1170360000   1.8973570000   2.3836210000   7.8768110000   1.0302480000   1.6254170000   8.1311920000   0.0569550000   0.9570410000   8.2660410000  -0.0102080000  -0.0015410000   0.0061280000   0.0103030000   0.0015660000  -0.0062150000   0.0003360000   0.0120950000  -0.0087560000   0.0226730000  -0.0069600000   0.0125810000  -0.0231040000  -0.0051600000  -0.0037370000
   6.4946930432   6.4116898891 1460  5.66E+00   1.0344060000  -0.5730110000   2.3835150000  -0.0140450000   0.0081540000   1.7643450000  -0.5050790000   1.1411830000   9.3568870000  -0.0413080000   0.2116760000   8.7402550000   0.5410640000  -0.6170330000   8.1212910000  -0.0488620000   0.0271000000  -0.0289070000   0.0487650000  -0.0269860000   0.0287690000  -0.0153580000   0.0508940000   0.0303650000  -0.0021580000  -0.0419630000  -0.0206830000   0.0176120000  -0.0090450000  -0.0095450000
   6.4917341180   6.4103721906 1584  1.08E+00  -0.8609840000  -0.1483760000   2.6724330000   0.0085220000   0.0016560000   1.5763080000  -0.3659560000  -0.0410960000   7.9755900000   0.0091250000   0.2372290000   9.0940240000   0.3707890000   0.5517630000  10.1579150000   0.0150540000   0.0026080000  -0.0191540000  -0.0149860000  -0.0025640000   0.0186750000  -0.0185460000  -0.0109130000  -0.0541070000   0.0210870000   0.0102050000   0.0628760000  -0.0026100000   0.0006640000  -0.0082900000
   6.4943889660   6.4126868329 2084  2.14E+00  -0.5752190000   0.5623920000   2.5701080000   0.6561060000   0.3715700000   1.6399170000  -0.8059820000  -0.2218940000   7.8554340000  -1.1675530000  -0.4659340000   8.9551510000  -1.5580520000  -0.6318000000  10.0710910000  -0.0283670000   0.0044110000   0.0212580000   0.0284050000  -0.0043860000  -0.0216800000   0.0019190000   0.0073030000  -0.0093060000   0.0126430000  -0.0066810000  -0.0280640000  -0.0146000000  -0.0006480000   0.0377930000
   6.4948160087   6.4114871640 2173  3.51E+00  -1.1368760000   0.8902540000   2.2761780000   0.0163850000  -0.0166010000   1.8076420000   0.3667260000  -0.7515470000   8.1672240000  -0.0609820000   0.2429660000   8.6484700000  -0.3311470000   1.2836490000   9.1703840000  -0.0237570000   0.0187030000   0.0096920000   0.0236840000  -0.0185840000  -0.0097060000   0.0156540000  -0.0106570000  -0.0022020000  -0.0171390000  -0.0240810000  -0.0171540000   0.0015580000   0.0346190000   0.0193700000
   6.4921533434   6.4123593744 2191  4.65E+00   0.5191230000   1.5621140000   2.6683810000   0.4793540000   0.2635550000   1.7555000000  -0.2772900000   0.5179740000   8.1179770000  -0.8706300000  -0.3076580000   8.7281330000  -1.4958460000  -1.0140160000   9.3955290000   0.0010990000   0.0358750000   0.0250960000  -0.0011470000  -0.0360100000  -0.0253990000   0.0035210000   0.0162900000  -0.0002330000  -0.0201900000  -0.0456080000   0.0163730000   0.0167170000   0.0294530000  -0.0158380000
   6.4906484959   6.4141382339 2222  5.33E+00  -0.0256680000   0.2202340000   2.1175330000   0.6686770000  -1.1409670000   2.1240020000  -0.6209090000   1.3549230000   7.8901680000  -1.2835370000   2.2643830000   8.1481000000  -1.7534600000   3.3172820000   8.2530800000  -0.0127990000   0.0250470000  -0.0001570000   0.0127420000  -0.0250470000  -0.0000940000  -0.0172380000   0.0544040000   0.0025250000  -0.0138570000  -0.0276120000   0.0123030000   0.0311510000  -0.0267920000  -0.0145780000
   6.4943964599   6.4114911402 2566  7.19E+00   0.3295670000   0.6916470000   2.2273730000  -0.3001580000  -0.4346430000   1.7813290000   1.4005420000   1.6470410000   9.2831580000   0.4772370000   1.0835810000   8.7082500000  -0.2804990000   0.3543270000   8.1440610000  -0.0234950000  -0.0420350000  -0.0166680000   0.0235810000   0.0421250000   0.0165070000   0.0706810000   0.0280250000   0.0394160000  -0.0597900000   0.0007910000  -0.0264160000  -0.0109770000  -0.0289060000  -0.0128390000
   6.4901611434   6.4115031318 2577  4.07E+00   0.7742910000   1.3274770000   2.1217610000  -0.0123980000  -0.0161950000   1.9258910000  -1.1476570000   0.1406630000   8.2341360000  -0.0023400000   0.2944000000   8.4819330000   1.1625500000   0.3232500000   8.6476530000   0.0198460000   0.0338920000   0.0049810000  -0.0197830000  -0.0338660000  -0.0049540000  -0.0086360000  -0.0094750000  -0.0058580000   0.0038890000   0.0175220000   0.0094670000   0.0046850000  -0.0080730000  -0.0036360000
   6.4916311192   6.4148207647 2843  3.86E+00  -0.5719730000  -0.9766440000   2.8028260000  -1.2996190000   0.0864310000   1.8909020000   1.9558590000   0.1930410000   7.4172410000   2.3979940000   0.0806730000   8.4775640000   2.7706240000   0.0639490000   9.5996670000   0.0191680000  -0.0281690000   0.0239970000  -0.0193770000   0.0280880000  -0.0243230000   0.0139070000   0.0022280000   0.0483040000  -0.0136820000  -0.0085020000  -0.0661750000  -0.0000160000   0.0063550000   0.0181960000
   6.4949277937   6.4125005305 3542  4.16E+00   0.8115930000   1.3618990000   5.5257560000  -0.5172220000   1.6524940000   6.2460390000   1.6622570000  -3.4367280000  -0.0524130000   0.8955710000  -2.8142700000   0.5521610000   0.1974420000  -2.1016960000   1.0967210000   0.0271840000  -0.0059080000  -0.0146430000  -0.0270940000   0.0060440000   0.0149130000  -0.0194770000   0.0265630000   0.0144800000  -0.0416400000   0.0245650000   0.0349210000   0.0610280000  -0.0512650000  -0.0496710000
   6.4926673789   6.4137855571 3549  1.92E+00   0.2298970000  -1.4138500000   2.0648970000  -0.0036110000   0.0184480000   1.9907980000   0.0050870000   1.4313980000   8.3331050000   0.0685290000   0.2421570000   8.3407500000  -0.0529860000  -0.9285690000   8.3340910000  -0.0000810000   0.0005870000  -0.0000130000   0.0001240000  -0.0005560000   0.0000710000  -0.0132120000   0.0275110000   0.0002900000   0.0252470000  -0.0263420000  -0.0009530000  -0.0120790000  -0.0012010000   0.0006050000
   6.4942338812   6.4111366184 3608  5.47E+00   1.3732720000   1.0667890000   2.8309370000   0.2247270000   0.8109620000   1.8067550000   0.3368160000  -1.5960320000   9.5060320000  -0.4243980000  -1.1917090000   8.6483800000  -1.2270860000  -0.9390380000   7.8011200000   0.0274630000   0.0061060000   0.0244600000  -0.0272800000  -0.0060590000  -0.0245660000   0.0419710000  -0.0325170000   0.0513240000  -0.0163710000   0.0344840000  -0.0292630000  -0.0257830000  -0.0020130000  -0.0219560000
   6.4916859971   6.4101829745 3669  2.54E+00   1.7675370000   0.0911340000   3.7640310000   1.8444340000  -0.7850090000   2.5049610000  -4.2663320000   2.0244670000   8.0137350000  -3.4101810000   1.6866650000   7.3399930000  -2.4965710000   1.3118150000   6.7298220000  -0.0013670000   0.0172830000   0.0247790000   0.0017050000  -0.0174150000  -0.0251050000   0.0566690000  -0.0234180000  -0.0364900000  -0.0297540000   0.0133730000   0.0107280000  -0.0272530000   0.0101770000   0.0260880000
   6.4920530752   6.4128062742 3848  7.20E+00  -1.1764310000   0.3822870000   2.2993310000  -0.0391390000  -0.5829700000   1.8681250000   0.9585290000   1.6684630000   7.7892560000   0.1016330000   1.2808850000   8.6005870000  -0.7652350000   0.9450670000   9.2807680000  -0.0259090000   0.0219000000   0.0097970000   0.0257100000  -0.0220710000  -0.0099410000   0.0655690000   0.0333990000  -0.0682620000  -0.0921250000  -0.0470090000   0.0969950000   0.0267550000   0.0137800000  -0.0285880000
