   6.4944725445   6.5467722065   56  8.15E+00   0.0324830000  -2.3814370000   3.6359490000   0.1518440000  -1.3628930000   2.4300320000  -0.0248400000   1.9891630000   8.2766500000  -0.2802760000   2.8020350000   7.5362020000  -0.5251510000   3.5516890000   6.7018920000  -0.0032340000  -0.0275410000   0.0326560000   0.0032370000   0.0275440000  -0.0326170000  -0.0235950000   0.0734830000  -0.0770270000   0.0090060000  -0.0271950000   0.0361520000   0.0145860000  -0.0462920000   0.0408350000
   6.4947644204   6.5464009026  166  2.36E+00   0.4415850000   1.1055010000   2.4225210000  -0.0053320000  -0.0158020000   1.7295560000  -0.2381560000  -0.7658060000   8.2286830000  -0.0102150000   0.2378680000   8.8431950000   0.2446340000   1.2841810000   9.3435060000  -0.0107190000  -0.0268750000  -0.0166240000   0.0107510000   0.0270140000   0.0165250000  -0.0059880000  -0.0308100000  -0.0255220000  -0.0013910000   0.0045500000   0.0204730000   0.0073470000   0.0261210000   0.0051490000
   6.4917121874   6.5450839494  206  2.82E+00  -0.5771700000  -1.3773270000   2.8895900000  -0.3528320000  -0.4543180000   1.7156880000   1.3409500000   0.8157720000   7.9089180000   0.5807450000   1.0927770000   8.7802730000   0.0215810000   1.4073090000   9.7503430000  -0.0033800000  -0.0135690000   0.0172210000   0.0031370000   0.0135350000  -0.0173810000   0.0242260000  -0.0007200000  -0.0033350000  -0.0480520000   0.0040240000   0.0146510000   0.0240690000  -0.0032700000  -0.0111560000
   6.4906756968   6.5462933379  316  5.78E-01   0.1177540000  -0.7912490000   2.7610100000  -0.0004850000   0.0086640000   1.5309590000  -0.4629440000   0.2198790000   8.0574800000   0.0160150000   0.2954040000   9.1592680000   0.4459250000   0.2526180000  10.2479520000   0.0006740000  -0.0042140000   0.0062850000  -0.0005420000   0.0041790000  -0.0066820000  -0.0208200000  -0.0099580000  -0.0394140000   0.0235830000   0.0173290000   0.0398640000  -0.0028950000  -0.0073360000  -0.0000520000
   6.4923669865   6.5483347202  751  2.55E+00  -0.4853490000  -0.6513660000   2.3654380000   0.9886450000  -0.5279150000   1.9431550000  -2.5850560000   0.6891470000   9.0525460000  -1.7910130000   1.2404520000   8.4372660000  -0.9773930000   1.7449000000   7.7612040000  -0.0299100000  -0.0025530000   0.0085420000   0.0298620000   0.0023680000  -0.0087110000   0.0415110000   0.0248390000  -0.0349530000  -0.0330130000  -0.0161780000   0.0299150000  -0.0084500000  -0.0084760000   0.0052070000
   6.4923589860   6.5486765038  871  3.53E+00   2.0058830000  -0.8607590000   3.5097410000   1.6326470000  -0.0607680000   2.4733560000  -4.0183620000   0.0188910000   6.9819570000  -3.0167350000   0.3663190000   7.4363570000  -1.9972000000   0.7515110000   7.8631220000  -0.0147840000   0.0316060000  -0.0409920000   0.0146960000  -0.0316660000   0.0408980000   0.0377960000   0.0156710000   0.0156580000  -0.0255820000  -0.0138870000  -0.0098620000  -0.0121260000  -0.0017240000  -0.0057020000
   6.4917819286   6.5486435896 1117  6.43E+00  -1.4185280000  -0.0416820000   2.4365190000   0.0181460000  -0.0002420000   1.7766920000   0.6021510000  -0.6833340000   8.2633750000  -0.0251760000   0.2186370000   8.7716620000  -0.5845030000   1.2107150000   9.1262180000  -0.0386600000  -0.0010870000   0.0177600000   0.0385710000   0.0011850000  -0.0178290000   0.0339540000  -0.0375730000  -0.0314880000  -0.0213620000   0.0027830000   0.0292260000  -0.0125030000   0.0346920000   0.0023310000
   6.4949907652   6.5497903395 1250  7.06E+00   2.1635650000   0.0503980000   3.0613870000   0.9608200000   0.3360710000   2.1083050000  -0.8837350000   0.3724580000   8.3928930000  -1.8109260000  -0.3788900000   8.1803750000  -2.6916870000  -1.0819470000   7.7450550000   0.0288340000  -0.0068740000   0.0228400000  -0.0288600000   0.0068240000  -0.0229000000   0.0488550000   0.0406320000  -0.0005730000  -0.0089730000  -0.0096940000   0.0331110000  -0.0398540000  -0.0308880000  -0.0324770000
   6.4947466794   6.5497602811 1253  2.09E+00  -0.2534200000  -0.6266120000   2.7487060000   0.0066390000   0.0083560000   1.5272050000   0.2852260000  -0.1448160000   8.0692450000   0.0221620000   0.2903470000   9.1724880000  -0.3190530000   0.6122720000  10.2457820000   0.0051480000   0.0126670000  -0.0245200000  -0.0052270000  -0.0126020000   0.0240890000   0.0085320000  -0.0285680000  -0.0550280000  -0.0031940000   0.0348300000   0.0552590000  -0.0052580000  -0.0063280000   0.0002000000
   6.4935199336   6.5482135845 1261  7.19E+00  -1.0437690000  -1.3049890000   2.8649580000  -0.8760980000  -2.2662740000   4.1213820000   1.6926230000   5.0026640000   5.4822860000   1.6802430000   4.3758470000   4.4377460000   1.4872280000   3.8006200000   3.4238230000  -0.0047310000   0.0268720000  -0.0351780000   0.0046910000  -0.0269950000   0.0353000000  -0.0096630000   0.0405900000   0.0633000000   0.0217440000  -0.0390320000  -0.0545890000  -0.0120410000  -0.0014340000  -0.0088330000
   6.4915837683   6.5491574266 1417  3.46E-01  -0.7570810000   1.0124750000   2.4218420000   0.0116490000  -0.0086230000   1.7190870000  -0.9766640000   0.0791990000   9.4581540000  -0.0097770000   0.2191260000   8.8212790000   0.9735240000   0.4232550000   8.1828120000  -0.0010850000   0.0013550000   0.0009480000   0.0009080000  -0.0014010000  -0.0010450000   0.0115490000   0.0056600000  -0.0062310000  -0.0315980000  -0.0137080000   0.0168610000   0.0202260000   0.0080940000  -0.0105320000
   6.4939223764   6.5462244789 1512  2.48E+00   0.2297190000   0.6042910000   1.8190490000  -1.0883780000   0.2714540000   2.1577280000   1.1351140000   0.5214330000   8.3096910000   1.9534870000  -0.2461860000   8.0219790000   2.8195640000  -1.0427260000   7.7786090000  -0.0262000000  -0.0066250000   0.0067820000   0.0262520000   0.0065990000  -0.0066980000   0.0254870000  -0.0224640000  -0.0034800000  -0.0605800000   0.0534000000   0.0081980000   0.0350410000  -0.0309100000  -0.0048030000
   6.4940582582   6.5474937231 1690  4.59E+00  -0.3166480000   0.7439170000   2.3341250000   0.2575960000  -0.3631030000   1.7261070000  -0.9470190000   1.8354320000   9.3473060000  -0.5361620000   0.8554950000   8.8235130000   0.0829690000  -0.0234170000   8.2624510000   0.0149370000  -0.0288320000  -0.0158700000  -0.0150420000   0.0289420000   0.0156850000   0.0049930000   0.0238620000   0.0078850000  -0.0466190000   0.0115030000   0.0192720000   0.0417310000  -0.0354750000  -0.0269720000
   6.4916562997   6.5485739635 1897  3.82E+00  -0.7200180000  -0.8467790000   2.6580140000   0.0056510000   0.0092550000   1.5921520000  -0.6470290000   0.4756810000   8.0914040000   0.0644030000   0.2770690000   9.0033470000   0.6158190000   0.0111260000  10.0319520000  -0.0158200000  -0.0187600000   0.0232190000   0.0159680000   0.0186840000  -0.0234500000  -0.0062340000  -0.0051770000   0.0144600000  -0.0016500000   0.0181220000  -0.0555870000   0.0077360000  -0.0128690000   0.0413590000
   6.4917947670   6.5469723320 1949  4.65E+00  -0.2234810000  -1.5211640000   3.2543780000  -0.5466880000  -1.0890750000   1.9719750000   0.8614540000   1.9645980000   9.5101800000   1.0254830000   2.3056670000   8.3473980000   1.1130910000   2.5271610000   7.1710920000  -0.0078600000   0.0104320000  -0.0311110000   0.0077800000  -0.0106290000   0.0310260000  -0.0150860000  -0.0291360000   0.0775590000   0.0157020000   0.0266380000  -0.0337040000  -0.0005350000   0.0026960000  -0.0437700000
   6.4945859492   6.5481071908 1960  1.92E+00  -0.4387360000   0.4321240000   2.7116790000  -0.3201360000  -0.5000870000   1.5777780000   0.4595560000   1.0265180000   7.8975300000   0.5296440000   1.2065640000   9.0867970000   0.7693220000   1.2257220000  10.2315850000  -0.0006830000   0.0050050000   0.0059160000   0.0005930000  -0.0050940000  -0.0063780000   0.0085100000  -0.0161740000  -0.0429980000  -0.0181660000   0.0264560000   0.0508150000   0.0097460000  -0.0101940000  -0.0073550000
   6.4939472133   6.5489026800 2226  5.91E+00  -0.0913480000  -0.4423650000   2.7863650000  -0.1582000000  -0.0235820000   1.5046750000   0.5564160000   0.5775510000  10.3301910000   0.2219330000   0.2683770000   9.2336940000   0.0728270000   0.0543010000   8.0490380000  -0.0030840000   0.0193120000  -0.0593110000   0.0030780000  -0.0193100000   0.0588610000   0.0190280000   0.0130720000   0.0214100000  -0.0229440000  -0.0085520000   0.0389970000   0.0039220000  -0.0045210000  -0.0599570000
   6.4945431243   6.5480026752 2245  5.41E+00  -1.0539210000  -0.4914970000   2.5834490000   0.2385770000  -0.5763970000   1.7175780000  -0.5276660000   0.3001460000   8.1612480000  -0.4044310000   1.3392320000   8.7806810000  -0.2938400000   2.2918030000   9.5075560000  -0.0304120000   0.0020440000   0.0202770000   0.0304480000  -0.0019230000  -0.0205450000  -0.0075090000  -0.0612520000  -0.0259940000   0.0030720000   0.0216820000  -0.0139240000   0.0044020000   0.0394490000   0.0401860000
   6.4946783939   6.5472020225 2359  4.21E+00   0.4230680000   1.1139460000   2.2243660000   0.9330050000  -0.1312480000   2.0026250000  -0.5475540000   0.6554460000   8.3315200000  -1.6898740000   0.3972910000   8.3237700000  -2.8701710000   0.3192870000   8.2793120000   0.0194680000  -0.0476300000  -0.0084730000  -0.0195690000   0.0475710000   0.0084380000  -0.0136280000   0.0095710000  -0.0008840000   0.0306790000  -0.0205000000   0.0029440000  -0.0169500000   0.0109880000  -0.0020240000
   6.4917849195   6.5459506385 2467  6.66E+00   0.1056180000   0.8564260000   2.2582470000  -0.8545520000  -0.2020800000   1.9037580000   0.3875530000   0.8323290000   8.2469940000   1.5363780000   0.6343390000   8.5865070000   2.7202800000   0.3344250000   8.6582290000   0.0051990000   0.0056940000   0.0018850000  -0.0051290000  -0.0057290000  -0.0020400000  -0.0574740000   0.0048260000  -0.0308750000  -0.0212400000   0.0201530000   0.0404190000   0.0786440000  -0.0249430000  -0.0093900000
   6.4917460315   6.5457871244 2648  1.58E+00   0.0998330000  -0.8286460000   2.2649400000   1.4071950000  -0.3027050000   2.2186330000  -3.0298860000   0.9526270000   6.8644680000  -2.5748420000   0.8484110000   7.9373610000  -2.0713500000   0.6621350000   8.9550840000   0.0211100000   0.0084400000  -0.0007620000  -0.0209020000  -0.0085000000   0.0007460000   0.0087810000  -0.0069190000   0.0128370000   0.0093510000   0.0047660000   0.0336310000  -0.0183400000   0.0022130000  -0.0464510000
   6.4929580329   6.5483218569 2731  7.85E-01  -0.1757200000   1.4340850000   2.1156620000  -0.0011730000  -0.0161450000   1.9095460000   1.1515550000   0.3975650000   8.3423200000   0.0112410000   0.2333690000   8.4938930000  -1.1430650000   0.1051990000   8.6125070000  -0.0010800000   0.0088860000   0.0012950000   0.0010390000  -0.0089040000  -0.0012300000  -0.0281600000  -0.0014550000   0.0029040000   0.0129910000  -0.0027880000  -0.0003360000   0.0152100000   0.0042610000  -0.0026340000
   6.4908725922   6.5482963111 2827  3.57E+00   0.3860720000   0.7083490000   2.4105560000  -0.1904590000  -0.5750870000   1.6909700000   0.9751520000   0.8724950000   7.9699860000   0.3555930000   1.2697980000   8.8770290000  -0.3152180000   1.6894430000   9.7702640000   0.0153470000   0.0342990000   0.0191330000  -0.0154940000  -0.0342980000  -0.0193700000  -0.0106240000   0.0066010000   0.0120710000   0.0337750000  -0.0205080000  -0.0378410000  -0.0230040000   0.0139060000   0.0260070000
   6.4934901939   6.5455316742 2839  2.44E+00  -1.1023820000  -0.3497650000   2.6075870000   0.0132940000   0.0034790000   1.6378200000   0.4977550000   0.9311030000   9.7670280000   0.0278880000   0.1989770000   8.9783630000  -0.5156330000  -0.3881360000   8.1501820000  -0.0186220000  -0.0058760000   0.0160890000   0.0187110000   0.0059630000  -0.0163290000  -0.0066230000   0.0080270000  -0.0045620000  -0.0135930000  -0.0457030000  -0.0329500000   0.0201260000   0.0375890000   0.0377510000
   6.4916285687   6.5457572985 2986  4.46E+00  -1.5573220000   0.6423210000   3.1436490000  -0.7637670000   0.6584010000   1.7799960000   1.3746990000  -0.5948740000   9.7876330000   1.4032970000  -0.9705330000   8.6911420000   1.4844040000  -1.3175600000   7.6013570000  -0.0210110000  -0.0003690000   0.0360000000   0.0208490000   0.0005370000  -0.0361360000   0.0048740000  -0.0083420000  -0.0289570000  -0.0047560000  -0.0130690000  -0.0351180000   0.0000430000   0.0212430000   0.0642100000
   6.4910285308   6.5495802851 3141  5.99E+00   0.8544710000   1.2336610000   2.2624980000  -0.0132680000  -0.0152090000   1.8796280000   0.9445110000  -0.4555940000   8.7092890000  -0.0129120000   0.2425320000   8.6185000000  -0.9223870000   0.9594320000   8.2921610000   0.0217640000   0.0312860000   0.0096000000  -0.0217070000  -0.0313400000  -0.0096320000   0.0225530000  -0.0132220000  -0.0114170000   0.0085420000  -0.0146540000   0.0364800000  -0.0311510000   0.0279290000  -0.0250300000
   6.4918665132   6.5489458239 3150  4.90E+00  -0.8260100000  -1.1201360000   2.4530740000   0.0119500000   0.0189920000   1.7541830000  -0.3097930000   1.2422350000   8.1798230000   0.0349430000   0.2329860000   8.7437140000   0.2759180000  -0.7537440000   9.3421300000  -0.0220600000  -0.0300610000   0.0184510000   0.0221250000   0.0299050000  -0.0184860000  -0.0207420000   0.0440960000  -0.0198600000   0.0243650000  -0.0349210000   0.0106480000  -0.0036880000  -0.0090190000   0.0092470000
   6.4902165227   6.5482702613 3226  2.06E+00  -0.1637190000   1.5800580000   2.1835390000  -1.4214550000   0.8129600000   2.5284840000   3.4036160000  -1.8088250000   6.6867250000   2.5846480000  -1.2365650000   7.3445490000   1.7655020000  -0.7348850000   8.0355090000   0.0193000000   0.0117350000  -0.0052480000  -0.0192220000  -0.0117760000   0.0052920000   0.0267720000  -0.0230050000  -0.0179810000  -0.0162110000   0.0208760000   0.0051250000  -0.0106400000   0.0021690000   0.0128120000
   6.4911364096   6.5499362076 3317  1.66E+00  -1.0747830000  -0.7482820000   2.6020760000  -0.8453650000  -2.0237000000   3.1486830000   1.4961110000   4.1318890000   7.3982080000   1.5734120000   3.9543700000   6.2085950000   1.6124060000   3.7412500000   5.0529880000   0.0039940000  -0.0224480000   0.0096160000  -0.0040790000   0.0223050000  -0.0095430000  -0.0055390000   0.0064270000   0.0558880000   0.0072010000  -0.0051360000  -0.0563010000  -0.0015780000  -0.0011480000   0.0003400000
   6.4924978288   6.5479722961 3488  5.48E+00  -0.7885180000  -1.0642480000   2.1205880000   0.0078240000   0.0137920000   1.9443480000   1.1572730000   0.5415650000   8.4465960000   0.0086950000   0.2807370000   8.4220160000  -1.1531980000  -0.0664680000   8.3880680000   0.0358840000   0.0485570000  -0.0079270000  -0.0358210000  -0.0485190000   0.0079820000   0.0093070000  -0.0027720000   0.0008720000   0.0513120000   0.0256680000  -0.0001640000  -0.0606830000  -0.0229340000  -0.0007630000
   6.4917150832   6.5493465072 3854  3.46E+00  -0.2070540000   0.5023970000   2.3873340000   0.2560570000  -0.6438890000   1.7052440000  -0.3020200000   1.0822410000   9.9901530000  -0.4557630000   1.3333890000   8.8208370000  -0.6216070000   1.7885520000   7.7224590000   0.0071010000  -0.0175810000  -0.0105410000  -0.0070290000   0.0173700000   0.0103250000   0.0064170000   0.0003130000   0.0590980000   0.0001140000  -0.0281930000  -0.0270710000  -0.0066020000   0.0280900000  -0.0318120000
   6.4939747912   6.5499994792 3856  4.85E+00  -2.1121190000  -0.5888030000   3.0635150000  -0.8495670000  -0.7664800000   2.2674900000   2.4236960000   2.2024840000   7.2353210000   1.6518790000   1.6134450000   7.8753890000   0.7122570000   1.1390660000   8.3364350000  -0.0165430000   0.0023300000   0.0104270000   0.0165830000  -0.0023580000  -0.0104370000  -0.0345300000  -0.0081620000   0.0064840000  -0.0045440000  -0.0266310000   0.0306120000   0.0390350000   0.0348210000  -0.0370850000
   6.4902100734   6.5475866813 3856  4.75E+00  -2.1103880000  -0.5940570000   3.0720390000  -0.8499790000  -0.7667150000   2.2670860000   2.4267860000   2.2036740000   7.2389470000   1.6540490000   1.6142510000   7.8757060000   0.7094860000   1.1387760000   8.3340510000  -0.0171890000   0.0023560000   0.0109730000   0.0172320000  -0.0023830000  -0.0109880000  -0.0358380000  -0.0090750000   0.0073480000   0.0028810000  -0.0225800000   0.0264860000   0.0329140000   0.0316810000  -0.0338190000
   6.4925159934   6.5482109190 3940  2.42E+00  -0.2918490000   0.3397950000   2.1317580000  -1.7010640000   0.4347630000   2.4314460000   2.0986460000   0.0629820000   7.7515070000   3.1093790000  -0.5266000000   7.5937880000   4.0810660000  -1.1727120000   7.2715130000  -0.0047380000   0.0003060000   0.0010020000   0.0047520000  -0.0003480000  -0.0011270000  -0.0106490000   0.0018270000  -0.0071400000  -0.0358530000   0.0338570000   0.0325260000   0.0464870000  -0.0356430000  -0.0252610000
   6.4924601419   6.5474409681 3984  2.81E+00  -0.5327330000   0.3967250000   2.1771430000   0.2634520000  -0.8477020000   1.8798510000   0.3949680000   1.9531250000   7.7965270000  -0.4554540000   1.7469460000   8.5271800000  -1.3352410000   1.6317580000   9.2777440000  -0.0111970000   0.0173950000   0.0041580000   0.0110640000  -0.0175130000  -0.0042320000  -0.0620800000  -0.0070780000   0.0547800000   0.0428190000  -0.0026570000  -0.0385100000   0.0193940000   0.0098540000  -0.0161960000
