   6.5002196027   6.4501623351  198  4.44E+00  -1.3679120000  -1.4599980000   3.3636650000  -1.9352000000  -0.2597590000   2.7207940000   2.4429380000   1.1463800000   7.2439870000   3.5488300000   0.8222640000   6.9511130000   4.6440120000   0.3133060000   6.7388050000   0.0034900000  -0.0073300000   0.0038960000  -0.0034580000   0.0072790000  -0.0040410000  -0.0237800000  -0.0029640000   0.0121400000  -0.0502130000   0.0477380000  -0.0027290000   0.0739600000  -0.0447220000  -0.0092660000
   6.5030415962   6.4534700174  378  7.02E+00   1.3874380000   0.6588240000   2.1567100000  -0.0204620000  -0.0084590000   1.8932420000   1.0846150000   0.5476620000   8.7692210000  -0.0150570000   0.3065030000   8.4969330000  -1.0585330000  -0.0893410000   8.2621620000   0.0375710000   0.0178260000   0.0070920000  -0.0375450000  -0.0177780000  -0.0070160000  -0.0347380000  -0.0202280000  -0.0054740000  -0.0423420000   0.0042060000  -0.0154820000   0.0770540000   0.0159740000   0.0208810000
   6.5040740902   6.4519722346  689  4.95E+00   1.4875400000  -1.3154960000   3.0461610000   0.0838090000  -1.8139830000   2.7825690000  -0.5824220000   4.4995700000   6.2516270000  -0.2669460000   3.5902150000   6.9395860000   0.2705390000   2.6352940000   7.4512960000   0.0213960000   0.0076020000   0.0039740000  -0.0214780000  -0.0076060000  -0.0041340000   0.0094910000   0.0095660000  -0.0191560000  -0.0455880000   0.0322270000   0.0074050000   0.0361790000  -0.0417890000   0.0119110000
   6.5034624312   6.4516513676  703  2.15E+00  -1.2955890000  -1.7085350000   2.7910280000  -0.5982420000  -0.5181320000   2.1466700000   0.3216670000   0.4604440000   8.4569760000   1.1059910000   1.2451130000   8.0639210000   1.9174610000   1.9878490000   7.5938250000  -0.0120450000  -0.0205690000   0.0111460000   0.0120570000   0.0205960000  -0.0111210000  -0.0014910000  -0.0057510000  -0.0016560000  -0.0258720000  -0.0152190000   0.0198220000   0.0273510000   0.0209420000  -0.0181900000
   6.5028995147   6.4526306731  973  7.95E+00   1.2600320000  -0.4308130000   2.0127950000  -0.0196780000   0.0033130000   1.9702530000   1.0138070000   0.9303110000   8.4316950000  -0.0100850000   0.2831100000   8.3503670000  -0.9873440000  -0.4445710000   8.3341720000  -0.0574770000   0.0195010000  -0.0018790000   0.0574810000  -0.0194630000   0.0019670000   0.0603030000   0.0322890000   0.0093980000  -0.0033660000   0.0161760000  -0.0134340000  -0.0569400000  -0.0485020000   0.0039480000
   6.5031178462   6.4530049825 1061  7.84E+00  -1.3857740000  -0.4498860000   3.0113250000  -0.4580670000  -1.0285790000   1.8786830000   0.0974040000   1.7513830000   7.6756250000   0.9125570000   2.1890230000   8.4926000000   1.5925470000   2.4583140000   9.3778830000  -0.0240060000   0.0148680000   0.0290870000   0.0240480000  -0.0150780000  -0.0295580000  -0.0620700000  -0.0385090000  -0.0481080000   0.0969710000   0.0595400000   0.0788350000  -0.0349440000  -0.0208210000  -0.0302560000
   6.5036421459   6.4500858242 1107  8.80E+00  -2.1730010000  -0.3325240000   3.4743590000  -1.4078410000  -0.0922510000   2.3509330000   1.5774270000   0.8891420000   7.9837520000   2.6771270000   0.5352710000   7.7194210000   3.5808670000  -0.1216230000   7.2624680000   0.0226170000   0.0070920000  -0.0332610000  -0.0226090000  -0.0070930000   0.0331420000  -0.0197580000  -0.0165030000  -0.0091130000  -0.0016300000   0.0598880000   0.0375440000   0.0213810000  -0.0433830000  -0.0283110000
   6.5031255758   6.4504767339 1316  3.93E+00  -0.2686000000   1.5298940000   3.3288300000  -0.8455030000   1.4979030000   2.0994830000   1.2074680000  -1.8893270000   7.1907140000   1.5417710000  -2.4515030000   8.1414880000   1.8746990000  -3.1599470000   9.0036370000  -0.0238480000  -0.0012160000  -0.0508310000   0.0237170000   0.0014780000   0.0505260000   0.0151490000  -0.0362590000   0.0367930000  -0.0090280000   0.0339290000  -0.0148570000  -0.0059900000   0.0020680000  -0.0216310000
   6.5036528199   6.4526513675 1670  1.59E+00  -0.9524160000   0.3067030000   2.6366520000   0.0104450000  -0.0021570000   1.5908190000   0.4254100000  -0.1338360000  10.0750420000  -0.0667420000   0.2188770000   9.0791180000  -0.3674620000   0.6486500000   7.9994340000  -0.0000940000  -0.0000130000  -0.0000660000   0.0001330000  -0.0001170000  -0.0003540000   0.0065160000   0.0091540000  -0.0168080000  -0.0099850000  -0.0268790000   0.0526010000   0.0034310000   0.0178550000  -0.0353720000
   6.5026819917   6.4540582367 2070  3.24E+00  -0.6803800000   1.0705510000   2.8282650000   0.1595650000   0.9299250000   1.7232260000  -0.2289450000  -1.6696510000   7.6178110000  -0.2440480000  -1.4245450000   8.8173370000  -0.3418880000  -1.2849930000   9.9798410000   0.0189110000  -0.0030660000  -0.0249680000  -0.0188990000   0.0033590000   0.0246640000  -0.0039500000  -0.0219650000  -0.0735710000   0.0095870000   0.0268420000   0.0662270000  -0.0056480000  -0.0051690000   0.0076470000
   6.5030975984   6.4513991211 2084  3.92E+00   1.7793150000   0.5041590000   2.4698070000   0.4174870000   0.1940720000   1.9566340000  -1.4243980000  -1.1538040000   8.4180140000  -0.7858470000  -0.1051550000   8.4144650000  -0.1828060000   0.9194090000   8.3389600000   0.0129210000   0.0029230000   0.0048820000  -0.0129490000  -0.0029740000  -0.0048620000  -0.0469670000  -0.0748440000  -0.0026470000   0.0322630000   0.0473130000   0.0073240000   0.0147310000   0.0275820000  -0.0046960000
   6.5038804493   6.4535479726 2145  5.34E+00   0.6645860000  -0.8136760000   2.7287420000  -0.5274540000  -0.5681250000   1.7011760000   0.8537520000   1.2852700000  10.0030140000   0.9276550000   1.3777610000   8.8466550000   1.0422240000   1.2567390000   7.6890190000   0.0336520000  -0.0070220000   0.0288810000  -0.0337830000   0.0068540000  -0.0292570000   0.0044770000  -0.0128940000  -0.0240810000  -0.0056180000   0.0253190000   0.0029410000   0.0012710000  -0.0122570000   0.0215160000
   6.5011075209   6.4510737535 2160  5.10E+00   0.0971150000  -1.3133460000   3.0372360000   0.2593820000  -0.8512840000   1.7769780000  -0.4046120000   2.7541940000   9.4666190000  -0.5124590000   1.8213590000   8.6999600000  -0.5122220000   0.9004590000   7.9375280000   0.0073070000   0.0207300000  -0.0567240000  -0.0072560000  -0.0207470000   0.0563750000   0.0121960000   0.0532390000   0.0437200000  -0.0182260000  -0.0263020000  -0.0220230000   0.0059790000  -0.0269200000  -0.0213480000
   6.5005883333   6.4531137505 2185  4.29E+00  -0.7197010000  -0.6067430000   2.7058820000  -0.1948250000   0.2580540000   1.5716850000   0.3265160000   0.2260880000  10.2096290000   0.4146250000  -0.2597790000   9.0973270000   0.3805700000  -0.5939550000   7.9423740000  -0.0088010000  -0.0144120000   0.0187760000   0.0087360000   0.0144990000  -0.0191520000  -0.0121940000   0.0380820000   0.0656800000   0.0202270000  -0.0335340000  -0.0197090000  -0.0079680000  -0.0046340000  -0.0455940000
   6.5026677022   6.4538160900 2205  2.80E+00   1.5169530000  -0.3419540000   3.1535760000   0.9960110000  -0.0355860000   1.7814630000  -1.0681790000   0.6143890000   7.8616270000  -1.9170260000   0.3059310000   8.6374360000  -2.5626050000   0.0428960000   9.5597290000   0.0064110000  -0.0038000000   0.0166180000  -0.0063530000   0.0036650000  -0.0170290000   0.0246550000   0.0075580000   0.0012660000  -0.0584530000  -0.0187190000   0.0175060000   0.0337400000   0.0112960000  -0.0183610000
   6.5026458175   6.4509584540 2658  3.78E+00   0.1737950000  -1.2889320000   2.2629590000  -0.0025970000   0.0121720000   1.8737800000   0.1859460000   1.3496250000   8.1817540000   0.0376310000   0.2526440000   8.5787650000  -0.2121790000  -0.8311920000   8.8787050000  -0.0062060000   0.0456920000  -0.0136350000   0.0062080000  -0.0457990000   0.0136430000  -0.0077090000  -0.0030360000  -0.0035410000   0.0045990000  -0.0423530000   0.0215210000   0.0031080000   0.0454950000  -0.0179890000
   6.5031610193   6.4523062838 2746  6.27E+00  -0.3736750000  -1.3976440000   2.5086070000  -0.0874050000  -2.2098090000   3.5503540000   0.1501250000   4.3571760000   6.6373430000   0.1479930000   4.3533250000   5.4994800000   0.1988440000   4.1868480000   4.3460280000   0.0129260000  -0.0367490000   0.0470750000  -0.0129520000   0.0365890000  -0.0469620000   0.0038370000  -0.0115550000  -0.0818640000  -0.0066770000   0.0181280000   0.0557310000   0.0028660000  -0.0064130000   0.0260200000
   6.5049658545   6.4546528266 2844  1.12E+00   0.2001280000   1.1825170000   2.4385680000  -0.0005700000  -0.0190060000   1.7050710000   0.9129490000   0.2302690000   8.0898880000   0.0131540000   0.2911230000   8.8794560000  -0.9325880000   0.2592780000   9.5763520000  -0.0023210000  -0.0135310000  -0.0083230000   0.0021400000   0.0135550000   0.0081010000   0.0251170000  -0.0077120000  -0.0282900000  -0.0176000000   0.0136390000   0.0303970000  -0.0073350000  -0.0059500000  -0.0018840000
   6.5032159034   6.4548317940 2858  4.32E+00   0.2344580000  -1.8397740000   2.8923580000  -0.6168190000  -0.7972590000   2.0440140000   1.9763700000   1.6536510000   7.4229790000   1.1185830000   1.7684840000   8.2300180000   0.2496860000   1.8040420000   9.0094400000   0.0238350000  -0.0292780000   0.0238050000  -0.0240210000   0.0292210000  -0.0238430000   0.0080780000  -0.0054980000  -0.0079850000  -0.0153930000   0.0107470000   0.0163340000   0.0075020000  -0.0051930000  -0.0083110000
   6.5007307481   6.4537500331 3082  2.19E+00  -0.7123980000  -1.4936470000   2.2699600000   0.0418160000  -0.2414700000   2.0067940000  -0.7790890000  -0.1905740000   8.4079200000  -0.0184940000   0.6899260000   8.3535450000   0.6290130000   1.6603900000   8.1568610000  -0.0066210000  -0.0110150000   0.0023280000   0.0066560000   0.0110040000  -0.0023100000   0.0071130000   0.0233740000  -0.0091650000  -0.0051630000  -0.0380950000   0.0190300000  -0.0019850000   0.0147330000  -0.0098820000
   6.5044191033   6.4510137364 3233  2.41E+00  -0.8089700000   0.4193170000   1.9423970000   0.6393970000  -0.0729380000   1.9401660000  -0.3009200000   0.9105040000   9.0185820000  -1.1528640000   0.3708590000   8.4375380000  -1.9759640000  -0.1633800000   7.8365450000  -0.0269990000   0.0092120000   0.0000350000   0.0271130000  -0.0091480000  -0.0000320000  -0.0154740000  -0.0105350000  -0.0122400000  -0.0246230000  -0.0148600000  -0.0161310000   0.0399830000   0.0253310000   0.0283680000
