   6.5001525880   6.0868622443   37  3.46E+00   0.8675440000   1.0787300000   2.0404210000  -0.0150450000  -0.0080240000   1.9305920000  -0.5085390000   1.1281460000   7.8900780000   0.0905040000   0.2710990000   8.4432270000   0.4610760000  -0.6718760000   9.0024160000  -0.0162490000  -0.0200980000  -0.0020370000   0.0164100000   0.0199190000   0.0019100000  -0.0180790000  -0.0027220000   0.0005980000   0.0454410000  -0.0209650000   0.0159370000  -0.0275230000   0.0238650000  -0.0164080000
   6.5045693295   6.0853734184  105  2.74E+00   0.3985960000   1.4118660000   2.0341170000  -0.0081020000  -0.0145880000   1.9676750000  -1.1071430000   0.3839640000   7.9396960000  -0.0100580000   0.2382210000   8.4188630000   1.1300450000   0.1087850000   8.7862840000   0.0035690000   0.0124030000   0.0005850000  -0.0034130000  -0.0124310000  -0.0006720000  -0.0462440000   0.0073680000  -0.0257340000  -0.0088840000  -0.0022830000   0.0143160000   0.0549730000  -0.0050570000   0.0115040000
   6.5008091891   6.0863729385  132  5.52E+00   1.4842070000  -0.0009950000   2.0253550000  -0.0161330000  -0.0050880000   1.9869210000  -0.5484580000  -0.7803100000   8.0002060000  -0.0184670000   0.2681270000   8.3443790000   0.5493820000   1.2921760000   8.6861220000   0.0189320000   0.0000770000   0.0005150000  -0.0188750000   0.0000580000  -0.0005480000  -0.0335860000  -0.0713540000  -0.0213630000  -0.0054220000   0.0056590000  -0.0017390000   0.0389500000   0.0655600000   0.0231350000
   6.5002567638   6.0891514821  719  6.72E+00  -0.6995720000   0.1812610000   1.5326690000   0.3830550000  -0.3847490000   2.1407640000   0.3008230000   0.5612550000   8.6084340000  -0.6592340000   0.9338930000   7.9890810000  -1.6749310000   1.3354590000   7.6073300000   0.0409140000  -0.0213890000   0.0229700000  -0.0408670000   0.0213990000  -0.0228000000   0.0275770000  -0.0100210000   0.0372730000  -0.0578930000   0.0212630000  -0.0676930000   0.0302690000  -0.0112520000   0.0302500000
   6.5013388046   6.0850314974 1107  1.22E+01  -2.2576100000  -0.4868980000   3.4585600000  -1.2928560000  -0.1368240000   2.2480420000   3.5158970000   0.0631670000   7.9826540000   2.3945300000   0.4547430000   7.9013420000   1.2856100000   0.9971430000   7.6418570000  -0.0266280000  -0.0097170000   0.0332820000   0.0265820000   0.0095060000  -0.0336490000   0.0368460000  -0.0046000000  -0.0063360000   0.0662780000  -0.0546960000   0.0388330000  -0.1030790000   0.0595070000  -0.0321290000
   6.5006540794   6.0885443692 1120  3.22E+00   1.2821300000   0.9189060000   2.5096430000   0.6610360000  -0.3921370000   1.8987760000  -0.3278570000   0.9899330000   7.7453430000  -1.2337600000   0.9098700000   8.5037000000  -2.1281160000   0.9152400000   9.2310890000   0.0160680000   0.0338880000   0.0156440000  -0.0161180000  -0.0340150000  -0.0161120000   0.0073280000   0.0068150000  -0.0057920000  -0.0384140000  -0.0123900000   0.0327090000   0.0311350000   0.0057010000  -0.0264480000
   6.5019927295   6.0863104071 1223  6.90E+00  -0.4684640000  -0.9351880000   1.8239820000   0.7721340000  -0.8439580000   2.4083380000  -0.7146170000   1.2103780000   8.3979860000  -1.3964410000   1.8551580000   7.6230110000  -2.0637870000   2.3584870000   6.7378960000   0.0404450000   0.0029530000   0.0190340000  -0.0403530000  -0.0030220000  -0.0190240000   0.0412300000  -0.0457880000   0.0413350000  -0.0026420000   0.0234450000   0.0148210000  -0.0386800000   0.0224130000  -0.0561660000
   6.5022475843   6.0868685029 1316  7.88E+00  -1.0075990000   1.8194180000   3.8751790000  -0.9937390000   1.7460610000   2.5660450000   1.3750780000  -1.9976120000   6.7402020000   1.8854180000  -2.9301380000   7.2443620000   2.2360010000  -3.9499530000   7.7630760000   0.0009410000  -0.0051990000  -0.0944140000  -0.0011190000   0.0054790000   0.0940600000  -0.0089160000  -0.0073210000   0.0025450000   0.0069860000   0.0476240000  -0.0210800000   0.0021080000  -0.0405830000   0.0188900000
   6.5046244195   6.0881052312 1484  5.61E-02  -1.3987490000  -0.4943070000   2.4488580000  -0.0369820000  -0.6243600000   1.8982700000  -0.2445360000   0.4613800000   7.8851820000   0.0895180000   1.4122930000   8.4870760000   0.4501600000   2.3154400000   9.1100850000  -0.0081400000   0.0008080000   0.0031890000   0.0081890000  -0.0007090000  -0.0035910000   0.0044510000   0.0043340000   0.0082350000   0.0049810000   0.0271620000   0.0097730000  -0.0094810000  -0.0315940000  -0.0176070000
   6.5044287449   6.0882696261 1578  1.01E+00  -1.0782880000  -1.5495220000   3.5751860000  -0.4449570000  -1.5662000000   2.3269190000   0.7521730000   2.4421460000   6.7503870000   0.8456560000   3.0834410000   7.7154380000   0.9031570000   3.8504090000   8.6124070000   0.0128690000  -0.0004380000  -0.0255200000  -0.0130110000   0.0000810000   0.0252300000   0.0004750000   0.0262120000   0.0214280000   0.0013120000  -0.0436240000  -0.0274440000  -0.0016440000   0.0177690000   0.0063060000
   6.5038805794   6.0897967820 1843  8.60E-01   1.0565120000  -0.8573010000   2.6962880000  -0.1136770000  -0.6153820000   1.7705670000  -0.0270200000   0.9130400000   7.6648050000   0.1261140000   1.3788140000   8.7323970000   0.4335160000   1.8669440000   9.7684940000   0.0175950000  -0.0036670000   0.0137540000  -0.0175410000   0.0035560000  -0.0142350000   0.0104670000   0.0038950000   0.0042740000  -0.0264530000  -0.0148430000  -0.0223050000   0.0159320000   0.0110590000   0.0185120000
   6.5029386319   6.0863529522 1951  4.35E+00   0.6405340000  -1.3839830000   1.9594520000  -0.0106900000   0.0145560000   2.0631560000  -1.0765210000  -0.1119310000   8.0541240000  -0.0195790000   0.3017200000   8.2053200000   1.1042550000   0.5875990000   8.3600090000   0.0140800000  -0.0302240000  -0.0022250000  -0.0140430000   0.0302810000   0.0022810000   0.0659600000   0.0148310000   0.0107700000  -0.0557670000  -0.0019400000  -0.0104630000  -0.0102300000  -0.0129480000  -0.0003630000
   6.5008911411   6.0875559688 1953  4.20E+00   1.3174710000  -0.1224630000   1.7672710000  -0.0117980000  -0.0029970000   2.0969430000  -1.0764210000   0.6850420000   8.2341690000  -0.0108460000   0.2482660000   8.1202010000   1.0604800000  -0.1610580000   8.0872330000  -0.0430980000   0.0038770000   0.0106780000   0.0430500000  -0.0038600000  -0.0105710000   0.0374930000  -0.0131120000   0.0035670000   0.0199530000  -0.0110860000  -0.0132610000  -0.0573980000   0.0241810000   0.0095870000
   6.5005935229   6.0850458028 2156  2.10E+00   0.9861750000   1.3303410000   2.4546370000  -0.2987060000   0.6624370000   1.8968190000   0.4358680000   0.0370010000   7.9048980000   0.5380380000  -0.9851240000   8.5123190000   0.5899050000  -2.0019830000   9.0783010000   0.0289910000   0.0150360000   0.0124690000  -0.0289990000  -0.0151580000  -0.0128680000  -0.0054580000   0.0235880000  -0.0145370000   0.0092440000  -0.0350790000   0.0234190000  -0.0037780000   0.0116120000  -0.0084820000
   6.5031773328   6.0873408552 2706  7.28E+00   0.1694260000   1.4852540000   2.4519670000   0.6416520000   0.3214990000   1.9235390000  -0.4351720000   0.3539990000   7.9147920000  -1.1211650000  -0.3770970000   8.5476490000  -1.9384140000  -1.0824570000   8.9086060000   0.0183530000  -0.0452690000  -0.0206600000  -0.0183740000   0.0451590000   0.0202190000  -0.0084530000   0.0033660000  -0.0190520000  -0.0393840000  -0.0547510000   0.0642140000   0.0478580000   0.0514950000  -0.0447210000
   6.5016951830   6.0857799933 2717  1.07E+00   0.1454110000   0.9010080000   1.8820750000  -0.4810440000  -0.3784270000   1.9849930000   0.2566040000   0.4824670000   9.2300800000   0.8402930000   0.9248760000   8.3464860000   1.5058790000   1.3440970000   7.4733230000  -0.0056300000  -0.0114330000   0.0008530000   0.0053890000   0.0112770000  -0.0010020000   0.0331380000   0.0191340000  -0.0397520000  -0.0350430000  -0.0151820000   0.0315040000   0.0021460000  -0.0037950000   0.0083960000
   6.5003048015   6.0860025803 2796  2.58E+00  -1.8582700000  -0.2910400000   2.3998950000  -0.5870280000   0.3559900000   2.0771830000   0.4745060000   0.3855230000   8.8322840000   1.0884690000  -0.4390220000   8.1920270000   1.7572200000  -1.1278400000   7.4940250000  -0.0031990000  -0.0016160000   0.0008480000   0.0030960000   0.0016840000  -0.0008350000  -0.0276370000   0.0498470000   0.0301570000   0.0111400000  -0.0445790000  -0.0151150000   0.0166000000  -0.0053360000  -0.0150560000
   6.5000974312   6.0896768257 2843  1.12E+00  -2.1712800000  -0.0246490000   4.2909060000  -2.1283380000   1.0012610000   3.2467040000   3.1981530000  -1.3008340000   5.0941390000   3.9186910000  -1.5157580000   6.0055820000   4.6263350000  -1.8726090000   6.9135170000  -0.0002150000  -0.0031640000   0.0032760000  -0.0001550000   0.0033280000  -0.0032630000  -0.0055040000  -0.0073030000  -0.0079910000  -0.0263210000   0.0322800000  -0.0337140000   0.0321950000  -0.0251410000   0.0416930000
   6.5011666190   6.0889502130 3047  2.29E+00  -1.3713490000   0.2759560000   2.1798580000   0.0145250000  -0.0081930000   1.8646460000   0.0822920000   1.1897210000   9.2346940000   0.0327830000   0.2734770000   8.5275800000  -0.0930450000  -0.6838140000   7.9150410000   0.0021590000  -0.0003880000  -0.0004970000  -0.0021300000   0.0006000000   0.0003420000  -0.0071870000  -0.0316690000  -0.0141900000   0.0046170000  -0.0271690000  -0.0344840000   0.0025410000   0.0586270000   0.0488280000
   6.5003491218   6.0870275270 3093  2.21E+00   0.9811390000   0.6637220000   2.0411360000   0.0073350000  -0.4069720000   1.9402480000   0.4775650000   0.0118260000   7.9946180000   0.0036040000   1.0053900000   8.4584740000  -0.5787180000   1.9118060000   8.8381620000  -0.0010790000  -0.0011060000  -0.0001320000   0.0009830000   0.0012830000  -0.0001360000   0.0024970000  -0.0266100000  -0.0132780000  -0.0279040000   0.0836260000   0.0400970000   0.0255020000  -0.0571920000  -0.0265500000
   6.5048136127   6.0859396598 3465  9.33E+00  -0.2926540000  -2.0514840000   2.8107000000   0.6566430000  -0.9716280000   2.2885140000  -0.4292140000   2.0059010000   8.7389760000  -1.1387150000   2.1220690000   7.7278370000  -1.9769580000   2.0705360000   6.8544800000  -0.0176800000  -0.0201660000   0.0097500000   0.0178720000   0.0201160000  -0.0097550000   0.0514670000  -0.0179650000   0.0912200000  -0.0015520000   0.0285030000  -0.0553460000  -0.0501070000  -0.0104890000  -0.0358690000
   6.5036048521   6.0885650023 3489  3.09E+00  -1.3911870000   0.5589760000   1.9372200000   0.0148790000  -0.0029730000   2.0207900000   1.1450180000   0.0598990000   8.0032190000   0.0080470000   0.3106950000   8.2836660000  -1.1377190000   0.3741660000   8.5650910000  -0.0225660000   0.0090320000  -0.0012820000   0.0224680000  -0.0089780000   0.0012980000   0.0340970000  -0.0192150000  -0.0066740000  -0.0207220000   0.0300730000   0.0022830000  -0.0132770000  -0.0109120000   0.0043760000
   6.5005980245   6.0863138256 3578  1.89E+00   0.5551750000  -1.2183150000   2.3177070000  -0.0013100000   0.0183940000   1.8375410000   0.7138880000   0.7108020000   7.8418960000   0.0063530000   0.2315410000   8.6307480000  -0.7470920000  -0.2120520000   9.3570750000  -0.0029110000   0.0063240000  -0.0025050000   0.0027350000  -0.0064880000   0.0022310000  -0.0236620000  -0.0107930000   0.0203050000  -0.0263400000  -0.0233470000   0.0356260000   0.0501780000   0.0343040000  -0.0556570000
   6.5007701440   6.0880978181 3800  6.93E+00  -1.2338480000  -0.1874830000   1.5941600000   0.1421880000   0.1258620000   2.1216520000  -0.6014000000   1.1100100000   8.0834860000  -0.2812950000   0.0230120000   8.0213170000   0.1801850000  -1.0563830000   8.1996510000  -0.0191340000  -0.0043520000  -0.0072900000   0.0190790000   0.0043740000   0.0074850000   0.0363150000  -0.0880010000   0.0140390000  -0.0499540000   0.0955290000  -0.0348120000   0.0136930000  -0.0075500000   0.0205790000
   6.5020869284   6.0877940257 3872  4.36E+00   0.2767490000   1.4615780000   1.7682050000  -0.0026160000  -0.0217170000   2.1112040000  -1.1310230000   0.4931790000   8.0713060000   0.0047930000   0.2421640000   8.1491300000   1.1230520000   0.0290790000   8.1570950000   0.0061270000   0.0324770000  -0.0074950000  -0.0060730000  -0.0325000000   0.0075320000   0.0226310000  -0.0024870000  -0.0017110000   0.0572680000  -0.0152790000   0.0058510000  -0.0799520000   0.0177890000  -0.0041780000
   6.5002593557   6.0889368161 3909  6.08E+00  -0.7002290000   1.1139980000   1.8141610000   0.0099920000  -0.0174920000   2.0777050000   0.1813770000  -0.8596660000   8.3399290000   0.0341800000   0.2606930000   8.2161830000  -0.2128230000   1.3688150000   8.0025390000   0.0279860000  -0.0445970000   0.0103570000  -0.0279460000   0.0445110000  -0.0103490000  -0.0188040000   0.0841290000  -0.0148710000   0.0159700000  -0.0364350000   0.0108180000   0.0027940000  -0.0476090000   0.0040450000
   6.5001849127   6.0879565708 3935  5.81E+00   0.5424470000   2.2580340000   3.2602250000   0.8014820000   1.2396050000   2.2759210000  -1.4532170000  -1.8539680000   8.9309750000  -1.5305300000  -1.9538650000   7.7563430000  -1.4347890000  -2.3247530000   6.6756550000   0.0012180000  -0.0047850000  -0.0046090000  -0.0011660000   0.0050340000   0.0046190000   0.0124000000  -0.0201050000   0.0083910000  -0.0183280000   0.0177700000  -0.0842410000   0.0058760000   0.0020860000   0.0758390000
