   6.5184434027   6.7007012270   32  2.46E+00   0.1317550000   1.3662870000   2.1051840000  -0.0046280000  -0.0166900000   1.8960090000   1.1581900000   0.1744280000   8.4922750000  -0.0008840000   0.2264720000   8.5218290000  -1.1427130000   0.3405100000   8.5098480000  -0.0024630000  -0.0249240000  -0.0037390000   0.0024430000   0.0249080000   0.0038100000  -0.0322090000   0.0060130000  -0.0006860000  -0.0283340000  -0.0045850000   0.0016240000   0.0605640000  -0.0014110000  -0.0010090000
   6.5186809161   6.7019298366  288  2.54E+00  -1.0518410000  -0.5314950000   3.2219060000  -1.0517650000  -1.4570630000   2.2126580000   2.6445180000   3.6661150000   8.4501770000   1.9700160000   2.9099660000   7.8606480000   1.1956360000   2.1474700000   7.3965170000  -0.0000320000  -0.0326530000  -0.0356760000  -0.0000250000   0.0325100000   0.0353490000  -0.0073420000  -0.0012470000   0.0077210000   0.0175210000   0.0049950000  -0.0145510000  -0.0101220000  -0.0036060000   0.0071570000
   6.5173841831   6.7017133622  342  4.65E+00   1.0820450000  -1.7568140000   2.7818620000   0.4869960000  -0.5001260000   2.0218850000  -1.9298090000   1.6679310000   7.8846100000  -0.9058110000   1.1776610000   8.2511930000   0.1094510000   0.7441110000   8.6493910000   0.0162010000  -0.0342480000   0.0207570000  -0.0162250000   0.0342710000  -0.0206670000  -0.0277250000   0.0168710000  -0.0063390000   0.0295200000  -0.0213030000   0.0033460000  -0.0017710000   0.0044080000   0.0029030000
   6.5174609183   6.7002818922  530  5.49E+00  -0.7112480000   0.6717180000   2.8606830000   0.1280600000   0.6549850000   1.5274030000  -0.2871140000  -0.9260450000  10.3064830000  -0.1831520000  -0.9549690000   9.1497450000  -0.1701480000  -0.9828620000   8.0175730000  -0.0218880000   0.0005060000   0.0346060000   0.0218830000  -0.0003640000  -0.0349100000  -0.0043050000  -0.0007570000  -0.0263550000   0.0123110000  -0.0013800000  -0.0762800000  -0.0080010000   0.0019950000   0.1029400000
   6.5186994461   6.7048425583  556  3.53E+00  -0.6053880000   1.3979220000   2.3573070000  -0.3944320000   0.0287360000   1.8696090000   1.4847220000  -0.7638350000   8.5667750000   0.6934260000   0.1527270000   8.6227690000   0.0027590000   1.1052680000   8.4755330000  -0.0009000000   0.0058730000   0.0020910000   0.0009040000  -0.0059180000  -0.0021020000   0.0455810000  -0.0434890000  -0.0138430000  -0.0403680000   0.0256150000   0.0270700000  -0.0052170000   0.0179190000  -0.0132160000
   6.5187302419   6.7020526281  770  4.64E+00  -0.0568280000   2.3613350000   4.9534800000  -1.0551110000   1.6224890000   5.8017710000   2.5038770000  -1.7366600000   1.2227720000   1.9171640000  -2.7157420000   1.3729090000   1.3299780000  -3.7888470000   1.4602420000   0.0132880000   0.0098080000  -0.0113040000  -0.0132930000  -0.0099040000   0.0112750000  -0.0218770000  -0.0442810000   0.0009390000   0.0593490000   0.1201410000  -0.0019880000  -0.0374670000  -0.0757640000   0.0010770000
   6.5162347064   6.7018408504  849  8.11E+00   1.4039110000  -0.5544720000   2.3873300000   2.2143730000  -0.6966060000   3.6492920000  -3.8286730000   2.2770760000   6.1795550000  -4.0472940000   1.6351710000   5.2071070000  -4.2806050000   0.6970290000   4.5368240000  -0.0112640000   0.0020280000  -0.0175220000   0.0112780000  -0.0018990000   0.0175370000  -0.0009110000  -0.0170900000   0.0257750000   0.0009210000   0.0271500000  -0.0541120000  -0.0000240000  -0.0101890000   0.0283220000
   6.5172135247   6.7040488391 1087  9.81E+00  -1.3823860000  -0.5481830000   2.2640550000  -0.1838900000  -1.4611060000   2.4241260000  -0.5193770000   2.3335170000   7.9406970000   0.3031260000   2.9316590000   7.5103700000   1.2973080000   3.4850260000   7.1731720000  -0.0188750000   0.0144260000  -0.0024750000   0.0188580000  -0.0143340000   0.0025650000   0.1419880000   0.0908850000  -0.0589320000  -0.1610030000  -0.0915110000   0.0524120000   0.0190320000   0.0005350000   0.0064310000
   6.5155758899   6.7049475573 1264  4.97E+00   0.6489710000  -1.1101960000   3.4699480000   0.9305930000  -1.1240020000   1.8990910000  -1.9292430000   2.7301550000   9.5517330000  -1.6860390000   2.3232630000   8.4910850000  -1.4935490000   1.8969390000   7.3720950000  -0.0079560000   0.0002660000   0.0448210000   0.0081700000  -0.0005160000  -0.0451310000   0.0001370000  -0.0067090000  -0.0180800000  -0.0056390000   0.0274680000   0.0736720000   0.0052880000  -0.0205090000  -0.0552820000
   6.5163137717   6.7049744301 1730  6.20E+00   0.7997380000  -0.9288160000   2.5946890000  -0.6173770000  -0.9673350000   1.9702200000   0.9832980000   3.1453290000   8.5515440000   1.1574100000   2.0482760000   8.3801310000   1.1807790000   0.8943380000   8.1554840000   0.0313100000   0.0008920000   0.0137170000  -0.0313570000  -0.0007910000  -0.0139510000   0.0063890000  -0.1150470000  -0.0207510000   0.0048720000   0.1072130000   0.0209710000  -0.0112140000   0.0077330000   0.0000140000
   6.5172278712   6.7008519289 1780  2.83E+00  -1.3304090000  -0.5106240000   2.1892290000   0.0136980000   0.0036740000   1.8552150000  -0.1947560000  -0.8594350000   8.7870310000  -0.0054600000   0.2457400000   8.5253700000   0.2142640000   1.3764540000   8.4108740000  -0.0090460000  -0.0034640000   0.0023150000   0.0090470000   0.0034280000  -0.0021710000   0.0110320000   0.0527950000   0.0000990000  -0.0054530000  -0.0140280000  -0.0167550000  -0.0055790000  -0.0387300000   0.0165120000
   6.5170601677   6.7047720882 1950  5.92E+00  -0.4889630000   1.0244100000   3.0637110000  -1.5948160000   2.0984070000   3.1854410000   2.4915960000  -2.6302710000   5.6133640000   2.8711610000  -3.5573600000   6.2557360000   3.3487390000  -4.5560540000   6.5897780000   0.0237460000  -0.0230560000  -0.0027150000  -0.0240530000   0.0233400000   0.0025780000   0.0042550000   0.0027070000  -0.0268920000   0.0052670000  -0.0316740000   0.0596430000  -0.0092150000   0.0286830000  -0.0326130000
   6.5177978402   6.7039096135 2084  7.53E+00   1.3158640000   0.8628340000   3.0067170000   0.5971080000   0.3371660000   1.6820180000  -0.4911520000   0.4634810000   8.2958020000  -1.0635480000  -0.3924980000   8.9434020000  -1.7754520000  -1.2194120000   9.4017720000   0.0206160000   0.0150220000   0.0378190000  -0.0205940000  -0.0151350000  -0.0380980000   0.0207480000   0.0457190000  -0.0428770000  -0.0000400000  -0.0329950000   0.0460150000  -0.0207300000  -0.0126100000  -0.0028590000
   6.5161527917   6.7008666275 2364  1.86E+00   0.4387580000  -1.7540680000   3.8668320000  -0.6027790000  -2.0845340000   2.8607160000   0.9195270000   3.8367420000   5.6034680000   1.0789590000   4.0762730000   6.7054080000   1.2532830000   4.3120690000   7.8332680000   0.0092160000   0.0028840000   0.0089420000  -0.0092400000  -0.0030630000  -0.0088800000   0.0128630000   0.0185720000   0.0816890000  -0.0109010000  -0.0144760000  -0.0635240000  -0.0019370000  -0.0039160000  -0.0182260000
   6.5161669161   6.7047000457 2435  6.54E+00   0.5037960000  -1.4093050000   2.2986630000  -0.0061730000   0.0171570000   1.8562630000  -0.5822550000   1.2439000000   8.6487770000   0.0062880000   0.2384010000   8.5834050000   0.5766210000  -0.7320880000   8.4934300000   0.0134620000  -0.0376710000   0.0117100000  -0.0134790000   0.0377020000  -0.0116480000   0.0099220000  -0.0165750000  -0.0017770000   0.0436570000  -0.0750090000  -0.0062130000  -0.0535620000   0.0915520000   0.0079280000
   6.5194477756   6.7046610156 2529  6.11E+00   0.2104840000   1.8315300000   3.9342520000   1.5288520000   2.0627100000   3.1919230000  -3.3196140000  -4.5894430000   5.8630790000  -2.8159470000  -3.5312080000   6.0755030000  -2.2151840000  -2.4890830000   6.3881480000  -0.0247290000  -0.0042540000   0.0138400000   0.0248750000   0.0044390000  -0.0141160000  -0.0117060000  -0.0363140000  -0.0015230000  -0.0412440000  -0.0458390000  -0.0296560000   0.0528040000   0.0819680000   0.0314550000
   6.5194705681   6.7046609727 2832  2.69E+00   1.4307520000   0.1465060000   2.2022770000  -0.0171930000   0.0003980000   1.8823340000  -0.9617180000  -0.3942660000   8.5083880000   0.0127400000   0.2396330000   8.5649860000   0.9478780000   0.8908290000   8.5235160000   0.0144950000   0.0014570000   0.0032350000  -0.0144850000  -0.0014560000  -0.0031890000   0.0206400000   0.0167130000  -0.0044330000   0.0451960000   0.0257080000   0.0074550000  -0.0658450000  -0.0424220000  -0.0030670000
   6.5166386749   6.7043158680 3121  6.98E+00   0.6811340000   0.9615770000   2.9593370000   0.0884390000   0.6465970000   1.5265200000   0.0684050000  -0.9215000000   8.0448420000  -0.1877310000  -0.8762950000   9.1507730000  -0.4120770000  -1.0228420000  10.2766390000   0.0159720000   0.0085730000   0.0384750000  -0.0159920000  -0.0084060000  -0.0387760000  -0.0188700000  -0.0115560000   0.0950720000   0.0086400000   0.0211270000  -0.0574650000   0.0102490000  -0.0097380000  -0.0373060000
   6.5172449786   6.7009324177 3358  5.88E+00   0.4469080000   1.0424960000   2.7198720000   0.3976440000   0.1759780000   1.5730680000  -1.1725760000  -0.6676050000   9.9869350000  -0.7470710000  -0.2103670000   9.0031220000  -0.2806860000   0.5686490000   8.2280040000  -0.0002660000  -0.0046890000  -0.0063030000   0.0002310000   0.0045370000   0.0060110000   0.0115220000   0.0314450000  -0.0056010000  -0.0203640000  -0.0638530000   0.0001650000   0.0088760000   0.0325610000   0.0057290000
   6.5162808062   6.7045547585 3358  5.79E+00   0.4498860000   1.0521490000   2.7254560000   0.3979640000   0.1760330000   1.5715760000  -1.1721220000  -0.6661270000   9.9905190000  -0.7474030000  -0.2106750000   9.0050810000  -0.2826790000   0.5665160000   8.2300520000  -0.0000800000  -0.0013540000  -0.0018810000   0.0000450000   0.0012030000   0.0015910000   0.0113110000   0.0313390000  -0.0051160000  -0.0188280000  -0.0617150000  -0.0025880000   0.0075520000   0.0305270000   0.0079950000
   6.5167645684   6.7021058288 3506  5.63E+00   1.4227230000   0.0564930000   3.3834460000   1.3291150000  -0.4521740000   1.8780000000  -1.5159400000   0.7067320000   7.8345780000  -2.4328500000   1.0560030000   8.5413290000  -3.3852890000   1.4429120000   9.1623140000   0.0027120000   0.0142930000   0.0421670000  -0.0025870000  -0.0143230000  -0.0425200000   0.0403050000  -0.0140260000  -0.0366130000   0.0037750000  -0.0052140000   0.0141470000  -0.0442050000   0.0192700000   0.0228190000
   6.5192782267   6.7021678359 3601  2.85E+00  -0.5650340000  -0.3065030000   2.7329920000   0.0045210000   0.0064940000   1.5217260000  -0.6649530000   0.3038620000   8.1837400000  -0.0209440000   0.2446790000   9.2061020000   0.6936970000   0.1870110000  10.1344070000   0.0185510000   0.0101490000  -0.0395030000  -0.0184240000  -0.0101930000   0.0391670000  -0.0246790000   0.0028620000  -0.0497390000   0.0177860000  -0.0027290000   0.0522000000   0.0067660000  -0.0000880000  -0.0021250000
   6.5195563457   6.7042552832 3616  1.12E+00  -0.1708840000   1.5303870000   3.1706830000  -0.9657070000   1.2739360000   2.0224440000   2.2524580000  -3.0789430000   8.6453370000   1.7350910000  -2.1010300000   8.2386890000   1.2787590000  -1.1149130000   7.8707610000  -0.0096520000  -0.0030970000  -0.0140250000   0.0096090000   0.0030900000   0.0137770000   0.0072190000  -0.0049050000   0.0053630000  -0.0362640000   0.0574740000  -0.0289560000   0.0290880000  -0.0525630000   0.0238410000
   6.5194132973   6.7013172046 3692  2.23E+00   1.4243830000  -0.2931670000   2.1830170000  -0.0229490000   0.0048690000   1.8658510000  -1.0846540000  -0.1506760000   8.4807010000   0.0278960000   0.2204580000   8.5303600000   1.0885840000   0.6670070000   8.6607300000   0.0216330000  -0.0044590000   0.0048020000  -0.0216090000   0.0044600000  -0.0046860000   0.0024490000   0.0073370000   0.0073420000   0.0332970000   0.0008820000  -0.0104190000  -0.0357700000  -0.0082200000   0.0029610000
   6.5157861579   6.7020167271 3830  1.74E+00  -1.2504720000  -0.3234660000   3.2497150000  -1.0685090000  -0.8885530000   1.9166940000   2.8000140000   2.4988230000   8.9921510000   2.0048930000   1.8012490000   8.4788310000   1.1100980000   1.2946890000   7.8668330000  -0.0003130000   0.0007880000   0.0018110000   0.0002620000  -0.0008860000  -0.0021660000  -0.0031610000   0.0149510000  -0.0039930000   0.0316610000  -0.0147150000   0.0246030000  -0.0284480000  -0.0001390000  -0.0202560000
   6.5188337489   6.7036850898 3940  9.44E+00  -0.2504100000  -0.1280540000   2.0780500000  -1.6959760000   0.4362440000   2.4258010000   2.1130700000   0.0578040000   7.9291950000   3.1397780000  -0.5503790000   7.6299380000   4.0158030000  -1.1276020000   7.0982630000   0.0404990000  -0.0158170000  -0.0097510000  -0.0404840000   0.0157660000   0.0096040000  -0.0750980000   0.0414540000   0.0070900000   0.0794050000  -0.0404480000   0.0086630000  -0.0043220000  -0.0009550000  -0.0156060000
