   6.5176022312   6.2117558688   20  7.42E+00   0.8901240000   0.5898420000   2.2746210000  -0.0426210000  -0.4069240000   1.8414200000  -0.4405290000   0.0960560000   8.0199790000   0.0687650000   0.8848700000   8.7335270000   0.5456850000   1.9224710000   9.0851740000  -0.0068990000  -0.0073890000  -0.0032500000   0.0070010000   0.0074370000   0.0029830000   0.0007150000   0.0216330000  -0.0183000000  -0.0078750000  -0.0587280000   0.0354140000   0.0070590000   0.0370460000  -0.0168470000
   6.5198371736   6.2111821003  138  1.35E+00   1.1007530000  -0.2810620000   2.5711060000  -0.0159860000   0.0068030000   1.6306100000   0.0055360000   0.4079690000   7.8287860000  -0.0106310000   0.1793970000   8.9789980000   0.0129340000   0.1287640000  10.1262540000   0.0106780000  -0.0027880000   0.0088110000  -0.0106380000   0.0026720000  -0.0093190000   0.0024950000   0.0099910000   0.0166160000  -0.0042900000  -0.0248870000   0.0355470000   0.0017550000   0.0150130000  -0.0516550000
   6.5180461990   6.2132766092 1119  4.33E+00  -0.7637900000  -0.7294690000   1.9776180000   0.7927800000  -0.4585730000   2.0739200000  -2.1663770000   1.1691520000   7.2891580000  -1.4086250000   1.1385480000   8.1888680000  -0.6873870000   1.0000010000   9.0824240000  -0.0420100000  -0.0073490000  -0.0026680000   0.0422440000   0.0072810000   0.0025830000  -0.0010880000  -0.0069840000   0.0040320000   0.0251860000   0.0101530000   0.0224750000  -0.0243310000  -0.0031010000  -0.0264220000
   6.5185965746   6.2140351738 1369  6.07E+00   0.2776390000   1.5297790000   1.9289320000  -0.0042550000  -0.0247880000   1.9937240000   0.7785680000   1.1478250000   8.5534120000   0.0294910000   0.2285600000   8.3115140000  -0.7969500000  -0.6043140000   8.1296850000   0.0075670000   0.0417060000  -0.0016980000  -0.0075080000  -0.0416860000   0.0017640000   0.0325080000   0.0505480000   0.0167660000  -0.0110840000  -0.0385850000  -0.0182500000  -0.0214830000  -0.0119830000   0.0014180000
   6.5196446346   6.2138729082 1818  4.98E-01  -1.3491420000  -0.3868330000   2.1222030000   0.0121230000   0.0087040000   1.9248760000   1.0994190000   0.3321300000   8.8585920000   0.0129640000   0.2402420000   8.4670600000  -1.0846970000   0.1560990000   8.0394060000   0.0106930000   0.0031000000  -0.0016070000  -0.0105190000  -0.0030970000   0.0015150000  -0.0287020000  -0.0018080000  -0.0115900000   0.0353050000   0.0016650000   0.0144450000  -0.0067770000   0.0001400000  -0.0027630000
   6.5187331793   6.2118979891 1824  1.81E+01   0.2689410000  -1.2627200000   1.7602340000  -0.9148830000  -1.4802870000   2.9678170000   2.5816650000   3.2464780000   5.8999600000   1.6158280000   3.0153400000   6.4907710000   0.7575460000   2.6500600000   7.2957370000   0.0438970000   0.0081270000  -0.0447320000  -0.0438200000  -0.0080260000   0.0446600000  -0.0234100000  -0.0147680000   0.0325630000   0.0720520000   0.0455260000  -0.0993070000  -0.0487200000  -0.0308600000   0.0668150000
   6.5186462906   6.2108291633 1907  5.41E+00   0.8770350000  -1.0161000000   2.0629530000  -0.0103480000   0.0109460000   1.9578870000  -0.1214830000  -0.8807780000   8.7802710000  -0.0253530000   0.2491310000   8.3936430000   0.1369390000   1.3907810000   8.0117090000  -0.0350990000   0.0405900000  -0.0041150000   0.0350660000  -0.0407200000   0.0041240000   0.0000030000  -0.0425870000   0.0161160000  -0.0125330000  -0.0206590000   0.0027760000   0.0125630000   0.0633760000  -0.0189010000
   6.5182209044   6.2122000037 2267  2.66E+00  -1.0625990000  -0.9045860000   2.2175820000   0.0192940000   0.0133700000   1.8654190000   0.5733170000   1.0394090000   7.9672000000  -0.0559410000   0.2647610000   8.5505490000  -0.5607310000  -0.5602730000   9.1590580000  -0.0025640000  -0.0021820000   0.0008570000   0.0024290000   0.0020380000  -0.0009170000  -0.0164070000  -0.0354840000   0.0280900000  -0.0238910000  -0.0113270000   0.0064880000   0.0404320000   0.0469550000  -0.0345170000
   6.5177184287   6.2131627934 2516  1.59E+00   1.0918100000   1.2152620000   2.9477080000   0.8843320000   0.3996460000   1.8161800000  -1.7875960000  -0.7631210000   9.7503610000  -1.5627430000  -0.5280850000   8.6393460000  -1.5246170000  -0.2252680000   7.5091440000  -0.0032230000  -0.0130120000  -0.0181880000   0.0035100000   0.0130510000   0.0177970000  -0.0068310000   0.0114700000  -0.0329460000   0.0212010000  -0.0112430000   0.0151430000  -0.0146570000  -0.0002670000   0.0181940000
   6.5192641078   6.2101740587 3105  1.75E+00  -0.7266310000   0.7373130000   1.8131520000   0.3427840000  -0.2206230000   2.0004710000  -0.2109570000  -0.3129970000   8.8525010000  -0.5818230000   0.6523620000   8.3302540000  -1.0184400000   1.5663370000   7.7901260000   0.0022430000  -0.0020230000   0.0003610000  -0.0021720000   0.0019100000  -0.0003550000  -0.0164670000   0.0262710000  -0.0163920000  -0.0018120000   0.0261170000  -0.0130320000   0.0182090000  -0.0522750000   0.0294180000
