   6.5152517729   6.0899506423   45  1.93E+00  -0.3795280000  -1.9749360000   2.6751660000  -1.4989000000  -1.1116600000   3.0665260000   3.1744250000   2.1026380000   5.2836910000   2.7874200000   2.3324850000   6.3987490000   2.2428470000   2.5103770000   7.4304620000   0.0041620000  -0.0032660000  -0.0014560000  -0.0043440000   0.0031830000   0.0015310000   0.0056010000  -0.0104180000  -0.0445400000   0.0094980000   0.0112790000   0.0380920000  -0.0149170000  -0.0007780000   0.0063740000
   6.5172229525   6.0894463478  123  2.66E+00  -1.6854000000  -0.8091580000   2.2107070000  -0.3011530000  -0.1763870000   2.0826890000  -0.5095560000   0.4603300000   8.5668320000   0.5926660000   0.6037320000   8.1511070000   1.6748600000   0.7060250000   7.7746200000  -0.0251950000  -0.0115160000   0.0023620000   0.0251740000   0.0115340000  -0.0022920000  -0.0176480000  -0.0047310000   0.0103220000   0.0658020000   0.0117120000  -0.0310870000  -0.0481330000  -0.0069990000   0.0206950000
   6.5186245392   6.0864110513  142  4.94E-01  -1.9911160000   0.6170860000   3.8546710000  -1.7038410000   0.7508120000   2.4755930000   3.5185330000  -1.5385390000   8.4480080000   3.1951940000  -1.1182880000   7.4019420000   2.7176890000  -0.7229080000   6.3900050000   0.0039100000   0.0018900000  -0.0193270000  -0.0043370000  -0.0017930000   0.0190950000  -0.0095210000  -0.0019350000   0.0030100000   0.0245090000  -0.0011630000   0.0068800000  -0.0145620000   0.0030010000  -0.0096580000
   6.5186042226   6.0850534808  454 -2.22E-01  -1.2273300000  -0.2483800000   2.2770420000  -1.2493830000   1.2064570000   2.4652860000   2.0713130000  -2.2812610000   8.5751830000   2.3224850000  -1.9355160000   7.4774830000   2.5022540000  -1.5877700000   6.3569940000   0.0000010000  -0.0056210000  -0.0007530000  -0.0003410000   0.0057630000   0.0006250000  -0.0065370000  -0.0033020000   0.0091250000   0.0073510000  -0.0014430000   0.0081850000  -0.0004740000   0.0046030000  -0.0171820000
   6.5172552754   6.0867857313  928  3.79E+00  -0.1726120000   0.9626830000   1.5179440000  -0.4278630000  -0.3871210000   2.2127290000  -0.3462480000   1.2722530000   8.0683910000   0.7724000000   0.9523930000   7.9663130000   1.9141370000   0.5731850000   7.8059750000   0.0052170000   0.0276130000  -0.0141880000  -0.0052530000  -0.0275880000   0.0142260000   0.0105140000  -0.0058800000  -0.0029400000  -0.0710980000   0.0287420000   0.0131390000   0.0606190000  -0.0228870000  -0.0102370000
   6.5198380360   6.0874134407 1025  3.08E+00  -0.4963930000  -1.8592390000   3.1289690000  -0.1497110000  -0.8989770000   1.9723540000  -0.4894340000   1.6525500000   7.4887750000   0.2446390000   1.9698920000   8.3536140000   1.0847540000   2.1631810000   9.1938380000  -0.0072570000  -0.0202630000   0.0242710000   0.0073900000   0.0200840000  -0.0245740000   0.0040860000  -0.0076830000  -0.0025420000  -0.0470060000   0.0068800000  -0.0323920000   0.0427870000   0.0009820000   0.0352360000
   6.5163045420   6.0870149876 1120  2.58E+00   1.2806300000   0.9126850000   2.4952630000   0.6619700000  -0.3923840000   1.8972840000  -0.3317960000   0.9847070000   7.7426070000  -1.2361540000   0.9139370000   8.5059220000  -2.1269480000   0.9190390000   9.2405150000   0.0150380000   0.0316970000   0.0143800000  -0.0150870000  -0.0318210000  -0.0148490000   0.0096730000   0.0062210000  -0.0075500000  -0.0374360000  -0.0111300000   0.0318000000   0.0278120000   0.0050340000  -0.0237810000
   6.5165968841   6.0854750009 1539  1.34E+01   1.0480120000   1.0540780000   1.9508840000   0.2657100000   0.0227080000   2.0373810000  -0.4231170000  -0.9543220000   8.6232450000  -0.5278420000   0.1517700000   8.2093630000  -0.5736810000   1.3482460000   7.9171240000  -0.0648310000  -0.0855030000   0.0071420000   0.0648350000   0.0852990000  -0.0071340000   0.0054700000  -0.0191320000   0.0168490000  -0.0052560000  -0.0705860000  -0.0049340000  -0.0002180000   0.0899230000  -0.0119230000
   6.5164088539   6.0888548099 1577  3.05E+00  -1.1248300000  -0.9880580000   1.9650070000   0.1345880000  -0.2722550000   2.0556490000   0.3430060000  -0.1598650000   8.7182410000  -0.2720480000   0.7395600000   8.1900920000  -0.7400770000   1.7143130000   7.7444680000   0.0011400000   0.0006390000   0.0001250000  -0.0011270000  -0.0007180000  -0.0000360000   0.0383970000  -0.0379840000   0.0314980000  -0.0514730000   0.0414100000  -0.0422300000   0.0130630000  -0.0033470000   0.0106420000
   6.5197763921   6.0890610194 1675  4.26E+00  -0.3354770000  -0.5109870000   1.6196160000   0.8093670000  -0.6652010000   2.3221440000  -0.4142510000   1.0349150000   8.0395760000  -1.4725380000   1.4587990000   7.7298140000  -2.5013600000   1.9120130000   7.4594830000   0.0513650000  -0.0068990000   0.0315860000  -0.0514850000   0.0069450000  -0.0316080000   0.0079740000  -0.0000080000   0.0063050000  -0.0415090000   0.0116780000  -0.0184600000   0.0336550000  -0.0117160000   0.0121770000
   6.5150719341   6.0858869788 1675  4.50E+00  -0.3346660000  -0.5110290000   1.6258910000   0.8097200000  -0.6654620000   2.3218750000  -0.4142950000   1.0336000000   8.0361550000  -1.4718820000   1.4623520000   7.7298790000  -2.5036200000   1.9119680000   7.4638010000   0.0539020000  -0.0072530000   0.0328480000  -0.0540210000   0.0073000000  -0.0328720000   0.0081370000  -0.0007800000   0.0064570000  -0.0410290000   0.0127010000  -0.0183950000   0.0330120000  -0.0119680000   0.0119620000
   6.5156574734   6.0875188429 1759  2.12E+00  -0.4422390000  -0.0371760000   1.7549380000   0.0510370000  -1.2318150000   2.3445850000  -0.1970170000   1.8807550000   8.7190930000  -0.0432860000   2.5288340000   7.7307410000   0.0024840000   3.0628590000   6.6586670000   0.0058310000  -0.0141710000   0.0069300000  -0.0058270000   0.0139190000  -0.0069760000  -0.0108410000  -0.0246030000   0.0233420000   0.0158990000   0.0133690000   0.0146120000  -0.0050620000   0.0114860000  -0.0379080000
   6.5173742589   6.0889974597 1920  2.38E+00  -1.5769870000  -1.1782920000   2.9300050000  -0.2526730000  -1.2182650000   2.2236660000  -0.0057930000   1.4645340000   7.6842090000   0.4383610000   2.5274310000   7.8981190000   1.0379850000   3.4843520000   8.0977640000  -0.0168820000   0.0005030000   0.0088900000   0.0169010000  -0.0005140000  -0.0092960000   0.0180050000   0.0090580000   0.0041040000   0.0009050000   0.0465070000   0.0068830000  -0.0189280000  -0.0555550000  -0.0105820000
   6.5166707326   6.0850757722 2063  6.77E+00  -1.2763510000  -0.3350750000   2.1871010000   0.2396750000  -0.7358380000   2.0209190000   0.2501970000   0.6424850000   7.9478290000  -0.3612970000   1.6027050000   8.3413420000  -1.0955570000   2.5381080000   8.5607900000  -0.0398740000   0.0105640000   0.0043510000   0.0397940000  -0.0105040000  -0.0046010000   0.0178500000  -0.0399130000  -0.0241360000   0.0262390000  -0.0060610000   0.0226190000  -0.0440090000   0.0459140000   0.0017670000
   6.5198497641   6.0892533135 2143  3.53E+00   0.2500480000   1.5012610000   1.8845480000  -0.0045710000  -0.0154620000   2.0453700000  -0.8283360000   1.0186330000   7.9893640000  -0.0385290000   0.2224210000   8.2712320000   0.8643370000  -0.5152930000   8.4688370000   0.0055220000   0.0328040000  -0.0034860000  -0.0054850000  -0.0328750000   0.0034910000   0.0346710000  -0.0232080000   0.0056630000  -0.0502760000   0.0257080000  -0.0029490000   0.0155680000  -0.0024280000  -0.0027200000
   6.5154311858   6.0852770839 2143  3.80E+00   0.2510590000   1.5081060000   1.8855330000  -0.0045890000  -0.0155400000   2.0470620000  -0.8285400000   1.0173350000   7.9871690000  -0.0377870000   0.2225170000   8.2663380000   0.8640110000  -0.5141100000   8.4661900000   0.0058400000   0.0347160000  -0.0036870000  -0.0058030000  -0.0347870000   0.0036940000   0.0360900000  -0.0246620000   0.0064180000  -0.0500190000   0.0258780000  -0.0036960000   0.0138910000  -0.0011450000  -0.0027290000
   6.5176995126   6.0876391349 2209  1.64E+00   1.2859690000  -0.7433560000   2.0193540000  -0.0192290000   0.0065930000   1.9777100000   0.7678920000   1.0562030000   8.7471030000   0.0274060000   0.2613810000   8.3349640000  -0.7734510000  -0.5508400000   7.9926720000   0.0179930000  -0.0102910000   0.0006050000  -0.0178510000   0.0104330000  -0.0006320000  -0.0183330000  -0.0164450000  -0.0024130000   0.0382220000   0.0335150000   0.0026160000  -0.0200320000  -0.0172130000  -0.0001760000
   6.5175392862   6.0851083306 2483  3.09E+00   0.4692310000  -0.4092280000   1.5881780000  -0.8551500000  -0.0001540000   2.2260810000   2.6102390000  -0.1254660000   7.6623590000   1.5464570000   0.2232810000   7.9848830000   0.4701040000   0.6720780000   8.1269580000   0.0237460000  -0.0073420000  -0.0114120000  -0.0237110000   0.0072900000   0.0113660000  -0.0209150000   0.0136650000  -0.0049200000   0.0155930000  -0.0182510000   0.0164740000   0.0052880000   0.0046370000  -0.0115080000
   6.5198669427   6.0899256729 2810  3.75E+00  -1.3647940000   0.5805090000   1.7803200000   0.0168610000  -0.0007490000   2.1015680000   0.6074090000  -0.7420320000   8.1172930000   0.0294820000   0.2622000000   8.1414000000  -0.6277640000   1.2000410000   8.1642710000  -0.0266150000   0.0111950000  -0.0061750000   0.0266230000  -0.0111470000   0.0062360000  -0.0248030000   0.0281380000   0.0024620000  -0.0068360000   0.0301000000  -0.0027170000   0.0316310000  -0.0582850000   0.0001940000
   6.5182360817   6.0887147095 2986  4.05E+00  -1.8671480000   0.1136000000   2.8292310000  -0.6770300000   0.5839310000   1.8995500000   1.9149420000  -1.5384100000   9.1764410000   1.2899620000  -0.8072530000   8.4570270000   0.6155750000  -0.0913640000   7.8110300000  -0.0320400000  -0.0126850000   0.0249120000   0.0320230000   0.0126040000  -0.0252850000   0.0227430000  -0.0309830000   0.0344920000  -0.0189880000   0.0308360000  -0.0393720000  -0.0037380000   0.0002280000   0.0052530000
   6.5190371287   6.0856220806 2986  4.05E+00  -1.8657290000   0.1153790000   2.8290480000  -0.6772990000   0.5841510000   1.8991890000   1.9151800000  -1.5373720000   9.1817530000   1.2910440000  -0.8085360000   8.4574590000   0.6157820000  -0.0926510000   7.8072070000  -0.0317420000  -0.0125430000   0.0247170000   0.0317240000   0.0124620000  -0.0250960000   0.0236810000  -0.0319640000   0.0358990000  -0.0167880000   0.0284240000  -0.0378130000  -0.0068750000   0.0036200000   0.0022920000
   6.5184285462   6.0869143092 3110  4.77E+00   0.0201870000  -1.3321200000   1.8819030000   0.0021250000   0.0157020000   2.0321040000  -1.1177820000   0.5273890000   7.9931870000   0.0038360000   0.2217630000   8.2123920000   1.1030170000  -0.0006830000   8.5756070000  -0.0007460000   0.0571720000   0.0064130000   0.0008770000  -0.0572100000  -0.0063250000  -0.0120070000   0.0083960000   0.0091420000   0.0069400000  -0.0125400000  -0.0218400000   0.0049360000   0.0041820000   0.0126090000
   6.5150160357   6.0869665786 3321  2.25E+00   0.6425230000  -1.3197960000   1.9464760000  -0.0144310000   0.0150450000   2.0227310000  -0.6008960000  -0.7095480000   8.0378940000  -0.0161560000   0.2771190000   8.2283100000   0.6446160000   1.1972010000   8.5616940000   0.0065250000  -0.0132100000  -0.0007540000  -0.0064730000   0.0133390000   0.0008210000   0.0192220000   0.0194520000   0.0161940000  -0.0286550000  -0.0210880000  -0.0292880000   0.0093810000   0.0015060000   0.0130280000
   6.5150233637   6.0897651732 3337  2.04E+00  -1.3713880000  -1.4019440000   3.7080830000  -1.5186410000  -0.8919430000   2.4359270000   3.3810950000   2.0811880000   8.4952350000   2.7504680000   1.9323090000   7.4947160000   2.2250060000   1.6988150000   6.4804690000  -0.0045580000   0.0154740000  -0.0387910000   0.0042530000  -0.0157150000   0.0385810000   0.0243760000  -0.0011990000   0.0268230000  -0.0415230000   0.0018040000  -0.0450090000   0.0174520000  -0.0003630000   0.0183960000
   6.5175020557   6.0865740727 3345  2.52E+00   2.2471500000   0.9079420000   2.9699480000   1.2533170000   0.0062060000   2.4566640000  -1.4833600000   0.5611510000   8.2329200000  -2.3638030000   0.2149860000   7.5237110000  -3.1430860000  -0.1230620000   6.6639570000  -0.0058040000  -0.0052580000  -0.0029710000   0.0058920000   0.0052760000   0.0029850000   0.0173140000   0.0051860000   0.0015540000   0.0127220000   0.0095780000   0.0449990000  -0.0301230000  -0.0147820000  -0.0465670000
   6.5159624440   6.0887561901 3433  3.75E+00   1.7979150000  -0.1230180000   2.9679760000   0.7599100000  -0.5098570000   1.8805450000  -1.4593840000   1.6556610000   9.5948560000  -1.3481590000   1.1365840000   8.5333500000  -1.4370090000   0.7328840000   7.4214920000   0.0236120000   0.0087630000   0.0245840000  -0.0233170000  -0.0088170000  -0.0249350000  -0.0150770000   0.0177590000   0.0183440000   0.0294310000  -0.0207520000  -0.0037760000  -0.0146490000   0.0030460000  -0.0142180000
   6.5186126156   6.0889242960 3549  2.04E+00   1.5665610000   0.4537030000   2.5766270000   0.4142870000  -0.1542720000   1.8040780000  -1.1412820000  -0.0618150000   7.6902190000  -0.8155080000   0.5775260000   8.6431520000  -0.4142680000   1.0578260000   9.6502520000   0.0181330000   0.0095890000   0.0121010000  -0.0179350000  -0.0094590000  -0.0124030000  -0.0033630000  -0.0243980000  -0.0162790000  -0.0093220000   0.0245970000  -0.0072540000   0.0124870000  -0.0003290000   0.0238350000
   6.5175625001   6.0857373249 3869  5.88E+00   1.2080040000   0.9229730000   1.9873550000  -0.0108180000  -0.0147740000   1.9665470000   1.0740590000  -0.0562400000   7.9546620000  -0.0107900000   0.3350080000   8.3628910000  -1.0880390000   0.5080580000   8.8219160000   0.0245580000   0.0189560000   0.0003940000  -0.0247660000  -0.0188540000  -0.0004970000   0.0651370000  -0.0360490000  -0.0193240000  -0.0465220000   0.0456360000   0.0076220000  -0.0184070000  -0.0096880000   0.0118050000
