   6.5239997904   6.8333522896  474  7.20E+00   0.7780690000  -0.3791840000   3.0602930000   0.5044260000  -1.3238870000   1.8411280000  -0.8137160000   2.3433090000   7.4544050000  -0.9224620000   2.5500360000   8.6361730000  -1.0620400000   3.0657720000   9.6757930000   0.0068460000   0.0232540000   0.0300410000  -0.0067220000  -0.0235340000  -0.0303120000   0.0009170000   0.0146980000  -0.0443030000  -0.0003830000  -0.0294610000   0.0640890000  -0.0006580000   0.0150440000  -0.0195150000
   6.5202767840   6.8322241835  487  2.07E+00   0.0060790000  -0.9200170000   3.1720570000  -0.1041840000  -1.0656790000   1.6708890000  -0.2489340000   1.5687410000   7.9731240000   0.2323530000   2.2048150000   8.8902940000   0.5944430000   2.8440100000   9.8094820000   0.0017140000   0.0021280000   0.0225000000  -0.0016140000  -0.0022590000  -0.0228530000  -0.0320540000  -0.0319760000  -0.0456930000   0.0353110000   0.0252080000   0.0361770000  -0.0033570000   0.0068990000   0.0098700000
   6.5217149045   6.8311279734  706  5.51E+00  -0.8215340000  -0.8495170000   2.3797030000   0.0125000000   0.0083710000   1.7425380000  -0.1894990000   1.3883930000   8.4297680000  -0.0403310000   0.2342030000   8.7631220000   0.2091050000  -0.8648160000   9.1403950000   0.0357180000   0.0367100000  -0.0272300000  -0.0357140000  -0.0368060000   0.0272950000  -0.0013110000   0.0595040000  -0.0121110000  -0.0106050000  -0.0363580000  -0.0005450000   0.0119120000  -0.0230500000   0.0125920000
   6.5209809244   6.8301868563  736  3.74E+00  -0.8739060000   1.3087420000   3.0462110000  -0.5738950000   0.6854140000   1.7114200000   0.7341430000  -0.4197350000   9.8108560000   1.0670190000  -1.0060720000   8.8252800000   1.3860800000  -1.6429150000   7.8260610000  -0.0039910000   0.0082850000   0.0176700000   0.0038920000  -0.0081270000  -0.0177110000  -0.0124390000   0.0178740000   0.0348590000  -0.0086500000   0.0281840000   0.0316770000   0.0211880000  -0.0462170000  -0.0664940000
   6.5201201954   6.8337052038  814  4.37E+00   1.2124740000  -0.6341800000   3.0778480000   0.9033380000  -1.9208380000   2.7608870000  -1.7923170000   3.6092540000   5.7359590000  -1.7220040000   3.7329030000   6.9287430000  -1.5028590000   3.9092300000   8.0813980000  -0.0123030000  -0.0514170000  -0.0126300000   0.0124020000   0.0512420000   0.0126830000   0.0058330000   0.0001410000  -0.0436480000  -0.0193510000  -0.0073560000   0.0212710000   0.0134200000   0.0073900000   0.0223240000
   6.5246169678   6.8316684128 1022  5.56E+00   1.3375140000  -0.3531840000   2.9111950000   0.6615730000  -0.9808890000   1.9103050000  -0.8141690000   1.7501800000   9.5353520000  -1.1544800000   2.0677950000   8.4338260000  -1.7074960000   2.3062560000   7.4106580000  -0.0267630000  -0.0249050000  -0.0396480000   0.0269020000   0.0248220000   0.0396730000  -0.0030920000  -0.0142860000   0.0389610000   0.0251050000   0.0149570000  -0.0298320000  -0.0221510000  -0.0005880000  -0.0091540000
   6.5243332807   6.8327467731 1291  3.11E+00   0.2267410000   0.1315410000   2.8468800000   1.1212900000   0.3509830000   1.6473630000  -2.2669530000  -0.4379810000  10.1049550000  -2.0156920000  -0.4788740000   8.9432570000  -1.8341530000  -0.2760340000   7.7758730000  -0.0134290000  -0.0033120000   0.0179630000   0.0136310000   0.0033170000  -0.0182870000  -0.0104630000   0.0159270000   0.0279190000   0.0099750000  -0.0366900000   0.0052810000   0.0002870000   0.0207580000  -0.0328750000
   6.5229121007   6.8339309943 1889  6.16E+00  -0.8400800000   1.3460770000   2.6727200000  -0.4549950000   0.1216330000   1.7600950000   0.0663120000   0.8461900000   8.5354820000   0.8740700000   0.0273670000   8.8266680000   1.6028080000  -0.8713340000   8.8808290000  -0.0099810000   0.0317880000   0.0236490000   0.0100490000  -0.0318600000  -0.0237670000  -0.0127680000   0.0021910000  -0.0173990000   0.0401890000  -0.0240030000   0.0346160000  -0.0274880000   0.0218840000  -0.0171000000
   6.5214811097   6.8331314893 1902  9.04E+00   0.4961000000  -1.1156370000   2.3437500000   1.1598150000  -2.0222670000   3.5203660000  -2.6958890000   3.0540750000   5.9812570000  -2.1448900000   3.9326870000   5.5169680000  -1.5176010000   4.8513250000   5.1491430000  -0.0211630000   0.0289440000  -0.0374810000   0.0211650000  -0.0288510000   0.0374610000   0.0470260000   0.0713970000  -0.0278200000  -0.0452880000  -0.0653170000   0.0163100000  -0.0017400000  -0.0061730000   0.0115310000
   6.5221978955   6.8324442070 1962  2.15E+00  -0.3241220000   0.2410280000   2.5197140000   0.7195210000  -0.0481030000   1.6223060000  -0.8604320000   0.6669960000  10.0134220000  -1.2865500000   0.3950590000   8.9686730000  -1.7468010000  -0.0508410000   7.9940830000   0.0184060000  -0.0050420000  -0.0158430000  -0.0182270000   0.0051330000   0.0156770000  -0.0132550000  -0.0191060000  -0.0207240000   0.0061020000   0.0216790000  -0.0069490000   0.0069740000  -0.0026640000   0.0278390000
   6.5232655005   6.8331894179 2110  7.35E+00   1.4955010000  -0.9630920000   3.2702620000   0.8042580000  -0.6256200000   1.9159830000  -2.6537990000   1.5731170000   8.4228440000  -1.4989740000   1.4930730000   8.5193920000  -0.3318050000   1.1788860000   8.4079470000   0.0161800000  -0.0079290000   0.0316350000  -0.0162540000   0.0079110000  -0.0318280000   0.0264370000  -0.0166660000  -0.0106210000  -0.0779680000   0.0450640000   0.0275990000   0.0516050000  -0.0283790000  -0.0167860000
   6.5215935894   6.8337341695 2377  1.78E+00  -0.4619240000   1.0368890000   2.1042170000   0.4508870000  -0.0426750000   1.8421900000  -1.6408840000  -0.4999580000   8.6644860000  -0.8076970000   0.3105570000   8.5760070000   0.0244840000   1.1023010000   8.5658150000   0.0049640000  -0.0059010000  -0.0013790000  -0.0050100000   0.0058720000   0.0014850000   0.0156160000   0.0140840000   0.0052020000   0.0261950000   0.0267590000  -0.0129530000  -0.0417650000  -0.0408140000   0.0076450000
   6.5204057024   6.8311382840 2606  8.55E+00  -0.4320550000   0.7834480000   2.7419800000  -0.0731830000   0.2657870000   1.5045470000  -0.2243940000   0.4284540000   8.3320740000   0.0627910000  -0.3632880000   9.1416530000   0.5699740000  -0.8448230000  10.1196870000   0.0092000000  -0.0133060000  -0.0317900000  -0.0091760000   0.0131710000   0.0315940000   0.0213030000   0.0029240000   0.0314000000  -0.0512240000  -0.0092830000  -0.0721660000   0.0298960000   0.0064940000   0.0409630000
   6.5233970597   6.8339445338 2900  5.55E+00  -1.6199600000   1.0613620000   3.9996930000  -2.4085460000   0.2280370000   3.2761750000   4.5960950000   0.2521030000   7.0413940000   4.4542520000  -0.2605680000   5.9773580000   4.1910400000  -0.5745620000   4.8586090000  -0.0334070000  -0.0352820000  -0.0306040000   0.0332940000   0.0353130000   0.0306870000  -0.0037340000   0.0235930000   0.0202230000   0.0154330000  -0.0292450000   0.0061250000  -0.0115870000   0.0056210000  -0.0264310000
   6.5237036162   6.8301938328 2917  7.45E+00   1.4299930000  -1.1497440000   3.2429880000   0.5061760000  -1.3058180000   2.1587890000  -1.5657530000   3.0238300000   7.0180900000  -0.8978560000   2.6868670000   7.9779900000  -0.3782910000   2.2408290000   9.0082180000  -0.0066210000  -0.0011070000  -0.0077400000   0.0066910000   0.0010920000   0.0078070000  -0.0473660000   0.0149800000  -0.0516700000   0.0136740000   0.0258800000  -0.0351280000   0.0336220000  -0.0408450000   0.0867310000
   6.5242918621   6.8337327616 3139  1.90E+00   0.9202630000   0.9606310000   2.3629450000  -0.0132800000  -0.0082880000   1.7512650000   0.8766040000  -0.4654450000   9.0599520000  -0.0411880000   0.1978220000   8.7707620000  -0.8373390000   0.9854880000   8.4619460000   0.0064510000   0.0066620000   0.0042480000  -0.0064180000  -0.0067390000  -0.0042020000  -0.0038800000   0.0176180000  -0.0041710000  -0.0258200000  -0.0052350000  -0.0043000000   0.0296670000  -0.0123070000   0.0084250000
   6.5206593868   6.8329847666 3670  1.11E+00  -0.7627500000  -0.7983210000   3.5342690000  -1.2281070000  -1.7817100000   2.4963570000   2.7189340000   4.2176950000   8.1643170000   2.2926420000   3.4792260000   7.3925290000   1.7415060000   2.8067290000   6.5972480000   0.0060400000   0.0128170000   0.0135750000  -0.0062200000  -0.0131210000  -0.0138030000  -0.0260140000  -0.0253920000  -0.0330230000   0.0328370000   0.0183120000   0.0320080000  -0.0066430000   0.0073840000   0.0012430000
   6.5241780539   6.8346677403 3689  5.19E+00  -1.4062830000  -0.2643610000   2.3384440000   0.0155290000   0.0006390000   1.7790500000  -0.5641300000  -0.7727020000   8.9711910000  -0.0417260000   0.2846280000   8.6946610000   0.6064980000   1.2601720000   8.4706130000  -0.0318180000  -0.0059240000   0.0125780000   0.0317910000   0.0059160000  -0.0124850000  -0.0190350000  -0.0582490000   0.0182010000  -0.0062640000   0.0360110000  -0.0165010000   0.0253260000   0.0222460000  -0.0017930000
   6.5242051137   6.8331640058 3973  5.01E+00  -1.0175770000  -0.7982290000   2.5072170000   0.2202030000  -0.4758830000   1.7691570000  -1.1435380000   1.9936080000   8.9005980000  -0.4632960000   1.0788920000   8.7309170000   0.4557000000   0.3111120000   8.5527630000  -0.0081880000  -0.0020850000   0.0048830000   0.0080450000   0.0021600000  -0.0049130000   0.0422950000  -0.0258980000  -0.0064010000  -0.0948470000   0.0466700000   0.0124700000   0.0526950000  -0.0208480000  -0.0060380000
