   6.5207592558   6.7166945061   78  5.67E+00   0.8436940000  -1.2143850000   2.2950650000  -0.0101350000   0.0159650000   1.8582100000  -0.0987480000  -0.8891540000   8.6987340000  -0.0496110000   0.2617840000   8.5834060000   0.1334550000   1.3770830000   8.4339780000   0.0203440000  -0.0293080000   0.0104390000  -0.0203760000   0.0293250000  -0.0103750000   0.0118410000   0.0391840000  -0.0053260000  -0.0091700000   0.0407920000  -0.0039610000  -0.0026380000  -0.0799920000   0.0092230000
   6.5210504344   6.7180457373  307  4.93E+00   0.6235110000   1.4023420000   2.1483850000  -0.0092900000  -0.0186120000   1.8759440000  -0.5971860000  -0.7318150000   8.6401070000   0.0167070000   0.2465020000   8.5374320000   0.5917560000   1.2390430000   8.4477920000   0.0167920000   0.0377090000   0.0072560000  -0.0168070000  -0.0377490000  -0.0071800000   0.0153070000   0.0299530000  -0.0007660000   0.0142580000   0.0151550000  -0.0059790000  -0.0295500000  -0.0450680000   0.0066680000
   6.5201313839   6.7177251654  422  1.45E+01   2.1834660000  -0.5129060000   4.2684550000   1.8881810000  -0.9964430000   3.1071470000  -3.8057400000   1.9056410000   5.1771720000  -3.4698390000   2.0777190000   6.2282810000  -3.1570650000   2.2310880000   7.3617020000  -0.0257920000  -0.0421260000  -0.1012180000   0.0257200000   0.0421770000   0.1012660000   0.0373830000   0.0198870000   0.1327780000  -0.0373650000  -0.0204940000  -0.1496790000   0.0000540000   0.0005560000   0.0168530000
   6.5243906615   6.7155039505  892  1.15E+00  -0.4148410000  -0.7677260000   2.8613750000   0.3807490000  -0.7652910000   1.6866350000  -0.9200530000   1.8322870000   7.7412610000  -0.7233830000   1.7047560000   8.8912430000  -0.4123230000   1.4460480000   9.9815680000   0.0100000000  -0.0000560000  -0.0148070000  -0.0099060000  -0.0001480000   0.0145700000   0.0093240000  -0.0094000000   0.0076210000  -0.0112510000   0.0134900000   0.0172740000   0.0018340000  -0.0038860000  -0.0246580000
   6.5216686105   6.7191811486 1308  4.33E+00  -0.9189140000   0.9640750000   2.1613030000   0.0095930000  -0.0118920000   1.8690360000  -0.9591480000  -0.3868950000   8.6251990000  -0.0082180000   0.2896660000   8.5837610000   0.9753010000   0.8557700000   8.4616050000   0.0283250000  -0.0297610000  -0.0088780000  -0.0283230000   0.0297850000   0.0089360000   0.0194690000   0.0039830000  -0.0052330000   0.0420630000   0.0409430000   0.0017500000  -0.0615340000  -0.0449510000   0.0034250000
   6.5214176386   6.7171944681 1702  1.54E+00   0.2716140000   1.2561930000   2.2811380000  -0.2410870000  -0.0087270000   1.7736290000   1.4014540000  -0.2699070000   8.2816660000   0.4352410000   0.2166070000   8.7170820000  -0.5412520000   0.7594160000   9.1739920000   0.0002840000   0.0007510000   0.0003360000  -0.0003500000  -0.0007290000  -0.0002800000  -0.0127230000   0.0095990000   0.0083670000   0.0571110000  -0.0374140000  -0.0312860000  -0.0443220000   0.0277940000   0.0228620000
   6.5203203330   6.7197795622 1737  2.62E+00   1.3021430000  -0.2068290000   2.3725450000  -0.0173290000  -0.0005090000   1.7513730000  -0.1224000000   1.3968060000   9.1211150000   0.0458600000   0.2522000000   8.7542080000   0.0924750000  -0.8828860000   8.4120630000   0.0072690000  -0.0010990000   0.0034470000  -0.0072600000   0.0012020000  -0.0034210000  -0.0163090000   0.0627360000   0.0223140000   0.0226180000  -0.0416820000  -0.0187880000  -0.0063190000  -0.0211560000  -0.0035520000
   6.5220694143   6.7197094957 1949  3.82E+00   0.1082580000  -1.6563060000   3.2559070000  -0.5595990000  -1.1031970000   1.9559180000   0.7763140000   1.9850280000   9.4754540000   1.0438040000   2.2613690000   8.3856210000   1.2280560000   2.6190340000   7.2572180000   0.0161830000  -0.0134850000   0.0315720000  -0.0162730000   0.0132620000  -0.0316040000   0.0024040000   0.0136470000  -0.0335450000  -0.0024560000  -0.0298900000   0.0663430000   0.0001410000   0.0164660000  -0.0327660000
   6.5229103478   6.7158774434 2372  4.60E+00   1.4284300000   0.0985040000   2.3217500000  -0.0369880000   0.3329110000   1.8398210000   0.1436610000  -1.4913590000   8.3006580000   0.0195420000  -0.3816580000   8.6725640000  -0.0636000000   0.7966970000   8.8552800000   0.0350180000  -0.0055890000   0.0115280000  -0.0350290000   0.0056250000  -0.0115260000   0.0027680000   0.0019210000  -0.0113650000  -0.0029550000  -0.0392480000   0.0170960000   0.0001990000   0.0372900000  -0.0057330000
   6.5214125348   6.7154286066 2401  6.64E+00   0.7595150000  -0.8033590000   2.4765810000  -0.6400990000  -0.6667620000   1.8548590000   1.9058910000   0.9269930000   9.2291560000   1.1160110000   1.4784150000   8.5753710000   0.4052830000   2.0314260000   7.9148870000   0.0282080000  -0.0027700000   0.0125550000  -0.0281550000   0.0026770000  -0.0125530000  -0.0131830000   0.0140780000  -0.0157840000  -0.0817620000   0.0540730000  -0.0675380000   0.0948910000  -0.0680580000   0.0833200000
   6.5212491571   6.7159624940 2435  6.86E+00   0.5046620000  -1.4119610000   2.2966740000  -0.0061870000   0.0171970000   1.8528860000  -0.5836710000   1.2427910000   8.6557570000   0.0068240000   0.2381600000   8.5860260000   0.5776530000  -0.7308320000   8.5014750000   0.0136950000  -0.0383280000   0.0119310000  -0.0137110000   0.0383590000  -0.0118640000   0.0094640000  -0.0158540000  -0.0010780000   0.0461810000  -0.0788860000  -0.0074310000  -0.0556300000   0.0947090000   0.0084420000
   6.5242212867   6.7158158375 2467  8.67E+00  -1.8867600000   0.4284850000   2.8926860000  -0.7656540000  -0.1875490000   1.9569140000   0.3880470000   0.7891610000   8.8488220000   1.4989070000   0.6458480000   8.4654300000   2.4294590000   0.3233430000   7.8418460000  -0.0306140000   0.0168430000   0.0255530000   0.0305950000  -0.0168140000  -0.0255930000  -0.0168440000  -0.0117370000  -0.0138850000   0.0506280000   0.0165010000   0.0147850000  -0.0337650000  -0.0047920000  -0.0008590000
   6.5202412559   6.7180898043 2496  2.52E+00   0.9492940000  -0.6277140000   2.4607820000  -0.0125470000   0.0064470000   1.7152830000   0.8599380000   0.9307880000   9.2697620000  -0.0066090000   0.2570170000   8.8496040000  -0.8521220000  -0.4287040000   8.3664850000  -0.0323450000   0.0213730000  -0.0250810000   0.0324510000  -0.0212890000   0.0250390000   0.0045080000   0.0018070000  -0.0015680000   0.0129770000   0.0140310000   0.0146290000  -0.0175910000  -0.0159210000  -0.0130190000
   6.5208302536   6.7153458563 2529  5.17E+00   0.8534510000   0.1892070000   2.9168400000   0.9223710000   1.4629500000   2.0031500000  -2.3030820000  -3.2312640000   8.9231390000  -1.6758330000  -2.4070430000   8.3374890000  -1.0991920000  -1.5923520000   7.6311410000  -0.0016820000  -0.0319990000   0.0228050000   0.0017840000   0.0321040000  -0.0231790000  -0.0219640000  -0.0256340000   0.0111470000  -0.0098730000  -0.0229170000   0.0376510000   0.0317350000   0.0484460000  -0.0484240000
   6.5209264826   6.7187863230 2613  2.13E+00  -1.4470310000   0.3435390000   2.2570480000  -0.4310380000  -0.6045540000   2.0207750000   0.0043520000   0.5473330000   8.6257490000   0.8115130000   1.3331490000   8.2937800000   1.6303270000   2.1371970000   7.9148920000   0.0164930000  -0.0153780000  -0.0038010000  -0.0164830000   0.0153830000   0.0038710000  -0.0008530000  -0.0003800000  -0.0008470000  -0.0382980000  -0.0385060000   0.0199960000   0.0391410000   0.0388810000  -0.0192190000
   6.5232899105   6.7187871703 2622  4.44E+00  -1.0037990000  -0.4207800000   2.8241570000  -0.3674150000   0.1953180000   1.5974590000   0.5050260000   0.7276020000   8.2380630000   0.7542130000  -0.0390840000   9.0944850000   0.8269890000  -0.9595470000   9.7798990000  -0.0097620000  -0.0095000000   0.0187200000   0.0097420000   0.0093570000  -0.0189740000  -0.0099760000  -0.0185490000  -0.0020900000   0.0261300000  -0.0140530000   0.0468300000  -0.0161350000   0.0327460000  -0.0444860000
   6.5200448169   6.7158878293 2686  6.21E+00   1.0615020000  -0.6180010000   2.2408580000  -0.1119420000  -0.0853910000   1.8338610000  -0.0010840000   1.5582740000   8.7381800000   0.1036910000   0.4007000000   8.6092040000   0.4154350000  -0.7060040000   8.5001840000  -0.0531360000   0.0241330000  -0.0184080000   0.0530810000  -0.0240720000   0.0184750000   0.0163240000  -0.0130700000   0.0007420000  -0.0184920000  -0.0353880000  -0.0082080000   0.0022240000   0.0483960000   0.0074000000
   6.5238159036   6.7197486268 2686  5.98E+00   1.0612140000  -0.6236710000   2.2416410000  -0.1120210000  -0.0854800000   1.8321640000  -0.0012960000   1.5579290000   8.7414040000   0.1050370000   0.4013110000   8.6130860000   0.4150490000  -0.7053160000   8.5024730000  -0.0512160000   0.0235100000  -0.0178540000   0.0511610000  -0.0234480000   0.0179190000   0.0163000000  -0.0147620000   0.0004090000  -0.0181060000  -0.0344730000  -0.0078650000   0.0018610000   0.0491740000   0.0073910000
   6.5228392448   6.7196597796 2843  3.22E+00  -0.8616050000  -0.9647870000   2.7769320000  -1.1687410000   0.0540870000   1.9139160000   1.7260240000   0.6881360000   9.4300260000   2.1585730000   0.1858200000   8.4428000000   2.5448040000  -0.3492970000   7.4996740000  -0.0107360000   0.0354740000  -0.0300340000   0.0105980000  -0.0354020000   0.0300090000  -0.0116220000   0.0081280000   0.0239040000   0.0307290000  -0.0292440000  -0.0692670000  -0.0189690000   0.0210450000   0.0453880000
   6.5242332784   6.7171639983 2977  6.61E+00  -0.4965790000  -0.4660570000   2.6730140000   0.5852900000  -1.0997450000   1.8404240000  -1.0934060000   2.2610970000   9.7585380000  -1.1720100000   2.1814710000   8.5975400000  -0.9185600000   2.3107170000   7.4285790000  -0.0146530000   0.0084580000   0.0111740000   0.0146770000  -0.0087530000  -0.0114140000   0.0207490000   0.0127330000  -0.0205410000  -0.0492620000  -0.0307330000   0.0501880000   0.0284890000   0.0182950000  -0.0294060000
   6.5245879687   6.7163729281 3183  3.76E+00  -0.7505570000  -0.6078480000   2.7393780000   0.0091240000   0.0039940000   1.5139220000   0.1934910000   0.8968070000  10.1740820000  -0.0225200000   0.2794140000   9.1622260000  -0.1748630000  -0.4005400000   8.2155760000  -0.0188080000  -0.0151040000   0.0301950000   0.0188120000   0.0152140000  -0.0304530000   0.0136140000   0.0239320000   0.0499640000  -0.0174890000  -0.0198860000  -0.0550680000   0.0038710000  -0.0041560000   0.0053620000
   6.5246882071   6.7160547035 3469  1.22E+01   0.1530330000  -1.0444670000   2.8293970000   1.3455390000  -1.6469450000   2.6801050000  -2.3743890000   3.9679110000   8.0028390000  -2.4197820000   3.2037770000   7.0607800000  -2.5386800000   2.6057510000   6.1344950000   0.0591140000  -0.0298740000  -0.0074030000  -0.0589790000   0.0298030000   0.0074110000  -0.0034830000   0.0472510000   0.0447130000  -0.0072640000  -0.1443360000  -0.1773180000   0.0106110000   0.0971560000   0.1325970000
   6.5239909843   6.7160317157 3592  5.29E+00  -0.6680210000  -0.8475070000   2.1466410000  -1.5341530000  -1.5335630000   3.1805260000   1.9278150000   2.8202490000   6.9440590000   2.7316580000   3.0643560000   6.1092120000   3.7255610000   3.2794060000   5.4514050000   0.0133490000   0.0105950000  -0.0158460000  -0.0132630000  -0.0105000000   0.0158350000   0.0020960000  -0.0039400000   0.0221130000  -0.0613150000  -0.0052360000  -0.0022300000   0.0591330000   0.0090810000  -0.0198730000
   6.5230681900   6.7184003568 3592  4.58E+00  -0.6727360000  -0.8590870000   2.1650730000  -1.5343120000  -1.5338890000   3.1801620000   1.9297400000   2.8228540000   6.9426130000   2.7321480000   3.0658190000   6.1087130000   3.7243630000   3.2780620000   5.4538880000   0.0092420000   0.0072600000  -0.0108010000  -0.0091550000  -0.0071640000   0.0107890000   0.0048710000  -0.0032530000   0.0196650000  -0.0597110000  -0.0047170000  -0.0031250000   0.0547520000   0.0078740000  -0.0165270000
   6.5224777552   6.7173225341 3677  2.99E+00   0.8206270000  -0.8701060000   2.4064540000  -0.0104240000   0.0107310000   1.7649110000  -1.0898140000   0.0094370000   8.3949440000  -0.0068280000   0.2456820000   8.7792910000   1.0952970000   0.4950320000   9.0496580000  -0.0287400000   0.0304950000  -0.0221810000   0.0288370000  -0.0304760000   0.0221760000   0.0084230000   0.0025980000  -0.0036230000   0.0147740000   0.0019520000   0.0164610000  -0.0232940000  -0.0045690000  -0.0128330000
   6.5200846061   6.7161685252 3875  5.24E+00  -0.0056080000  -1.4260890000   2.6922270000   0.7970930000  -0.3960860000   1.8747910000  -0.2601430000   1.1347920000   8.3281300000  -1.4487160000   1.0369940000   8.5541520000  -2.6328340000   0.8424120000   8.7187130000  -0.0166350000  -0.0212940000   0.0169050000   0.0165330000   0.0212700000  -0.0169810000   0.0644050000   0.0004060000  -0.0141840000   0.0002300000   0.0153400000   0.0079290000  -0.0645330000  -0.0157210000   0.0063300000
   6.5233785410   6.7175276042 3919  4.15E+00   0.2719790000  -1.4343500000   2.3171230000  -0.0063430000   0.0172310000   1.8352980000  -0.6236860000  -0.7185630000   8.4838070000  -0.0496810000   0.2823400000   8.6023420000   0.6755260000   1.1985950000   8.7477280000   0.0064060000  -0.0333380000   0.0110880000  -0.0064030000   0.0334120000  -0.0110270000   0.0268670000   0.0231030000   0.0067960000  -0.0376340000  -0.0179480000  -0.0099730000   0.0107640000  -0.0052290000   0.0031150000
   6.5219554043   6.7167956343 3940  8.66E+00  -0.2645480000  -0.1486560000   2.0789110000  -1.6954470000   0.4362280000   2.4253980000   2.1198810000   0.0543820000   7.9401790000   3.1390250000  -0.5517970000   7.6277010000   4.0078070000  -1.1217400000   7.0909200000   0.0390000000  -0.0159490000  -0.0094510000  -0.0389820000   0.0158970000   0.0093070000  -0.0700580000   0.0388710000   0.0066660000   0.0841350000  -0.0445270000   0.0030420000  -0.0140950000   0.0057080000  -0.0095640000
