   6.5298626815   6.7260455192   78  4.92E+00   0.8363570000  -1.2037940000   2.2885870000  -0.0100450000   0.0158290000   1.8548890000  -0.0988390000  -0.8894580000   8.7049750000  -0.0518010000   0.2603220000   8.5899080000   0.1352030000   1.3784980000   8.4398510000   0.0183470000  -0.0264320000   0.0094320000  -0.0183810000   0.0264430000  -0.0093680000   0.0122630000   0.0417060000  -0.0056150000  -0.0110660000   0.0301200000  -0.0025880000  -0.0011630000  -0.0718370000   0.0081400000
   6.5284314646   6.7298782587  134  2.92E+00   0.2971100000   0.7655950000   2.4398000000  -0.6201530000  -0.0288730000   1.6944140000   0.7076290000   1.0486860000   9.6525500000   1.1054070000   0.2191970000   8.8949160000   1.5410250000  -0.4295950000   8.0552310000  -0.0096120000  -0.0082660000  -0.0078010000   0.0095010000   0.0083400000   0.0077190000  -0.0056600000   0.0299880000   0.0111740000   0.0260350000  -0.0770790000  -0.0520090000  -0.0202640000   0.0470170000   0.0409160000
   6.5250662993   6.7278879247  166  1.52E+00   0.4736260000   1.1928220000   2.4361690000  -0.0057310000  -0.0166690000   1.6816100000  -0.2117140000  -0.7591000000   8.3652350000   0.0005760000   0.2510720000   8.8755650000   0.2100630000   1.2663930000   9.4212490000   0.0064030000   0.0161770000   0.0101110000  -0.0063790000  -0.0160640000  -0.0101070000   0.0091070000   0.0448200000   0.0267510000  -0.0074340000  -0.0381340000  -0.0263670000  -0.0016970000  -0.0067990000  -0.0003890000
   6.5278713616   6.7284795071  307  4.90E+00   0.6211710000   1.3971150000   2.1445790000  -0.0092580000  -0.0185450000   1.8725880000  -0.5972160000  -0.7314880000   8.6456300000   0.0153440000   0.2502350000   8.5422930000   0.5928000000   1.2359080000   8.4556200000   0.0162360000   0.0364620000   0.0070350000  -0.0162490000  -0.0364950000  -0.0069550000   0.0134550000   0.0259950000  -0.0001460000   0.0215020000   0.0289850000  -0.0075500000  -0.0349440000  -0.0549460000   0.0076160000
   6.5296462521   6.7269174825  392  5.41E+00  -1.0113660000   0.5754940000   2.2932240000  -0.7889160000  -0.9648320000   2.0909200000   0.8569170000   1.5750380000   9.1044420000   1.4627140000   1.9925690000   8.1674990000   2.0487840000   2.3991680000   7.1783930000  -0.0056580000   0.0388210000   0.0051130000   0.0055330000  -0.0389240000  -0.0050910000  -0.0193130000  -0.0130630000   0.0262460000  -0.0148190000  -0.0109560000   0.0339260000   0.0342570000   0.0241220000  -0.0601930000
   6.5290101890   6.7295380496  533  6.10E+00  -1.4518710000   0.0007880000   2.1774980000  -0.4258440000  -0.8865010000   2.1357390000   0.2021570000   1.0589890000   8.6318350000   0.7703580000   1.8441900000   8.0333960000   1.4377820000   2.6716120000   7.5351290000   0.0430380000  -0.0372040000  -0.0016960000  -0.0430450000   0.0372240000   0.0018450000   0.0467460000   0.0577810000  -0.0328510000  -0.0486650000  -0.0544660000   0.0197790000   0.0019250000  -0.0033340000   0.0129220000
   6.5260854444   6.7253352929  570  2.55E+00   0.0550920000  -1.2848140000   2.4164870000   0.0030130000   0.0150690000   1.7931390000  -1.1036670000  -0.1429430000   8.4249130000  -0.0194140000   0.2571600000   8.7573510000   1.0997250000   0.6432570000   8.8945440000  -0.0001720000   0.0049840000  -0.0023860000   0.0002540000  -0.0049570000   0.0023570000  -0.0390780000  -0.0158840000  -0.0228270000   0.0071250000   0.0063300000   0.0299520000   0.0318710000   0.0095260000  -0.0070960000
   6.5297765274   6.7262528051  693  3.96E+00  -0.5086660000   1.1379180000   2.8955040000  -0.7677020000   0.2896290000   1.6318160000   1.6250780000  -0.5248040000   7.8650960000   1.3844070000  -0.3157730000   8.9734180000   1.2017900000  -0.0686410000  10.0676730000   0.0054190000   0.0180630000   0.0267630000  -0.0056250000  -0.0179500000  -0.0269760000  -0.0061620000   0.0123820000   0.0528740000  -0.0114350000   0.0025280000   0.0269950000   0.0178020000  -0.0150230000  -0.0796550000
   6.5263016975   6.7255525559  882  5.11E+00   0.8219290000   0.4227940000   2.5864590000  -0.0088640000  -0.0065980000   1.6126660000   0.3065990000   1.0771480000   8.2428270000   0.0398710000   0.2915890000   9.0644050000  -0.3440480000  -0.6020570000   9.7367480000  -0.0382440000  -0.0198120000  -0.0448880000   0.0382230000   0.0196830000   0.0447140000  -0.0123990000  -0.0203660000   0.0056150000   0.0241310000   0.0366330000  -0.0027910000  -0.0117110000  -0.0161370000  -0.0026500000
   6.5262538778   6.7275646883 1337  2.32E+00   0.9401040000   0.6058500000   3.1279540000   1.0060790000   0.9675610000   1.8107960000  -1.4143070000  -0.7396320000   7.8512720000  -1.8571100000  -1.5381080000   8.6207700000  -2.2753980000  -2.2884480000   9.4377120000   0.0024480000   0.0131030000  -0.0478440000  -0.0023220000  -0.0131020000   0.0475140000   0.0124450000   0.0234860000  -0.0157250000  -0.0048530000  -0.0100480000  -0.0048970000  -0.0077180000  -0.0134390000   0.0209520000
   6.5257521490   6.7262291584 1337  5.83E+00   0.6415780000   0.7042290000   3.0737340000   1.0210710000   0.9805020000   1.8005410000  -1.6039260000  -0.9548720000   7.6832170000  -1.8190450000  -1.4703930000   8.7130420000  -2.1704260000  -2.1948720000   9.5911300000   0.0160460000   0.0116590000  -0.0536870000  -0.0158620000  -0.0115720000   0.0534020000  -0.0123730000  -0.0206860000   0.0042670000   0.0291460000   0.0506220000  -0.0138540000  -0.0169560000  -0.0300230000   0.0098730000
   6.5287106865   6.7266425586 1337  6.02E+00   0.6363700000   0.7067500000   3.0699200000   1.0213230000   0.9807060000   1.8004090000  -1.6069650000  -0.9583540000   7.6808740000  -1.8190420000  -1.4701960000   8.7140250000  -2.1683160000  -2.1927150000   9.5936330000   0.0168040000   0.0119380000  -0.0552760000  -0.0166190000  -0.0118500000   0.0549890000  -0.0121750000  -0.0202160000   0.0030800000   0.0286250000   0.0495220000  -0.0117160000  -0.0166340000  -0.0293940000   0.0089220000
   6.5296598632   6.7283340038 1337  5.89E+00   0.6121530000   0.7144840000   3.0656130000   1.0223700000   0.9815510000   1.7997450000  -1.6189700000  -0.9720370000   7.6714820000  -1.8194970000  -1.4702060000   8.7181050000  -2.1596770000  -2.1837350000   9.6035490000   0.0172850000   0.0112390000  -0.0532090000  -0.0170940000  -0.0111430000   0.0529150000  -0.0110810000  -0.0175550000  -0.0032640000   0.0257430000   0.0433030000  -0.0003800000  -0.0148540000  -0.0258440000   0.0039370000
   6.5271928489   6.7287768871 1337  5.65E+00   0.6052400000   0.7158470000   3.0672220000   1.0226430000   0.9817700000   1.7995460000  -1.6219360000  -0.9754010000   7.6691390000  -1.8197200000  -1.4703940000   8.7191390000  -2.1574690000  -2.1814070000   9.6060110000   0.0167280000   0.0106430000  -0.0506740000  -0.0165340000  -0.0105460000   0.0503780000  -0.0107540000  -0.0167430000  -0.0051630000   0.0248660000   0.0413790000   0.0030280000  -0.0143060000  -0.0247330000   0.0024320000
   6.5271287518   6.7281007270 1365  1.73E+00   1.1349630000   0.5275730000   2.3820710000  -0.0889180000   0.3350180000   1.7512650000   0.1676530000  -1.5149940000   9.0558910000   0.1607390000  -0.3696770000   8.7734120000   0.0842510000   0.7737840000   8.4628100000  -0.0302830000  -0.0048080000  -0.0156020000   0.0303000000   0.0046830000   0.0155790000  -0.0043540000  -0.0114280000   0.0018860000   0.0101180000  -0.0081830000   0.0036720000  -0.0057800000   0.0197360000  -0.0055350000
   6.5277178929   6.7281639182 1479  5.62E-01   0.9857030000  -0.0647310000   2.8317170000   0.2534600000   0.0200990000   1.5127960000  -0.1794030000   0.7526160000   8.1869430000  -0.5160030000   0.2080590000   9.1784930000  -0.7611770000  -0.3174320000  10.1903110000   0.0108790000  -0.0013240000   0.0194470000  -0.0108810000   0.0011770000  -0.0197480000   0.0071230000   0.0035450000  -0.0005270000  -0.0158050000  -0.0103980000   0.0100170000   0.0086830000   0.0070000000  -0.0091890000
   6.5289676599   6.7250967021 1702  1.39E+00   0.2967210000   1.2662290000   2.2821360000  -0.2417400000  -0.0089670000   1.7703860000   1.4000970000  -0.2683520000   8.2868280000   0.4363270000   0.2186880000   8.7250070000  -0.5390330000   0.7568640000   9.1790140000   0.0033760000   0.0080470000   0.0032630000  -0.0034450000  -0.0080240000  -0.0032100000  -0.0144510000   0.0101640000   0.0088310000   0.0538840000  -0.0347320000  -0.0289440000  -0.0393640000   0.0245450000   0.0200610000
   6.5257043715   6.7293987920 1737  2.72E+00   1.3209340000  -0.2092440000   2.3783400000  -0.0175640000  -0.0004580000   1.7478850000  -0.1197410000   1.3961870000   9.1267460000   0.0431210000   0.2522050000   8.7610570000   0.0918630000  -0.8823710000   8.4183470000   0.0147830000  -0.0022680000   0.0069870000  -0.0147750000   0.0023710000  -0.0069620000  -0.0152980000   0.0605530000   0.0214610000   0.0211760000  -0.0399630000  -0.0179640000  -0.0058860000  -0.0206930000  -0.0035230000
   6.5279981399   6.7255722278 1949  3.54E+00   0.1140630000  -1.6565590000   3.2464940000  -0.5599360000  -1.1036730000   1.9555520000   0.7738170000   1.9856080000   9.4744880000   1.0443040000   2.2605390000   8.3851470000   1.2314960000   2.6214680000   7.2609660000   0.0158250000  -0.0130610000   0.0303800000  -0.0159130000   0.0128420000  -0.0304090000   0.0026030000   0.0141100000  -0.0339080000  -0.0020440000  -0.0295340000   0.0624420000  -0.0004710000   0.0156430000  -0.0285050000
   6.5261728406   6.7286012156 2091  6.07E+00  -0.6115290000  -0.4409660000   2.6771040000   0.3907000000  -0.0283420000   1.5417610000   0.0017230000   0.6710970000   8.2225960000  -0.6858800000   0.3600950000   9.1535000000  -1.3995570000  -0.0844200000  10.0385020000  -0.0253680000  -0.0104590000   0.0286250000   0.0252820000   0.0103820000  -0.0288420000   0.0225940000   0.0036280000  -0.0335140000   0.0252120000   0.0326640000  -0.0215380000  -0.0477200000  -0.0362150000   0.0552680000
   6.5291748350   6.7294239579 2091  6.21E+00  -0.6161620000  -0.4437070000   2.6760560000   0.3910440000  -0.0283280000   1.5407210000  -0.0012990000   0.6712430000   8.2221740000  -0.6866160000   0.3589830000   9.1553190000  -1.3974070000  -0.0836280000  10.0428210000  -0.0260450000  -0.0107560000   0.0292450000   0.0259590000   0.0106780000  -0.0294630000   0.0232230000   0.0041630000  -0.0344920000   0.0240220000   0.0316120000  -0.0203100000  -0.0471580000  -0.0356980000   0.0550200000
   6.5285749896   6.7261964351 2281  5.80E+00   0.5531760000   0.3635160000   2.3428960000   0.5114050000   1.7250070000   2.3369260000  -0.6135610000  -2.5565120000   8.7634480000  -0.9867320000  -2.9561270000   7.7494610000  -1.2346350000  -3.1746660000   6.6014620000  -0.0015960000   0.0533490000  -0.0002580000   0.0016960000  -0.0531380000   0.0002200000  -0.0066450000  -0.0041810000  -0.0495300000   0.0033850000  -0.0028470000   0.0803770000   0.0031600000   0.0068180000  -0.0308080000
   6.5286595524   6.7262447167 2410  3.07E+00  -0.3075200000  -1.3050020000   2.4944470000  -0.0009800000   0.0175630000   1.7193650000   1.0688060000   0.5135990000   9.2662090000   0.0135640000   0.2394030000   8.8296750000  -1.0547200000  -0.0111390000   8.3624950000  -0.0074050000  -0.0321820000   0.0188480000   0.0075530000   0.0322020000  -0.0188990000   0.0020930000   0.0023250000   0.0000910000   0.0246670000   0.0021090000   0.0115460000  -0.0269070000  -0.0044540000  -0.0115870000
   6.5252153794   6.7290991631 2412  1.16E+00  -1.0934180000   0.3655240000   3.2155000000  -1.4107970000   0.0381320000   1.8351420000   1.8320510000   0.3997200000   7.7202050000   2.5762750000   0.2425240000   8.6096320000   3.3486990000  -0.1075820000   9.4500350000  -0.0001550000  -0.0000870000  -0.0004610000  -0.0000010000   0.0000570000   0.0001510000   0.0109240000  -0.0141040000   0.0081890000  -0.0349850000   0.0366160000  -0.0292140000   0.0242160000  -0.0224820000   0.0213350000
   6.5265925804   6.7272440133 2435  6.89E+00   0.5044510000  -1.4116030000   2.2937470000  -0.0061880000   0.0171990000   1.8495210000  -0.5851350000   1.2417620000   8.6627430000   0.0070560000   0.2384390000   8.5886950000   0.5789610000  -0.7300440000   8.5094790000   0.0136720000  -0.0382690000   0.0119290000  -0.0136880000   0.0383000000  -0.0118580000   0.0094710000  -0.0159280000  -0.0004340000   0.0466970000  -0.0793370000  -0.0083490000  -0.0561530000   0.0952340000   0.0087110000
   6.5259619127   6.7294961448 2872  3.95E+00   0.8575590000  -0.9049990000   3.4627280000   1.0417650000  -1.2003210000   2.0130760000  -1.9991270000   2.6749190000   9.4321580000  -1.9286680000   2.5240720000   8.2654970000  -1.8098830000   2.1696510000   7.0922010000  -0.0017740000   0.0029050000   0.0146860000   0.0020080000  -0.0031410000  -0.0149160000   0.0017520000  -0.0096390000   0.0149490000  -0.0119890000   0.0445870000   0.0634970000   0.0100030000  -0.0347120000  -0.0782170000
   6.5268768621   6.7250344484 2900  2.35E+00  -1.6564800000   1.6200210000   4.2228510000  -2.3979490000   0.4245760000   3.7868360000   4.1673970000  -1.0181450000   3.9890150000   4.4199720000  -0.6186230000   5.0385260000   4.5948500000  -0.0522820000   6.0513420000   0.0040730000   0.0065250000   0.0024010000  -0.0040730000  -0.0065250000  -0.0023340000   0.0077080000   0.0300980000   0.0463650000  -0.0020190000  -0.0376910000  -0.0367790000  -0.0056890000   0.0075940000  -0.0096530000
   6.5272962654   6.7290021700 2900  2.18E+00  -1.6607520000   1.6092600000   4.2226870000  -2.3978260000   0.4247980000   3.7870550000   4.1708250000  -1.0214930000   3.9883920000   4.4205150000  -0.6176170000   5.0380440000   4.5906670000  -0.0501180000   6.0512410000   0.0016530000   0.0026160000   0.0009830000  -0.0016530000  -0.0026150000  -0.0009160000   0.0069360000   0.0291900000   0.0441990000  -0.0012550000  -0.0367970000  -0.0351490000  -0.0056810000   0.0076080000  -0.0091170000
   6.5266441234   6.7265720150 2975  3.38E+00   0.7797700000   0.5955350000   2.8211900000  -0.1055300000   1.4663040000   1.8581920000   0.4133540000  -3.3976970000   9.1913360000   0.1388990000  -2.4108260000   8.5786340000  -0.0397110000  -1.4654290000   7.9119000000   0.0226070000  -0.0222000000   0.0244440000  -0.0225660000   0.0222410000  -0.0247300000   0.0142430000  -0.0321480000   0.0151650000  -0.0218780000   0.0437920000  -0.0189020000   0.0075940000  -0.0116840000   0.0040230000
   6.5287299868   6.7264816830 3331  9.18E+00  -0.7793450000  -1.2916990000   4.1508340000  -0.2503460000  -2.5161840000   3.2869360000   0.7619740000   5.8597330000   6.4264480000   0.5962110000   4.8450600000   5.9036460000   0.0898390000   3.8385890000   5.4656260000  -0.0147110000   0.0338060000   0.0239590000   0.0147430000  -0.0342550000  -0.0240760000  -0.0290340000  -0.0373070000  -0.0138660000   0.0687280000   0.0692780000   0.0224850000  -0.0397260000  -0.0315220000  -0.0085020000
   6.5267114842   6.7269528506 3336  9.79E-01  -0.5083900000   1.1958490000   2.3276710000   0.0017640000  -0.0158240000   1.7371570000  -0.7188230000   1.0753460000   8.3357930000   0.0265790000   0.2490750000   8.7631500000   0.7220920000  -0.5709630000   9.2645000000   0.0022320000  -0.0052540000  -0.0025680000  -0.0021320000   0.0051510000   0.0025560000  -0.0212800000   0.0205910000  -0.0041780000   0.0100770000  -0.0041790000  -0.0114160000   0.0111030000  -0.0163100000   0.0156060000
   6.5262807907   6.7261798104 3853  9.17E+00  -0.4198850000  -0.0451630000   2.7078200000   0.5213800000   0.2268260000   1.5069250000  -0.6770370000  -0.1630730000  10.3939930000  -0.9227030000  -0.1150320000   9.2143270000  -1.2077400000  -0.1928790000   7.9934870000  -0.0208150000  -0.0060260000   0.0264380000   0.0209780000   0.0060660000  -0.0268220000   0.0112000000  -0.0089330000   0.0617030000   0.0175440000   0.0225580000   0.0527980000  -0.0289080000  -0.0136650000  -0.1141180000
   6.5256851984   6.7255463192 3971  6.22E+00   1.2560640000   0.5037960000   2.4753040000  -0.0182110000  -0.0030250000   1.6967790000  -0.6961890000   1.0395280000   8.3063480000  -0.0342690000   0.1866510000   8.8642810000   0.7337280000  -0.5086060000   9.4103830000   0.0335220000   0.0132750000   0.0204740000  -0.0334320000  -0.0134210000  -0.0205270000  -0.0270900000   0.0527260000  -0.0271330000   0.0223350000  -0.0637940000   0.0284020000   0.0046650000   0.0112150000  -0.0012160000
