   6.5396255665   6.6622080988   26  1.17E+01   1.2480490000   1.5697080000   3.2727630000  -0.1743570000   2.1986130000   2.8527270000   0.1938190000  -3.6451700000   7.8612660000   0.2639490000  -3.8737800000   6.7608410000   0.4001840000  -3.8384260000   5.6111830000   0.0431020000  -0.0189870000   0.0127480000  -0.0431310000   0.0192060000  -0.0127100000   0.0125400000  -0.0031120000  -0.1171460000  -0.0118070000  -0.0150470000   0.0694270000  -0.0007040000   0.0179410000   0.0476800000
   6.5384882060   6.6649099347   62  7.12E+00   1.6241850000   0.8981880000   4.4467010000   1.4430850000   2.3734130000   4.2388030000  -3.2715020000  -4.8985700000   4.6895380000  -2.5754360000  -4.1104900000   4.2789030000  -2.1045760000  -3.2380140000   3.6497250000   0.0023660000  -0.0184890000   0.0026950000  -0.0021400000   0.0187390000  -0.0025080000   0.0482970000   0.0808270000  -0.0558000000  -0.0209570000  -0.0693290000   0.0607490000  -0.0275670000  -0.0117480000  -0.0051350000
   6.5355575344   6.6636322623  166  1.57E+00   0.4415040000   1.1096540000   2.3990390000  -0.0053270000  -0.0157010000   1.6991400000  -0.2205720000  -0.7589600000   8.3176920000  -0.0048350000   0.2397720000   8.8610510000   0.2229910000   1.2751410000   9.3944780000  -0.0093640000  -0.0235630000  -0.0146460000   0.0093870000   0.0236720000   0.0146290000   0.0074760000   0.0334870000   0.0180020000  -0.0122650000  -0.0541220000  -0.0275880000   0.0047650000   0.0205270000   0.0096030000
   6.5394919785   6.6614885714  350  6.32E+00  -0.5738200000  -0.7894510000   2.3285840000   0.8191140000  -0.3138670000   1.8740120000  -2.2573430000   0.4147310000   7.7374570000  -1.5163690000   0.9222100000   8.5693190000  -0.6590250000   1.1979090000   9.3248000000  -0.0286330000  -0.0098050000   0.0092830000   0.0288260000   0.0098480000  -0.0094190000  -0.0369500000  -0.0432810000  -0.0516080000   0.0264020000   0.0558870000   0.0526060000   0.0103550000  -0.0126490000  -0.0008620000
   6.5352934550   6.6625465251  979  1.32E+01  -0.6470460000   0.8557910000   1.9088730000   0.3273780000  -0.4774230000   1.9080140000   0.1417490000   2.0599750000   8.6681230000  -0.6203770000   1.1201010000   8.4387650000  -1.2702740000   0.1172900000   8.3487710000  -0.0329990000   0.0451700000   0.0000880000   0.0330080000  -0.0450990000  -0.0000030000   0.0614820000   0.0650580000   0.0253840000  -0.0438670000  -0.0254080000  -0.0312260000  -0.0176240000  -0.0397210000   0.0057570000
   6.5383813699   6.6606637644 1003  5.34E+00  -0.7674280000   1.5027080000   2.5925820000  -0.2652290000   0.3188160000   1.8187990000   0.2173990000   0.7836310000   8.4456730000   0.4715030000  -0.3789980000   8.7305510000   0.8016140000  -1.4983660000   8.7546580000  -0.0063250000   0.0148690000   0.0096760000   0.0063210000  -0.0149930000  -0.0098060000  -0.0097510000   0.0693470000  -0.0307320000   0.0083930000  -0.0832980000   0.0463270000   0.0013620000   0.0140750000  -0.0154650000
   6.5358053617   6.6621345142 1091  4.22E+00   0.4625260000   0.6539570000   2.6214290000  -0.0077100000  -0.0059340000   1.5381880000  -0.3388360000   0.7937550000   8.1438590000   0.0074780000   0.1961730000   9.1252830000   0.3425850000  -0.2649090000  10.1597730000  -0.0208770000  -0.0293980000  -0.0482870000   0.0209690000   0.0292560000   0.0480070000  -0.0122140000   0.0281760000  -0.0271710000   0.0079560000  -0.0297230000   0.0087230000   0.0041660000   0.0016880000   0.0187280000
   6.5364047193   6.6600364990 1097  3.33E+00   1.6125600000   0.3458410000   3.2997660000   1.3396800000  -0.1699510000   1.9393790000  -1.4054320000   0.8894050000   7.9141770000  -2.4839520000   0.5426160000   8.3894080000  -3.5221570000   0.2179190000   8.8954900000   0.0020830000   0.0038170000   0.0100130000  -0.0020440000  -0.0039240000  -0.0103150000   0.0754860000   0.0252530000  -0.0294480000  -0.0317100000  -0.0120640000   0.0053970000  -0.0438150000  -0.0130830000   0.0243540000
   6.5367221669   6.6625994998 1185  2.52E+00   0.3447700000  -0.3165180000   2.7589530000  -0.0045970000   0.0040730000   1.4792310000   0.3173960000   0.4105310000  10.3521650000   0.0009460000   0.2380360000   9.2630280000  -0.3168670000   0.0980520000   8.1338450000  -0.0131320000   0.0120880000  -0.0484300000   0.0132310000  -0.0120890000   0.0480230000  -0.0143400000  -0.0054930000  -0.0513980000   0.0155980000   0.0036640000   0.0565910000  -0.0013570000   0.0018300000  -0.0047870000
   6.5390651558   6.6611115581 1542  1.93E+00   0.1637090000   0.1233030000   1.8744530000  -0.2195260000  -1.1915780000   2.1991130000   0.4130790000   3.2284450000   7.1421500000   0.3817070000   2.4429320000   7.9843770000   0.3864290000   1.5685900000   8.7641980000  -0.0065550000  -0.0225110000   0.0055590000   0.0065450000   0.0224480000  -0.0055160000   0.0013190000  -0.0392900000   0.0332780000  -0.0039030000   0.0377760000  -0.0233690000   0.0025950000   0.0015780000  -0.0099520000
   6.5387611886   6.6639218287 1678  2.53E+00  -0.2439590000   1.2524880000   2.4606170000   0.0029860000  -0.0201410000   1.6676240000  -0.6297050000   0.9971040000   9.5398890000  -0.0285350000   0.2265930000   8.9148040000   0.6515860000  -0.4578520000   8.2854470000  -0.0041650000   0.0213030000   0.0132770000   0.0040530000  -0.0212130000  -0.0133420000   0.0222050000  -0.0148650000  -0.0165670000   0.0033020000  -0.0227750000  -0.0137980000  -0.0253960000   0.0375510000   0.0304300000
   6.5371487400   6.6615633994 1730  6.96E+00   0.6508190000  -0.9685310000   2.5114480000  -0.6121470000  -0.9478580000   2.0000850000   0.8731660000   3.1751560000   8.4676120000   1.1561950000   1.9877520000   8.3200020000   1.2750870000   0.8151750000   8.1406460000  -0.0489980000   0.0008350000  -0.0198660000   0.0489710000  -0.0007520000   0.0197590000  -0.0293550000   0.0865130000   0.0095320000   0.0349250000  -0.0555700000  -0.0041410000  -0.0055440000  -0.0310240000  -0.0052840000
   6.5377061744   6.6626335779 1804  2.40E+00   1.9437380000   0.1168360000   4.1000640000   2.1704540000  -0.8749160000   3.0577010000  -3.7270570000   1.0686350000   5.4727910000  -3.9381220000   1.8054750000   6.4008950000  -4.2788470000   2.6258570000   7.1940530000  -0.0001180000   0.0007390000   0.0007890000   0.0003510000  -0.0007090000  -0.0007340000  -0.0014870000  -0.0221170000  -0.0422470000   0.0187560000  -0.0053510000   0.0285430000  -0.0175030000   0.0274380000   0.0136490000
   6.5396811852   6.6638830616 2147  3.35E+00   0.6863350000  -0.9723710000   2.6076700000  -0.0097450000   0.0125170000   1.6362910000   0.7308850000  -0.3194030000   8.2505660000  -0.0199530000   0.1938310000   9.0036500000  -0.7104760000   0.8603190000   9.6552940000   0.0152650000  -0.0216490000   0.0212510000  -0.0154040000   0.0217040000  -0.0214810000   0.0059200000   0.0093460000  -0.0067690000  -0.0267930000  -0.0035960000   0.0292670000   0.0210120000  -0.0058050000  -0.0222680000
   6.5380469547   6.6609677612 2147  3.07E+00   0.6828220000  -0.9673550000   2.6052000000  -0.0096980000   0.0124510000   1.6380610000   0.7317910000  -0.3201960000   8.2492660000  -0.0200220000   0.1952360000   9.0005460000  -0.7113470000   0.8600720000   9.6502390000   0.0143020000  -0.0202850000   0.0199230000  -0.0144420000   0.0203420000  -0.0201530000   0.0063480000   0.0088230000  -0.0071880000  -0.0291420000  -0.0010670000   0.0314320000   0.0229330000  -0.0078120000  -0.0240140000
   6.5396812346   6.6620517934 2187  4.08E+00   0.3961370000  -0.1237940000   2.0961180000  -1.0153080000  -0.7747130000   2.0294620000   1.2851710000   1.7792860000   9.3017190000   1.8079770000   1.6353190000   8.2344940000   2.4033240000   1.5576640000   7.2501810000   0.0326180000   0.0150470000   0.0015080000  -0.0327740000  -0.0150950000  -0.0015190000  -0.0111620000   0.0090990000   0.0392840000   0.0294830000  -0.0171060000  -0.0854440000  -0.0181650000   0.0080550000   0.0461710000
   6.5356929822   6.6643565079 2248  5.12E+00   0.4320570000   0.4658420000   2.0807250000  -0.6293860000  -0.5868580000   1.9213610000   0.2615140000   1.1007960000   9.1988920000   1.1995680000   1.2279940000   8.5262920000   1.9540580000   1.5665920000   7.6748050000   0.0139300000   0.0138310000   0.0020450000  -0.0140610000  -0.0139460000  -0.0021070000   0.0134980000   0.0183800000  -0.0303280000  -0.0065450000  -0.0357940000   0.0472950000  -0.0068210000   0.0175290000  -0.0169050000
   6.5364827471   6.6618740777 2681  2.82E+00   0.7747540000  -1.7557820000   3.5034180000  -0.3389170000  -1.8923980000   2.6832440000   0.2865610000   3.8836210000   5.9431440000   0.6344460000   3.7468510000   7.0286060000   0.8809840000   3.5530220000   8.1602040000  -0.0277700000  -0.0034120000  -0.0204250000   0.0278140000   0.0033130000   0.0204900000   0.0109500000  -0.0096580000   0.0604780000  -0.0029100000   0.0123070000  -0.0599470000  -0.0080830000  -0.0025500000  -0.0005960000
   6.5386877630   6.6618901310 2775  3.54E+00  -1.1590460000  -0.3090780000   2.5746370000   0.0165990000   0.0050520000   1.6209680000   0.5282230000   0.9226810000   8.1994920000  -0.0682180000   0.2820470000   8.9945360000  -0.4868840000  -0.4524960000   9.7918150000  -0.0254740000  -0.0068350000   0.0206270000   0.0253390000   0.0067100000  -0.0207580000   0.0151790000  -0.0030160000  -0.0018730000  -0.0359610000  -0.0059970000   0.0179760000   0.0209170000   0.0091380000  -0.0159720000
   6.5358006361   6.6607222823 2884  4.79E+00   0.4002600000   0.7913420000   1.9162940000   0.0018770000  -0.6701440000   1.9968350000   1.0557400000   0.9812090000   8.5452670000   0.0065700000   1.5125420000   8.4002410000  -1.0952640000   1.8680060000   8.0564800000   0.0064530000   0.0236040000  -0.0012870000  -0.0063920000  -0.0236130000   0.0012730000   0.0122930000  -0.0183430000  -0.0089230000   0.0371850000   0.0138100000   0.0341440000  -0.0495410000   0.0045420000  -0.0252070000
   6.5351532405   6.6606884340 2900  6.27E+00  -1.6212460000   1.7377970000   4.2066000000  -2.3995050000   0.4217170000   3.7835600000   4.1109000000  -0.9698680000   3.9906550000   4.4120950000  -0.6262340000   5.0541740000   4.6628120000  -0.0879870000   6.0553380000   0.0214280000   0.0362010000   0.0116670000  -0.0214550000  -0.0361910000  -0.0115700000   0.0089130000   0.0261220000   0.0343610000  -0.0005250000  -0.0276120000  -0.0072490000  -0.0083620000   0.0014810000  -0.0272090000
   6.5365871274   6.6619781695 2967  2.84E+00  -0.7295600000  -1.0194800000   2.9443520000   0.3962840000  -1.3674410000   1.9894520000  -0.6536060000   2.7250610000   7.1402880000  -0.6863700000   2.7282860000   8.2996630000  -0.7643130000   2.8080650000   9.5090690000  -0.0181100000   0.0055130000   0.0153350000   0.0181400000  -0.0057290000  -0.0154250000  -0.0037850000   0.0059370000   0.0333260000   0.0108820000  -0.0151660000  -0.1030620000  -0.0071270000   0.0094450000   0.0698260000
   6.5368498689   6.6603521607 3059  7.02E+00  -0.0269140000   0.1753600000   1.8387420000   0.6950550000  -1.1487930000   2.2538050000  -1.5897660000   2.9948670000   6.9410180000  -1.1653670000   2.3897640000   7.8828090000  -1.0049770000   1.6251190000   8.7706800000  -0.0176210000   0.0323430000  -0.0101590000   0.0177240000  -0.0324270000   0.0102000000  -0.0281190000   0.0061020000  -0.0261130000   0.0435770000   0.0109140000   0.0204040000  -0.0155610000  -0.0169320000   0.0056690000
   6.5363027314   6.6608825558 3290  3.19E+00   0.2194590000   1.1555770000   2.3744190000  -0.0033700000  -0.0137180000   1.7164680000  -0.6317750000   1.0689520000   8.2586610000   0.0016740000   0.2673930000   8.8464320000   0.6335250000  -0.5863040000   9.3794930000  -0.0089420000  -0.0471210000  -0.0265220000   0.0090330000   0.0470190000   0.0264500000  -0.0033840000   0.0008150000  -0.0047030000  -0.0106410000   0.0215630000  -0.0044350000   0.0139350000  -0.0222750000   0.0092090000
   6.5391070365   6.6639769499 3315  1.06E+01  -0.3162930000  -1.5454920000   4.1741770000  -0.2735710000  -2.2648310000   2.9822010000   0.3198860000   4.8316780000   7.5862550000   0.5911930000   4.5239900000   6.4320030000   0.6225120000   3.8683330000   5.4296330000   0.0009920000  -0.0170280000  -0.0280740000  -0.0010340000   0.0167610000   0.0280480000  -0.0302400000  -0.0022840000   0.0771100000   0.0436460000   0.0382860000  -0.0616770000  -0.0133630000  -0.0357350000  -0.0154080000
   6.5371626851   6.6649814345 3843  6.29E+00   0.0144640000   0.9717290000   2.1003180000  -0.5220600000  -0.4860360000   1.8723930000   1.8508330000   1.2703590000   7.8478790000   0.9490750000   1.2031920000   8.5661840000   0.0430830000   0.8802400000   9.2391980000   0.0135310000   0.0369070000   0.0057720000  -0.0136620000  -0.0369000000  -0.0057910000  -0.0379200000  -0.0208110000   0.0287050000   0.0312400000   0.0364500000  -0.0212100000   0.0068110000  -0.0156450000  -0.0074760000
   6.5381061435   6.6629614695 3972  6.80E+00   0.3536230000   1.3737120000   2.7984480000   0.0607180000   0.4281580000   1.5725980000  -0.1113320000  -1.1541260000   8.0426700000  -0.1735670000  -0.4900540000   9.0430680000  -0.0838910000  -0.0151930000  10.1396760000   0.0076450000   0.0247690000   0.0320010000  -0.0076530000  -0.0245620000  -0.0321540000   0.0111540000  -0.0349390000  -0.0273680000  -0.0233910000   0.0291840000  -0.0178840000   0.0122450000   0.0055480000   0.0454040000
