   6.5367705561   6.0401342314  208  3.32E+00  -0.2047520000   0.9049900000   1.5398290000   0.1085960000  -0.2866250000   2.1337190000   0.4435800000   1.6986650000   7.8284210000  -0.2286710000   0.7667090000   8.0750930000  -0.8013730000  -0.2120980000   8.3575030000   0.0112820000  -0.0429680000   0.0214130000  -0.0113580000   0.0429180000  -0.0213470000   0.0050830000  -0.0049750000   0.0047940000  -0.0178530000  -0.0026840000  -0.0055720000   0.0128460000   0.0077090000   0.0007110000
   6.5375992241   6.0446073712  537  2.65E+00   1.0475290000  -0.8341190000   2.4833210000  -0.0148450000   0.0087430000   1.7002620000  -0.2999010000   0.2503320000   7.7333090000  -0.0021520000   0.2374750000   8.8465010000   0.3096610000   0.2679600000   9.9788690000   0.0263490000  -0.0208910000   0.0192880000  -0.0262280000   0.0208330000  -0.0197290000   0.0137390000   0.0026440000   0.0521120000  -0.0152290000  -0.0056760000  -0.0550340000   0.0013700000   0.0030900000   0.0033630000
   6.5399609860   6.0403623621  688  4.40E+00  -0.7940630000  -1.9957320000   2.8263290000  -0.5895670000  -0.6301350000   2.1235240000  -0.0082140000   1.1390770000   7.8696440000   1.0982940000   1.4734600000   8.0373540000   2.1781950000   1.7152600000   8.3144770000  -0.0044890000  -0.0302630000   0.0155240000   0.0046830000   0.0302520000  -0.0157470000   0.0209420000   0.0008130000   0.0135430000   0.0489620000   0.0209990000  -0.0045590000  -0.0700980000  -0.0218000000  -0.0087610000
   6.5365574239   6.0442246580 1021  2.40E+00   0.8616530000  -1.0850880000   2.2047040000  -0.0126950000   0.0132690000   1.8712680000  -0.8575410000  -0.0728210000   7.8555370000   0.0123000000   0.2881900000   8.5386830000   0.8574230000   0.5462480000   9.2512300000  -0.0031620000   0.0040660000  -0.0012410000   0.0034000000  -0.0039860000   0.0010070000   0.0227650000   0.0027370000   0.0240900000   0.0423620000   0.0242230000   0.0267080000  -0.0653650000  -0.0270400000  -0.0505630000
   6.5388357166   6.0419020460 1246  2.97E+00   0.6503730000   1.2084080000   1.8739130000  -0.0037600000  -0.0205830000   2.0274410000   0.3425010000  -0.8492780000   8.0022170000  -0.0591260000   0.2479870000   8.3027990000  -0.3203120000   1.3774540000   8.5225000000  -0.0131240000  -0.0246100000   0.0031010000   0.0130470000   0.0247410000  -0.0031500000   0.0253530000  -0.0441310000  -0.0156380000  -0.0310070000   0.0300670000   0.0171950000   0.0057310000   0.0139330000  -0.0015080000
   6.5377584607   6.0407937704 1523  6.41E+00   0.0107550000  -1.1752120000   1.6521390000   1.0574580000  -0.2623470000   2.3739640000  -2.8362650000   0.4297950000   6.9402590000  -1.8805390000   0.7139010000   7.6184230000  -1.0339050000   1.1062260000   8.3815680000  -0.0257050000  -0.0224500000  -0.0177600000   0.0257920000   0.0224690000   0.0178770000  -0.0484120000  -0.0057530000  -0.0228580000   0.0169470000  -0.0183530000  -0.0175290000   0.0313790000   0.0240880000   0.0402700000
   6.5387432458   6.0401570948 1534  2.64E+00   1.2902830000   0.0410280000   2.3731410000  -0.0177990000  -0.0004520000   1.7829470000   0.7854500000   0.1802020000   9.5942510000  -0.0742470000   0.2573460000   8.7642620000  -0.7221070000   0.3139580000   7.7736560000  -0.0080470000  -0.0002630000  -0.0036950000   0.0082130000   0.0002300000   0.0033500000   0.0414000000  -0.0037940000   0.0177660000  -0.0475270000   0.0044060000   0.0012990000   0.0059610000  -0.0005790000  -0.0187190000
   6.5391269260   6.0430700142 2362  7.00E+00  -1.3019200000  -0.1830350000   1.8064820000   0.0121590000   0.0012930000   2.0740640000   0.8963360000   0.9341340000   7.9788700000  -0.0102520000   0.2919750000   8.1991450000  -0.8673400000  -0.4605730000   8.3950600000   0.0577530000   0.0081110000   0.0117900000  -0.0578010000  -0.0081100000  -0.0117390000  -0.0743030000  -0.0637700000   0.0189320000   0.0384400000   0.0440530000  -0.0113210000   0.0359100000   0.0197160000  -0.0076620000
   6.5371976481   6.0405494491 2463  1.22E+01   0.8112260000  -0.2550580000   1.7678880000   0.3924700000  -1.4795030000   2.5306520000  -0.2908890000   3.2112760000   6.2746940000  -0.7715050000   2.8586210000   7.2937290000  -1.1411420000   2.7355110000   8.5010510000   0.0053930000   0.0157120000  -0.0098510000  -0.0054600000  -0.0158760000   0.0098970000   0.0103900000   0.0170550000   0.0013500000   0.0211820000  -0.0172910000  -0.1339410000  -0.0315050000   0.0004000000   0.1325460000
   6.5383840254   6.0408921322 2654  5.65E+00  -0.9926990000  -0.3982250000   1.7330150000  -0.8249190000  -1.4824640000   2.8381600000   1.2598700000   2.7675600000   7.9242700000   1.4260980000   2.9764000000   6.7839350000   1.8519580000   3.1146160000   5.7006000000  -0.0039700000   0.0253430000  -0.0258550000   0.0038000000  -0.0254470000   0.0259600000   0.0199480000  -0.0021410000  -0.0069110000  -0.0330990000   0.0074310000  -0.0122810000   0.0133200000  -0.0051850000   0.0190860000
   6.5353390114   6.0424481687 2853  1.67E+00  -1.2838750000  -0.7751070000   1.9426260000   0.0208390000   0.0042570000   2.0343230000   0.4911340000  -0.7630630000   8.0093730000  -0.0186600000   0.2475850000   8.2722380000  -0.5003130000   1.2924470000   8.4995850000  -0.0225520000  -0.0134430000  -0.0015660000   0.0224910000   0.0135520000   0.0015640000  -0.0101600000   0.0265690000   0.0057720000   0.0061800000  -0.0246170000  -0.0035820000   0.0040410000  -0.0020610000  -0.0021890000
   6.5388828487   6.0402627306 3306  6.37E+00  -0.9771550000  -1.1853730000   2.7200970000  -1.0548380000  -2.1758060000   3.9224960000   2.8443390000   4.9584360000   5.0953020000   1.8975820000   4.2872370000   4.8516260000   1.0608340000   3.4520070000   4.5025190000   0.0018040000   0.0233940000  -0.0286510000  -0.0019400000  -0.0239510000   0.0285860000   0.0293630000   0.0072940000   0.0000100000   0.0213440000   0.0580910000   0.0296840000  -0.0505710000  -0.0648270000  -0.0296280000
   6.5354667010   6.0433589822 3395  3.49E+00  -0.5682490000   0.3519540000   1.5385530000  -0.8126870000  -0.7079830000   2.3882490000   0.3706990000   1.4669760000   7.9010830000   1.4861290000   1.5614240000   7.6237020000   2.6082270000   1.5622060000   7.3525970000  -0.0072090000  -0.0313350000   0.0251540000   0.0073050000   0.0313640000  -0.0251630000   0.0488860000  -0.0022020000  -0.0097420000  -0.0061650000   0.0086270000  -0.0025040000  -0.0428170000  -0.0064540000   0.0122550000
   6.5351504876   6.0409374336 3416  2.24E+00  -0.2557630000   1.1460960000   2.3765810000   0.0020400000  -0.0115750000   1.7124490000  -0.3496440000   0.0694130000   9.9323800000  -0.0023570000   0.2437700000   8.8441760000   0.3573410000   0.4208630000   7.7274040000   0.0104500000  -0.0471040000  -0.0271620000  -0.0105780000   0.0470540000   0.0266190000   0.0104270000   0.0049980000  -0.0315900000  -0.0156530000  -0.0073180000   0.0453380000   0.0053540000   0.0023700000  -0.0132060000
   6.5370212839   6.0408257978 3502  4.68E+00   1.4819550000  -0.4095810000   2.0354820000  -0.0221070000   0.0089930000   2.0075040000  -0.8756740000   0.9367120000   7.9153240000  -0.0140680000   0.2603550000   8.3636530000   0.9032740000  -0.4635950000   8.6530960000   0.0361990000  -0.0100800000   0.0006990000  -0.0361310000   0.0100220000  -0.0007540000  -0.0083030000   0.0062770000  -0.0139390000  -0.0328670000   0.0264520000   0.0105760000   0.0411010000  -0.0326710000   0.0034190000
   6.5399018093   6.0437677531 3617  4.95E+00  -1.3180300000  -0.2716570000   2.0775880000   0.0176000000   0.0049240000   1.9569820000   0.4520430000   1.1655420000   7.8723310000  -0.0122160000   0.2891550000   8.4612120000  -0.4477290000  -0.7024150000   8.8725190000   0.0470220000   0.0097150000  -0.0042380000  -0.0471070000  -0.0098530000   0.0041160000  -0.0188670000  -0.0482310000   0.0157690000   0.0024530000   0.0242510000   0.0099380000   0.0164990000   0.0241190000  -0.0255850000
   6.5383093750   6.0415569482 3618  4.30E+00   1.9871990000   0.0057080000   2.5372370000   0.6316800000  -0.6381260000   2.1215890000  -0.4290990000   1.6361490000   8.9170530000  -1.1795600000   1.3659170000   8.0934010000  -1.9653740000   1.2127350000   7.2528690000   0.0317790000   0.0150720000   0.0097860000  -0.0315460000  -0.0151270000  -0.0098200000  -0.0420920000  -0.0052440000  -0.0433970000   0.0205120000  -0.0087590000   0.0161530000   0.0213460000   0.0140580000   0.0272780000
   6.5373280420   6.0401970834 3702  2.26E+00   0.2455360000   0.7005330000   2.1601280000  -0.3585370000  -0.5490620000   1.8096890000   0.2495740000   1.0349520000   7.6066780000   0.6579810000   1.2567090000   8.6606830000   1.0316330000   1.4073260000   9.7188500000  -0.0046290000  -0.0096290000  -0.0028390000   0.0046570000   0.0095140000   0.0022900000   0.0183320000   0.0063000000   0.0564620000   0.0145220000   0.0114300000   0.0289870000  -0.0328840000  -0.0176140000  -0.0848990000
   6.5358158449   6.0430072939 3782  3.49E+00  -1.2810960000  -0.8544000000   2.1261310000   0.0147590000   0.0120900000   1.9296540000  -0.4913630000   1.1318590000   7.8464010000   0.0017400000   0.2543760000   8.4381700000   0.4970580000  -0.6416950000   9.0491740000  -0.0330150000  -0.0221240000   0.0050210000   0.0331020000   0.0219610000  -0.0051050000   0.0063690000  -0.0119400000   0.0106680000  -0.0200500000   0.0374670000  -0.0292730000   0.0135950000  -0.0253640000   0.0186890000
   6.5367851645   6.0439461491 3879  3.23E+00  -1.0732200000   0.9340460000   2.0977870000   0.0153430000  -0.0137120000   1.9148310000   0.6640250000  -0.5043840000   7.9037990000  -0.0386310000   0.2206660000   8.5126350000  -0.6440330000   1.0360400000   9.0116880000  -0.0002620000   0.0002220000   0.0000440000   0.0000830000  -0.0000730000  -0.0002370000   0.0047970000   0.0091310000  -0.0035670000  -0.0620150000   0.0517230000   0.0523530000   0.0573960000  -0.0610040000  -0.0485920000
   6.5393714403   6.0434676850 3882  2.29E+00   1.3757850000  -0.1447960000   2.0546630000  -0.0153410000   0.0010330000   1.9666380000   0.2259910000   1.3512660000   8.7711860000  -0.0147440000   0.2367020000   8.4330850000  -0.2249850000  -0.8373200000   7.9480020000  -0.0273390000   0.0029000000  -0.0017340000   0.0273760000  -0.0027330000   0.0015980000   0.0076820000   0.0297300000   0.0002420000  -0.0030080000   0.0005790000   0.0217290000  -0.0047110000  -0.0304770000  -0.0218360000
   6.5372586273   6.0436103058 3985  8.59E+00   1.3039860000  -0.8085930000   2.1474870000  -0.2628180000  -1.2218720000   2.3332390000  -0.2095000000   1.4915190000   7.7332290000   0.4821540000   2.4578650000   7.7502180000   1.0779720000   3.5043150000   7.6618380000   0.0505280000   0.0133570000  -0.0059810000  -0.0504220000  -0.0133300000   0.0058090000  -0.0196630000  -0.0137620000  -0.0049270000  -0.0029240000  -0.0409630000   0.0147970000   0.0224800000   0.0546980000  -0.0096980000
