   6.5336602036   6.0690877167  227  6.70E+00   0.1336290000   1.5109890000   1.7651970000  -0.0015050000  -0.0193730000   2.1029620000  -0.0758880000   1.3947430000   8.1422930000   0.0135490000   0.2416870000   8.1732520000   0.0648120000  -0.8869460000   8.1093540000   0.0034790000   0.0393360000  -0.0086880000  -0.0034680000  -0.0393540000   0.0087030000   0.0004860000  -0.0423610000  -0.0043990000   0.0069310000  -0.0582800000   0.0044470000  -0.0074280000   0.1006590000  -0.0000640000
   6.5346354677   6.0660558938  243  6.27E+00   0.8751110000  -1.2944250000   1.9902850000  -0.0111480000   0.0156690000   1.9990530000   0.6543810000   1.1620930000   7.9184970000   0.0470700000   0.1995830000   8.2977210000  -0.6891750000  -0.6209450000   8.7444790000   0.0238380000  -0.0352840000  -0.0001850000  -0.0239090000   0.0351340000   0.0002010000   0.0121260000   0.0405090000  -0.0064760000   0.0128720000  -0.0300780000  -0.0090140000  -0.0249270000  -0.0102800000   0.0154740000
   6.5331400052   6.0687276116  928  2.28E+00  -0.2921750000   0.9079240000   1.5522950000  -0.4293720000  -0.3881480000   2.2063100000  -0.3587040000   1.2685280000   8.0441080000   0.7942240000   0.9655630000   7.9942150000   1.9252780000   0.5756020000   7.8392080000   0.0001730000   0.0015720000  -0.0007770000  -0.0001550000  -0.0015660000   0.0007740000  -0.0340690000   0.0038700000  -0.0032360000  -0.0158840000   0.0185270000   0.0149850000   0.0499360000  -0.0224040000  -0.0117460000
   6.5345743177   6.0667427674  928  2.38E+00  -0.3056120000   0.9007890000   1.5566450000  -0.4295380000  -0.3882490000   2.2055900000  -0.3599620000   1.2681090000   8.0414280000   0.7969310000   0.9668440000   7.9971960000   1.9261770000   0.5760140000   7.8429720000  -0.0002220000  -0.0023970000   0.0012220000   0.0002470000   0.0024010000  -0.0012300000  -0.0391540000   0.0048990000  -0.0034740000  -0.0085620000   0.0170450000   0.0152300000   0.0476910000  -0.0219480000  -0.0117480000
   6.5313561442   6.0673711958  987  1.03E+00  -0.8671780000  -0.8365300000   2.1276460000   0.5610260000  -0.5176570000   2.0076390000  -1.7125990000   1.2437200000   7.3500330000  -1.0260270000   1.2347080000   8.3198470000  -0.2644310000   1.1550700000   9.2447970000  -0.0059270000  -0.0013660000   0.0004380000   0.0061530000   0.0012520000  -0.0006270000  -0.0095260000  -0.0034660000  -0.0198190000  -0.0260650000   0.0108770000  -0.0156160000   0.0353650000  -0.0072960000   0.0356230000
   6.5300620864   6.0669474422 1089  4.35E+00  -0.6908420000   1.2334760000   2.2503630000   0.4377020000   0.2289130000   1.8498000000  -0.1576810000   0.5564470000   7.8785720000  -0.7665340000  -0.1826240000   8.6245800000  -1.4093520000  -0.9526370000   9.2680460000  -0.0274780000   0.0243980000   0.0096550000   0.0274020000  -0.0245290000  -0.0100310000   0.0292730000   0.0362500000  -0.0422800000  -0.0067950000  -0.0098740000   0.0276370000  -0.0224020000  -0.0262450000   0.0150180000
   6.5305316690   6.0669366023 1183  6.55E+00   0.3615690000  -2.3545840000   4.8857700000   0.1540110000  -1.3375900000   6.0465480000  -0.3397190000   2.2896380000  -0.1568620000  -0.3500040000   2.7767660000   0.9094960000  -0.1894820000   3.1421220000   1.9695500000   0.0048380000  -0.0238170000  -0.0272090000  -0.0048740000   0.0236530000   0.0272020000   0.0125880000  -0.0029280000   0.0107130000  -0.0111480000   0.0427000000   0.0838290000  -0.0014040000  -0.0396070000  -0.0945360000
   6.5304482336   6.0685827350 1378  6.56E+00   0.7657930000  -1.8764650000   4.2026890000   0.0476220000  -2.2049250000   5.3350340000  -0.2233660000   5.4700270000   1.9478580000  -0.1812140000   4.2901940000   2.2733760000   0.0733230000   3.1271670000   2.4374780000  -0.0211660000  -0.0098040000   0.0334430000   0.0211320000   0.0094080000  -0.0331710000   0.0090260000   0.0810980000  -0.0312150000  -0.0300380000  -0.0413830000   0.0349410000   0.0210460000  -0.0393200000  -0.0039980000
   6.5313937250   6.0689223375 1401  3.97E+00  -1.5984730000  -0.0952450000   2.5341700000  -0.6731810000  -1.3740310000   2.3477270000   1.2615210000   2.6025810000   6.5040840000   1.2825380000   2.7109230000   7.6804600000   1.2384220000   2.9182590000   8.8466330000  -0.0258650000   0.0355710000   0.0051550000   0.0256630000  -0.0359040000  -0.0053280000  -0.0034830000   0.0067740000  -0.0077120000   0.0085000000  -0.0170430000  -0.0146260000  -0.0048150000   0.0106020000   0.0225110000
   6.5313356584   6.0693370483 1581  6.52E+00  -0.2579690000  -0.1598450000   1.8717220000  -0.1892690000  -1.3986510000   2.3639550000   0.2275560000   2.9863100000   6.5395060000   0.3649760000   2.7966590000   7.6621770000   0.4599640000   2.5971980000   8.7856250000   0.0038150000  -0.0689610000   0.0273290000  -0.0038170000   0.0686120000  -0.0274360000   0.0049970000  -0.0102620000   0.0674930000   0.0034100000  -0.0000910000  -0.0060330000  -0.0084050000   0.0107030000  -0.0613530000
   6.5340237330   6.0689666759 1715  8.17E+00  -0.6653120000  -1.3684870000   2.9397210000   0.1416760000  -1.0671340000   1.9576320000  -0.1143990000   1.5881710000   7.4088830000  -0.2169620000   2.1704480000   8.4140600000  -0.3883760000   2.8859030000   9.3138040000   0.0611260000   0.0227590000  -0.0745270000  -0.0611390000  -0.0230130000   0.0740500000  -0.0071210000   0.0233260000   0.0168850000   0.0084960000  -0.0180870000   0.0089110000  -0.0013630000  -0.0049860000  -0.0253190000
   6.5301309547   6.0691214091 1778  3.12E+00  -0.2126680000   0.3835950000   2.1177440000  -0.3476270000  -0.9641200000   1.9474590000   0.5968810000   1.2054360000   7.5363020000   0.6633710000   2.0071340000   8.3818710000   0.6546630000   2.7663690000   9.3131440000  -0.0050700000  -0.0504600000  -0.0064650000   0.0049950000   0.0504210000   0.0060490000  -0.0034640000   0.0094530000   0.0194940000   0.0085590000  -0.0376300000  -0.0626060000  -0.0050200000   0.0282170000   0.0435290000
   6.5337656874   6.0652946851 1810  1.22E+01  -0.1708090000  -0.6630070000   1.5678590000   0.7518920000   0.1173500000   2.1919090000  -2.0709230000  -0.7569070000   7.4886240000  -1.2297780000  -0.0454250000   7.9855900000  -0.7502610000   0.9343810000   8.4721110000   0.0372210000   0.0314680000   0.0251220000  -0.0370780000  -0.0314430000  -0.0250270000  -0.0527260000  -0.0080110000  -0.0162810000   0.0659070000  -0.0288930000   0.0058330000  -0.0133240000   0.0368790000   0.0103530000
   6.5336471838   6.0652706289 1832  3.36E+00   0.1465680000  -2.2100080000   3.3348910000  -0.5555130000  -1.3916950000   2.4389450000   1.2143690000   3.9694050000   7.5582030000   1.0128000000   2.8184800000   7.4156380000   0.7904590000   1.6921480000   7.4853080000  -0.0137230000   0.0159640000  -0.0175730000   0.0137040000  -0.0159310000   0.0172770000  -0.0013100000   0.0022120000   0.0155780000  -0.0089630000  -0.0624980000  -0.0285220000   0.0102910000   0.0602530000   0.0132410000
   6.5343952943   6.0674074203 2310  3.15E+00   1.1069610000  -0.8282510000   1.9213550000  -0.0124290000   0.0139190000   2.0564120000   0.8901700000   0.9300410000   7.9859540000  -0.0076480000   0.2800850000   8.2638750000  -0.8920960000  -0.4699610000   8.4203030000  -0.0192460000   0.0144670000   0.0023240000   0.0191860000  -0.0144900000  -0.0023280000  -0.0556430000  -0.0481330000   0.0104520000   0.0430620000   0.0454390000  -0.0009150000   0.0126410000   0.0027170000  -0.0095330000
   6.5341701925   6.0692178669 2406  1.97E+00  -0.6305860000  -1.3388120000   1.9149840000  -0.9363350000   0.1123960000   2.2746110000   0.8014730000   0.7655400000   8.0529180000   1.7167110000   0.0642110000   7.8493840000   2.6258130000  -0.6030520000   7.5751600000   0.0055060000  -0.0260710000  -0.0064300000  -0.0054470000   0.0260210000   0.0064210000   0.0092540000  -0.0044080000  -0.0052290000   0.0133600000  -0.0147190000   0.0019950000  -0.0226730000   0.0191780000   0.0032430000
   6.5342819230   6.0666819392 2406  2.32E+00  -0.6291790000  -1.3505910000   1.9160340000  -0.9367540000   0.1126230000   2.2743100000   0.8008370000   0.7654630000   8.0500530000   1.7158380000   0.0635720000   7.8488140000   2.6291050000  -0.6028850000   7.5798920000   0.0061990000  -0.0294250000  -0.0071730000  -0.0061400000   0.0293750000   0.0071670000   0.0097360000  -0.0044660000  -0.0050250000   0.0101060000  -0.0128510000   0.0024580000  -0.0199010000   0.0173670000   0.0025740000
   6.5331137400   6.0680891581 2492  5.35E+00   0.1616510000  -1.7854980000   2.2515140000  -0.0852500000  -0.4520400000   2.0886780000  -0.1379170000  -0.0135050000   8.1406710000   0.2204560000   1.0863600000   8.1192690000   0.3879920000   2.2557440000   8.1921970000  -0.0091460000   0.0494780000  -0.0060570000   0.0092280000  -0.0493540000   0.0060710000  -0.0003010000   0.0444310000   0.0075990000   0.0118430000  -0.0597910000  -0.0158850000  -0.0116240000   0.0152360000   0.0082720000
   6.5323363735   6.0697311862 2497  5.09E+00  -0.3205070000  -1.7522390000   3.1699000000   0.2802310000  -1.1904010000   2.0985540000  -0.7960580000   2.4462900000   9.2677450000  -0.5353570000   2.5154640000   8.1107470000  -0.1814010000   2.4085820000   6.9643380000   0.0274120000   0.0255740000  -0.0489550000  -0.0274450000  -0.0259330000   0.0486690000  -0.0008130000  -0.0120250000   0.0293250000  -0.0181580000   0.0257530000   0.0124680000   0.0190030000  -0.0133690000  -0.0415060000
   6.5345626135   6.0693730176 2765  8.36E+00   0.9081280000  -1.9713080000   2.5466430000  -0.4932290000  -1.7859610000   3.1773980000   0.3351710000   2.8868250000   6.9610620000   0.7733980000   3.5155240000   6.0930540000   1.4903340000   4.2054790000   5.4369530000   0.0306780000  -0.0040150000  -0.0137990000  -0.0306790000   0.0041740000   0.0137460000   0.0363470000   0.0297500000  -0.0174300000  -0.0665510000  -0.0454950000   0.0118820000   0.0302050000   0.0155860000   0.0056010000
   6.5314192042   6.0671477851 2853  6.20E-01  -1.2417340000  -0.7482470000   1.9371470000   0.0202580000   0.0039930000   2.0258070000   0.4946440000  -0.7680040000   8.0249120000  -0.0174510000   0.2476290000   8.2750330000  -0.5044840000   1.2969850000   8.5248230000  -0.0065860000  -0.0039000000  -0.0004410000   0.0065300000   0.0040030000   0.0004590000  -0.0074640000   0.0205740000   0.0063470000   0.0120990000  -0.0365220000  -0.0107810000  -0.0045790000   0.0158460000   0.0044150000
   6.5336453229   6.0683327950 2938  4.43E+00  -1.9896430000   0.0572500000   2.8232270000  -0.7169420000  -0.2679410000   1.9498490000   2.3834730000   0.6069060000   8.9622990000   1.3684770000   0.7744560000   8.3817490000   0.2951510000   0.8339420000   7.8308510000  -0.0334920000   0.0085270000   0.0228480000   0.0335730000  -0.0086210000  -0.0232560000   0.0129370000  -0.0090900000   0.0115780000   0.0360540000   0.0127440000   0.0086310000  -0.0490710000  -0.0035590000  -0.0198010000
   6.5336578582   6.0652588665 3008  4.05E+00  -1.4624700000   0.1358100000   2.2436070000   0.0237800000  -0.0052670000   1.8464740000   0.6837190000  -0.3102030000   7.8680070000  -0.0192890000   0.2406170000   8.6150220000  -0.6958620000   0.8349960000   9.3028250000  -0.0318980000   0.0030570000   0.0085070000   0.0317040000  -0.0029350000  -0.0087640000  -0.0164810000   0.0179360000   0.0178030000  -0.0387130000   0.0255100000   0.0403800000   0.0553880000  -0.0435670000  -0.0579260000
   6.5348593266   6.0676897039 3034  4.97E+00   1.3046710000   0.1862720000   1.8025490000  -0.0153600000   0.0046380000   2.0817330000   0.4151710000   1.2959440000   7.9947720000   0.0399630000   0.2342240000   8.2136800000  -0.4506580000  -0.8190000000   8.3301920000  -0.0521720000  -0.0071920000   0.0110480000   0.0521800000   0.0071380000  -0.0110300000  -0.0286560000  -0.0565580000   0.0061560000   0.0287410000   0.0380800000   0.0017500000  -0.0000930000   0.0185330000  -0.0079240000
   6.5323164425   6.0694696615 3450  2.47E+00   0.6868060000  -1.3517450000   2.1613940000  -0.4726670000  -0.3792310000   2.0307700000  -0.2053270000   1.3068320000   7.8552170000   0.8755120000   1.0151160000   8.2469110000   1.8654230000   0.5979320000   8.6767180000   0.0192610000  -0.0161000000   0.0021900000  -0.0190860000   0.0160220000  -0.0023060000  -0.0178500000  -0.0046550000   0.0002670000   0.0528960000   0.0006510000   0.0090710000  -0.0352210000   0.0040820000  -0.0092220000
