   6.5451965611   6.7546584957  307  4.36E+00   0.6098970000   1.3718680000   2.1327120000  -0.0091120000  -0.0182240000   1.8642280000  -0.5975640000  -0.7311930000   8.6594330000   0.0112220000   0.2585510000   8.5546830000   0.5962200000   1.2293550000   8.4750170000   0.0132620000   0.0297890000   0.0057900000  -0.0132710000  -0.0298060000  -0.0057010000   0.0096810000   0.0172260000   0.0012610000   0.0362090000   0.0573850000  -0.0107110000  -0.0458810000  -0.0745930000   0.0093610000
   6.5474504857   6.7504200342  320  6.12E+00  -0.5939100000  -1.5043420000   2.6125040000  -0.7585900000  -0.1271690000   1.8677240000   2.3213360000  -0.2015890000   8.7384390000   1.3340260000   0.4617620000   8.5527570000   0.5032190000   1.2725100000   8.3497690000   0.0042950000  -0.0357110000   0.0193640000  -0.0042460000   0.0356470000  -0.0193070000   0.0488960000  -0.0168130000   0.0071940000  -0.0554400000   0.0039140000  -0.0066990000   0.0064950000   0.0129630000  -0.0005510000
   6.5498412048   6.7508589870  320  5.12E+00  -0.5961610000  -1.4836360000   2.6071950000  -0.7588340000  -0.1275450000   1.8670040000   2.3221890000  -0.2007090000   8.7403760000   1.3352520000   0.4620110000   8.5556840000   0.5028030000   1.2720210000   8.3495640000   0.0037410000  -0.0309770000   0.0169560000  -0.0036910000   0.0309100000  -0.0169030000   0.0479180000  -0.0162530000   0.0067400000  -0.0528330000   0.0019300000  -0.0056120000   0.0048650000   0.0143900000  -0.0011820000
   6.5465534372   6.7543261638  507  1.78E+00  -1.7018860000   0.3688680000   2.4553420000  -0.3921880000   0.1398450000   1.8852310000   1.3498160000  -1.0187960000   8.3073720000   0.7880770000   0.0206260000   8.4998580000   0.1244840000   0.9693240000   8.7430140000   0.0032530000  -0.0005640000  -0.0013730000  -0.0032210000   0.0006000000   0.0014550000   0.0116870000  -0.0382820000  -0.0015650000   0.0031870000   0.0311150000  -0.0061260000  -0.0149060000   0.0071300000   0.0076080000
   6.5482242673   6.7510127320  814  6.18E+00   1.2488290000  -0.6594660000   5.1434430000   0.6830300000  -1.9461460000   5.9366290000  -1.7052860000   4.8449540000   0.8989940000  -1.2728470000   3.8020690000   1.0672810000  -0.8290900000   2.7495950000   1.3279760000   0.0173540000   0.0392720000  -0.0241100000  -0.0172720000  -0.0394520000   0.0244290000   0.0261970000  -0.0618900000   0.0163210000  -0.0206020000   0.0473750000  -0.0184860000  -0.0056770000   0.0146950000   0.0018460000
   6.5469078707   6.7522060377  884  4.68E+00   0.7230170000   0.7831750000   2.1055150000  -0.3592770000  -0.3237930000   1.8516080000   1.7326890000   0.8158240000   8.1696170000   0.6661830000   0.8283950000   8.6520200000  -0.4840280000   0.8177340000   8.9564980000   0.0271800000   0.0278330000   0.0063780000  -0.0272450000  -0.0278360000  -0.0063900000  -0.0148860000  -0.0012340000  -0.0057800000   0.0436270000   0.0028410000   0.0101800000  -0.0286750000  -0.0016040000  -0.0043870000
   6.5487449828   6.7511918041  901  1.57E+00   0.4547040000  -0.7979310000   2.9150130000   0.6427720000  -0.1837380000   1.5684860000  -1.9815050000   0.5183140000   9.9618620000  -1.1329410000   0.5872130000   9.1155630000  -0.4068120000   0.6964460000   8.1792530000  -0.0019810000  -0.0064730000   0.0139650000   0.0019540000   0.0063740000  -0.0142520000  -0.0415390000  -0.0002770000   0.0290180000   0.0338930000  -0.0046650000  -0.0052560000   0.0076720000   0.0050420000  -0.0234750000
   6.5499775700   6.7539076974 1281  2.56E+00  -0.7687760000  -1.1983950000   2.5611840000  -0.6124170000   0.1129860000   1.7664900000   0.3198850000   0.5004790000   9.4840220000   1.1115120000   0.0643990000   8.7070830000   1.9527020000  -0.3499230000   7.9971520000  -0.0032910000  -0.0272520000   0.0165520000   0.0031700000   0.0273000000  -0.0165200000  -0.0175550000   0.0129420000   0.0255810000   0.0129300000  -0.0138890000  -0.0305030000   0.0047470000   0.0008990000   0.0048900000
   6.5464667456   6.7545928887 2043  6.51E+00   1.9191900000   0.5085980000   2.7684440000   0.6070960000   0.5155250000   1.9247110000  -0.7807140000   0.2980770000   8.9607570000  -1.2193770000  -0.6441270000   8.3966630000  -1.4568010000  -1.7335630000   7.9501950000   0.0312530000  -0.0001520000   0.0201500000  -0.0313020000   0.0002280000  -0.0200660000   0.0166840000   0.0001570000   0.0140890000  -0.0209970000   0.0447720000  -0.0083670000   0.0043620000  -0.0450050000  -0.0058070000
   6.5470537513   6.7536378730 2496  3.98E+00   0.9333450000  -0.6154900000   2.4395270000  -0.0123200000   0.0063310000   1.7053180000   0.8473390000   0.9351630000   9.2859610000   0.0017400000   0.2570720000   8.8609490000  -0.8459220000  -0.4333130000   8.3928770000  -0.0440670000   0.0290260000  -0.0342240000   0.0441790000  -0.0289380000   0.0341880000  -0.0126730000  -0.0107650000  -0.0082390000   0.0285670000   0.0242270000   0.0180490000  -0.0160060000  -0.0135500000  -0.0097730000
   6.5473713352   6.7506077877 2529  5.11E+00   0.7519880000   0.2954980000   2.8770000000   0.9210360000   1.4582990000   2.0023890000  -2.3253950000  -3.2829910000   8.8443310000  -1.6336230000  -2.3870230000   8.3524920000  -1.0955070000  -1.5391240000   7.7049950000  -0.0005040000  -0.0036640000   0.0026530000   0.0005770000   0.0037250000  -0.0029220000  -0.0618540000  -0.0717800000   0.0295980000   0.0546980000   0.0496830000  -0.0027570000   0.0070840000   0.0220350000  -0.0265720000
   6.5487232190   6.7521784394 2843  1.42E+00  -0.9678850000  -1.0121210000   2.8260510000  -1.1689720000   0.0550720000   1.9129930000   1.7067430000   0.6984300000   9.4025480000   2.1655890000   0.1819640000   8.4511090000   2.5666660000  -0.3586310000   7.5224290000  -0.0025640000   0.0133680000  -0.0114210000   0.0024270000  -0.0132980000   0.0113990000  -0.0035680000  -0.0017900000   0.0020590000   0.0281790000  -0.0253790000  -0.0545310000  -0.0244750000   0.0270980000   0.0524950000
   6.5484339896   6.7509125783 3510  8.45E+00   1.3916400000  -1.2493470000   5.1103370000   1.8715280000  -1.5637240000   3.5655060000  -4.5237130000   2.9568210000   5.0279740000  -3.4540780000   3.1412400000   5.4621190000  -2.3178660000   3.2610660000   5.7438540000  -0.0161260000   0.0104840000   0.0518720000   0.0161240000  -0.0106700000  -0.0519500000   0.0140570000  -0.0021380000  -0.0060360000  -0.0148350000   0.0056920000   0.0166220000   0.0007790000  -0.0033670000  -0.0105080000
   6.5490594990   6.7509811357 3519  4.98E+00   1.4673850000  -0.4832120000   2.3252680000   1.1248490000  -1.7356720000   3.1104160000  -2.4597540000   3.5937140000   5.1898420000  -2.0243760000   3.3756170000   6.3010980000  -1.7307760000   3.2587060000   7.4004680000   0.0055720000   0.0203080000  -0.0126800000  -0.0055330000  -0.0203000000   0.0128480000  -0.0300430000   0.0178290000  -0.0507580000   0.0553440000  -0.0313440000   0.1093740000  -0.0253410000   0.0135060000  -0.0587840000
   6.5474153596   6.7526618609 3657  1.33E+01  -1.4833790000   0.3787490000   2.5397480000  -1.2317960000  -0.8875060000   2.3157740000   2.6428240000   0.9903280000   8.4284090000   2.3251230000   1.7937710000   7.6741100000   1.8570590000   2.7593300000   7.0863090000   0.0183130000  -0.0922320000  -0.0163150000  -0.0182530000   0.0920510000   0.0163450000  -0.0245820000   0.0494060000  -0.0249790000   0.0586740000  -0.1127640000   0.0447280000  -0.0341520000   0.0635390000  -0.0197790000
   6.5467980310   6.7520597158 3677  4.85E+00   0.8075730000  -0.8556990000   2.3883660000  -0.0102400000   0.0105570000   1.7549230000  -1.0819440000   0.0128690000   8.4213880000  -0.0124140000   0.2349290000   8.7913900000   1.0915250000   0.4996350000   9.0651520000  -0.0380390000   0.0403160000  -0.0294480000   0.0381110000  -0.0403050000   0.0294640000   0.0464150000   0.0123020000   0.0099940000  -0.0327610000  -0.0115700000  -0.0002600000  -0.0137260000  -0.0007420000  -0.0097510000
   6.5490352298   6.7536357000 3830  3.49E+00  -1.0673820000  -0.5728720000   3.3726210000  -1.1242790000  -0.9264110000   1.8671420000   2.5629720000   2.4476720000   9.4634220000   2.0460910000   2.0168440000   8.5194180000   1.5832090000   1.3887750000   7.6048260000   0.0011260000   0.0076390000   0.0326250000  -0.0013370000  -0.0077550000  -0.0330030000  -0.0077240000  -0.0221560000  -0.0185790000   0.0182380000   0.0542750000   0.0444050000  -0.0103030000  -0.0320030000  -0.0254490000
   6.5458693652   6.7541959345 3942  2.26E-01   1.2352370000  -0.0617910000   2.4264480000  -0.0161150000  -0.0010230000   1.7087480000   0.6768150000   1.0685780000   8.3416180000   0.0080610000   0.2587350000   8.8482630000  -0.6802060000  -0.5661320000   9.3304380000  -0.0042860000   0.0001690000  -0.0024530000   0.0042120000  -0.0002700000   0.0024260000  -0.0123060000  -0.0141330000   0.0083600000   0.0168700000   0.0189660000  -0.0097930000  -0.0044910000  -0.0047320000   0.0014590000
