   6.5456187103   6.9445237586  181  1.00E+01  -0.4099600000  -0.7501050000   3.0106080000  -0.5322960000  -0.7868440000   1.6971930000   1.3649560000   1.9708480000   7.7817620000   0.9699340000   1.8104390000   8.8744490000   0.5911610000   1.3346830000   9.8915380000  -0.0081140000  -0.0024630000  -0.0866390000   0.0079850000   0.0023490000   0.0865210000  -0.0030420000  -0.0225010000   0.0089790000   0.0059310000   0.0487060000  -0.0150280000  -0.0027590000  -0.0260910000   0.0061680000
   6.5474120797   6.9411802629  344  2.22E+00   0.8612800000   0.3526140000   2.7140020000  -0.0106000000  -0.0003660000   1.5144530000  -0.3753580000  -0.5589940000   9.9863130000   0.0128210000   0.2719020000   9.2057050000   0.3644080000   1.0221660000   8.3696540000   0.0153520000   0.0061660000   0.0210630000  -0.0153890000  -0.0062830000  -0.0212080000  -0.0192410000  -0.0412620000   0.0313950000   0.0202600000   0.0434190000  -0.0264560000  -0.0009830000  -0.0020390000  -0.0047940000
   6.5489764152   6.9448090555  490  1.90E+00  -0.3336130000   0.4482270000   2.7514340000   0.0020360000  -0.0024660000   1.4528300000   0.2022740000  -0.3510500000  10.2598890000   0.0020970000   0.2070220000   9.2873510000  -0.1929990000   0.8673890000   8.3401870000   0.0047330000  -0.0064050000  -0.0183950000  -0.0047000000   0.0062480000   0.0181320000  -0.0126310000   0.0437290000  -0.0608490000   0.0093510000  -0.0414420000   0.0433500000   0.0032470000  -0.0021300000   0.0177610000
   6.5459721252   6.9438803581  513  1.74E+00   0.0876550000  -0.3902590000   2.8484700000  -0.0026700000   0.0062650000   1.4233570000  -0.4322110000   0.6000700000   8.3284540000   0.0501830000   0.2994090000   9.3579020000   0.4023490000  -0.1438640000  10.3597410000   0.0007710000  -0.0031950000   0.0111950000  -0.0006550000   0.0031030000  -0.0114750000  -0.0059650000  -0.0119840000   0.0070950000   0.0298990000   0.0034760000   0.0368560000  -0.0240500000   0.0086010000  -0.0436710000
   6.5456154064   6.9407478683 1234  5.71E+00  -0.8304490000   1.1599110000   2.3178870000   0.0080840000  -0.0119450000   1.7597720000   0.5447690000  -0.8172480000   8.9439380000  -0.0538500000   0.2310290000   8.7505500000  -0.4923960000   1.3180690000   8.5534870000  -0.0179920000   0.0251170000   0.0120000000   0.0179870000  -0.0251700000  -0.0119420000   0.0469390000  -0.0638830000   0.0130600000  -0.0460370000   0.0366720000  -0.0097200000  -0.0008970000   0.0272640000  -0.0033980000
   6.5498270409   6.9447947423 1412  6.10E+00  -0.4789420000   0.1991280000   2.4860240000  -0.8647510000  -1.0313360000   1.9139040000   2.0707040000   2.1145460000   7.3652070000   1.5283600000   2.0346220000   8.4443740000   1.1309150000   2.1839460000   9.5816960000  -0.0061510000  -0.0194370000  -0.0090270000   0.0059840000   0.0193330000   0.0090190000   0.0338680000   0.0173120000  -0.0451320000  -0.0203620000  -0.0385540000  -0.0208100000  -0.0133400000   0.0213470000   0.0659500000
   6.5492251479   6.9429234843 1896  3.36E+00  -1.3458060000  -0.2553960000   2.3824150000   0.0149340000   0.0071800000   1.7876280000   0.2325220000  -0.9285380000   8.6637660000   0.0025910000   0.2449860000   8.7717650000  -0.2242610000   1.4125340000   8.6745400000  -0.0193960000  -0.0037360000   0.0084940000   0.0193920000   0.0037560000  -0.0084850000   0.0086060000  -0.0428310000  -0.0149840000  -0.0026080000   0.0108910000   0.0288460000  -0.0059950000   0.0319190000  -0.0138710000
   6.5477650354   6.9441406121 1930  1.42E+00  -1.0666590000  -0.2464750000   2.2967340000  -0.2597730000  -1.4418910000   2.2330570000  -0.4844760000   3.5080610000   7.9620200000   0.4800680000   2.8682270000   7.8446610000   1.4886650000   2.2431290000   7.8530820000   0.0027750000  -0.0040860000  -0.0001630000  -0.0028380000   0.0041790000   0.0002230000   0.0211140000  -0.0104210000   0.0069840000  -0.0383410000   0.0172580000  -0.0167670000   0.0172910000  -0.0069290000   0.0097240000
   6.5496066586   6.9418391063 3107  7.61E+00  -1.2991150000  -0.7104750000   2.9405350000  -0.8133590000   0.1944780000   1.7339460000   2.6148370000  -0.5355510000   8.9655050000   1.5131850000  -0.0781290000   8.8217300000   0.3931810000   0.3553670000   8.5682350000  -0.0132070000  -0.0247000000   0.0328440000   0.0132950000   0.0246400000  -0.0329740000   0.0479980000  -0.0215480000   0.0010050000   0.0286740000  -0.0066560000   0.0208620000  -0.0767600000   0.0282640000  -0.0217360000
   6.5479698124   6.9433296438 3224  2.48E+00  -0.9429400000   1.2297110000   2.6154990000   0.4285860000   1.6342630000   2.2960160000  -0.4606120000  -3.5010060000   6.8838440000  -0.7864420000  -2.7683610000   7.7988220000  -1.0300640000  -1.9725050000   8.6311540000  -0.0045590000  -0.0013320000   0.0010950000   0.0045280000   0.0014020000  -0.0010330000   0.0225240000  -0.0371590000  -0.0536950000  -0.0254290000   0.0278030000   0.0514420000   0.0029350000   0.0092850000   0.0021900000
   6.5491569137   6.9433731428 3458 -1.20E-01   0.8662710000  -0.9680340000   3.3261110000   1.0940080000  -0.8631100000   1.8811030000  -1.6790680000   2.2338460000   9.5563240000  -2.0004040000   1.8458960000   8.4986760000  -2.3375540000   1.4396900000   7.4607020000  -0.0007640000  -0.0004060000   0.0053400000   0.0009640000   0.0003580000  -0.0054230000  -0.0026420000  -0.0026000000  -0.0024830000  -0.0025810000  -0.0051740000  -0.0216590000   0.0050230000   0.0078220000   0.0242250000
   6.5472901468   6.9435258134 3458 -1.06E-01   0.8878300000  -0.9640710000   3.3391960000   1.0938690000  -0.8633080000   1.8809150000  -1.6792150000   2.2323360000   9.5572260000  -1.9984700000   1.8470320000   8.5000080000  -2.3395270000   1.4410870000   7.4589170000  -0.0012380000  -0.0006640000   0.0093290000   0.0014430000   0.0006140000  -0.0094140000  -0.0038500000  -0.0037380000  -0.0054500000   0.0011220000  -0.0012870000  -0.0118690000   0.0025220000   0.0050740000   0.0174040000
   6.5456717742   6.9436618781 3458 -7.60E-04   0.9094140000  -0.9600940000   3.3520970000   1.0937310000  -0.8635070000   1.8807280000  -1.6793570000   2.2308300000   9.5581350000  -1.9965390000   1.8481700000   8.5013600000  -2.3415030000   1.4424790000   7.4571100000  -0.0015730000  -0.0008870000   0.0132200000   0.0017840000   0.0008360000  -0.0133070000  -0.0050580000  -0.0048790000  -0.0084690000   0.0048280000   0.0025480000  -0.0021200000   0.0000190000   0.0023820000   0.0106770000
   6.5466955202   6.9446935718 3458  3.48E+00   1.0832330000  -0.9274220000   3.4401910000   1.0926070000  -0.8651050000   1.8794310000  -1.6801490000   2.2191170000   9.5660880000  -1.9818700000   1.8566340000   8.5110290000  -2.3570620000   1.4537620000   7.4428300000  -0.0001260000  -0.0015250000   0.0376750000   0.0003730000   0.0014640000  -0.0377750000  -0.0132870000  -0.0124150000  -0.0295260000   0.0312560000   0.0278690000   0.0647380000  -0.0182160000  -0.0153940000  -0.0351130000
   6.5490586982   6.9448860798 3458  4.09E+00   1.1050490000  -0.9232080000   3.4484090000   1.0924650000  -0.8653060000   1.8793040000  -1.6801860000   2.2177120000   9.5672170000  -1.9802160000   1.8575330000   8.5118850000  -2.3589330000   1.4552320000   7.4411740000   0.0004200000  -0.0014870000   0.0397540000  -0.0001700000   0.0014260000  -0.0398540000  -0.0139660000  -0.0129530000  -0.0311480000   0.0338230000   0.0300360000   0.0707110000  -0.0201070000  -0.0170220000  -0.0394620000
   6.5498730943   6.9412783086 3601  2.09E+00  -0.6243430000  -0.3557990000   2.7819220000   0.0056510000   0.0068550000   1.4517490000  -0.6545630000   0.3221260000   8.3543620000   0.0338140000   0.2504310000   9.2703850000   0.6402900000   0.1657340000  10.2619310000  -0.0099520000  -0.0057820000   0.0210100000   0.0100800000   0.0057440000  -0.0212210000   0.0309230000  -0.0046540000   0.0564470000  -0.0147280000   0.0041500000  -0.0452500000  -0.0163230000   0.0005430000  -0.0109850000
   6.5459121016   6.9407354655 3641  3.24E+00   0.5414400000   0.6185720000   2.0840270000   0.9096420000   1.9143410000   2.8075990000  -1.4651160000  -3.8512650000   5.8558970000  -1.7095140000  -3.2432070000   6.8661640000  -1.8286440000  -2.6260550000   7.8377570000  -0.0068310000  -0.0239770000  -0.0133910000   0.0068030000   0.0240580000   0.0134680000   0.0166450000  -0.0233170000  -0.0393500000  -0.0276010000   0.0402120000   0.0677850000   0.0109850000  -0.0169760000  -0.0285130000
   6.5461767753   6.9446996324 3819  7.18E+00   1.0808500000   0.0035740000   2.9133850000   0.3643710000   0.0861540000   1.5700250000   0.0722710000   0.5988270000   9.8021680000  -0.7715410000   0.0766010000   9.1915810000  -1.3809270000  -0.3991550000   8.2742970000   0.0127440000  -0.0014380000   0.0237570000  -0.0126080000   0.0015050000  -0.0239200000  -0.0023280000  -0.0080430000  -0.0332580000   0.0005900000   0.0157080000   0.0734950000   0.0016020000  -0.0077320000  -0.0400730000
   6.5490789487   6.9424155270 3892  3.51E+00  -0.1566140000  -0.7740950000   2.8999050000  -0.7719370000  -0.5576520000   1.6743360000   0.9926360000   1.8045750000   7.9595010000   1.4006640000   1.3210930000   8.9061940000   1.8210010000   0.7251790000   9.8111010000  -0.0157920000   0.0054970000  -0.0314850000   0.0157790000  -0.0056510000   0.0313660000   0.0314160000  -0.0434160000   0.0682340000  -0.0220500000   0.0369690000  -0.0431170000  -0.0093530000   0.0066010000  -0.0249970000
