   6.5558103341   6.5080594824   18  5.01E+00   0.5559170000  -1.3122540000   2.7580400000  -0.0238800000  -0.3586190000   1.6944670000   0.2463300000  -0.0354510000   8.1888790000   0.1149810000   0.9335280000   8.9013850000  -0.2484110000   1.8960370000   9.4937300000   0.0120690000  -0.0198390000   0.0220040000  -0.0120740000   0.0199300000  -0.0223230000  -0.0082780000  -0.0420740000  -0.0362340000   0.0300160000   0.0217410000   0.0306620000  -0.0217320000   0.0202420000   0.0058910000
   6.5579385617   6.5062142559  311  3.47E+00   1.2734080000  -0.5858450000   2.3727290000  -0.0140490000   0.0079360000   1.7976770000  -1.0903270000   0.1914980000   8.2116270000  -0.0339990000   0.2835990000   8.7399350000   1.1057850000   0.2805520000   9.1010030000   0.0241340000  -0.0111140000   0.0107860000  -0.0240370000   0.0111310000  -0.0108410000  -0.0087940000  -0.0070170000  -0.0157000000  -0.0305990000   0.0129400000   0.0143780000   0.0392960000  -0.0059400000   0.0013780000
   6.5567273238   6.5051274272  971  5.98E+00   0.6867890000  -1.1131230000   2.1683270000  -0.0134160000   0.0148890000   1.8802470000   1.1407850000   0.1729550000   8.7888550000   0.0211890000   0.3391170000   8.5274660000  -1.1329610000   0.2559130000   8.2837780000  -0.0287720000   0.0463980000  -0.0118160000   0.0288760000  -0.0463430000   0.0118550000  -0.0309660000  -0.0127720000  -0.0043380000   0.0384690000   0.0300570000   0.0024910000  -0.0076060000  -0.0173400000   0.0018080000
   6.5569436741   6.5051528330 1156  5.22E+00  -0.4373990000  -1.6955720000   2.4718340000   0.4475260000  -0.5321680000   2.0075400000  -1.7608300000   1.6652310000   7.7181980000  -0.8566510000   1.1997670000   8.3399470000   0.1964220000   0.8863870000   8.8403460000  -0.0171790000  -0.0226060000   0.0090550000   0.0172220000   0.0225490000  -0.0090120000  -0.0131560000   0.0208280000  -0.0208400000  -0.0421900000  -0.0163650000   0.0049190000   0.0553030000  -0.0044060000   0.0158780000
   6.5559754696   6.5094750230 1266  2.66E+00  -0.7270820000  -1.1354540000   2.0963830000   0.0101050000   0.0135730000   1.9238530000   1.1252480000   0.5496310000   8.3146560000   0.0070500000   0.2587390000   8.4601940000  -1.1352000000  -0.0524400000   8.5952300000   0.0233960000   0.0364590000  -0.0054420000  -0.0233990000  -0.0364490000   0.0055140000  -0.0195160000  -0.0058790000   0.0031020000   0.0479960000   0.0144080000  -0.0070540000  -0.0284770000  -0.0085380000   0.0038790000
   6.5566322634   6.5052444717 1426  4.45E+00  -1.7038180000   1.0040350000   3.5664010000  -1.5784370000   0.3650450000   2.1575030000   2.8199290000  -0.5445640000   6.8633710000   2.8972860000  -0.4592760000   8.0023890000   2.9955340000  -0.3093660000   9.1306700000  -0.0029090000   0.0144810000   0.0318820000   0.0026350000  -0.0144030000  -0.0319680000   0.0079360000   0.0099950000   0.0724950000  -0.0036800000  -0.0057940000  -0.0031330000  -0.0039820000  -0.0042790000  -0.0692770000
   6.5578456173   6.5065174897 2296  2.60E+00  -0.8920190000  -0.9905180000   2.2553990000   0.0074970000   0.0166240000   1.7994000000  -1.0818190000   0.3276390000   8.2065390000   0.0354680000   0.2745440000   8.6228730000   1.0739490000   0.1333140000   9.1927600000   0.0090630000   0.0100920000  -0.0045820000  -0.0088950000  -0.0100940000   0.0045730000  -0.0328140000  -0.0039070000   0.0007340000   0.0083700000   0.0131820000  -0.0268990000   0.0242760000  -0.0092730000   0.0261730000
   6.5555890730   6.5050117987 2337  2.18E+00   1.3691690000  -0.4340970000   2.2289490000  -0.0124660000   0.0040810000   1.8422040000  -1.0515730000  -0.0945670000   8.9773550000  -0.0356930000   0.3077320000   8.5891220000   1.0543630000   0.5581930000   8.2351700000   0.0171360000  -0.0054580000   0.0047780000  -0.0172820000   0.0054410000  -0.0047930000   0.0328960000   0.0004920000  -0.0072640000  -0.0282650000   0.0121660000  -0.0000510000  -0.0044850000  -0.0126410000   0.0073310000
   6.5587967860   6.5077681324 2582  3.17E+00  -1.5142080000  -1.0694550000   3.5890550000  -2.0202740000  -0.0074190000   2.5739550000   3.2492400000   0.8260540000   6.3006950000   3.7686640000   0.2999240000   7.2268950000   4.1067750000  -0.2591000000   8.1942150000   0.0115350000  -0.0243800000   0.0232430000  -0.0117880000   0.0242270000  -0.0233390000  -0.0155420000   0.0032750000  -0.0052320000   0.0309890000  -0.0069610000   0.0125750000  -0.0151930000   0.0038390000  -0.0072470000
   6.5568998383   6.5095348300 3005  5.84E+00  -0.3459070000  -1.9766860000   4.2931680000  -1.3465280000  -1.9360250000   3.3707780000   1.4215070000   3.2927730000   6.0858650000   2.4679940000   3.7753180000   5.7036100000   3.4724610000   4.3543020000   5.5286860000  -0.0394530000   0.0015520000  -0.0364530000   0.0394970000  -0.0017690000   0.0362330000  -0.0511880000  -0.0152410000   0.0314910000   0.0533270000   0.0090320000  -0.0441270000  -0.0021830000   0.0064260000   0.0128560000
   6.5593134619   6.5076355702 3296  4.72E+00   0.9117070000  -0.8784620000   2.2643550000  -0.0150800000   0.0101090000   1.8296980000  -0.8647350000  -0.4444360000   8.2655970000  -0.0401510000   0.3012300000   8.6461170000   0.9127520000   0.9108340000   8.9643680000  -0.0397000000   0.0381030000  -0.0186180000   0.0397720000  -0.0380040000   0.0185940000   0.0117980000  -0.0060040000  -0.0009130000  -0.0193100000   0.0156380000   0.0044750000   0.0074390000  -0.0097320000  -0.0035370000
   6.5551704236   6.5054851122 3624  2.19E+00  -0.9252030000   0.8770790000   2.4430710000   0.0153310000  -0.0124550000   1.6623930000  -0.4421260000   0.9633990000   9.7223160000   0.0116580000   0.2799760000   8.9034130000   0.4150960000  -0.4789580000   8.1388040000  -0.0141930000   0.0134510000   0.0117660000   0.0141130000  -0.0133000000  -0.0119070000   0.0092870000  -0.0249900000  -0.0186150000   0.0143210000  -0.0071690000  -0.0251450000  -0.0235280000   0.0320080000   0.0439010000
   6.5590330667   6.5071521872 3641  2.10E+00   0.4268610000   2.0678790000   3.9398730000   0.8928610000   1.8888990000   2.5853130000  -1.9378130000  -3.3076530000   8.3613030000  -1.6996190000  -3.2198090000   7.1863100000  -1.2723430000  -3.1514770000   6.0852460000   0.0015990000  -0.0005700000  -0.0046510000  -0.0015770000   0.0008070000   0.0046450000   0.0018810000  -0.0051720000   0.0517970000  -0.0173200000   0.0068640000  -0.0459050000   0.0154170000  -0.0019290000  -0.0058860000
   6.5560462161   6.5067463080 3843  1.13E+00   0.0225570000   0.8646920000   2.0671190000  -0.5119880000  -0.4764510000   1.8948620000   1.7831630000   1.2610390000   7.7301990000   0.9578450000   1.1384920000   8.5503290000   0.0533550000   0.8970070000   9.2586540000  -0.0001060000  -0.0001490000  -0.0000430000  -0.0000520000   0.0001070000  -0.0000350000  -0.0153020000  -0.0092550000   0.0044790000   0.0183750000   0.0165920000   0.0041520000  -0.0029140000  -0.0072940000  -0.0085520000
