   6.5591287881   6.7186610610  250  5.23E+00   1.2523980000   0.5112980000   2.6797710000   0.6601540000  -0.6455500000   1.7674060000  -1.7381000000   1.4496630000   7.6833900000  -1.1792840000   1.3787160000   8.7094210000  -0.7524930000   1.3948340000   9.7839840000   0.0164820000   0.0320220000   0.0252750000  -0.0162710000  -0.0321150000  -0.0253510000  -0.0019320000   0.0055820000   0.0200030000   0.0248810000  -0.0112470000   0.0104850000  -0.0231590000   0.0057580000  -0.0304120000
   6.5597553312   6.7193695845  477  6.30E-01   0.3544800000  -1.5379400000   3.1490080000  -0.0052580000  -0.9863620000   1.8366900000  -0.4202370000   1.6658370000   9.5901280000   0.0190740000   2.0798000000   8.6106790000   0.4098460000   2.4835650000   7.5757860000   0.0014940000  -0.0023820000   0.0055410000  -0.0015600000   0.0021750000  -0.0056110000   0.0145490000   0.0165110000  -0.0432560000  -0.0105400000  -0.0159660000   0.0439900000  -0.0039440000  -0.0003380000  -0.0006630000
   6.5569776014   6.7193381800  561  4.62E-01  -0.7761420000  -0.7540150000   3.1115420000  -0.4712380000  -0.9501390000   1.7069430000   0.4628680000   1.2464660000   7.9880160000   0.8829960000   1.9700040000   8.8404980000   1.2766440000   2.7550620000   9.6557210000   0.0003470000  -0.0002800000  -0.0018600000  -0.0003750000   0.0002060000   0.0015160000  -0.0131100000  -0.0161350000  -0.0245960000  -0.0008480000  -0.0184580000  -0.0052710000   0.0139850000   0.0346680000   0.0302120000
   6.5584047004   6.7169382747 1051  1.90E+00   1.2566410000   0.4296970000   2.3899750000  -0.0185370000  -0.0094400000   1.7226070000  -0.6818920000  -0.6156760000   8.3791600000  -0.0094770000   0.2574200000   8.8226990000   0.7024140000   1.1301810000   9.2451700000   0.0172430000   0.0059580000   0.0090550000  -0.0171900000  -0.0058800000  -0.0090490000  -0.0119580000  -0.0184280000  -0.0090400000  -0.0204900000  -0.0185680000  -0.0085240000   0.0323950000   0.0369180000   0.0175570000
   6.5570934601   6.7163216569 1140  3.05E+00  -1.2776110000  -0.3857900000   2.3672570000   0.0172910000  -0.0000020000   1.7979530000  -0.4048950000   1.3655390000   8.8427750000   0.0258320000   0.2455320000   8.7624070000   0.3796390000  -0.8378670000   8.4519490000  -0.0046650000  -0.0013760000   0.0020540000   0.0046560000   0.0014240000  -0.0020780000  -0.0207670000   0.0440780000  -0.0102380000   0.0225340000  -0.0374870000   0.0257160000  -0.0017580000  -0.0066390000  -0.0154540000
   6.5594700749   6.7164273960 1404  8.92E+00  -0.4368880000  -2.3072730000   4.3461920000  -0.1875380000  -1.9417900000   2.9281710000  -0.3242120000   4.5986420000   5.9172430000   0.2693350000   3.7966190000   6.6419270000   1.0861600000   3.0820620000   7.2000560000  -0.0022390000  -0.0032050000   0.0125560000   0.0021530000   0.0032630000  -0.0125620000  -0.0319300000   0.0647150000  -0.0618850000  -0.0290170000  -0.0277210000   0.0364940000   0.0610330000  -0.0370530000   0.0253960000
   6.5579743776   6.7178720462 2144  1.25E+00  -0.8279740000  -1.4177430000   3.4566740000  -1.2291030000  -0.9998830000   2.1389760000   3.3361940000   2.1350620000   8.4343570000   2.2365000000   2.1226710000   8.0481330000   1.1754770000   2.0421100000   7.6247830000  -0.0019510000   0.0020050000  -0.0065290000   0.0019880000  -0.0021390000   0.0063530000  -0.0157080000  -0.0048550000  -0.0087940000  -0.0502530000   0.0042940000  -0.0146750000   0.0659230000   0.0006950000   0.0236460000
   6.5589607470   6.7154848415 2364  3.30E+00   0.4607610000  -1.8076290000   3.9173380000  -0.6041080000  -2.0879300000   2.8578810000   0.9226630000   3.8438230000   5.6112450000   1.0793430000   4.0932210000   6.7132800000   1.2551090000   4.3126010000   7.8305570000   0.0195630000   0.0051040000   0.0195040000  -0.0195920000  -0.0053000000  -0.0194460000   0.0127060000   0.0168060000   0.0787470000  -0.0067890000  -0.0056460000  -0.0328590000  -0.0058880000  -0.0109640000  -0.0459460000
   6.5551229464   6.7158900730 2517  1.86E+00  -0.3098730000   0.7348850000   2.7453660000   0.0828520000  -0.0043150000   1.4667230000  -0.1793890000  -0.1823800000  10.3862850000  -0.1222450000   0.2790310000   9.2819270000  -0.1231010000   0.6358370000   8.1488610000  -0.0072120000   0.0135460000   0.0232980000   0.0072170000  -0.0136160000  -0.0236440000  -0.0056870000  -0.0238690000   0.0406910000   0.0092200000   0.0235770000  -0.0194640000  -0.0035380000   0.0003620000  -0.0208810000
   6.5586404934   6.7150057233 2529  5.99E+00   0.2323020000   1.8560540000   3.9068390000   1.5285170000   2.0624270000   3.1914470000  -3.3165500000  -4.5895750000   5.8496300000  -2.8157700000  -3.5323470000   6.0725160000  -2.2180800000  -2.4882300000   6.4079410000  -0.0144170000  -0.0022190000   0.0078750000   0.0145600000   0.0023970000  -0.0081510000  -0.0117340000  -0.0362060000  -0.0013120000  -0.0440200000  -0.0517520000  -0.0340410000   0.0556110000   0.0877810000   0.0356290000
   6.5566370135   6.7196898359 2736  3.40E+00   1.1192540000   0.5296410000   2.5915380000  -0.0746210000   0.3540590000   1.6500200000   0.1520700000  -1.2897090000   8.1616150000   0.1182300000  -0.4597790000   8.9953250000   0.0613330000   0.5209140000   9.6829430000   0.0225000000   0.0033540000   0.0177210000  -0.0224970000  -0.0032230000  -0.0178280000  -0.0014780000   0.0083940000  -0.0083350000   0.0049170000  -0.0517510000  -0.0068290000  -0.0034420000   0.0432250000   0.0152710000
   6.5588919951   6.7168323947 2834  4.24E+00   1.2662980000   0.2774820000   2.1275280000   0.2371370000  -0.8725270000   2.0224650000  -0.0312990000   0.9756570000   8.9634690000  -0.5109340000   1.8036590000   8.2538070000  -0.8492430000   2.6981470000   7.6068990000   0.0223590000   0.0249780000   0.0023180000  -0.0223800000  -0.0250070000  -0.0022180000   0.0192640000  -0.0122780000   0.0200130000  -0.0409580000   0.0402280000  -0.0495460000   0.0217150000  -0.0279210000   0.0294330000
   6.5592211298   6.7186816698 2975  2.01E+00   0.7567330000   0.5900230000   2.7824470000  -0.1054220000   1.4671710000   1.8587700000   0.4129490000  -3.3828970000   9.2062040000   0.1365120000  -2.4092840000   8.5826940000  -0.0366010000  -1.4853720000   7.8935390000   0.0174560000  -0.0177210000   0.0185580000  -0.0174160000   0.0177700000  -0.0188470000   0.0128570000  -0.0249820000   0.0099090000  -0.0227160000   0.0456810000  -0.0194360000   0.0098200000  -0.0207480000   0.0098160000
   6.5582410467   6.7176157457 2986  2.45E+00  -1.4110590000   0.6992580000   3.0196850000  -0.7751040000   0.6670370000   1.7685020000   1.3002110000  -0.4817220000   9.7714970000   1.3782650000  -0.9633170000   8.7175830000   1.6250910000  -1.4828450000   7.6628580000   0.0117950000  -0.0005470000  -0.0232790000  -0.0119570000   0.0007260000   0.0232030000   0.0125710000  -0.0117700000  -0.0196330000  -0.0319270000   0.0312550000   0.0519240000   0.0195180000  -0.0196630000  -0.0322150000
   6.5593820674   6.7166357813 3058  1.88E+00  -0.0835060000  -0.6963370000   2.8156450000   0.0032870000   0.0112920000   1.4500300000  -0.2297880000   0.3714340000  10.4298540000  -0.0084590000   0.2072410000   9.3120600000   0.2249810000   0.1481440000   8.1616110000  -0.0018210000  -0.0146150000   0.0279530000   0.0017550000   0.0145710000  -0.0283620000   0.0093620000   0.0010530000  -0.0448990000  -0.0087790000  -0.0088660000   0.0385110000  -0.0005170000   0.0078570000   0.0067970000
   6.5559083371   6.7158080773 3134  1.33E+00  -1.2010550000   0.6391070000   2.1763000000   0.0159800000  -0.0131230000   1.8350670000   0.3154580000  -0.8655940000   8.4898160000   0.0285470000   0.2780450000   8.6057360000  -0.3410280000   1.3698110000   8.7491980000   0.0135590000  -0.0072500000  -0.0037540000  -0.0135510000   0.0073190000   0.0038300000  -0.0019810000  -0.0171680000   0.0019850000  -0.0007490000   0.0446500000  -0.0019130000   0.0027220000  -0.0275500000  -0.0001480000
   6.5578963310   6.7196817326 3159  5.30E+00  -1.5451850000  -1.0229740000   2.8901510000  -0.2055260000  -1.1664370000   2.1112690000   0.7657270000   3.0743090000   7.2324860000   0.4601340000   2.3766590000   8.1272490000   0.0126480000   1.7191350000   8.9413310000  -0.0311750000   0.0033230000   0.0181680000   0.0311590000  -0.0034350000  -0.0181040000  -0.0125410000  -0.0018010000   0.0028250000  -0.0086270000  -0.0476210000   0.0592360000   0.0211830000   0.0495340000  -0.0621240000
   6.5599234042   6.7154627842 3641  9.42E+00   0.2384880000   2.0650500000   3.1600220000   0.4096050000   1.0808980000   1.9971750000  -0.6200320000  -2.6511860000   7.4843270000  -0.7942480000  -1.8230420000   8.3416040000  -0.8444220000  -0.8209560000   9.0813840000  -0.0033120000   0.0189810000   0.0224400000   0.0032970000  -0.0189370000  -0.0224440000   0.0141090000  -0.0285200000  -0.0433980000  -0.0161370000  -0.0667040000  -0.0151220000   0.0020430000   0.0951810000   0.0585240000
