   6.5509585799   6.6067430570  233  6.41E+00  -1.1169240000  -1.7384990000   3.2069430000  -0.7053430000  -0.9503950000   2.1771330000   0.3319310000   1.3905680000   8.2675360000   1.2587490000   2.0862710000   7.9653430000   2.3161560000   2.5869800000   7.6789250000   0.0164900000   0.0315580000  -0.0412530000  -0.0164360000  -0.0314860000   0.0411930000  -0.0209860000  -0.0327270000   0.0117700000  -0.0314780000   0.0227460000  -0.0014270000   0.0524100000   0.0099090000  -0.0102830000
   6.5516019188   6.6074830734  679  8.32E+00   0.7977880000  -1.2504160000   3.1435050000  -0.1473520000  -1.2372220000   1.8836400000   0.7369470000   2.9908200000   9.4288810000   0.2846830000   2.5528180000   8.4534600000  -0.2650110000   2.0382280000   7.6209230000   0.0246540000  -0.0003830000   0.0327230000  -0.0245240000   0.0002620000  -0.0329380000  -0.0214670000  -0.0190670000  -0.0179890000  -0.0335680000  -0.0345570000  -0.0897240000   0.0549060000   0.0537440000   0.1079280000
   6.5507495274   6.6079554939  733  2.11E+01   0.2035490000  -2.2079180000   4.1983030000   0.4312840000  -1.7494250000   2.4787870000  -0.8730800000   3.5443810000   6.2123280000  -0.7733440000   3.4157680000   7.4126700000  -0.7131340000   3.4552490000   8.5800280000  -0.0093270000  -0.0188090000   0.0705710000   0.0093840000   0.0186220000  -0.0704840000  -0.0073000000   0.0177530000  -0.0555610000   0.0100460000  -0.0282870000   0.0621410000  -0.0028020000   0.0107210000  -0.0066670000
   6.5546180555   6.6072197758 1165  6.98E+00  -1.8450120000  -0.3099890000   4.1250930000  -2.0598560000  -0.2832840000   2.5476040000   2.8422610000   1.2161970000   6.7160760000   3.7445390000   0.7726750000   7.3728270000   4.7503930000   0.3257520000   7.7671120000   0.0059530000  -0.0008400000   0.0444480000  -0.0062220000   0.0006400000  -0.0446240000  -0.0178330000   0.0130230000  -0.0348310000   0.0190980000  -0.0162330000   0.0548830000  -0.0009960000   0.0034100000  -0.0198760000
   6.5503075130   6.6055367938 1205  1.57E+00   0.4263890000  -0.9676990000   2.6017540000  -0.0050550000   0.0168200000   1.6166670000  -0.5230500000   0.8680330000   8.1466160000   0.0205390000   0.2956620000   9.0162480000   0.5060140000  -0.4253470000   9.8481670000   0.0005390000  -0.0011860000   0.0011440000  -0.0004400000   0.0010840000  -0.0012840000  -0.0027970000  -0.0099590000   0.0008890000  -0.0135900000   0.0488040000  -0.0332180000   0.0162880000  -0.0387430000   0.0324680000
   6.5534152846   6.6063531677 1248  2.99E+00  -0.5990810000  -1.2963270000   2.2432570000   0.0074770000   0.0188080000   1.8426410000   0.5970840000  -0.7483930000   8.8982750000  -0.0483260000   0.2188840000   8.5952690000  -0.5604040000   1.2594960000   8.3065490000  -0.0079030000  -0.0171460000   0.0052740000   0.0079150000   0.0170860000  -0.0052060000   0.0334070000  -0.0337250000   0.0139050000  -0.0259030000  -0.0020970000  -0.0075920000  -0.0075150000   0.0358820000  -0.0063820000
   6.5519580554   6.6082742186 1722  2.20E+00  -0.6845430000  -0.5403570000   2.2254160000   0.4613540000   0.1148930000   1.7647110000   0.0826260000   0.2865780000   9.4794960000  -0.8442460000   0.0393000000   8.7497280000  -1.7098360000  -0.1681650000   7.9997010000   0.0243320000   0.0138940000  -0.0097980000  -0.0242060000  -0.0138760000   0.0097480000   0.0438690000   0.0132200000   0.0311700000  -0.0625470000  -0.0193500000  -0.0445480000   0.0185520000   0.0061130000   0.0134280000
   6.5525061370   6.6051919119 2068  1.16E+01   1.7626750000  -0.5424050000   3.4601020000   1.0878760000  -0.6307880000   1.9871580000  -2.6168930000   0.7647980000   9.0520770000  -2.0971760000   1.5193920000   8.3371790000  -1.3529340000   1.9667510000   7.5480750000   0.0212460000   0.0027000000   0.0462390000  -0.0211910000  -0.0028990000  -0.0464480000   0.0317440000   0.0005530000  -0.0264610000  -0.0341380000   0.0292730000   0.0165870000   0.0023390000  -0.0296270000   0.0100830000
   6.5523518173   6.6077800215 2227  4.46E+00   0.2471210000  -1.4100000000   3.3097060000   0.1835710000  -1.0531060000   1.7513360000  -0.0981670000   1.4667520000   7.8532780000  -0.3591830000   2.1556280000   8.7734050000  -0.5645630000   2.9510020000   9.6066300000   0.0018460000  -0.0104720000   0.0451430000  -0.0018600000   0.0103080000  -0.0455240000   0.0038020000   0.0073930000  -0.0047570000  -0.0084530000  -0.0106230000   0.0146060000   0.0046650000   0.0033940000  -0.0094670000
   6.5512354411   6.6065242046 2385  7.49E-01  -1.4470860000  -0.1877100000   3.4205160000  -1.5140170000  -0.9358070000   2.1924990000   3.6007500000   2.1952990000   8.7194500000   2.7411920000   1.9582130000   7.9781500000   1.9939900000   1.7078240000   7.1271990000  -0.0004340000  -0.0037510000  -0.0061540000   0.0002110000   0.0035680000   0.0058730000  -0.0140030000  -0.0069460000  -0.0267650000  -0.0196420000  -0.0009520000   0.0053360000   0.0338680000   0.0080810000   0.0217110000
   6.5517111683   6.6067736475 2420  4.18E+00   0.2574610000  -1.3455850000   2.4749830000  -0.0075940000   0.0188640000   1.7379980000   0.5119420000  -0.6897610000   9.3184300000   0.0062640000   0.2719430000   8.8189110000  -0.4949400000   1.1638510000   8.2265230000   0.0068480000  -0.0351970000   0.0190260000  -0.0067950000   0.0351060000  -0.0190590000   0.0165050000  -0.0350810000   0.0112280000  -0.0111820000   0.0292680000  -0.0004690000  -0.0053770000   0.0059040000  -0.0107270000
   6.5515178953   6.6093673556 2529  4.42E+00   1.6660080000   0.8934080000   3.9532300000   1.5122880000   2.0691290000   3.2572520000  -3.2854910000  -4.0830830000   6.8787630000  -2.7484780000  -3.4833270000   6.0217780000  -2.3089370000  -3.0043430000   5.0853270000  -0.0049160000   0.0380310000  -0.0224470000   0.0050720000  -0.0378340000   0.0225140000  -0.0063130000  -0.0079410000  -0.0073250000   0.0455010000   0.0517990000  -0.0537320000  -0.0393440000  -0.0440550000   0.0609890000
   6.5534330460   6.6084999231 2615  7.86E+00   0.2103420000   0.9437040000   1.8239810000   0.6692910000  -0.3179560000   2.0521300000  -2.4053130000   0.6484690000   7.9731550000  -1.2053270000   0.7871140000   8.2207650000  -0.0457080000   0.9768160000   8.4929850000   0.0180370000  -0.0495920000   0.0090010000  -0.0180530000   0.0495920000  -0.0089130000  -0.0935590000  -0.0076590000  -0.0162540000   0.0396520000  -0.0044350000   0.0003910000   0.0539230000   0.0120940000   0.0157740000
   6.5521247225   6.6054295578 2635  4.66E+00  -0.2933900000  -1.1572420000   2.8383590000   0.6923730000  -0.8757560000   1.8624800000  -2.2216540000   2.3111340000   9.1152730000  -1.2350170000   1.9327030000   8.5388780000  -0.2906170000   1.3723130000   7.9953110000   0.0136180000   0.0038900000  -0.0135970000  -0.0137090000  -0.0039380000   0.0133200000  -0.0485540000   0.0078820000   0.0291810000  -0.0093440000   0.0374240000   0.0025280000   0.0579900000  -0.0452570000  -0.0314330000
   6.5519583102   6.6079093355 2716  2.39E+00   0.6774250000   1.2037240000   2.3835060000  -0.0079670000  -0.0156060000   1.7153040000  -0.4759450000  -0.6314040000   9.4533040000   0.0039670000   0.2378830000   8.8287960000   0.4700790000   1.1426010000   8.2033310000   0.0152350000   0.0270950000   0.0147840000  -0.0153040000  -0.0272440000  -0.0149180000  -0.0015420000   0.0010350000   0.0015010000  -0.0098890000  -0.0271950000   0.0134410000   0.0115000000   0.0263100000  -0.0148080000
   6.5531180816   6.6092868931 2731  4.79E+00  -0.1853010000   1.5235800000   2.1116170000  -0.0009980000  -0.0173070000   1.8908410000   1.1464780000   0.3930560000   8.3868070000   0.0034680000   0.2160270000   8.5301860000  -1.1324190000   0.1228950000   8.6344450000  -0.0046150000   0.0384440000   0.0055370000   0.0045520000  -0.0384740000  -0.0054780000  -0.0237290000   0.0023170000   0.0018160000  -0.0418970000  -0.0137140000   0.0056950000   0.0656900000   0.0114260000  -0.0075700000
   6.5524311830   6.6053918951 3859  3.83E+00   1.4537060000   0.1508950000   2.3953230000   0.1291760000  -0.0492370000   1.8100130000  -0.3702440000   1.4916040000   8.8928690000  -0.1995310000   0.3295900000   8.7332430000  -0.2166980000  -0.8149580000   8.3617490000   0.0030930000   0.0005000000   0.0013740000  -0.0030580000  -0.0003880000  -0.0014250000  -0.0143390000   0.0187070000  -0.0097950000   0.0267450000   0.0207360000   0.0345630000  -0.0124410000  -0.0395540000  -0.0247170000
   6.5525377585   6.6096541964 3859  3.97E+00   1.4617450000   0.1587480000   2.4005080000   0.1292050000  -0.0494430000   1.8082490000  -0.3710550000   1.4917810000   8.8960960000  -0.1989170000   0.3296410000   8.7368120000  -0.2169980000  -0.8146400000   8.3643260000   0.0074040000   0.0011890000   0.0032980000  -0.0073690000  -0.0010780000  -0.0033490000  -0.0145600000   0.0191160000  -0.0098290000   0.0271420000   0.0203240000   0.0347240000  -0.0126170000  -0.0395500000  -0.0248450000
   6.5519212999   6.6081725326 3867  2.48E+00   0.0005050000  -1.3743610000   2.2997720000  -0.0015510000   0.0134840000   1.8055280000  -0.2213240000  -0.8656070000   8.3512780000  -0.0626870000   0.2782230000   8.6395390000   0.2761000000   1.3636650000   9.0021070000   0.0000140000  -0.0076920000   0.0027270000  -0.0000200000   0.0078240000  -0.0027270000   0.0078030000  -0.0271150000   0.0003040000  -0.0283020000   0.0003550000  -0.0158780000   0.0205060000   0.0266290000   0.0155740000
   6.5545748915   6.6058767926 3920  1.62E+00  -0.6370830000  -0.2211050000   2.0138100000   0.2395660000  -1.3675370000   2.2626350000  -0.3331620000   2.1268870000   8.8350070000  -0.4338940000   2.7661720000   7.8445340000  -0.4974280000   3.3279750000   6.8502940000  -0.0027040000   0.0034960000  -0.0007620000   0.0027090000  -0.0035950000   0.0008000000   0.0035330000  -0.0112050000   0.0103940000  -0.0097460000   0.0485710000  -0.0697270000   0.0062080000  -0.0372670000   0.0592950000
