   6.5527275374   6.5145942561   18  5.29E+00   0.5599440000  -1.3136500000   2.7642360000  -0.0239640000  -0.3587920000   1.6930000000   0.2463600000  -0.0359510000   8.1939720000   0.1159730000   0.9332100000   8.9036780000  -0.2490200000   1.8977270000   9.4938530000   0.0129080000  -0.0210960000   0.0235450000  -0.0129120000   0.0211860000  -0.0238590000  -0.0087500000  -0.0401340000  -0.0347490000   0.0311500000   0.0184640000   0.0284650000  -0.0223960000   0.0215800000   0.0065990000
   6.5506356129   6.5120141482  183  3.66E+00  -0.4686550000   0.5163130000   2.6684970000   0.0076760000  -0.0075240000   1.5195750000  -0.1117850000  -0.0498100000   8.0303560000   0.0151120000   0.2284130000   9.1948980000   0.0916320000   0.5710610000  10.3110080000   0.0220950000  -0.0242660000  -0.0534560000  -0.0220790000   0.0243350000   0.0530120000  -0.0078630000  -0.0065020000  -0.0447260000   0.0110390000   0.0027620000   0.0489120000  -0.0031920000   0.0036720000  -0.0037430000
   6.5517493065   6.5108996930  388  5.37E+00  -0.3891070000  -0.8255630000   2.7996520000   0.1270980000  -0.3451550000   1.5730550000  -0.5728510000   0.9680830000   7.9116110000  -0.2143330000   0.9664010000   9.0991550000   0.1235070000   0.7699160000  10.2262710000   0.0073150000   0.0067120000  -0.0174520000  -0.0072090000  -0.0068560000   0.0170480000  -0.0290700000  -0.0100360000  -0.0936270000   0.0183080000   0.0275840000   0.0577000000   0.0106570000  -0.0174040000   0.0363310000
   6.5542407021   6.5132997451  509  8.60E+00   0.3196070000   1.1023470000   2.0769380000  -0.7589220000   0.0051860000   1.9083430000   0.3070790000   0.8017490000   8.2842510000   1.3751230000   0.2203580000   8.4852180000   2.4307230000  -0.3748500000   8.6855400000   0.0236470000   0.0239960000   0.0036970000  -0.0235420000  -0.0240700000  -0.0037680000  -0.0812910000   0.0434200000  -0.0137070000   0.0023960000   0.0020330000  -0.0019840000   0.0787900000  -0.0453780000   0.0157610000
   6.5540503223   6.5141916636  851  7.33E-01   0.7843360000  -0.3154160000   2.7252860000  -0.0110910000   0.0075720000   1.5175640000  -0.2837070000   0.1951890000   8.0233440000  -0.0341180000   0.2628460000   9.2022700000   0.3152960000   0.2772240000  10.3189540000   0.0063210000  -0.0025580000   0.0093550000  -0.0062210000   0.0025380000  -0.0097930000  -0.0041750000  -0.0059450000  -0.0499210000  -0.0017620000   0.0092540000   0.0548870000   0.0058380000  -0.0032880000  -0.0045270000
   6.5505343768   6.5110006749 1240  2.30E+00   0.6750790000  -1.3052590000   2.9820410000   0.8110340000  -0.4297270000   1.7827620000  -1.0881380000   1.3356780000   9.7989930000  -1.4939430000   1.0539360000   8.6951000000  -1.8833970000   0.7892090000   7.5833970000  -0.0013180000  -0.0090240000   0.0122770000   0.0015480000   0.0089620000  -0.0124660000   0.0227180000   0.0163270000   0.0597770000  -0.0051510000  -0.0054470000  -0.0094250000  -0.0177970000  -0.0108180000  -0.0501640000
   6.5517392310   6.5146722183 1240  2.12E+00   0.6904280000  -1.2970480000   2.9874970000   0.8112920000  -0.4300240000   1.7819700000  -1.0865720000   1.3355120000   9.7981190000  -1.4976540000   1.0550160000   8.6976090000  -1.8844310000   0.7895260000   7.5859970000  -0.0011260000  -0.0086710000   0.0119730000   0.0013560000   0.0086100000  -0.0121620000   0.0226410000   0.0155970000   0.0572300000  -0.0060710000  -0.0048660000  -0.0079120000  -0.0168000000  -0.0106700000  -0.0491290000
   6.5536586429   6.5149193409 1572  8.76E+00   0.7237870000  -0.6945410000   2.1616390000  -0.1446660000   0.2443250000   1.7664960000   0.1605510000  -1.1863540000   9.2866970000   0.2903730000  -0.1989520000   8.6821440000   0.2983640000   0.8469200000   8.2383410000  -0.0461320000   0.0498270000  -0.0209390000   0.0461420000  -0.0499730000   0.0209600000  -0.0061380000   0.0277820000  -0.0011700000   0.0159650000   0.0525220000  -0.0488080000  -0.0098380000  -0.0801580000   0.0499570000
   6.5524503240   6.5121567572 1572  8.81E+00   0.7238430000  -0.6903980000   2.1644930000  -0.1447080000   0.2444330000   1.7659430000   0.1613870000  -1.1844770000   9.2909010000   0.2899850000  -0.1997270000   8.6841260000   0.2980250000   0.8448270000   8.2352320000  -0.0471120000   0.0506610000  -0.0215690000   0.0471220000  -0.0508100000   0.0215850000  -0.0058270000   0.0297380000  -0.0026180000   0.0155550000   0.0486480000  -0.0468340000  -0.0097380000  -0.0782370000   0.0494350000
   6.5525571595   6.5109370067 1991  4.56E+00   0.4925770000  -1.4318970000   3.2766070000   0.1281550000  -1.1041710000   1.8094070000  -0.1612340000   1.4160500000   7.8058260000  -0.2426230000   2.3092840000   8.6056830000  -0.3277000000   3.1427640000   9.4920570000   0.0079280000  -0.0071780000   0.0316980000  -0.0079000000   0.0070780000  -0.0320570000   0.0028750000  -0.0376480000  -0.0250530000   0.0028800000  -0.0135590000  -0.0376020000  -0.0057830000   0.0513070000   0.0630140000
   6.5531354954   6.5137336540 2070  3.57E+00  -0.7269250000   1.2371070000   2.8401630000   0.1606830000   0.9335990000   1.7171210000  -0.2278460000  -1.7572560000   7.6363330000  -0.2472930000  -1.4256650000   8.8086790000  -0.3432050000  -1.2253940000   9.9975560000  -0.0024420000   0.0009190000   0.0030430000   0.0024510000  -0.0006660000  -0.0032470000  -0.0030870000  -0.0271150000  -0.0650710000   0.0124600000   0.0233860000  -0.0003360000  -0.0093820000   0.0034760000   0.0656110000
   6.5541870669   6.5133731109 2144  4.71E+00  -0.0308080000  -2.0014300000   2.7052720000  -0.9326790000  -0.7972500000   2.2511880000   0.7720890000   1.9437150000   8.5574870000   1.6569280000   1.7462810000   7.8105220000   2.6440320000   1.5407860000   7.1669540000   0.0229760000  -0.0307150000   0.0116110000  -0.0230860000   0.0307590000  -0.0115150000   0.0054620000   0.0002250000   0.0084840000  -0.0402650000   0.0052720000   0.0016120000   0.0349130000  -0.0055410000  -0.0101920000
   6.5507720721   6.5127111671 2590  5.16E+00  -0.9934080000  -0.8810010000   2.0832480000   0.0087580000   0.0108400000   1.9332980000  -0.8722090000   1.0491150000   8.5049620000   0.0015420000   0.2601920000   8.4566590000   0.8898990000  -0.5553960000   8.3612350000   0.0462480000   0.0411770000  -0.0068950000  -0.0462950000  -0.0411230000   0.0069410000  -0.0069300000   0.0055790000  -0.0012000000  -0.0364760000   0.0348940000   0.0070000000   0.0434540000  -0.0405260000  -0.0058470000
   6.5506126726   6.5107643080 2658  1.50E+00   0.1867370000  -1.3805010000   2.2740830000  -0.0027530000   0.0133870000   1.8565330000   0.1817420000   1.3555040000   8.2247930000   0.0490240000   0.2575170000   8.6150970000  -0.2165620000  -0.8410280000   8.8938240000   0.0007450000  -0.0054980000   0.0016850000  -0.0007320000   0.0054210000  -0.0016730000  -0.0102380000  -0.0085840000  -0.0029590000   0.0140890000  -0.0134070000   0.0150760000  -0.0038640000   0.0220680000  -0.0121300000
   6.5530799071   6.5122528568 3005  6.17E+00  -0.3514000000  -1.9706810000   4.2949800000  -1.3462910000  -1.9360060000   3.3705320000   1.4214100000   3.2935990000   6.0909180000   2.4679720000   3.7748330000   5.7031940000   3.4717340000   4.3533660000   5.5250570000  -0.0408880000   0.0013740000  -0.0380780000   0.0409330000  -0.0015910000   0.0378570000  -0.0526730000  -0.0157990000   0.0323990000   0.0553460000   0.0098330000  -0.0452340000  -0.0027180000   0.0061830000   0.0130570000
   6.5548702305   6.5148652062 3070  1.79E+00   0.4487910000  -0.5264400000   2.6852720000   0.5057950000   0.2615320000   1.5690950000  -0.8631590000  -0.1399350000   7.9258440000  -0.9462680000  -0.2197690000   9.0826220000  -0.9808190000  -0.2803990000  10.2514330000   0.0021100000   0.0285320000  -0.0405750000  -0.0019960000  -0.0285380000   0.0401920000   0.0008120000  -0.0007190000   0.0316780000  -0.0043090000  -0.0008260000  -0.0276980000   0.0033830000   0.0015510000  -0.0035960000
   6.5537691438   6.5114357167 3145  4.63E+00  -0.7641100000  -1.4949630000   2.3198450000   0.3450180000  -0.5362250000   2.0269210000  -0.5863940000   0.1474770000   8.7465660000  -0.6676320000   1.2618160000   8.2648220000  -0.5873770000   2.3651790000   7.7811620000  -0.0124800000  -0.0107610000   0.0033300000   0.0124470000   0.0107530000  -0.0032730000   0.0135700000  -0.0649930000   0.0290360000  -0.0261630000   0.0128410000  -0.0073570000   0.0126260000   0.0521600000  -0.0217370000
   6.5522070607   6.5129151278 3328  1.05E+01  -0.9758090000  -1.6039740000   2.9787800000   0.1387750000  -0.9990670000   2.0496830000  -0.6581190000   3.2215380000   8.0829030000  -0.1907980000   2.1382700000   8.2995680000   0.1697510000   0.9515830000   8.2635440000  -0.0285590000  -0.0154720000   0.0237290000   0.0285150000   0.0155290000  -0.0239320000  -0.0241050000   0.0369980000  -0.0216790000   0.0021490000   0.0594070000   0.0369880000   0.0219990000  -0.0964620000  -0.0151060000
   6.5526198070   6.5128075608 3405  6.88E+00   0.7171880000  -0.4991250000   2.7421700000   1.6952920000  -1.5821170000   2.9454200000  -2.6527680000   2.4158060000   5.6890760000  -3.1619080000   3.1345750000   6.5743580000  -3.4854820000   3.8516780000   7.4938620000  -0.0053380000   0.0059560000  -0.0012220000   0.0056630000  -0.0062150000   0.0010570000   0.0524880000  -0.0613870000  -0.0742180000  -0.0435090000   0.0203180000   0.0196100000  -0.0093040000   0.0413290000   0.0547730000
   6.5511887462   6.5131755988 3562  5.72E+00  -0.3667980000  -1.2669350000   2.1177410000   0.0063870000   0.0189800000   1.9491690000  -0.2217100000  -0.8943880000   8.4515940000  -0.0101140000   0.2558120000   8.4795090000   0.2205130000   1.3750560000   8.3160100000   0.0173090000   0.0596540000  -0.0078160000  -0.0173090000  -0.0596260000   0.0078080000   0.0043550000   0.0141170000  -0.0117520000   0.0033670000   0.0320850000   0.0175940000  -0.0077220000  -0.0462290000  -0.0058340000
   6.5527820388   6.5116468709 3680  4.26E+00  -0.9516480000   0.2358400000   2.4617110000   0.1476440000  -0.5651710000   1.6711830000  -0.7648670000   0.8985100000   7.9502360000  -0.2183950000   1.2648250000   8.8915230000   0.2514010000   1.6474080000   9.8747330000  -0.0282560000   0.0206080000   0.0202020000   0.0283920000  -0.0206360000  -0.0205240000   0.0239270000   0.0215550000   0.0563730000  -0.0017810000  -0.0093360000  -0.0249460000  -0.0222810000  -0.0121900000  -0.0311050000
   6.5519699784   6.5103648184 3696  8.68E+00  -1.7078730000  -0.7939850000   2.4182240000  -0.4021150000  -1.5475200000   2.6025070000   1.8041010000   2.6353520000   7.0769950000   0.7534060000   3.0185850000   7.1441870000  -0.2538190000   3.5649990000   7.4111770000  -0.0215240000   0.0124840000  -0.0029900000   0.0215530000  -0.0123540000   0.0031180000  -0.1195450000   0.0585910000   0.0243980000   0.1055340000  -0.0666720000  -0.0382180000   0.0139820000   0.0079510000   0.0136930000
   6.5517945671   6.5119180100 3824  6.29E+00   0.0626300000  -1.1937460000   2.3519520000  -0.0004270000   0.0139360000   1.7527600000   0.3075820000  -0.7763000000   8.2092090000  -0.0334570000   0.2706280000   8.7372780000  -0.2842780000   1.2664240000   9.3310540000  -0.0029370000   0.0560030000  -0.0278360000   0.0028680000  -0.0558320000   0.0277030000   0.0254760000  -0.0651360000  -0.0257630000  -0.0247300000   0.0446160000   0.0075970000  -0.0006770000   0.0203490000   0.0182980000
   6.5534845381   6.5132277291 3843  1.26E+00   0.0245440000   0.8750140000   2.0692980000  -0.5124200000  -0.4769110000   1.8939520000   1.7852630000   1.2611740000   7.7353430000   0.9584780000   1.1416620000   8.5504110000   0.0528140000   0.8961380000   9.2578550000   0.0017200000   0.0044490000   0.0005550000  -0.0018750000  -0.0044890000  -0.0006290000  -0.0192090000  -0.0102990000   0.0084860000   0.0236430000   0.0185070000  -0.0011930000  -0.0042790000  -0.0081690000  -0.0072200000
   6.5524196897   6.5133237182 3895  5.72E+00   1.3182270000   0.4654370000   2.9361650000   0.7204950000   0.2131860000   1.7057220000  -1.6385970000  -0.5531530000   7.7282460000  -1.3667720000  -0.2048140000   8.8755040000  -1.0167510000   0.3005570000   9.9063590000  -0.0145200000  -0.0061230000  -0.0300660000   0.0147320000   0.0062210000   0.0298340000  -0.0147750000  -0.0151290000  -0.0824220000  -0.0044730000  -0.0150700000   0.0448250000   0.0190360000   0.0301000000   0.0378290000
