   6.5543359877   6.8541704919  169  3.97E+00  -0.8911770000  -0.1467440000   3.1413420000  -0.9845340000  -0.8282310000   1.7279380000   1.4237400000   1.5305450000   7.6958560000   1.7600290000   1.7716950000   8.8202520000   2.2281650000   1.9727560000   9.8563470000   0.0022760000   0.0173160000   0.0359000000  -0.0024700000  -0.0174800000  -0.0362510000   0.0003750000  -0.0084990000  -0.0344190000   0.0051250000   0.0172630000   0.0715280000  -0.0053040000  -0.0086000000  -0.0367580000
   6.5536029875   6.8536045565  308  8.03E+00   1.2395570000   0.9039630000   4.8834160000   2.7236670000   0.5546120000   4.3727140000  -5.8125040000  -1.6198350000   4.0733960000  -5.0356440000  -0.7306680000   3.9349720000  -4.0880040000   0.0291970000   3.8277620000  -0.0442870000   0.0104490000   0.0153440000   0.0446190000  -0.0104930000  -0.0152670000  -0.0108980000  -0.0309740000   0.0054240000  -0.0505070000  -0.0036370000  -0.0011290000   0.0610720000   0.0346550000  -0.0043720000
   6.5547591690   6.8538390729  552  4.79E+00   1.7163320000   0.0163580000   2.8562820000   0.8240740000  -0.1076410000   1.8306190000  -0.7497280000   0.9261580000   9.3517700000  -1.4829500000   0.4236550000   8.5627320000  -2.3607870000  -0.0199620000   7.8989040000  -0.0334380000  -0.0046240000  -0.0383720000   0.0335070000   0.0046630000   0.0384830000   0.0054050000   0.0139650000   0.0247310000   0.0174650000  -0.0111510000  -0.0241780000  -0.0229400000  -0.0028530000  -0.0006640000
   6.5547427556   6.8533692322  756  2.83E+00   1.3047840000  -0.6950530000   3.0091810000   0.8230760000  -0.1598190000   1.7411850000  -2.5629500000   0.9254290000   9.0586810000  -1.5178990000   0.5647190000   8.7893270000  -0.4904140000   0.1802770000   8.4589040000   0.0005490000  -0.0006260000   0.0014040000  -0.0006280000   0.0006570000  -0.0015880000   0.0732620000  -0.0276040000  -0.0233590000  -0.0083360000   0.0056760000   0.0062610000  -0.0648470000   0.0218970000   0.0172810000
   6.5541922034   6.8527805298  756  2.64E+00   1.2940230000  -0.6863760000   3.0036180000   0.8237050000  -0.1600340000   1.7404590000  -2.5637840000   0.9268520000   9.0637730000  -1.5183740000   0.5645610000   8.7900690000  -0.4916900000   0.1795010000   8.4572330000  -0.0011360000   0.0012560000  -0.0030910000   0.0010580000  -0.0012240000   0.0029090000   0.0689040000  -0.0261430000  -0.0223690000  -0.0046590000   0.0043610000   0.0051830000  -0.0641660000   0.0217500000   0.0173680000
   6.5536241053   6.8521575305  756  2.51E+00   1.2832850000  -0.6777250000   2.9981160000   0.8243350000  -0.1602490000   1.7397320000  -2.5647030000   0.9283080000   9.0688930000  -1.5188420000   0.5643950000   8.7908020000  -0.4928870000   0.1786980000   8.4555420000  -0.0028380000   0.0031840000  -0.0078180000   0.0027600000  -0.0031520000   0.0076370000   0.0643300000  -0.0245930000  -0.0212860000  -0.0009490000   0.0030250000   0.0040730000  -0.0633030000   0.0215360000   0.0173930000
   6.5529817594   6.8514975904  756  2.45E+00   1.2726030000  -0.6691360000   2.9927680000   0.8249630000  -0.1604630000   1.7390030000  -2.5657030000   0.9297940000   9.0740390000  -1.5193070000   0.5642250000   8.7915290000  -0.4940050000   0.1778680000   8.4538280000  -0.0045340000   0.0051360000  -0.0127300000   0.0044550000  -0.0051040000   0.0125520000   0.0595780000  -0.0229680000  -0.0201160000   0.0027510000   0.0016870000   0.0029430000  -0.0622510000   0.0212480000   0.0173520000
   6.5522045164   6.8508053940  756  2.45E+00   1.2620090000  -0.6606480000   2.9876700000   0.8255910000  -0.1606760000   1.7382700000  -2.5667760000   0.9313090000   9.0792100000  -1.5197770000   0.5640520000   8.7922510000  -0.4950460000   0.1770120000   8.4520930000  -0.0061970000   0.0070830000  -0.0177690000   0.0061180000  -0.0070510000   0.0175920000   0.0546870000  -0.0212790000  -0.0188690000   0.0063920000   0.0003610000   0.0018050000  -0.0610010000   0.0208860000   0.0172410000
   6.5512288737   6.8500796681  756  2.51E+00   1.2515380000  -0.6523000000   2.9829220000   0.8262170000  -0.1608870000   1.7375340000  -2.5679170000   0.9328510000   9.0844050000  -1.5202580000   0.5638780000   8.7929700000  -0.4960110000   0.1761300000   8.4503370000  -0.0077990000   0.0089940000  -0.0228600000   0.0077200000  -0.0089610000   0.0226850000   0.0496940000  -0.0195410000  -0.0175530000   0.0099320000  -0.0009370000   0.0006730000  -0.0595470000   0.0204440000   0.0170550000
   6.5547975170   6.8515028434 1033  6.54E+00  -1.4154380000  -0.3544090000   2.1865650000   0.0550430000  -0.7979670000   2.0013320000   0.1464900000   0.6397570000   8.8145490000  -0.1536090000   1.6909200000   8.2849080000  -0.2168940000   2.7861190000   7.8342960000  -0.0320220000   0.0096700000   0.0040940000   0.0319890000  -0.0096400000  -0.0039810000   0.0295760000  -0.0508200000   0.0330370000  -0.0426960000   0.0295810000  -0.0316180000   0.0131530000   0.0212080000  -0.0015320000
   6.5508615614   6.8534897771 1337  5.02E+00   0.0177220000   0.8949850000   2.9782350000   1.0483300000   1.0029260000   1.7831170000  -1.8846600000  -1.2724640000   7.5442360000  -1.9430460000  -1.6530940000   8.6858150000  -1.8934320000  -1.8641310000   9.8435910000  -0.0275930000  -0.0028190000   0.0319500000   0.0277960000   0.0029570000  -0.0322480000   0.0081360000   0.0240790000  -0.0402830000  -0.0153340000  -0.0325800000   0.0284680000   0.0069940000   0.0083620000   0.0121130000
   6.5548325418   6.8535326230 1498  5.49E+00  -1.3320830000  -0.5074300000   3.3384690000  -1.2566160000  -0.7981010000   2.0010330000   3.3233930000   2.2015320000   8.5197190000   2.2679330000   1.7702140000   8.3202410000   1.3338510000   1.1751270000   8.0315190000   0.0025860000  -0.0100330000  -0.0462400000  -0.0026070000   0.0100320000   0.0459970000  -0.0276520000  -0.0273720000  -0.0132660000  -0.0427640000   0.0007060000   0.0000190000   0.0704380000   0.0266680000   0.0134900000
   6.5518932518   6.8541073341 1625  2.51E+00   0.1304250000   1.0079660000   2.6277720000   0.0021400000  -0.0115480000   1.5742970000   0.3587030000   1.0918640000   8.3296010000   0.0134880000   0.2994990000   9.1401990000  -0.3877340000  -0.6348570000   9.7820930000   0.0006390000   0.0051840000   0.0053100000  -0.0006850000  -0.0052860000  -0.0054770000   0.0011220000   0.0017660000  -0.0193350000   0.0182730000   0.0440910000   0.0037540000  -0.0193490000  -0.0457550000   0.0157480000
   6.5521220398   6.8502898033 1653  4.34E+00  -0.7671420000   0.0791250000   2.3349290000   0.5459320000  -0.2729870000   1.6758500000  -1.6782000000   0.2639410000   8.1327390000  -0.9581860000   0.7657530000   8.8481730000  -0.2806790000   1.2072650000   9.7094520000  -0.0194140000   0.0052480000   0.0097460000   0.0195390000  -0.0051810000  -0.0097730000   0.0585070000   0.0389650000   0.0738970000  -0.0586820000  -0.0368820000  -0.0894260000   0.0000510000  -0.0021500000   0.0155560000
   6.5515652613   6.8508781691 2429  2.05E+00  -0.1216260000  -2.0270410000   4.2164160000   0.0963660000  -2.0072450000   2.7174250000  -0.1137410000   2.8830140000   7.5107280000  -0.2026630000   3.9277020000   6.9472540000  -0.2077320000   5.0085270000   6.4380600000  -0.0034260000  -0.0003190000   0.0234450000   0.0034080000   0.0003500000  -0.0235940000   0.0070340000  -0.0198940000   0.0169110000  -0.0119110000  -0.0175850000  -0.0041470000   0.0048950000   0.0374480000  -0.0126160000
   6.5533739933   6.8518075379 2509  1.29E+00  -0.7800710000  -0.0911410000   2.3672580000   0.4568740000  -0.6390280000   1.7820870000  -1.3080680000   2.0107330000   7.8492950000  -0.8462100000   1.4334040000   8.7404910000  -0.2892790000   0.7980930000   9.5411210000  -0.0071340000   0.0031180000   0.0033580000   0.0072100000  -0.0032460000  -0.0034120000   0.0223410000  -0.0233860000   0.0257530000  -0.0178610000   0.0146270000  -0.0038930000  -0.0045560000   0.0088870000  -0.0218050000
   6.5527977781   6.8547716589 3249  3.21E+00   0.2819730000  -0.7486230000   3.0900220000   0.0528570000  -0.8759310000   1.5711120000  -0.0839030000   1.7785210000   7.8895830000  -0.0651770000   1.8431050000   9.0984820000  -0.1489140000   1.9473220000  10.2402170000   0.0047730000   0.0025170000   0.0313560000  -0.0047410000  -0.0027640000  -0.0317030000  -0.0074730000   0.0005580000  -0.0547170000   0.0108860000   0.0009540000   0.1020930000  -0.0034460000  -0.0012650000  -0.0470290000
   6.5522881908   6.8501429433 3253  2.97E+00  -0.1342900000  -1.2298610000   2.4349040000  -0.0004100000   0.0148520000   1.7536710000   1.0372420000   0.7967500000   8.4794700000  -0.0082130000   0.2739930000   8.8110320000  -1.0205680000  -0.3114500000   8.9956470000   0.0013220000   0.0124640000  -0.0068010000  -0.0013990000  -0.0124910000   0.0068040000   0.0574200000   0.0241750000  -0.0248000000  -0.0418800000  -0.0104790000   0.0293080000  -0.0154630000  -0.0136700000  -0.0045110000
   6.5533044500   6.8517048990 3538  3.68E+00   1.2688170000   0.2933040000   2.2497450000  -0.0160280000  -0.0040750000   1.8365750000   0.2193210000   1.3839860000   8.5467180000  -0.0189420000   0.2620260000   8.6752020000  -0.2049910000  -0.8911430000   8.6279860000  -0.0369000000  -0.0085420000  -0.0118490000   0.0368900000   0.0085520000   0.0118660000  -0.0058720000  -0.0470260000  -0.0060750000  -0.0005700000   0.0318630000   0.0165290000   0.0064520000   0.0151530000  -0.0104700000
   6.5515263829   6.8533221346 3885  6.77E+00   1.8804910000  -0.3725180000   3.8069610000   1.6729740000  -1.1365970000   2.5862310000  -4.0460890000   2.8719160000   6.9701820000  -3.0125080000   2.4084510000   7.1606560000  -2.1661490000   1.7076520000   7.4994180000   0.0000530000   0.0001760000   0.0001690000  -0.0000410000  -0.0001230000  -0.0003710000   0.0443400000  -0.0450320000   0.0230500000   0.0229120000   0.0203360000  -0.0151820000  -0.0672640000   0.0246440000  -0.0076660000
   6.5506774391   6.8532342655 3954  4.53E+00   1.8051630000  -0.6195320000   3.3396520000   1.3732180000  -0.0506380000   2.0569520000  -1.9466040000   0.6563220000   9.1846820000  -2.5242270000   0.4405360000   8.1400700000  -3.1303860000  -0.0074290000   7.2224630000   0.0018020000  -0.0023460000   0.0054040000  -0.0017460000   0.0024220000  -0.0053320000   0.0268910000  -0.0029410000   0.0609590000  -0.0139730000   0.0242760000  -0.0542050000  -0.0129750000  -0.0214100000  -0.0068260000
