   6.5646656701   6.7791203446  189  4.90E+00   0.9822690000   0.0221190000   2.6492910000   1.3212720000  -1.4462880000   2.5268740000  -2.0668700000   3.8865990000   7.7854660000  -2.5225920000   2.8769070000   7.4096450000  -2.7000660000   1.8631130000   6.8665950000  -0.0050700000   0.0221900000   0.0018180000   0.0052430000  -0.0222070000  -0.0019390000   0.0126860000  -0.0153070000  -0.0172620000  -0.0371060000  -0.0151040000   0.0122160000   0.0242460000   0.0304290000   0.0051670000
   6.5640644719   6.7762980199  196  6.08E+00  -0.7059840000  -1.8463200000   3.2381430000  -0.7349970000  -0.8527040000   2.0331890000   1.0114760000   1.0734630000   9.1085870000   1.3630720000   1.8577110000   8.2467460000   1.6805020000   2.5945670000   7.3435470000   0.0007010000  -0.0240010000   0.0291490000  -0.0007240000   0.0239530000  -0.0291000000  -0.0228670000  -0.0496230000   0.0507070000   0.0087760000   0.0155010000  -0.0054440000   0.0141130000   0.0341700000  -0.0453130000
   6.5602597920   6.7769248225  288  1.23E+00  -1.9886720000  -0.2663110000   3.5178240000  -1.6440850000  -1.7344050000   3.5187590000   3.0682850000   3.6502740000   6.6738420000   3.0556280000   3.4210410000   5.5166940000   2.9741170000   3.1480570000   4.3908170000  -0.0049180000   0.0208890000   0.0000260000   0.0048540000  -0.0209320000   0.0000730000  -0.0039510000  -0.0007620000   0.0104790000   0.0054400000  -0.0041690000  -0.0411420000  -0.0014250000   0.0049750000   0.0305640000
   6.5635786283   6.7796826910  288  1.45E+00  -1.9938030000  -0.2570670000   3.5057170000  -1.6439990000  -1.7344360000   3.5191120000   3.0653860000   3.6469560000   6.6748430000   3.0551660000   3.4230790000   5.5169360000   2.9772570000   3.1494170000   4.3886350000  -0.0057590000   0.0242540000  -0.0001800000   0.0056930000  -0.0242980000   0.0002800000  -0.0038740000  -0.0012450000   0.0101050000   0.0056660000  -0.0022180000  -0.0362120000  -0.0017260000   0.0035070000   0.0260070000
   6.5632409083   6.7776022311  814  3.53E+00   1.2405840000  -0.8018050000   5.0152190000   0.6818340000  -1.9410950000   5.9401830000  -1.6957040000   4.8733430000   0.9734370000  -1.2787870000   3.7754530000   1.0431150000  -0.8277200000   2.7249290000   1.2620040000   0.0141910000   0.0287930000  -0.0233090000  -0.0141320000  -0.0289370000   0.0235690000   0.0010410000   0.0065780000   0.0096380000   0.0073870000  -0.0348650000  -0.0138150000  -0.0084870000   0.0284310000   0.0039170000
   6.5630227170   6.7751025158  948  8.45E+00  -0.8120840000  -1.9001600000   5.3908060000  -1.2889910000  -1.9807040000   3.9663270000   1.5647220000   4.7389470000   4.8646670000   2.2964010000   3.8453910000   4.7589580000   3.2000810000   3.0738430000   4.4155500000   0.0063810000   0.0011490000   0.0191360000  -0.0064850000  -0.0010100000  -0.0190660000   0.0286510000  -0.0134550000  -0.0170420000  -0.1016490000   0.0571090000   0.0548690000   0.0731030000  -0.0437930000  -0.0378980000
   6.5640893368   6.7768269128  980  5.82E+00  -1.4154730000   0.1983500000   3.1931500000  -1.2244520000  -0.0946360000   1.8056730000   2.2732120000  -0.2168010000   7.6088450000   2.2809100000   0.4922790000   8.6095720000   2.2189050000   0.9950580000   9.7100250000   0.0014550000  -0.0022720000  -0.0110310000  -0.0016360000   0.0023970000   0.0108840000  -0.0033620000  -0.0572030000  -0.0580600000   0.0105000000   0.0406490000  -0.0080340000  -0.0069570000   0.0164300000   0.0662420000
   6.5638908750   6.7750263948 1669  6.13E+00   1.5203390000  -0.8251780000   2.5721420000   0.6852760000   0.3463600000   1.9062110000  -1.8983450000  -1.3211730000   8.4050980000  -1.2878700000  -0.3658710000   8.4871790000  -0.6530750000   0.6056880000   8.5426670000   0.0228340000  -0.0320890000   0.0182610000  -0.0228970000   0.0320180000  -0.0182340000   0.0464160000   0.0715630000   0.0051420000  -0.0295680000  -0.0449970000  -0.0031530000  -0.0167840000  -0.0264950000  -0.0020160000
   6.5630319445   6.7798701650 1694  4.19E+00   1.1594410000  -1.4125250000   4.4017860000   0.3422620000  -2.3239710000   5.2874170000  -0.5425160000   4.1190320000   3.3712960000  -0.7293200000   4.5138370000   2.3079370000  -0.6923730000   4.8755880000   1.2133650000   0.0121510000   0.0134920000  -0.0132050000  -0.0121500000  -0.0136960000   0.0131300000   0.0062870000   0.0210100000  -0.0615390000  -0.0215080000  -0.0034550000   0.0173680000   0.0152200000  -0.0173510000   0.0442450000
   6.5620769038   6.7774208121 1737  4.09E+00   1.3888370000  -0.2173170000   2.3950080000  -0.0184100000  -0.0002570000   1.7305980000  -0.1054300000   1.3889580000   9.1534370000   0.0275500000   0.2556890000   8.7968840000   0.0891910000  -0.8782510000   8.4500460000   0.0358810000  -0.0054920000   0.0169590000  -0.0358790000   0.0056050000  -0.0169460000  -0.0087010000   0.0366690000   0.0130470000   0.0119520000  -0.0148870000  -0.0085450000  -0.0032540000  -0.0218950000  -0.0045150000
   6.5643599385   6.7752515198 1902  3.96E+00   0.8129530000  -2.0787370000   3.6024600000   0.3775590000  -1.4623260000   2.4036000000  -1.3049050000   1.9940030000   7.9827700000  -0.6812490000   2.9579800000   7.5381510000  -0.1205220000   3.9073050000   7.1284340000  -0.0058020000   0.0082810000  -0.0160470000   0.0058680000  -0.0081690000   0.0160150000  -0.0478790000  -0.0677580000   0.0344940000   0.0468480000   0.0598410000  -0.0336720000   0.0009660000   0.0078050000  -0.0007900000
   6.5602216750   6.7763566902 2125  4.88E+00  -1.2523630000  -0.1288400000   3.3345260000  -1.2359340000  -0.5169460000   1.7849600000   2.7914610000   1.1765680000   9.7268150000   2.3157990000   1.2384030000   8.6670090000   1.7215340000   1.1713130000   7.6434730000  -0.0005840000   0.0111100000   0.0444530000   0.0003910000  -0.0112400000  -0.0447910000  -0.0155140000  -0.0075190000  -0.0145740000   0.0284560000   0.0164400000   0.0207950000  -0.0127490000  -0.0087910000  -0.0058820000
   6.5628944252   6.7755160530 2134  5.16E+00  -0.5749470000   1.9736620000   2.6126460000  -0.1426520000   0.8020300000   1.9731420000   0.5823100000  -2.3216990000   7.9417570000   0.3181120000  -1.1959550000   8.2895780000  -0.0724540000  -0.2227110000   8.8175270000   0.0082370000  -0.0223020000  -0.0121000000  -0.0082010000   0.0222840000   0.0122550000   0.0028740000  -0.0555560000  -0.0014500000   0.0038240000   0.0682830000  -0.0097010000  -0.0067350000  -0.0127080000   0.0109950000
   6.5614047615   6.7792612253 2229  6.79E+00   1.2145180000  -1.9916410000   3.6288530000   0.2578900000  -1.5235520000   2.4393480000   0.0282760000   2.4802290000   8.3549480000  -0.4222500000   3.0803760000   7.4560800000  -1.0757820000   3.6294870000   6.6376680000   0.0274860000  -0.0133940000   0.0342080000  -0.0274470000   0.0134560000  -0.0341360000  -0.0178260000   0.0029120000  -0.0019780000   0.0362150000  -0.0045170000   0.0014080000  -0.0184290000   0.0015430000   0.0004980000
   6.5611999701   6.7799944494 2489  4.67E+00  -0.7985070000   0.4960840000   2.8970970000  -0.5054060000  -0.1839510000   1.4920830000   1.4041550000   0.5945190000  10.2785280000   0.9533730000   0.6275410000   9.2187250000   0.4545780000   0.5095020000   8.1678510000  -0.0081390000   0.0188310000   0.0386930000   0.0081160000  -0.0188350000  -0.0390930000  -0.0207530000  -0.0094570000  -0.0399120000   0.0152070000   0.0180580000   0.0195520000   0.0055690000  -0.0085960000   0.0207600000
   6.5641113458   6.7768518189 2498  2.15E+00   0.1004420000   0.6717520000   2.1197830000  -0.4717720000  -0.6301960000   1.8544720000  -0.0255190000   0.5875380000   8.5060660000   0.9082510000   1.3327880000   8.6003720000   1.6935110000   2.2046490000   8.6436220000  -0.0013570000  -0.0031620000  -0.0006280000   0.0014660000   0.0032080000   0.0005810000  -0.0371780000  -0.0140110000  -0.0044660000   0.0463000000   0.0057260000   0.0068900000  -0.0092310000   0.0082380000  -0.0023770000
   6.5639951197   6.7788919028 2649  7.55E+00  -0.0612460000  -1.5639290000   2.4493720000  -1.1200320000  -0.7973650000   2.3331900000   1.9482770000   0.6651710000   8.1983280000   2.0400530000   1.7455570000   7.7141490000   2.1178340000   2.7928880000   7.2050430000  -0.0754350000   0.0546490000  -0.0082660000   0.0754620000  -0.0545810000   0.0082960000  -0.0018830000  -0.0204400000   0.0080320000   0.0031310000   0.0341090000  -0.0133090000  -0.0012760000  -0.0137380000   0.0052480000
   6.5614525840   6.7765458827 2736  2.90E+00   0.9543170000   0.5790520000   2.5989140000  -0.0730770000   0.3567160000   1.6380060000   0.1456480000  -1.3227000000   8.1995070000   0.1368550000  -0.4615700000   9.0255400000   0.0564530000   0.5388680000   9.6819050000  -0.0106930000  -0.0022700000  -0.0100230000   0.0107010000   0.0024060000   0.0099150000  -0.0041650000  -0.0131950000  -0.0291580000   0.0114070000  -0.0312220000   0.0152810000  -0.0072510000   0.0442820000   0.0139850000
   6.5623085828   6.7778038958 2834  4.14E+00   1.2967120000   0.2859560000   2.1679110000   0.2386290000  -0.8796840000   2.0131990000  -0.0263180000   0.9652960000   8.9438350000  -0.4894800000   1.8261640000   8.2917310000  -0.8796980000   2.7268240000   7.6417930000   0.0284830000   0.0313580000   0.0041980000  -0.0284780000  -0.0314080000  -0.0041130000   0.0048900000   0.0024880000   0.0015510000  -0.0086180000  -0.0074750000  -0.0018470000   0.0037230000   0.0050370000   0.0002100000
   6.5640915066   6.7752682933 2843  1.08E+00  -1.0447270000  -1.0603460000   2.8737320000  -1.1691800000   0.0559700000   1.9121640000   1.6924950000   0.7062090000   9.3817470000   2.1689090000   0.1808230000   8.4611590000   2.5843000000  -0.3670010000   7.5368190000   0.0008250000  -0.0078580000   0.0067850000  -0.0009740000   0.0079310000  -0.0068130000   0.0068660000  -0.0135700000  -0.0206070000   0.0154220000  -0.0095910000  -0.0222060000  -0.0221390000   0.0230880000   0.0428410000
   6.5642907133   6.7759638872 2875  3.43E+00  -1.2395830000  -0.6054950000   2.5919710000  -0.1017400000  -0.1118180000   1.7195180000   0.8787900000  -0.4142120000   9.2383830000   0.2138220000   0.5090640000   8.8955640000  -0.4530940000   1.3163250000   8.3339450000  -0.0182310000  -0.0079490000   0.0139770000   0.0182870000   0.0078600000  -0.0140470000   0.0127840000  -0.0250510000  -0.0063930000  -0.0019490000   0.0190750000   0.0279360000  -0.0108910000   0.0060650000  -0.0214730000
   6.5621257644   6.7779865785 3111  3.12E+00   0.6677960000  -0.5354190000   2.8717900000   0.3233560000  -0.2416690000   1.4903030000  -1.1167860000   0.8481730000  10.2716550000  -0.6577350000   0.6191580000   9.1940850000  -0.0464460000   0.6153930000   8.2037070000  -0.0000890000   0.0000170000  -0.0004100000   0.0000240000  -0.0001020000   0.0001280000  -0.0009810000   0.0206350000   0.0323040000   0.0064480000  -0.0359750000  -0.0646090000  -0.0054030000   0.0154250000   0.0325880000
   6.5647309267   6.7770762608 3331  6.23E+00  -0.6512500000  -1.3361340000   4.1730120000  -0.2531990000  -2.5323660000   3.2813520000   0.7659560000   5.8901340000   6.4439010000   0.5947990000   4.8693670000   5.9150830000   0.0930950000   3.8735540000   5.4660790000  -0.0084500000   0.0251950000   0.0188890000   0.0084910000  -0.0256050000  -0.0189900000  -0.0257010000  -0.0203130000  -0.0061240000   0.0609410000   0.0439290000   0.0123840000  -0.0352810000  -0.0232060000  -0.0061590000
   6.5605629284   6.7759033273 3377  1.08E+01   1.6177610000  -1.1430790000   5.3206420000   1.7587240000  -1.5659140000   4.0959410000  -2.7216760000   3.9203520000   3.7314200000  -3.2862600000   3.1252760000   4.4416030000  -3.6967570000   2.3137610000   5.1441370000   0.0110020000  -0.0330260000  -0.0957060000  -0.0110300000   0.0330470000   0.0956950000   0.0318440000   0.0317110000  -0.0290320000  -0.0591600000  -0.0676750000   0.0608030000   0.0273440000   0.0359420000  -0.0317590000
   6.5639645201   6.7793579958 3450  3.97E+00  -0.6045100000  -0.9697840000   2.4106120000   0.0036340000   0.0103510000   1.7111790000  -0.2031580000  -0.8301470000   8.4350540000   0.0093380000   0.2464480000   8.8316400000   0.2160860000   1.3422180000   9.2383420000   0.0284230000   0.0458370000  -0.0326990000  -0.0284010000  -0.0457250000   0.0326820000   0.0026130000   0.0162740000   0.0078290000  -0.0061690000  -0.0383020000  -0.0170270000   0.0035340000   0.0219150000   0.0092140000
   6.5635662167   6.7776152945 3709  1.22E+00  -0.8258870000  -0.3015280000   1.8894640000   0.5567950000  -0.6264560000   2.0396220000  -0.1146050000   0.7790490000   8.7248940000  -1.0128910000   1.3607230000   8.2363020000  -1.8537570000   2.0348070000   7.7879250000   0.0123190000  -0.0029000000   0.0013790000  -0.0123260000   0.0028940000  -0.0012740000   0.0040740000   0.0062960000   0.0041630000  -0.0196710000  -0.0033070000  -0.0147490000   0.0156040000  -0.0029840000   0.0104810000
   6.5620902108   6.7755921127 3780  4.89E+00  -0.4882650000   1.0097740000   2.7450950000  -0.5543380000  -0.0237110000   1.5806810000   1.7049560000  -0.1884900000   9.8507920000   1.0134910000   0.2914490000   9.0925170000   0.3334830000   0.7121730000   8.2574240000   0.0015690000   0.0243140000   0.0272630000  -0.0015250000  -0.0243940000  -0.0275820000  -0.0546620000   0.0340860000  -0.0664070000   0.0248070000  -0.0118260000   0.0355020000   0.0298110000  -0.0221800000   0.0312240000
   6.5614089732   6.7791323002 3956  2.35E+00  -0.7619800000  -1.4712800000   3.2298430000  -0.9815250000  -0.8479210000   2.0252190000   1.3505260000   1.4996020000   9.2783910000   1.8255190000   1.8464000000   8.2647150000   2.2290460000   2.1294060000   7.2005830000  -0.0072120000   0.0203920000  -0.0394150000   0.0070990000  -0.0204890000   0.0394220000  -0.0025370000  -0.0025180000  -0.0068460000   0.0094010000   0.0080130000   0.0017670000  -0.0067520000  -0.0053980000   0.0050720000
