   6.5675943406   6.3751070873  289  5.72E+00   1.7013010000  -0.0629380000   2.7155490000   0.6596540000  -0.4136740000   1.9229040000  -2.2029210000   1.6260240000   8.6787760000  -1.2714440000   0.9226610000   8.4883020000  -0.2442670000   0.4389670000   8.1757370000  -0.0449130000  -0.0151230000  -0.0342420000   0.0448190000   0.0151310000   0.0340250000  -0.0029940000   0.0215540000  -0.0055270000  -0.0006050000  -0.0374250000   0.0113590000   0.0036940000   0.0158630000  -0.0056150000
   6.5674402468   6.3780875888  473  2.52E+00   0.1546350000   1.1756730000   2.0991880000   0.0883150000  -0.2232050000   1.8541030000   0.0608530000   1.7442340000   8.9195360000  -0.1175260000   0.5947830000   8.6352240000  -0.4234370000  -0.4623910000   8.2071260000  -0.0007330000  -0.0158660000  -0.0027680000   0.0007910000   0.0159590000   0.0027010000  -0.0022980000   0.0426480000   0.0010870000   0.0125300000  -0.0408200000   0.0093810000  -0.0102890000  -0.0019210000  -0.0104020000
   6.5673292525   6.3786378903  722  2.24E+00  -1.6244840000   0.5598250000   2.1702570000  -0.3837770000  -0.1241740000   1.9802640000   1.6262030000  -0.2360420000   8.0329070000   0.7052520000   0.4702000000   8.3098100000  -0.1366070000   1.1556250000   8.7034920000   0.0105100000  -0.0057780000  -0.0015380000  -0.0105730000   0.0058460000   0.0016450000   0.0260830000  -0.0169410000   0.0033290000  -0.0601920000   0.0415020000   0.0010360000   0.0341710000  -0.0246290000  -0.0044720000
   6.5679517617   6.3784321643 1270  2.88E+00   0.9840890000  -0.3760690000   2.5748630000  -0.0171310000   0.0065750000   1.6287330000   0.6294460000   0.1853310000   9.9518740000  -0.0438320000   0.3184000000   9.0245980000  -0.5729850000   0.2541730000   7.9780730000  -0.0083070000   0.0031930000  -0.0079890000   0.0084600000  -0.0032000000   0.0076230000  -0.0160490000  -0.0089010000  -0.0443420000  -0.0004240000   0.0221640000   0.0388670000   0.0163190000  -0.0132550000   0.0058420000
   6.5651716828   6.3763912166 1319  4.90E+00   1.2868840000  -0.1096760000   2.4861890000   0.2890280000  -0.8125360000   1.8814110000  -0.3215440000   1.3232740000   9.6325460000  -0.5920210000   1.6923300000   8.5131260000  -0.7585790000   2.1588900000   7.4250120000  -0.0389820000  -0.0275340000  -0.0236620000   0.0390660000   0.0273080000   0.0235410000   0.0198230000  -0.0131230000   0.0599340000  -0.0205580000  -0.0070540000  -0.0306750000   0.0006500000   0.0204020000  -0.0291370000
   6.5699006126   6.3782894267 1333  4.62E+00  -1.4506850000  -1.3446900000   3.2652560000  -1.6963110000  -0.0722540000   2.3921420000   3.2511890000   0.2818780000   6.4020560000   3.1766250000   0.4218510000   7.5816120000   2.9273150000   0.5346890000   8.7549860000   0.0058980000  -0.0308650000   0.0211820000  -0.0061430000   0.0308510000  -0.0212210000  -0.0074260000  -0.0044530000  -0.0250360000   0.0287580000   0.0009560000  -0.0274070000  -0.0210860000   0.0035100000   0.0524810000
   6.5684476930   6.3766246592 1634 -3.11E-01  -0.5411920000  -1.2217490000   2.9578620000  -0.1629610000  -0.6094040000   1.6594620000   0.1966560000   0.8710430000   7.8514160000   0.3046530000   1.3728100000   8.9325850000   0.4226090000   1.9065540000   9.9700030000  -0.0032750000  -0.0053240000   0.0109870000   0.0032340000   0.0052090000  -0.0114540000  -0.0023020000  -0.0117890000  -0.0317650000   0.0013340000   0.0081740000   0.0314780000   0.0010090000   0.0037300000   0.0007540000
   6.5672390213   6.3772404441 1642  6.57E+00   0.9054180000  -1.7180150000   3.9281850000   1.4212100000  -1.3603040000   2.6662600000  -2.6201510000   2.2655120000   6.0114140000  -2.6021610000   2.8980810000   7.0131770000  -2.5813310000   3.1485090000   8.1615760000   0.0084840000   0.0057860000  -0.0205710000  -0.0081810000  -0.0059470000   0.0204820000  -0.0010130000  -0.0258560000   0.0099480000   0.0009380000   0.0535630000  -0.0131620000  -0.0002280000  -0.0275460000   0.0033030000
   6.5664353317   6.3767125811 1889  1.81E+00  -0.2293550000  -1.4061690000   2.1865840000   0.0050960000   0.0154390000   1.8864840000   0.7869850000  -0.5654300000   8.1883650000  -0.0088960000   0.2237110000   8.5437030000  -0.7913090000   1.0966520000   8.8397760000  -0.0012390000  -0.0073380000   0.0015520000   0.0011560000   0.0074000000  -0.0015660000   0.0031410000   0.0029400000  -0.0029340000   0.0338080000  -0.0502200000  -0.0087520000  -0.0368670000   0.0472190000   0.0117000000
   6.5657914439   6.3774305615 1963  6.46E+00   1.7417180000  -1.0735630000   2.4063190000   0.2649010000  -0.5711230000   2.1228760000   0.3924230000   0.6727250000   8.3765310000  -0.5390840000   1.3010690000   8.0868720000  -1.4204460000   1.9582080000   7.8001130000   0.0403890000  -0.0137350000   0.0077450000  -0.0404570000   0.0137800000  -0.0077010000  -0.0256190000   0.0223290000  -0.0071980000  -0.0445220000   0.0247300000  -0.0160750000   0.0702080000  -0.0471040000   0.0232290000
   6.5675480671   6.3762370731 2187  3.20E+00  -1.0093180000   0.3519020000   2.6339930000   0.0100850000  -0.0056620000   1.5590660000  -0.0113210000   0.5625350000  10.2642160000  -0.0170510000   0.1887520000   9.1240990000   0.0373460000  -0.0104490000   7.9352430000  -0.0179270000   0.0062970000   0.0187100000   0.0178710000  -0.0062580000  -0.0191480000   0.0037370000   0.0255200000   0.0444590000  -0.0095900000  -0.0272460000   0.0070390000   0.0059100000   0.0016860000  -0.0510600000
   6.5677387185   6.3774030799 2260  1.17E+01  -1.2960350000   1.0887660000   2.4878310000  -0.6583830000  -0.2468900000   1.8479280000   1.7975690000  -0.0481540000   9.3587330000   1.2383960000   0.5970600000   8.5268770000   0.6425490000   1.4520540000   7.8556260000  -0.0194150000   0.0405760000   0.0193350000   0.0194300000  -0.0408000000  -0.0195610000   0.0153730000  -0.0082560000   0.0350500000   0.0307880000  -0.0675100000   0.0047280000  -0.0461750000   0.0759900000  -0.0395520000
   6.5679594107   6.3759785960 2291  4.16E+00  -0.0633010000  -1.1314370000   1.9476660000   0.3282770000   0.2544300000   1.8972040000  -1.1748700000  -1.0307030000   7.9587290000  -0.5223780000  -0.1928980000   8.4319920000  -0.0684910000   0.6637850000   9.1147930000   0.0017480000   0.0061030000  -0.0002290000  -0.0016350000  -0.0059980000   0.0003010000   0.0043030000   0.0245140000   0.0293460000   0.0044740000  -0.0349810000  -0.0519870000  -0.0088890000   0.0103630000   0.0225690000
   6.5665172256   6.3792097630 2304  5.84E+00  -1.9527560000  -0.9031700000   5.1254220000  -1.5049560000  -1.7871200000   3.9523190000   3.2844520000   3.8799960000   3.7364440000   2.8575150000   3.5526390000   4.7701650000   2.2095650000   3.1229390000   5.6220410000  -0.0088830000   0.0174030000   0.0231280000   0.0088050000  -0.0175580000  -0.0232700000  -0.0259380000  -0.0146790000   0.0110640000   0.0096900000   0.0000780000   0.0436750000   0.0163260000   0.0147560000  -0.0545970000
   6.5667511010   6.3770861649 2434  1.50E+01   0.1897010000  -2.5145920000   3.4605980000  -0.3989690000  -1.2513850000   2.4187360000  -0.0501510000   2.1066020000   8.2875990000   0.7476160000   2.5896040000   7.5542680000   1.4695140000   3.0452160000   6.7448450000   0.0227240000  -0.0487280000   0.0402340000  -0.0227470000   0.0487170000  -0.0401850000  -0.0184340000  -0.0092570000   0.0086790000   0.0216470000   0.0091020000  -0.0033980000  -0.0031910000   0.0001670000  -0.0053290000
   6.5682605484   6.3778716313 2564  9.42E+00  -1.3937590000  -0.8677190000   2.6228130000  -0.4939220000   0.1105530000   1.7914560000   1.9828650000  -0.2589680000   9.1931180000   0.8827600000  -0.0048150000   8.7232150000  -0.0909690000   0.4527970000   8.1473780000  -0.0224640000  -0.0244980000   0.0207250000   0.0225540000   0.0243840000  -0.0209430000   0.0797330000  -0.0058300000   0.0259690000  -0.0295710000  -0.0321170000   0.0121340000  -0.0502510000   0.0380600000  -0.0378850000
   6.5661766854   6.3762549512 2721  4.49E+00   0.1766250000  -0.9678850000   2.0640700000  -0.5324960000   0.1742670000   1.8800900000   0.2483210000   0.5200460000   9.2806560000   0.9129740000  -0.0781800000   8.5278840000   1.7146000000  -0.5830320000   7.7990160000  -0.0298860000   0.0480740000  -0.0077800000   0.0296840000  -0.0479950000   0.0077140000   0.0137860000   0.0016370000  -0.0031870000  -0.0430850000   0.0050810000   0.0181880000   0.0295010000  -0.0067980000  -0.0149360000
   6.5672799276   6.3784380573 3063  2.63E+00   1.1042810000   0.7693230000   2.0225940000  -0.0181360000  -0.0136680000   1.9211790000   0.5581610000   1.2611810000   8.6799330000   0.0021730000   0.2629320000   8.4769020000  -0.5387910000  -0.7510970000   8.2354160000  -0.0377730000  -0.0263340000  -0.0033700000   0.0378080000   0.0264150000   0.0033980000  -0.0124490000  -0.0251460000  -0.0063390000   0.0093800000   0.0222010000   0.0062840000   0.0030340000   0.0028630000   0.0000270000
   6.5679594242   6.3768391719 3275  2.43E+00  -0.6042550000  -1.3356280000   2.0902140000   0.0075910000   0.0185100000   1.9168450000   0.2843760000  -0.8673620000   8.2257830000  -0.0614320000   0.2302850000   8.4456330000  -0.2380990000   1.3738700000   8.7304240000  -0.0070330000  -0.0154950000   0.0019930000   0.0069710000   0.0155960000  -0.0019510000   0.0084060000   0.0112020000   0.0075480000  -0.0151740000  -0.0409540000  -0.0195100000   0.0068310000   0.0296520000   0.0119200000
   6.5674799357   6.3756789043 3309  5.80E+00  -0.6712380000   0.4042150000   2.2017390000  -1.7922370000  -0.3995480000   2.5051050000   2.0903700000   1.0623700000   7.3463280000   3.2769510000   0.8424690000   7.4316080000   4.4427910000   0.9628460000   7.4261640000  -0.0168830000  -0.0121520000   0.0045080000   0.0168420000   0.0120050000  -0.0048100000  -0.0447750000   0.0304310000  -0.0074850000   0.0523720000  -0.0514810000   0.0131790000  -0.0075550000   0.0211970000  -0.0053920000
   6.5680497997   6.3766149706 3339  4.41E+00   1.0526060000  -0.8232460000   1.8403960000  -0.0189650000   0.0108480000   2.0223800000   1.0986220000  -0.2374560000   8.3343890000   0.0112130000   0.2639770000   8.2335740000  -1.0786390000   0.7246510000   8.2696830000  -0.0373490000   0.0290690000   0.0063540000   0.0373250000  -0.0290410000  -0.0062300000   0.0405140000  -0.0211470000   0.0136230000  -0.0240870000   0.0166540000  -0.0240100000  -0.0164040000   0.0044660000   0.0102640000
   6.5671597140   6.3761583917 3843  4.69E+00   0.0383990000   0.7866200000   2.0374370000  -0.5036220000  -0.4685450000   1.9137680000   1.7371060000   1.2587570000   7.6278700000   0.9486690000   1.0702560000   8.5350170000   0.0635230000   0.9159470000   9.2799280000  -0.0181630000  -0.0419540000  -0.0041830000   0.0179450000   0.0418500000   0.0040290000   0.0350180000   0.0121710000  -0.0546810000  -0.0360270000  -0.0155230000   0.0700900000   0.0012270000   0.0034550000  -0.0152550000
   6.5694123463   6.3769769288 3874  6.25E+00   1.1755680000   0.6661780000   1.8788500000   0.0003920000  -0.0433250000   2.0092470000   1.1069190000  -0.0753050000   8.3713610000  -0.0419530000   0.2446650000   8.3206780000  -1.1514450000   0.7537190000   8.2304870000  -0.0355680000  -0.0214780000   0.0039610000   0.0355900000   0.0214250000  -0.0039100000   0.0370150000   0.0010390000   0.0005940000   0.0313700000  -0.0441210000   0.0058500000  -0.0684070000   0.0431360000  -0.0064960000
   6.5655240167   6.3770727559 3910  1.90E+00   0.7704680000  -1.3852660000   2.2697400000  -0.0346910000  -0.1688850000   1.9191540000   0.9375070000   1.2337820000   8.0636160000   0.0361800000   0.5910570000   8.4875430000  -0.8399540000  -0.0590830000   8.8382870000   0.0100210000  -0.0152000000   0.0043950000  -0.0101430000   0.0151100000  -0.0044030000   0.0114570000   0.0067570000  -0.0077810000  -0.0571630000  -0.0390670000   0.0294790000   0.0458280000   0.0323990000  -0.0216900000
   6.5685455634   6.3774277115 3976  7.77E+00   0.2395840000  -0.4887490000   1.6921350000   1.2272350000  -1.1333130000   2.7437380000  -2.3845780000   3.2293620000   6.2979190000  -2.2636940000   2.3769540000   7.0463050000  -2.0602800000   1.3647720000   7.6041290000  -0.0263730000   0.0172200000  -0.0280750000   0.0264030000  -0.0171820000   0.0279990000   0.0137970000  -0.0695910000   0.0380310000  -0.0165490000   0.0677500000  -0.0179670000   0.0027230000   0.0018030000  -0.0199870000
