   6.5677698748   6.8550447915  229  5.72E+00   0.2901990000  -1.2157960000   3.4530910000  -0.6302520000  -1.9334080000   2.3999430000   1.2530150000   4.9246020000   7.8460450000   1.2121140000   3.7733550000   7.6237080000   0.9664020000   2.6629370000   7.2286020000   0.0235090000   0.0182330000   0.0267630000  -0.0235600000  -0.0184430000  -0.0270730000  -0.0129210000   0.0024090000  -0.0107980000   0.0339370000   0.0315890000   0.0341940000  -0.0209650000  -0.0337880000  -0.0230860000
   6.5681094999   6.8558422486  556  4.50E+00  -1.5886510000  -0.3784220000   2.6476160000  -0.4084930000   0.0428570000   1.7345600000   1.4486880000  -0.7435230000   9.1244950000   0.8164410000   0.1918140000   8.7328790000   0.0786170000   1.0970080000   8.4913390000  -0.0263200000  -0.0094400000   0.0204050000   0.0264160000   0.0093530000  -0.0203770000   0.0129630000  -0.0301770000   0.0218870000   0.0110990000   0.0098170000  -0.0266760000  -0.0241570000   0.0204480000   0.0047600000
   6.5679839422   6.8565161584  653  1.68E+01   1.5993790000  -1.0985960000   5.7626520000   1.6956840000  -1.6199330000   4.1865630000  -3.8633650000   2.5478330000   3.6436090000  -3.1280590000   3.2327400000   4.3381270000  -2.3578380000   3.8725900000   4.8291860000  -0.0033780000   0.0181200000   0.0546640000   0.0033480000  -0.0180390000  -0.0546120000  -0.0368050000  -0.0376260000  -0.0501630000   0.1282910000   0.1170510000   0.1235160000  -0.0914560000  -0.0795060000  -0.0734050000
   6.5676618540   6.8596544079  752  8.30E-01   0.4398100000  -0.6289890000   2.7506480000  -0.0081470000   0.0063430000   1.4725850000  -0.6262650000   0.3737310000   8.2944480000   0.0128840000   0.2527800000   9.2448300000   0.6295700000   0.1321320000  10.2389370000   0.0051890000  -0.0072990000   0.0145810000  -0.0050550000   0.0072510000  -0.0147600000   0.0264850000  -0.0051520000   0.0468200000  -0.0261480000   0.0053520000  -0.0520660000  -0.0004700000  -0.0001530000   0.0054250000
   6.5684460510   6.8571011399  756  6.36E+00   1.4068490000  -0.7758190000   3.0514750000   0.8168500000  -0.1577420000   1.7486210000  -2.5603060000   0.9133020000   9.0094890000  -1.5115210000   0.5654780000   8.7810930000  -0.4731840000   0.1865490000   8.4744750000   0.0138580000  -0.0145320000   0.0305340000  -0.0139360000   0.0145600000  -0.0307280000   0.0969880000  -0.0349090000  -0.0268870000  -0.0330180000   0.0143370000   0.0130330000  -0.0638910000   0.0205440000   0.0140480000
   6.5659597311   6.8569054369  756  6.03E+00   1.3975020000  -0.7686590000   3.0492370000   0.8174620000  -0.1579380000   1.7478520000  -2.5600560000   0.9143270000   9.0142590000  -1.5123580000   0.5654920000   8.7820010000  -0.4752720000   0.1860410000   8.4730040000   0.0128940000  -0.0135910000   0.0288640000  -0.0129730000   0.0136200000  -0.0290580000   0.0966770000  -0.0349010000  -0.0270890000  -0.0321170000   0.0140210000   0.0127810000  -0.0644820000   0.0208510000   0.0145030000
   6.5651031766   6.8567441275 1017  2.98E+00  -0.0391340000  -0.9050740000   2.7732540000  -0.0033770000   0.0125750000   1.4881050000  -0.7108600000   0.1527760000   8.3068110000   0.0016900000   0.2488790000   9.2360170000   0.7289240000   0.3422830000  10.1542540000  -0.0008870000  -0.0244330000   0.0340990000   0.0010290000   0.0244140000  -0.0343200000   0.0027880000   0.0002450000   0.0036540000  -0.0062890000  -0.0004000000  -0.0062800000   0.0033580000   0.0001730000   0.0028490000
   6.5669334538   6.8587494901 1090  4.59E+00   1.1547010000   0.2694620000   2.5233880000  -0.1153450000   0.2342270000   1.6264350000  -0.1156060000  -1.0953320000   8.3550840000   0.2218090000  -0.2166370000   9.0055200000   0.4524030000   0.7588750000   9.6039030000   0.0293820000   0.0008510000   0.0207510000  -0.0293290000  -0.0007460000  -0.0207860000   0.0127980000   0.0607560000   0.0377660000  -0.0012050000  -0.0517910000  -0.0249330000  -0.0116450000  -0.0090690000  -0.0127980000
   6.5698835879   6.8582587021 1227  4.80E+00   0.6398250000  -1.5440080000   2.6074100000  -0.4193600000  -0.8972700000   2.0302890000   1.3239310000   2.7031270000   7.6010870000   0.6907640000   1.9000100000   8.2020070000   0.2115910000   1.1366800000   8.9388570000  -0.0376880000   0.0230160000  -0.0204740000   0.0376370000  -0.0230090000   0.0206150000   0.0179440000   0.0127860000   0.0034080000  -0.0377220000  -0.0308960000   0.0007870000   0.0198290000   0.0181020000  -0.0043350000
   6.5657352774   6.8557067462 1355  4.72E+00  -0.0052700000   0.9514340000   2.6965980000  -0.0034090000  -0.0122820000   1.4838660000  -0.6489760000   0.0047250000   8.3090890000  -0.0083120000   0.3492690000   9.2346610000   0.6725760000   0.4221450000  10.1789980000   0.0000180000   0.0213410000   0.0267210000   0.0001140000  -0.0212470000  -0.0269430000   0.0062150000  -0.0169160000   0.0083120000   0.0017820000   0.0367410000   0.0052090000  -0.0081290000  -0.0199190000  -0.0132990000
   6.5679359762   6.8582029670 1377  3.84E+00  -0.4920170000  -1.1085450000   2.5668700000   0.0106500000   0.0130950000   1.6364370000   0.6545880000  -0.5441280000   8.4415670000  -0.0570940000   0.2149540000   8.9853570000  -0.6339150000   1.0748800000   9.4798650000  -0.0105240000  -0.0233280000   0.0193520000   0.0103930000   0.0234210000  -0.0194410000   0.0031670000   0.0143380000   0.0033260000  -0.0414420000   0.0211360000   0.0241650000   0.0384060000  -0.0355680000  -0.0274020000
   6.5665824571   6.8591893152 1498  6.15E+00  -1.3416300000  -0.5252870000   3.3336940000  -1.2558450000  -0.7974970000   2.0013470000   3.3242430000   2.1998250000   8.5121310000   2.2662870000   1.7685020000   8.3178160000   1.3309870000   1.1762250000   8.0396580000   0.0033220000  -0.0105950000  -0.0519300000  -0.0033390000   0.0105960000   0.0516960000  -0.0252610000  -0.0262420000  -0.0122560000  -0.0511380000  -0.0040720000  -0.0024120000   0.0764170000   0.0303130000   0.0149010000
   6.5691757404   6.8556685270 2061  1.11E+01  -0.8950080000  -0.9326510000   2.3892910000   0.2975580000  -0.1204350000   1.6818090000   0.0757770000   1.3115200000   9.4836360000  -0.4292640000   0.4900000000   8.7856350000  -1.1832240000  -0.3314440000   8.3723210000  -0.0355580000  -0.0242110000   0.0210910000   0.0356880000   0.0243230000  -0.0210810000  -0.0075740000   0.0141660000   0.0312060000   0.0323770000  -0.0050580000  -0.0467070000  -0.0249330000  -0.0092190000   0.0154900000
   6.5687017007   6.8554817576 2273  3.02E+00  -1.1933380000  -0.5731840000   2.2889680000   0.0171910000   0.0082770000   1.8252000000  -1.1932570000   0.2226130000   8.6356520000  -0.0054480000   0.2152270000   8.7010790000   1.1866750000   0.2982680000   8.5739660000   0.0142270000   0.0068230000  -0.0054280000  -0.0142230000  -0.0068400000   0.0054380000  -0.0258580000   0.0057300000  -0.0118600000  -0.0188790000  -0.0143660000   0.0270210000   0.0447320000   0.0086530000  -0.0151710000
   6.5693981483   6.8567817155 3284  7.76E+00  -0.7041030000   0.4722280000   1.7814690000   0.3727450000  -0.7134270000   2.0016600000   0.0025480000   0.6506960000   8.7111740000  -0.6239220000   1.5274380000   8.2650710000  -1.3513940000   2.4236130000   7.9764460000  -0.0332260000   0.0365960000  -0.0067460000   0.0332470000  -0.0365740000   0.0068840000  -0.0164530000   0.0151820000   0.0046710000   0.0365830000  -0.0333460000  -0.0112200000  -0.0201500000   0.0181420000   0.0064110000
   6.5665359611   6.8598519135 3536  4.53E+00  -1.4244700000   1.0845670000   2.3647330000  -0.3413830000   0.1002770000   1.8630130000   1.3501100000  -0.8946380000   8.4361830000   0.5907850000   0.0105640000   8.5214090000   0.0010880000   1.0052440000   8.7146930000  -0.0235690000   0.0214050000   0.0109740000   0.0235710000  -0.0214400000  -0.0108470000   0.0197430000  -0.0040470000   0.0075010000  -0.0353170000   0.0051730000  -0.0147510000   0.0155730000  -0.0010900000   0.0071230000
   6.5688838522   6.8565059777 3584  1.03E+00   0.2229090000   1.4804760000   2.6145200000   0.0821500000   0.3794070000   1.6731140000   0.0803500000   0.4948370000   9.5512190000  -0.1469560000  -0.4696060000   8.8763580000  -0.3943510000  -1.4427570000   8.2658630000   0.0000620000   0.0004360000   0.0004030000  -0.0000370000  -0.0003490000  -0.0003510000   0.0068170000   0.0336560000   0.0289660000  -0.0052840000  -0.0319220000  -0.0339650000  -0.0015580000  -0.0018210000   0.0049470000
   6.5668260355   6.8550612816 3614  6.08E+00   1.5123520000  -0.1442470000   2.2077360000  -0.0165290000   0.0015370000   1.8294240000  -1.0341080000   0.7677610000   8.6868530000  -0.0266130000   0.2367120000   8.5803070000   1.0413550000  -0.2563710000   8.5974540000   0.0410680000  -0.0039040000   0.0101920000  -0.0411520000   0.0039330000  -0.0100870000   0.0627780000  -0.0280900000   0.0038280000  -0.0625520000   0.0232780000  -0.0142890000  -0.0001430000   0.0047830000   0.0103560000
   6.5690004777   6.8577651402 3660  1.88E+00  -0.5607460000   0.0271030000   2.5078460000  -0.3515670000   1.2004670000   1.8076400000   0.6336090000  -1.4810300000   9.7508900000   0.6802150000  -1.9155610000   8.6590930000   0.6468950000  -2.3904250000   7.5641590000   0.0059600000   0.0336360000  -0.0200790000  -0.0060010000  -0.0334220000   0.0199760000  -0.0052190000  -0.0000890000   0.0070110000   0.0108350000   0.0152540000   0.0195050000  -0.0055750000  -0.0153790000  -0.0264120000
   6.5662949662   6.8557137703 3677  3.49E+00   0.8910790000  -0.9424620000   2.4291410000  -0.0112400000   0.0116740000   1.7237590000  -1.0758130000   0.0186440000   8.4963100000  -0.0096330000   0.2091260000   8.8306090000   1.0830370000   0.5131190000   9.1138610000   0.0092000000  -0.0097160000   0.0072280000  -0.0091520000   0.0097130000  -0.0071760000   0.0901740000   0.0243650000   0.0253960000  -0.0748670000  -0.0281260000  -0.0183230000  -0.0153540000   0.0037640000  -0.0071260000
   6.5654305714   6.8583117792 3866  4.04E+00  -0.4431130000   0.3934020000   2.7936490000  -0.0616820000   0.7831840000   1.5132090000   0.1631280000  -0.4710760000   8.2521060000   0.0607620000  -1.2421220000   9.1321070000   0.1272340000  -1.8449870000  10.1603040000   0.0091690000   0.0093660000  -0.0309730000  -0.0092210000  -0.0094240000   0.0306960000   0.0103730000   0.0053180000   0.0174140000  -0.0230340000  -0.0003980000  -0.0539420000   0.0127120000  -0.0048630000   0.0368050000
