   6.5612107552   6.2096794813  105  2.96E+00   0.3726560000   1.2986000000   1.9928090000  -0.0075150000  -0.0133110000   1.9289150000  -1.0833930000   0.4071710000   8.0302100000  -0.0067170000   0.2504070000   8.4586310000   1.1024890000   0.0771870000   8.8620970000  -0.0137540000  -0.0475540000  -0.0022960000   0.0138800000   0.0475330000   0.0022790000   0.0116900000  -0.0024700000   0.0040970000  -0.0442430000   0.0082990000  -0.0145880000   0.0324270000  -0.0058080000   0.0105080000
   6.5614650113   6.2082066127  252  6.08E+00  -0.6321090000  -1.4954490000   2.0901140000  -1.5202620000  -0.9421420000   3.0450790000   3.4391540000   1.0483470000   6.2048220000   2.7546110000   2.0058460000   6.4860080000   2.1253520000   2.9330490000   6.5877990000  -0.0119210000   0.0074050000   0.0127640000   0.0118080000  -0.0073010000  -0.0127190000   0.0323140000  -0.0391880000  -0.0224520000  -0.0970870000   0.1294280000   0.0438860000   0.0648860000  -0.0903440000  -0.0214790000
   6.5640594935   6.2087362714  936  4.57E+00   0.5158990000   1.4378300000   1.9310560000  -0.0090280000  -0.0190130000   2.0072540000  -0.3317460000  -0.8766290000   8.5207140000   0.0109060000   0.2719940000   8.3709850000   0.3361440000   1.3644870000   8.0500340000   0.0117060000   0.0324810000  -0.0017260000  -0.0117220000  -0.0325420000   0.0016880000  -0.0168140000  -0.0561800000  -0.0022270000   0.0130700000   0.0433970000   0.0157010000   0.0037600000   0.0128430000  -0.0134360000
   6.5647092571   6.2073625789 1153  1.31E+01   1.8004320000  -0.5551880000   2.0556340000   0.1381900000  -0.2220110000   2.0837600000  -1.3951190000   0.9682740000   7.9798210000  -0.3009160000   0.6052190000   8.1657240000   0.8174270000   0.4088230000   8.3550790000   0.0607800000  -0.0121890000  -0.0010070000  -0.0607760000   0.0121520000   0.0010850000   0.0207360000   0.0058610000   0.0051300000   0.0288820000  -0.0270240000   0.0017050000  -0.0496220000   0.0212010000  -0.0069130000
   6.5602059208   6.2057814856 1231  2.80E+00  -0.8927300000   0.8641400000   2.2043520000   0.1518820000  -0.0162940000   1.7553930000  -0.7622320000  -0.3420740000   9.6581740000  -0.3129750000   0.2652290000   8.7113860000   0.2948930000   0.8575730000   7.8976750000   0.0055640000  -0.0047630000  -0.0024390000  -0.0057020000   0.0046280000   0.0022330000  -0.0129940000  -0.0315460000   0.0565310000   0.0036090000   0.0326970000  -0.0667700000   0.0095220000  -0.0010160000   0.0104450000
   6.5606877000   6.2057038165 1435  2.83E+00   1.8482490000   0.2714110000   2.5083890000   0.8208310000  -0.7003720000   2.1737560000  -2.0387290000   1.9065760000   7.0253020000  -1.5746390000   1.4352520000   7.9830520000  -0.9950710000   1.1843890000   8.9687390000  -0.0003190000  -0.0003460000  -0.0000830000   0.0004380000   0.0001880000   0.0001140000   0.0192840000   0.0038920000   0.0285200000  -0.0207080000  -0.0222630000  -0.0203800000   0.0013060000   0.0185300000  -0.0081710000
   6.5620375757   6.2077244086 1468  2.75E+00   1.4755900000   0.4000780000   2.0804020000  -0.0202280000  -0.0101540000   1.9214880000   1.0526440000   0.5730060000   8.8691920000   0.0018950000   0.2578330000   8.4732360000  -1.0460080000  -0.0533810000   8.0437220000   0.0354980000   0.0097390000   0.0038300000  -0.0353830000  -0.0097080000  -0.0038480000  -0.0139320000  -0.0039240000  -0.0064930000   0.0102140000   0.0025330000   0.0054760000   0.0036030000   0.0013600000   0.0010340000
   6.5604368846   6.2087090681 1598  2.95E+00   1.3688320000  -0.0959220000   2.3376410000  -0.0219960000   0.0046890000   1.7834440000  -0.8882720000   0.3927280000   7.9191640000   0.0030740000   0.2920530000   8.7426010000   0.9095780000   0.0583250000   9.4647580000   0.0175420000  -0.0012680000   0.0069600000  -0.0173370000   0.0012390000  -0.0071980000  -0.0478540000  -0.0022350000  -0.0487510000   0.0312770000   0.0140660000   0.0419540000   0.0163720000  -0.0118020000   0.0070360000
   6.5625499026   6.2074852163 1641  5.37E+00  -0.7801260000  -1.0515980000   2.1438680000   0.0151320000   0.0126410000   1.8911190000  -0.2874900000   1.2762570000   8.9738280000   0.0171340000   0.2396710000   8.5285420000   0.2482050000  -0.7653820000   8.0452420000   0.0355330000   0.0475910000  -0.0113210000  -0.0355640000  -0.0474480000   0.0112360000  -0.0011670000  -0.0119350000  -0.0079360000   0.0229920000  -0.0622050000  -0.0256490000  -0.0217940000   0.0739960000   0.0336700000
   6.5612304778   6.2090091847 1669  7.60E-01  -0.2538800000   1.2182460000   2.4360520000   0.7722240000   0.3682350000   1.8154550000  -1.7058510000  -1.1807550000   9.5197600000  -1.3846080000  -0.4036620000   8.6922980000  -1.0954060000   0.2556460000   7.7358500000  -0.0047310000   0.0039330000   0.0027280000   0.0048470000  -0.0039960000  -0.0031730000  -0.0059940000  -0.0167850000   0.0023700000   0.0002810000   0.0057940000   0.0310220000   0.0055970000   0.0110530000  -0.0329460000
   6.5645947887   6.2069395083 1728  4.05E+00  -0.4660780000  -1.3847250000   1.9246590000   0.0055930000   0.0170590000   2.0669580000  -1.1397040000   0.2549210000   8.1626790000  -0.0068030000   0.2527030000   8.2651480000   1.1462400000   0.2450940000   8.1897450000  -0.0042230000  -0.0125610000  -0.0012640000   0.0042120000   0.0125600000   0.0012570000   0.0877760000  -0.0004470000  -0.0042930000  -0.0412490000   0.0004120000   0.0132120000  -0.0465160000   0.0000350000  -0.0089120000
   6.5616699268   6.2083218345 1832  9.21E+00  -1.0637090000  -1.4990650000   3.6640750000  -0.6085360000  -1.6486270000   2.4083920000   1.2657530000   3.8204050000   8.5473110000   1.0581750000   3.3872040000   7.4951970000   1.0460760000   2.6525920000   6.5683240000   0.0225710000  -0.0075360000  -0.0625170000  -0.0227930000   0.0071750000   0.0622260000   0.0064570000  -0.0373740000  -0.0296290000  -0.0209520000   0.0549600000   0.0159440000   0.0147170000  -0.0172240000   0.0139770000
   6.5629484695   6.2058908899 2265  4.04E+00   0.7109550000  -0.6109200000   2.4126710000  -0.7188280000  -0.4628470000   1.7963710000   0.7632580000   1.0460150000   7.6307380000   1.2757870000   1.1664050000   8.7050770000   1.8242230000   1.1160990000   9.7120640000   0.0349690000  -0.0036780000   0.0149140000  -0.0350040000   0.0035090000  -0.0154280000  -0.0089770000  -0.0137170000  -0.0271520000   0.0305310000   0.0231260000   0.0759880000  -0.0215190000  -0.0092400000  -0.0483220000
   6.5624984795   6.2051999694 2343  5.30E+00   0.0968080000  -2.0237390000   5.7147550000  -1.2471440000  -1.7191320000   5.0256920000   2.5543000000   4.2606350000   3.5585170000   2.2408170000   3.4256610000   2.7527200000   1.9859690000   2.5686750000   1.9166410000   0.0278180000  -0.0062690000   0.0142910000  -0.0278670000   0.0062900000  -0.0140920000   0.0176640000   0.0369480000   0.0342310000  -0.0051960000   0.0183210000   0.0221970000  -0.0124190000  -0.0552900000  -0.0566280000
   6.5642271215   6.2073900609 3101  5.66E+00   0.1972380000  -0.3196660000   2.0534610000  -1.0028920000  -0.9472270000   2.2174950000   0.8162690000   1.3694480000   7.6815010000   1.8310480000   1.9298150000   7.9998530000   2.8054300000   2.6203460000   8.1101420000  -0.0455100000  -0.0238180000   0.0061800000   0.0455540000   0.0237400000  -0.0064870000  -0.0377870000  -0.0113920000  -0.0219380000   0.0035390000  -0.0223020000   0.0299820000   0.0342030000   0.0337730000  -0.0077370000
