   6.5877578187   6.6909393558   18  2.83E+00   0.5614790000  -1.1889630000   2.7368030000  -0.0248500000  -0.3653270000   1.6572530000   0.2527010000  -0.0410750000   8.3345650000   0.1192060000   0.9314900000   8.9582680000  -0.2534590000   1.9289250000   9.4925330000   0.0042000000  -0.0058730000   0.0076380000  -0.0041950000   0.0059620000  -0.0078340000  -0.0193470000   0.0263220000   0.0114110000   0.0432510000  -0.0493640000  -0.0172200000  -0.0239080000   0.0229530000   0.0060050000
   6.5892419553   6.6911052739   43  1.57E+00  -0.5667880000   0.8222590000   2.6710980000   0.0096420000  -0.0129560000   1.5051020000  -0.5655540000   0.1671470000  10.2372900000   0.0161820000   0.2481100000   9.2093400000   0.5409570000   0.3471700000   8.1653500000  -0.0124790000   0.0179970000   0.0250240000   0.0123520000  -0.0180140000  -0.0252970000  -0.0134320000  -0.0001900000   0.0167200000   0.0200760000  -0.0003930000  -0.0232630000  -0.0065160000   0.0006010000   0.0068160000
   6.5850236279   6.6915823122  316  8.71E-01   0.1256980000  -0.8338530000   2.7470280000  -0.0005410000   0.0092350000   1.4806500000  -0.4141030000   0.2162260000   8.1562320000  -0.0069360000   0.2428470000   9.2420770000   0.4140920000   0.2955580000  10.3391700000   0.0023240000  -0.0152510000   0.0227370000  -0.0022250000   0.0152070000  -0.0230460000   0.0124570000   0.0027040000   0.0337000000  -0.0151820000  -0.0046800000  -0.0390410000   0.0026250000   0.0020190000   0.0056490000
   6.5859926597   6.6929112609  332  2.01E+00  -0.1207730000  -1.8210270000   4.1463080000  -1.0307300000  -2.0773830000   3.1205970000   2.4759270000   4.9914620000   5.7985210000   1.8454510000   4.0963170000   6.2662850000   1.2940270000   3.1108090000   6.6523430000  -0.0206020000  -0.0058600000  -0.0232850000   0.0205630000   0.0057230000   0.0230690000   0.0220990000   0.0192010000  -0.0174230000  -0.0134120000   0.0101230000   0.0119580000  -0.0086470000  -0.0291870000   0.0056810000
   6.5898242830   6.6903992293  556  7.88E+00  -0.4403340000   1.5824150000   2.2731890000  -0.3937190000   0.0273080000   1.8846030000   1.4761640000  -0.7597540000   8.5126540000   0.7046260000   0.1416610000   8.6008330000  -0.0110540000   1.1050040000   8.4765360000  -0.0013610000   0.0458660000   0.0114440000   0.0013850000  -0.0459300000  -0.0114760000   0.0214340000  -0.0172360000  -0.0137770000   0.0051000000  -0.0269340000   0.0303590000  -0.0265580000   0.0442350000  -0.0165500000
   6.5876759918   6.6925612827  650  6.95E+00  -1.0453390000  -0.9639100000   3.0390240000  -0.7734890000  -0.5206860000   1.7831160000   0.4170320000   1.1522180000   8.1529220000   1.4140700000   1.2070440000   8.7517940000   2.4502820000   1.2904940000   9.1815460000   0.0110930000   0.0180050000  -0.0512490000  -0.0110250000  -0.0181210000   0.0509640000   0.0331840000   0.0044110000   0.0065790000   0.0673440000   0.0016970000   0.0493340000  -0.1005960000  -0.0059910000  -0.0556270000
   6.5892614616   6.6918537253  770  7.18E+00  -1.8515770000   1.1816190000   5.1338640000  -0.8554400000   1.8436500000   5.7637040000   0.4712020000  -3.2735580000   1.6606430000   1.5801680000  -3.0836940000   1.4666310000   2.7315000000  -3.0059340000   1.1307660000   0.0449250000   0.0298420000   0.0283790000  -0.0448030000  -0.0298440000  -0.0284100000   0.0728310000   0.0031140000  -0.0227340000  -0.1149450000   0.0025550000   0.0442700000   0.0419930000  -0.0056680000  -0.0215060000
   6.5853465584   6.6900279169  903  3.93E+00   0.8229100000  -0.7266290000   2.4597190000  -0.0091790000   0.0105720000   1.6793980000  -0.4096980000  -0.6454500000   9.5014670000   0.0027290000   0.2546750000   8.9196830000   0.4016460000   1.1349190000   8.2614600000  -0.0343840000   0.0304030000  -0.0322310000   0.0343260000  -0.0305520000   0.0321390000   0.0182820000   0.0407190000  -0.0318680000  -0.0111520000  -0.0259670000   0.0255490000  -0.0070730000  -0.0146030000   0.0064100000
   6.5857697159   6.6944274954  932  4.70E+00  -0.1814360000  -0.2894810000   1.8598220000   0.5025130000  -1.5017310000   2.4226140000  -0.4811170000   4.0678680000   7.2540380000  -0.8549020000   2.9688890000   7.5432920000  -1.3753530000   1.9093200000   7.8681360000  -0.0086960000   0.0154870000  -0.0071440000   0.0087670000  -0.0153800000   0.0071240000   0.0050120000   0.0420070000  -0.0076400000   0.0367310000   0.0226330000  -0.0163850000  -0.0418150000  -0.0647470000   0.0240440000
   6.5864762535   6.6939244432  980  3.95E+00  -1.2470630000   0.9023470000   3.0405860000  -1.2183620000  -0.1033130000   1.8148700000   2.1842290000  -0.0879540000   7.5794830000   2.2358110000   0.4562740000   8.6130430000   2.3007230000   0.8922220000   9.7004630000  -0.0008500000   0.0276400000   0.0335960000   0.0006570000  -0.0275280000  -0.0337530000   0.0025990000   0.0000140000   0.0192640000  -0.0035050000   0.0076060000  -0.0221020000   0.0010990000  -0.0077320000   0.0029950000
   6.5895291007   6.6918740495 1248  5.95E+00  -0.6288130000  -1.3633270000   2.2419880000   0.0078790000   0.0195520000   1.8154140000   0.5791130000  -0.7426820000   8.9580460000  -0.0521750000   0.2145150000   8.6137850000  -0.5396750000   1.2575690000   8.3689380000  -0.0170770000  -0.0370890000   0.0115060000   0.0170800000   0.0370450000  -0.0113990000   0.0284150000  -0.0237730000   0.0179420000  -0.0363590000   0.0158020000  -0.0251810000   0.0079410000   0.0080140000   0.0071320000
   6.5854664437   6.6917245947 1264  2.05E+00   0.6958960000  -1.1129290000   3.4074680000   0.9282390000  -1.1223250000   1.9011310000  -1.9467880000   2.7255760000   9.5413810000  -1.7013090000   2.3252930000   8.4868780000  -1.4557420000   1.8917930000   7.3793520000  -0.0039880000   0.0000450000   0.0263240000   0.0041910000  -0.0002950000  -0.0266510000   0.0065400000  -0.0127630000  -0.0315750000  -0.0180170000   0.0353030000   0.0877470000   0.0112740000  -0.0222900000  -0.0558450000
   6.5853422167   6.6929852022 1297  5.15E+00   1.6118610000   0.5575220000   2.4149360000   0.4980230000  -0.0622880000   1.9352700000   0.1286590000   0.7548540000   8.5679090000  -0.9325920000   0.3138210000   8.4839640000  -2.0173660000  -0.0268070000   8.2470430000  -0.0437140000  -0.0243290000  -0.0188140000   0.0436910000   0.0242960000   0.0188300000  -0.0498870000  -0.0124630000  -0.0135080000   0.0212280000  -0.0045430000   0.0166900000   0.0286820000   0.0170400000  -0.0031990000
   6.5885970555   6.6923452579 1297  5.40E+00   1.6072140000   0.5612970000   2.4119220000   0.4984790000  -0.0623620000   1.9343740000   0.1277590000   0.7553850000   8.5662170000  -0.9349180000   0.3141910000   8.4853160000  -2.0167040000  -0.0274840000   8.2523870000  -0.0454760000  -0.0255830000  -0.0195770000   0.0454480000   0.0255490000   0.0195920000  -0.0477240000  -0.0117030000  -0.0131970000   0.0125440000  -0.0072910000   0.0151380000   0.0352080000   0.0190290000  -0.0019550000
   6.5897045234   6.6922612580 1457  3.68E+00   1.2491940000  -0.4088670000   2.1560910000  -0.0171080000   0.0054480000   1.8227620000   1.1376870000   0.0174330000   8.9069610000   0.0055850000   0.2512540000   8.5936280000  -1.1351400000   0.4801790000   8.4038710000  -0.0418810000   0.0137070000  -0.0109600000   0.0419110000  -0.0137050000   0.0110740000   0.0365440000  -0.0079070000   0.0191280000  -0.0283240000   0.0065950000  -0.0270630000  -0.0082500000   0.0013100000   0.0078210000
   6.5858891858   6.6934905870 1498  6.04E+00  -0.8246180000   0.1810210000   2.7695810000  -1.3045420000  -0.8309950000   1.9926230000   3.1296040000   2.3055660000   9.0052590000   2.4428880000   1.6943290000   8.2838570000   1.6036820000   1.2489680000   7.6511390000  -0.0185350000  -0.0390550000  -0.0300860000   0.0184780000   0.0389910000   0.0297860000  -0.0219030000   0.0028810000  -0.0043240000  -0.0269850000  -0.0472360000  -0.0484410000   0.0489450000   0.0444190000   0.0530640000
   6.5881111475   6.6924623965 1852  6.36E+00  -0.6384360000  -1.5372640000   2.6582720000  -0.1488680000  -0.4057460000   1.7930630000   0.5429640000   2.1092130000   8.9011400000   0.2021010000   1.0360240000   8.6645100000   0.0890260000  -0.0760340000   8.4731640000  -0.0067660000  -0.0155800000   0.0119080000   0.0067420000   0.0157100000  -0.0119510000   0.0003640000  -0.0588370000  -0.0078190000  -0.0285820000  -0.0372540000  -0.0144870000   0.0282420000   0.0959610000   0.0223500000
   6.5896325902   6.6945149273 2182  9.56E+00   0.5031870000   0.9242930000   2.2628100000  -0.7116230000   1.9215180000   2.5896540000   1.1551840000  -3.0813470000   8.4069390000   1.3046470000  -3.3337320000   7.2277010000   1.3877350000  -3.3831160000   6.0925220000   0.0360590000  -0.0295570000  -0.0097140000  -0.0361010000   0.0296700000   0.0097140000  -0.0116040000   0.0253610000   0.0619610000   0.0211980000  -0.0410260000  -0.1417350000  -0.0095530000   0.0155520000   0.0797740000
   6.5871573474   6.6916962355 2292  3.45E+00   1.1142280000  -0.2616740000   2.3010370000  -0.1877130000   0.0814930000   1.6919190000  -0.2296900000   0.9539470000   8.3263640000   0.3082810000   0.0722430000   8.8301710000   0.8655470000  -0.7110120000   9.4512240000   0.0089480000  -0.0023990000   0.0042190000  -0.0088800000   0.0022560000  -0.0042250000   0.0308710000  -0.0406030000   0.0384140000   0.0007320000  -0.0133870000  -0.0113260000  -0.0316720000   0.0541320000  -0.0270810000
   6.5898185418   6.6940856076 2401  7.75E+00   0.8000130000  -0.8397320000   2.3860400000  -0.6369740000  -0.6631790000   1.8647220000   1.9056280000   0.9156740000   9.2142130000   1.1125230000   1.4786390000   8.5466570000   0.3900050000   2.0269730000   7.9078320000   0.0292680000  -0.0036040000   0.0106510000  -0.0292170000   0.0035370000  -0.0106280000   0.0055270000  -0.0007650000   0.0031140000  -0.1135470000   0.0790080000  -0.0973970000   0.1079690000  -0.0781750000   0.0942600000
   6.5891669898   6.6914085889 2566  6.41E+00  -0.2189810000   0.5557190000   2.4924950000  -0.3278890000  -0.4775910000   1.6158770000   1.2529540000   1.7353370000   9.7864870000   0.6622040000   1.0346470000   9.0048880000  -0.0987180000   0.5258270000   8.2276530000  -0.0043840000  -0.0419640000  -0.0356840000   0.0044920000   0.0419850000   0.0354370000   0.0158010000   0.0419750000   0.0348590000   0.0197900000  -0.0362930000  -0.0102950000  -0.0357000000  -0.0057020000  -0.0243170000
   6.5854940532   6.6906933919 2639  1.68E+00  -0.0829770000  -0.6325520000   2.5964930000   0.2775360000   0.3058080000   1.5445190000  -0.6603090000  -0.7908470000   8.0777550000  -0.5624680000  -0.3366040000   9.1578370000  -0.2982990000   0.2437840000  10.1713910000  -0.0000430000  -0.0001490000   0.0000750000   0.0001020000   0.0002520000  -0.0003560000   0.0104950000   0.0086550000  -0.0004080000  -0.0298060000  -0.0359860000  -0.0292550000   0.0192530000   0.0272290000   0.0299440000
   6.5886179664   6.6935932079 2760  3.04E+00  -0.9761430000  -0.4092090000   2.4867610000   0.0144140000   0.0041050000   1.6138530000  -0.1291650000   1.1288750000   9.7731810000  -0.0600970000   0.2810610000   8.9747710000   0.1637950000  -0.6469130000   8.2740370000   0.0277160000   0.0116340000  -0.0244850000  -0.0277820000  -0.0114610000   0.0243330000   0.0112390000  -0.0161460000  -0.0030550000  -0.0233880000   0.0286920000   0.0003300000   0.0122160000  -0.0127190000   0.0028770000
   6.5868687132   6.6908439208 2926  4.08E+00  -0.6337600000   0.7779310000   2.1953520000   0.1633410000  -0.4936330000   1.7779450000   0.6684830000   0.5399370000   8.3691480000  -0.2491030000   1.1767510000   8.7588740000  -1.2573200000   1.6806650000   9.0389830000  -0.0187670000   0.0299210000   0.0098250000   0.0186670000  -0.0298560000  -0.0099090000  -0.0001190000  -0.0129200000  -0.0082620000  -0.0167990000   0.0333200000   0.0213650000   0.0170180000  -0.0204660000  -0.0130190000
   6.5889223480   6.6907589415 2986  4.47E+00  -1.4001820000   0.6882320000   2.9718740000  -0.7735840000   0.6655440000   1.7713880000   1.3148870000  -0.5037220000   9.7694860000   1.3793760000  -0.9637540000   8.7128580000   1.6013070000  -1.4523660000   7.6570150000   0.0272160000  -0.0009360000  -0.0522170000  -0.0273780000   0.0011130000   0.0521320000   0.0131550000  -0.0177200000  -0.0352890000  -0.0261850000   0.0238090000   0.0417220000   0.0131920000  -0.0062660000  -0.0063470000
   6.5862938806   6.6945418560 2986  4.23E+00  -1.4004200000   0.6897560000   2.9761550000  -0.7738180000   0.6657580000   1.7710080000   1.3128390000  -0.5006390000   9.7696600000   1.3790750000  -0.9635550000   8.7137710000   1.6047630000  -1.4567640000   7.6577850000   0.0257220000  -0.0009360000  -0.0495450000  -0.0258840000   0.0011130000   0.0494600000   0.0131720000  -0.0172750000  -0.0338630000  -0.0272050000   0.0255220000   0.0446930000   0.0141960000  -0.0084240000  -0.0107450000
   6.5872634494   6.6907896914 3215  1.43E+01   1.0607110000  -0.5949270000   2.3623950000   1.8825640000   0.9007570000   2.6373170000  -3.3276430000  -1.6097480000   6.0015070000  -3.3909030000  -1.3475100000   7.1591430000  -3.5956290000  -1.1521240000   8.3051000000  -0.0311930000  -0.0569130000  -0.0104860000   0.0313910000   0.0570270000   0.0105190000  -0.0092720000  -0.0092560000  -0.0194860000   0.0207560000   0.0113760000   0.0070780000  -0.0116820000  -0.0022340000   0.0123750000
   6.5894635252   6.6914897243 3344  2.42E+00   1.2530460000  -0.7076780000   2.6540210000   0.0702100000  -1.1128020000   1.9698920000  -0.1516700000   2.8764200000   7.3376580000  -0.2265910000   2.2702610000   8.3429210000  -0.1078170000   1.7091660000   9.3952040000  -0.0118670000  -0.0041050000  -0.0068440000   0.0118460000   0.0039540000   0.0068630000   0.0120300000   0.0036420000   0.0045490000  -0.0281150000   0.0120950000  -0.0434650000   0.0161060000  -0.0155860000   0.0388970000
   6.5858186572   6.6922434698 3352  3.38E+00   0.5676530000  -0.0367180000   2.4897700000  -0.3708520000  -0.6089430000   1.6832520000   0.9880480000   1.7159930000   7.8097670000   0.7045980000   1.3884250000   8.9180840000   0.2993730000   0.9729160000   9.9332160000  -0.0361430000  -0.0220850000  -0.0311310000   0.0360440000   0.0219010000   0.0308990000  -0.0027020000   0.0005700000  -0.0236860000   0.0081390000   0.0026160000   0.0358300000  -0.0053370000  -0.0030020000  -0.0119120000
   6.5870992612   6.6921216406 3618  3.06E+00   0.0645420000  -1.7785590000   2.6487260000   0.7344350000  -0.6693890000   2.0371320000  -0.1856340000   1.5684370000   8.2765310000  -1.3194650000   1.4548230000   8.2182540000  -2.4958600000   1.4822550000   8.2144400000   0.0048060000   0.0080230000  -0.0043600000  -0.0048890000  -0.0080070000   0.0044470000  -0.0783220000   0.0032400000   0.0014660000   0.0784900000  -0.0137840000  -0.0065430000  -0.0000850000   0.0105280000   0.0049900000
   6.5888936672   6.6910886768 3706  4.89E+00  -0.2350590000   1.5465950000   2.1781450000  -0.5996560000   0.0254760000   1.9297780000   2.2555750000  -0.0147380000   8.2668340000   1.1032310000   0.1715560000   8.4814590000  -0.0741290000   0.3489520000   8.5923490000   0.0099280000   0.0413370000   0.0067710000  -0.0098710000  -0.0413470000  -0.0067540000   0.0218760000  -0.0043410000  -0.0095200000   0.0152810000  -0.0004650000   0.0110350000  -0.0372140000   0.0048160000  -0.0015330000
