   6.5944301510   6.6472211518   40  3.20E+00  -0.8169200000  -0.2672300000   2.7786440000  -0.2209070000  -0.5492120000   1.5702360000   0.2744480000   0.6991910000   8.0803560000   0.4624020000   1.2379990000   9.0702360000   0.5331570000   1.8188550000  10.0946390000   0.0187350000  -0.0088770000  -0.0381470000  -0.0187560000   0.0088680000   0.0378290000   0.0038620000   0.0375680000   0.0671850000   0.0039680000  -0.0441770000  -0.0760210000  -0.0078090000   0.0066180000   0.0091530000
   6.5947538192   6.6478654006  156  3.07E+00   1.9785190000   0.4597920000   2.6580180000   0.8091690000  -0.2725470000   2.0338370000  -0.3685430000   0.9236130000   8.4662790000  -1.5091460000   0.7840940000   8.2456650000  -2.6643880000   0.5076420000   8.0199800000   0.0182000000   0.0114220000   0.0097340000  -0.0182620000  -0.0113980000  -0.0097060000  -0.0086490000  -0.0091420000  -0.0003660000   0.0636640000   0.0302340000   0.0100370000  -0.0549530000  -0.0211160000  -0.0097000000
   6.5904227914   6.6456095696  186  4.70E+00  -0.2859840000  -0.2174850000   2.4921080000  -0.9989340000  -1.3810580000   2.2024710000   1.8511050000   2.9260920000   9.1064240000   1.9314490000   2.7402660000   7.9481480000   1.7058950000   2.6155160000   6.7714340000  -0.0161890000  -0.0264110000  -0.0066450000   0.0160350000   0.0261310000   0.0064480000  -0.0194580000   0.0044950000   0.0016420000   0.0458480000  -0.0049770000   0.0376760000  -0.0262360000   0.0007610000  -0.0391210000
   6.5917850114   6.6455153807  348  1.47E+00  -0.9771650000   0.6335270000   2.4922700000   0.0106920000  -0.0120450000   1.6107100000   0.5878460000   0.8525820000   9.8343580000   0.0681900000   0.2350050000   8.9884260000  -0.6308730000  -0.3210810000   8.2179610000  -0.0054190000   0.0036110000   0.0048050000   0.0055570000  -0.0035020000  -0.0049970000  -0.0166170000  -0.0013410000  -0.0018270000   0.0292830000  -0.0022050000  -0.0041360000  -0.0128030000   0.0034380000   0.0061550000
   6.5900665870   6.6464042659 1183  6.21E+00   1.3642270000  -1.4735090000   5.8697890000   0.1226420000  -0.6676860000   6.4201610000  -0.2171460000   2.6531770000   0.5449090000  -0.2730650000   1.4801280000   0.2107890000  -0.2763180000   0.3507910000  -0.1356170000   0.0329790000  -0.0213880000  -0.0146470000  -0.0330010000   0.0214150000   0.0145710000   0.0063460000   0.0750950000   0.0186060000  -0.0091760000  -0.0624600000  -0.0117780000   0.0028510000  -0.0126620000  -0.0067510000
   6.5934281803   6.6463215938 1206  6.04E+00  -0.4605880000   0.8342670000   2.2213200000   0.4607540000  -0.3740760000   1.7541610000   0.0564160000   0.1994630000   8.3633330000  -0.8098540000   0.9078380000   8.8050800000  -1.7205620000   1.6223650000   9.1272610000  -0.0257640000   0.0337760000   0.0130500000   0.0256820000  -0.0337110000  -0.0131720000   0.0320060000  -0.0279030000  -0.0229840000   0.0089860000  -0.0026010000   0.0157640000  -0.0409100000   0.0304400000   0.0073420000
   6.5947359212   6.6497664188 1316  8.01E+00   0.9810490000   0.4675370000   1.9428780000  -0.3228310000   0.6583260000   1.9513470000   0.9790100000  -2.0376160000   8.2896050000   0.5443880000  -0.9518580000   8.3682330000   0.1628090000   0.1225480000   8.5616790000  -0.0876730000   0.0128110000   0.0006160000   0.0876850000  -0.0128820000  -0.0005070000   0.0003630000   0.0074960000   0.0098850000  -0.0174380000   0.0309960000  -0.0127880000   0.0170630000  -0.0384210000   0.0027940000
   6.5930316019   6.6468445080 1363  2.21E+00  -0.5011440000  -0.9763750000   2.8647110000   0.0923340000  -0.6707530000   1.6441820000   0.3564260000   0.7946220000   8.1221040000  -0.1487380000   1.4555220000   8.9826970000  -0.6743340000   2.2118160000   9.7438770000   0.0144110000   0.0074340000  -0.0298300000  -0.0145160000  -0.0074580000   0.0295350000   0.0143010000  -0.0139880000  -0.0304780000   0.0047990000  -0.0174070000   0.0105310000  -0.0189950000   0.0314180000   0.0202420000
   6.5903373418   6.6489426132 1822  1.15E+01  -0.4171530000  -1.9904050000   2.9696990000   0.2187170000  -1.0755000000   2.0794650000   0.6522250000   2.5627060000   7.6277950000  -0.4608470000   2.2421940000   8.0210100000  -1.3723090000   1.9384700000   8.7796050000   0.0061170000   0.0088980000  -0.0085650000  -0.0062540000  -0.0088620000   0.0086490000   0.0744790000   0.0199960000  -0.0007200000  -0.0306780000  -0.0031690000  -0.0661250000  -0.0436650000  -0.0168630000   0.0667600000
   6.5932884011   6.6495428796 1872  9.86E-01   0.0004600000  -1.1705080000   2.4521450000  -0.0020640000   0.0181760000   1.6887340000   0.9313030000  -0.0931310000   9.4898330000   0.0110060000   0.2582200000   8.8887650000  -0.9292870000   0.5699300000   8.2501550000   0.0000100000   0.0177240000  -0.0113950000   0.0001470000  -0.0177840000   0.0113000000  -0.0329570000   0.0094060000  -0.0224390000   0.0351410000  -0.0071170000   0.0238490000  -0.0023420000  -0.0022290000  -0.0013140000
   6.5925634612   6.6453071884 2277  1.98E+00   0.5694230000  -0.4096840000   2.3931890000  -0.7832890000  -0.9288640000   1.9005340000   1.7963780000   1.8050310000   7.3806110000   1.3804590000   1.9357670000   8.5008050000   1.0433790000   2.0942550000   9.5965500000   0.0252970000   0.0096710000   0.0091180000  -0.0255200000  -0.0098400000  -0.0093350000   0.0197340000  -0.0018580000  -0.0377020000  -0.0327850000   0.0038750000   0.0653670000   0.0132740000  -0.0018480000  -0.0274470000
   6.5902969837   6.6499415391 2326  8.96E+00  -0.2815080000  -0.7071460000   2.2456840000   0.0271460000   0.7788580000   1.7914160000  -0.1025460000  -2.2791790000   8.9026220000  -0.0042390000  -1.1279260000   8.8166870000  -0.0121110000  -0.0316730000   8.3916600000  -0.0084060000  -0.0405190000   0.0123590000   0.0084180000   0.0404390000  -0.0125280000  -0.0041810000   0.0369000000  -0.0268240000   0.0117540000  -0.0196150000   0.0448350000  -0.0075860000  -0.0172060000  -0.0178410000
   6.5944670739   6.6487851777 2409  3.24E+00   0.6081470000   0.7819910000   2.5308570000  -0.0085930000  -0.0139170000   1.5954960000   0.2235370000  -0.5720820000   8.2167430000  -0.0292100000   0.2208540000   9.0704210000  -0.1970060000   1.1142020000   9.8475680000  -0.0201120000  -0.0258920000  -0.0305230000   0.0200690000   0.0260260000   0.0303300000   0.0112540000  -0.0133250000  -0.0236010000  -0.0106390000  -0.0231610000   0.0014730000  -0.0005720000   0.0363520000   0.0223200000
   6.5902124131   6.6478714881 2429  3.76E+00  -0.1757680000  -1.9503350000   4.1203370000   0.0983090000  -2.0308970000   2.7238760000  -0.0871400000   2.8564180000   7.2265370000  -0.2790780000   3.9802460000   6.9923460000  -0.1832560000   5.1089710000   6.6622310000   0.0027250000  -0.0008550000  -0.0140400000  -0.0027740000   0.0007670000   0.0138220000   0.0147460000   0.0323210000  -0.0119220000  -0.0349220000  -0.0360510000   0.0193030000   0.0202250000   0.0038180000  -0.0071640000
   6.5919728974   6.6480658599 2494  6.66E+00  -1.5070780000  -0.2745630000   2.1048820000   0.0223510000   0.0004260000   1.8877840000   0.5686400000  -0.7749520000   8.4678400000  -0.0871530000   0.2044510000   8.5242640000  -0.5198860000   1.3243170000   8.5735500000  -0.0385200000  -0.0069330000   0.0055200000   0.0384820000   0.0069170000  -0.0054360000   0.0179740000   0.0030430000   0.0005620000  -0.0171820000  -0.0502740000  -0.0031830000  -0.0007540000   0.0472460000   0.0025360000
   6.5902501857   6.6451732187 2529  2.26E+00   1.7799890000   0.8354600000   3.9353120000   1.5107610000   2.0693150000   3.2613780000  -3.2700970000  -4.0284860000   6.9163410000  -2.7337450000  -3.4794110000   6.0423220000  -2.3349450000  -3.0591560000   5.0128510000  -0.0020210000   0.0095880000  -0.0051590000   0.0022040000  -0.0093610000   0.0052510000   0.0009300000   0.0017240000  -0.0277850000   0.0089950000   0.0077550000   0.0391230000  -0.0101070000  -0.0097050000  -0.0114310000
   6.5921275216   6.6463070562 2690  8.83E+00   0.7083380000   0.2263000000   2.0155900000  -0.6516360000   0.3055600000   1.8961340000   1.9517870000  -1.2208610000   8.5278310000   1.0925320000  -0.3711340000   8.5693380000   0.4378560000   0.6468490000   8.4436470000  -0.0491970000   0.0028430000  -0.0043100000   0.0492040000  -0.0029420000   0.0042800000   0.0522490000  -0.0304580000  -0.0105550000  -0.0293080000  -0.0331720000   0.0253580000  -0.0229480000   0.0637280000  -0.0147720000
   6.5934418026   6.6480858043 2697  5.83E+00   0.2068560000   1.4767320000   3.0006280000   0.4965310000   0.7287660000   1.6372820000  -0.6742680000  -0.3884470000   8.0853910000  -0.8764790000  -1.1404400000   8.9546410000  -1.1605910000  -1.8004280000   9.8275510000  -0.0077520000   0.0201250000   0.0364410000   0.0078220000  -0.0201210000  -0.0368540000  -0.0112610000  -0.0111770000   0.0226420000  -0.0064000000  -0.0509940000   0.0503100000   0.0175920000   0.0621670000  -0.0725390000
   6.5912157941   6.6478322210 2697  5.92E+00   0.2124990000   1.4736670000   3.0030770000   0.4965910000   0.7290160000   1.6369940000  -0.6754270000  -0.3917870000   8.0839970000  -0.8776070000  -1.1419820000   8.9540580000  -1.1592440000  -1.7969840000   9.8306670000  -0.0075940000   0.0200160000   0.0364760000   0.0076640000  -0.0200110000  -0.0368900000  -0.0113190000  -0.0117020000   0.0238430000  -0.0067570000  -0.0513770000   0.0506230000   0.0180060000   0.0630740000  -0.0740520000
   6.5946226730   6.6475846946 2734  4.23E+00  -0.9869330000  -0.4977670000   2.9955300000  -0.6248830000  -0.9427450000   1.7703960000   1.0144830000   2.2279900000   9.8750690000   1.1870170000   1.9447600000   8.7224010000   1.2774230000   1.7394210000   7.5477310000   0.0160310000  -0.0198410000  -0.0545430000  -0.0161970000   0.0196730000   0.0543070000  -0.0117060000   0.0161980000   0.0456290000   0.0134530000  -0.0152180000  -0.0105730000  -0.0015820000  -0.0008120000  -0.0348190000
   6.5943330397   6.6480095709 3111  2.39E+00   0.7819200000  -0.6839550000   2.7971010000   0.3115100000  -0.2314770000   1.5508550000  -1.1995630000   0.8102920000  10.1052120000  -0.6383290000   0.6258880000   9.1020540000   0.0737380000   0.6066750000   8.1415300000  -0.0082190000   0.0078410000  -0.0218560000   0.0081290000  -0.0079340000   0.0214970000   0.0183230000   0.0080750000  -0.0120160000  -0.0444360000  -0.0186600000   0.0298970000   0.0262020000   0.0106780000  -0.0175220000
   6.5918329925   6.6463866322 3666  2.82E+00  -0.4424900000   0.8629170000   2.3382420000  -0.1718060000  -0.4947840000   1.6696190000  -0.4274450000   1.4391790000   9.7865040000   0.3008750000   1.1166880000   8.8831080000   1.0875010000   0.8269060000   8.0603730000  -0.0055010000   0.0273140000   0.0134340000   0.0053390000  -0.0273110000  -0.0135470000  -0.0281250000   0.0161770000   0.0450100000   0.0249190000  -0.0186230000  -0.0521160000   0.0033690000   0.0024440000   0.0072190000
   6.5917933248   6.6471111033 3712  1.50E-01  -0.8361400000  -1.4254580000   3.6822580000  -1.7196870000  -1.1581590000   2.5335060000   2.1229220000   1.8988230000   7.0138300000   3.1415510000   2.4123400000   7.2740570000   4.1599410000   2.8518520000   7.6418170000   0.0049910000  -0.0016000000   0.0064390000  -0.0051020000   0.0014360000  -0.0067210000   0.0144200000   0.0026660000   0.0119670000  -0.0058800000   0.0060560000  -0.0161420000  -0.0084280000  -0.0085590000   0.0044570000
   6.5907670076   6.6482651320 3854  3.48E+00  -0.1051240000   0.5006680000   2.3516270000   0.2599800000  -0.6525900000   1.6801620000  -0.2743770000   1.0984980000  10.0104750000  -0.4639720000   1.3458930000   8.8781140000  -0.6691010000   1.8064710000   7.7866550000   0.0102540000  -0.0323770000  -0.0189320000  -0.0101700000   0.0321590000   0.0187090000  -0.0005040000   0.0128160000   0.0060620000   0.0084480000  -0.0418950000   0.0261830000  -0.0080300000   0.0292960000  -0.0320220000
