   6.5911401292   6.8826799961  147  1.44E+00  -0.2590040000  -0.8994860000   2.5709380000   0.6483720000  -0.2638900000   1.6983370000  -0.0444680000   0.7921180000   8.4641410000  -1.1675650000   0.7587810000   8.8850330000  -2.3008570000   0.7005450000   9.2232020000   0.0144260000   0.0101300000  -0.0139220000  -0.0145380000  -0.0101600000   0.0138150000   0.0381320000  -0.0000500000  -0.0180340000  -0.0165140000   0.0025260000   0.0162810000  -0.0215050000  -0.0024470000   0.0018600000
   6.5916364944   6.8843646314  362  5.30E+00   0.0503490000  -1.2847640000   3.4184540000  -0.0286580000  -1.4576520000   1.8863150000  -0.0974400000   1.9540470000   7.8654500000  -0.0506280000   2.9651050000   8.4561210000   0.2754050000   3.8685430000   9.1516750000   0.0016810000   0.0035910000   0.0323170000  -0.0016810000  -0.0036830000  -0.0326140000   0.0194010000   0.0074350000   0.0165720000  -0.0424170000  -0.0120660000  -0.0327150000   0.0230170000   0.0047230000   0.0164400000
   6.5919214005   6.8811995372  362  5.76E+00   0.1911900000  -1.1859490000   3.3959740000  -0.0306260000  -1.4706010000   1.8791090000  -0.1092350000   2.0235620000   7.8066340000  -0.0439940000   3.0015630000   8.4815280000   0.2831730000   3.8301050000   9.2288250000   0.0052620000   0.0066450000   0.0357300000  -0.0052480000  -0.0067850000  -0.0360840000   0.0169890000  -0.0207290000  -0.0015140000  -0.0277720000   0.0486370000   0.0127180000   0.0107680000  -0.0277680000  -0.0108500000
   6.5913671686   6.8815328894  427  5.29E+00  -0.4015220000   0.5324130000   2.4945730000   0.6687430000  -0.0215110000   1.6251230000  -0.1376840000   0.4621770000   8.4421030000  -1.1716640000   0.2717560000   9.0356020000  -2.2973230000   0.0953780000   9.5026690000  -0.0096850000   0.0049840000   0.0078090000   0.0096020000  -0.0050150000  -0.0079440000   0.0439750000   0.0098300000  -0.0334280000   0.0462320000   0.0027770000   0.0043970000  -0.0901250000  -0.0125760000   0.0291660000
   6.5908602118   6.8838364329  469  3.22E+00   1.3362940000  -0.1961040000   2.3552900000  -0.0165550000   0.0025680000   1.7689480000   0.9480350000   0.9538130000   8.5181630000   0.0119070000   0.2353180000   8.7972860000  -0.9584830000  -0.4432620000   8.8959900000   0.0127560000  -0.0019010000   0.0055360000  -0.0128130000   0.0018430000  -0.0055470000   0.0449290000   0.0385250000  -0.0232170000  -0.0207610000  -0.0254540000   0.0306550000  -0.0241100000  -0.0130120000  -0.0074270000
   6.5913922579   6.8822353903  842  6.11E+00  -0.1963650000  -1.1540110000   2.3623220000  -0.0008050000   0.0119540000   1.7080910000  -0.4139450000  -0.7897950000   8.5309700000  -0.0387950000   0.2995190000   8.7895200000   0.4594600000   1.2656230000   9.1925070000   0.0088910000   0.0529850000  -0.0297130000  -0.0088630000  -0.0528410000   0.0297400000   0.0078190000  -0.0102910000   0.0112030000  -0.0021210000   0.0461300000  -0.0105830000  -0.0057260000  -0.0359820000  -0.0006460000
   6.5937611221   6.8847901915 1148  3.00E+00  -0.5690890000  -1.2265970000   3.0876860000   0.6758540000  -1.6763430000   2.2803910000  -0.8012290000   2.2394250000   7.7471380000  -1.1798210000   3.3275680000   7.8167740000  -1.6526090000   4.3995990000   7.8026690000  -0.0278060000   0.0100390000   0.0179450000   0.0278070000  -0.0100570000  -0.0181510000  -0.0222400000   0.0440120000  -0.0016940000   0.0260270000  -0.0365900000   0.0072210000  -0.0037880000  -0.0074040000  -0.0053210000
   6.5935469877   6.8802120058 1254  6.09E+00   1.6458970000   0.1468930000   2.8436000000   0.5831460000   0.3028700000   1.7206450000  -1.8865710000  -1.0808090000   9.0682470000  -1.1198020000  -0.2752540000   8.8141580000  -0.2888660000   0.4532510000   8.5437160000   0.0243000000  -0.0036050000   0.0256600000  -0.0243810000   0.0035230000  -0.0257430000   0.0567980000   0.0484540000  -0.0176700000   0.0036420000   0.0147370000  -0.0038350000  -0.0603600000  -0.0631090000   0.0215880000
   6.5921970017   6.8847625592 1316  8.96E+00  -0.6984030000   1.4492630000   3.2937080000  -0.7495130000   1.3568130000   1.9865710000   1.3088210000  -1.9119000000   9.4196920000   1.3308130000  -2.2963760000   8.3245660000   1.4793970000  -2.5441040000   7.2033480000  -0.0037040000  -0.0066130000  -0.0939880000   0.0036000000   0.0067600000   0.0939700000   0.0099360000  -0.0006720000  -0.0303080000  -0.0141220000  -0.0173880000  -0.0099950000   0.0042910000   0.0179120000   0.0403210000
   6.5904729890   6.8807816744 1692  3.46E+00   1.3273690000   0.4487720000   2.3817050000  -0.0130170000  -0.0076670000   1.7133710000   0.9759940000  -0.3072370000   8.5161110000   0.0041920000   0.2504450000   8.8349370000  -0.9977610000   0.8169170000   9.1456770000   0.0330740000   0.0112950000   0.0165130000  -0.0331480000  -0.0112500000  -0.0164900000  -0.0178130000   0.0096290000   0.0062000000   0.0455490000  -0.0247620000  -0.0146490000  -0.0276620000   0.0150880000   0.0084260000
   6.5921125582   6.8811239770 2267  6.22E-01  -0.7206380000  -0.9735030000   2.3216610000   0.2266530000  -0.0184090000   1.7450980000  -1.3366230000   0.8750560000   8.3864650000  -0.3954940000   0.2975670000   8.7818940000   0.5469620000  -0.2574930000   9.1604740000  -0.0026470000  -0.0027130000   0.0016560000   0.0027300000   0.0026620000  -0.0016100000   0.0064800000  -0.0022620000   0.0031580000   0.0213950000  -0.0158250000   0.0081910000  -0.0279570000   0.0181380000  -0.0113950000
   6.5926841754   6.8846388870 2429  2.84E+00  -0.0944910000  -2.0381290000   4.1099390000   0.0958130000  -2.0032590000   2.7178960000  -0.1233830000   2.8903250000   7.5555650000  -0.1769270000   3.9131020000   6.9453470000  -0.2163570000   4.9929690000   6.3990080000   0.0034230000   0.0006350000  -0.0251110000  -0.0034300000  -0.0005790000   0.0249970000   0.0022230000  -0.0230770000   0.0211300000  -0.0009410000  -0.0375970000   0.0035160000  -0.0012760000   0.0606180000  -0.0245330000
   6.5910489734   6.8800803734 3271  3.07E+00   0.1457210000   0.1898700000   2.6588560000   0.3647580000  -0.6796540000   1.5931150000  -1.2548150000   2.1371600000   9.7732870000  -0.6331770000   1.4797330000   9.0753580000  -0.1007360000   0.8220790000   8.2911460000   0.0051480000  -0.0205090000  -0.0252630000  -0.0051960000   0.0205310000   0.0249760000   0.0305180000  -0.0393650000  -0.0479170000   0.0008340000   0.0088330000   0.0169130000  -0.0313030000   0.0305090000   0.0312910000
   6.5932542303   6.8833106686 3279  4.89E+00   1.2213420000   0.2211160000   2.5590600000  -0.0142580000  -0.0037230000   1.6236880000  -0.5510590000   1.1545720000   9.4813810000   0.0595560000   0.2613890000   9.0490240000   0.5006070000  -0.6584600000   8.4564180000   0.0305450000   0.0056150000   0.0230980000  -0.0305790000  -0.0054850000  -0.0232070000  -0.0008160000  -0.0176080000  -0.0178390000   0.0121910000   0.0199680000   0.0275810000  -0.0113410000  -0.0024910000  -0.0096330000
   6.5917841560   6.8835564896 3538  5.69E+00   1.2377620000   0.2859210000   2.2305110000  -0.0156390000  -0.0039790000   1.8249080000   0.2259020000   1.3896710000   8.5675930000  -0.0196190000   0.2667330000   8.7012330000  -0.2110500000  -0.9003770000   8.6470510000  -0.0585840000  -0.0135480000  -0.0189430000   0.0585760000   0.0135690000   0.0189550000  -0.0043490000  -0.0394760000  -0.0072420000   0.0024210000   0.0527680000   0.0192080000   0.0019360000  -0.0133130000  -0.0119780000
   6.5916598831   6.8841597820 3614  5.18E+00   1.5055010000  -0.1433950000   2.1969500000  -0.0164780000   0.0015350000   1.8193390000  -1.0454420000   0.7691850000   8.7079520000  -0.0266290000   0.2362860000   8.5968250000   1.0528790000  -0.2575200000   8.6150010000   0.0394810000  -0.0037480000   0.0098250000  -0.0395630000   0.0037760000  -0.0097210000   0.0391140000  -0.0156550000   0.0060700000  -0.0580160000   0.0197760000  -0.0167170000   0.0189840000  -0.0041490000   0.0105430000
   6.5920408161   6.8849915320 3778  7.74E+00  -0.6902180000  -1.2821080000   3.2427030000  -0.4006540000  -0.9651700000   1.7373940000   0.4275650000   1.7670720000   9.9230520000   0.7386120000   2.0393570000   8.7546280000   1.0624110000   2.2907350000   7.6248070000  -0.0071700000  -0.0078550000   0.0371230000   0.0070830000   0.0077240000  -0.0371670000  -0.0253710000  -0.0237270000   0.1007940000   0.0107490000   0.0135640000  -0.0562940000   0.0147090000   0.0102950000  -0.0444560000
   6.5925580681   6.8811098962 3843  6.32E+00  -0.1220420000   0.7969510000   2.1022870000  -0.5345450000  -0.4953600000   1.8415030000   1.9688880000   1.3087310000   7.9919300000   0.9311910000   1.2384570000   8.5951750000   0.0094120000   0.8729710000   9.2275340000  -0.0120190000  -0.0375050000  -0.0075450000   0.0118870000   0.0375270000   0.0075780000   0.0403730000  -0.0164150000  -0.0155490000  -0.0484030000   0.0349320000   0.0131890000   0.0081610000  -0.0185390000   0.0023270000
