   6.5988448326   6.7851257947   58  1.13E+01  -0.3711600000  -0.8062580000   2.7021900000  -0.3900770000   0.2973130000   1.4941330000   0.3952370000   0.2582440000   8.2335460000   0.6937480000  -0.3781960000   9.2004580000   1.0554940000  -0.7207120000  10.2285880000   0.0006160000  -0.0361410000   0.0393540000  -0.0006290000   0.0359800000  -0.0396880000  -0.0002610000   0.0314010000  -0.0098150000   0.0174530000  -0.0724610000   0.0670920000  -0.0171780000   0.0412210000  -0.0569430000
   6.5998503479   6.7862765153   58  1.19E+01  -0.3754540000  -0.8163160000   2.7046570000  -0.3901920000   0.2975000000   1.4931510000   0.3962190000   0.2563100000   8.2335820000   0.6939710000  -0.3782700000   9.2025390000   1.0551890000  -0.7190230000  10.2317380000   0.0004900000  -0.0373240000   0.0403890000  -0.0005040000   0.0371630000  -0.0407230000  -0.0004530000   0.0317790000  -0.0106210000   0.0173710000  -0.0724640000   0.0673710000  -0.0169040000   0.0408470000  -0.0564160000
   6.5986517277   6.7870870455  153  3.81E-01   0.6233130000  -0.1553020000   2.7355220000  -0.0049830000   0.0007790000   1.4588610000  -0.4178230000   0.0629580000  10.3522700000  -0.0344460000   0.2620510000   9.2880310000   0.4292970000   0.4338900000   8.2181780000  -0.0049140000   0.0011830000  -0.0100940000   0.0048230000  -0.0012520000   0.0097400000   0.0221880000   0.0067370000  -0.0460490000  -0.0273400000  -0.0047630000   0.0439470000   0.0052440000  -0.0019050000   0.0024560000
   6.5975780864   6.7878863105  483  3.97E+00   0.2620440000  -0.6615920000   2.6604000000  -0.0002780000   0.0076550000   1.5155820000  -0.3222300000   0.9625510000  10.0818760000  -0.0217510000   0.2169730000   9.1930580000   0.3234390000  -0.4343060000   8.2813250000  -0.0118400000   0.0301860000  -0.0516950000   0.0117800000  -0.0301000000   0.0514740000  -0.0080490000   0.0328530000   0.0312050000   0.0069230000  -0.0419600000  -0.0356460000   0.0011860000   0.0090200000   0.0046620000
   6.5962791817   6.7856081953  537  1.23E+01   0.6128160000   0.5637400000   2.3921710000  -0.3158550000  -0.0026280000   1.6531720000   0.9057340000  -0.6275590000   8.2985960000   0.5225550000   0.1814610000   8.9767450000   0.2408330000   1.1566240000   9.5567300000  -0.0643160000  -0.0391860000  -0.0511720000   0.0642420000   0.0392650000   0.0511110000  -0.0345390000   0.1027160000   0.0694700000   0.0214190000  -0.0974930000  -0.0518770000   0.0131940000  -0.0053020000  -0.0175330000
   6.5981844039   6.7870660679  608  4.31E+00  -0.6835190000  -1.4420490000   2.2856540000  -1.5008870000  -0.2401000000   2.4424090000   1.8455000000   1.1729540000   8.1755790000   2.7183970000   0.6658440000   7.5315850000   3.6526680000   0.3048480000   6.8296940000   0.0019120000  -0.0028070000  -0.0003280000  -0.0019070000   0.0028090000   0.0004210000  -0.0272060000   0.0266190000   0.0207880000  -0.0362630000  -0.0122020000   0.0257700000   0.0634640000  -0.0144190000  -0.0466520000
   6.5976323113   6.7893426898  633  1.61E+00   0.8216120000  -0.8351460000   2.4759450000  -0.0114030000   0.0071250000   1.6637580000  -0.5972440000  -0.5913560000   8.4012490000  -0.0301480000   0.2897710000   8.9209290000   0.6250650000   1.0785300000   9.4378320000  -0.0049590000   0.0050870000  -0.0048790000   0.0050410000  -0.0049540000   0.0048070000   0.0149280000   0.0070150000   0.0096250000   0.0100060000   0.0371030000   0.0145420000  -0.0250160000  -0.0442520000  -0.0240950000
   6.5962870748   6.7854569096  633  1.68E+00   0.8150840000  -0.8290270000   2.4719210000  -0.0113270000   0.0070370000   1.6655360000  -0.5982900000  -0.5908540000   8.3990660000  -0.0293950000   0.2883370000   8.9178000000   0.6255740000   1.0791620000   9.4337360000  -0.0081560000   0.0083230000  -0.0080020000   0.0082380000  -0.0081910000   0.0079310000   0.0156700000   0.0086010000   0.0103910000   0.0083340000   0.0340440000   0.0128860000  -0.0240860000  -0.0427770000  -0.0232060000
   6.5952849533   6.7861672663  724  3.23E+00   1.3156920000   0.0390930000   3.0725440000   2.0861110000  -1.1469800000   3.0352390000  -4.9422000000   2.0930380000   6.6370970000  -3.8035170000   2.3753690000   6.5125000000  -2.7039520000   2.5372870000   6.1228820000   0.0109400000  -0.0168260000  -0.0005860000  -0.0108020000   0.0166140000   0.0004640000  -0.0087790000  -0.0092620000  -0.0168850000   0.0162940000   0.0172360000   0.0325960000  -0.0076530000  -0.0077620000  -0.0155900000
   6.5952706282   6.7864027839  724  3.23E+00   1.3132420000   0.0366960000   3.0683730000   2.0868880000  -1.1472430000   3.0351170000  -4.9458860000   2.0948210000   6.6411960000  -3.8028140000   2.3734380000   6.5126730000  -2.7045200000   2.5384200000   6.1195230000   0.0110240000  -0.0168550000  -0.0005290000  -0.0108890000   0.0166460000   0.0004100000  -0.0158970000  -0.0103490000  -0.0158840000   0.0223820000   0.0175930000   0.0318550000  -0.0066200000  -0.0070340000  -0.0158520000
   6.5995619518   6.7874677561  829  2.63E+00   0.1867150000   0.1828940000   2.7800680000  -0.0015580000  -0.0051060000   1.4202850000   0.1901880000   0.2519890000   8.2001710000   0.0569040000   0.2148040000   9.3782760000  -0.2368880000   0.2884130000  10.4923810000  -0.0051020000  -0.0050910000  -0.0369660000   0.0050780000   0.0050640000   0.0365540000  -0.0097440000   0.0079650000  -0.0130730000   0.0110610000  -0.0130980000   0.0542390000  -0.0012920000   0.0051600000  -0.0407530000
   6.5956252124   6.7891370559  877  6.44E+00  -0.2189060000  -1.0970030000   2.6364840000   0.0011560000   0.0155410000   1.5462450000   0.8343760000   0.2297100000  10.0091670000   0.0290760000   0.2225030000   9.0940130000  -0.8481880000   0.2824340000   8.2767550000  -0.0056060000  -0.0286750000   0.0280370000   0.0057590000   0.0286350000  -0.0281700000   0.0465790000   0.0042550000   0.0635450000  -0.0096470000  -0.0103950000  -0.0398630000  -0.0370850000   0.0061800000  -0.0235500000
   6.5973969755   6.7875385645 1373  3.04E+00  -0.9941650000   0.5568650000   2.5744100000   0.0155420000  -0.0082050000   1.5491150000  -0.3233390000   1.0253870000   9.9692270000   0.0016800000   0.2910340000   9.0907950000   0.3070900000  -0.5502990000   8.3086870000  -0.0218390000   0.0122680000   0.0221450000   0.0217790000  -0.0121160000  -0.0222660000  -0.0094980000   0.0121990000   0.0290650000   0.0049650000   0.0099510000  -0.0221710000   0.0045930000  -0.0223010000  -0.0067730000
   6.5950305734   6.7871332167 1669  7.21E+00   1.5502860000  -0.8450010000   2.5445050000   0.6839970000   0.3459610000   1.9078750000  -1.8984240000  -1.3179280000   8.3896580000  -1.2860950000  -0.3656770000   8.4791170000  -0.6498270000   0.6055400000   8.5575900000   0.0256270000  -0.0352870000   0.0188860000  -0.0256930000   0.0352170000  -0.0188510000   0.0477380000   0.0734350000   0.0070380000  -0.0328800000  -0.0502290000  -0.0058140000  -0.0147920000  -0.0231360000  -0.0012590000
   6.5992462935   6.7852852616 1925  4.51E+00   0.0756530000  -1.1449800000   2.6493000000   0.0006010000   0.0161090000   1.6024250000   0.3849490000   1.0715990000   8.2940850000  -0.0106030000   0.3034450000   9.0870540000  -0.3847560000  -0.6200370000   9.7156740000   0.0018300000  -0.0286350000   0.0257760000  -0.0018870000   0.0285230000  -0.0258930000  -0.0019710000  -0.0168590000  -0.0024630000   0.0018420000   0.0304010000   0.0107800000   0.0001870000  -0.0134300000  -0.0082000000
   6.5959519053   6.7867172937 3003  5.03E-01  -1.3174000000   0.2090190000   3.3482410000  -1.4820990000   0.6328740000   1.9213000000   2.2998580000  -0.9767500000   7.3218040000   2.7307520000  -0.8818860000   8.4402910000   3.1351400000  -0.8474460000   9.5369060000   0.0018270000  -0.0049540000   0.0167810000  -0.0020860000   0.0050960000  -0.0170230000  -0.0159230000  -0.0075660000  -0.0398320000   0.0186060000   0.0113390000   0.0437860000  -0.0024240000  -0.0039160000  -0.0037120000
   6.5963323602   6.7879941329 3012  3.90E+00  -0.7454070000  -0.4324580000   2.7768280000   0.0071310000   0.0032340000   1.4547270000   0.3075990000   0.6064230000  10.3533910000   0.0186890000   0.2853930000   9.2893120000  -0.3102830000  -0.1219000000   8.2341410000  -0.0202710000  -0.0117290000   0.0354360000   0.0203220000   0.0117900000  -0.0358150000  -0.0154420000  -0.0200640000  -0.0455660000   0.0174600000   0.0250950000   0.0410220000  -0.0020690000  -0.0050920000   0.0049220000
   6.5979884996   6.7863199328 3506  4.87E+00   1.2450850000   0.1175630000   3.1114170000   1.3173480000  -0.4483300000   1.8898800000  -1.4491340000   0.7238430000   7.9748390000  -2.3943350000   1.0842130000   8.5293190000  -3.4110480000   1.3815780000   8.9888770000   0.0034400000  -0.0267170000  -0.0577910000  -0.0033840000   0.0267100000   0.0574910000  -0.0482880000   0.0117520000   0.0194410000   0.0170470000   0.0035230000   0.0039740000   0.0311850000  -0.0152680000  -0.0231150000
   6.5991371838   6.7870830473 3761  3.33E+00   0.7948120000  -0.8603750000   2.5808830000  -0.0072180000   0.0099740000   1.6233610000   0.9109270000   0.5397780000   8.3271520000  -0.0208690000   0.3314160000   9.0200530000  -0.9092850000  -0.0965080000   9.6326570000   0.0137710000  -0.0150210000   0.0164430000  -0.0139200000   0.0149810000  -0.0165880000   0.0027190000  -0.0150340000  -0.0035170000  -0.0277310000   0.0194850000   0.0238180000   0.0251610000  -0.0044110000  -0.0201550000
   6.5964029331   6.7883886320 3777  9.80E-03   0.5981070000   1.3247160000   3.2997800000   0.6515720000   1.2660910000   1.8002540000  -1.3129980000  -2.1451180000   9.8171670000  -1.2137320000  -2.0715930000   8.6565380000  -1.0676490000  -2.0186950000   7.4867890000  -0.0006410000   0.0008510000   0.0190970000   0.0007430000  -0.0006100000  -0.0192950000   0.0038520000  -0.0009330000  -0.0103430000  -0.0071440000   0.0028100000   0.0143620000   0.0031910000  -0.0021190000  -0.0038210000
   6.5962901797   6.7867282062 3843  6.74E+00  -0.0884020000   0.7976730000   2.0874510000  -0.5288870000  -0.4904280000   1.8549170000   1.9229450000   1.2888420000   7.9280050000   0.9235360000   1.2298520000   8.5913150000   0.0307210000   0.8746430000   9.2282940000  -0.0129150000  -0.0376040000  -0.0067810000   0.0127470000   0.0376100000   0.0067730000   0.0341410000  -0.0182570000  -0.0177140000  -0.0781280000   0.0236310000   0.0449300000   0.0441560000  -0.0053800000  -0.0272080000
   6.5988845137   6.7861639604 3934  3.41E+00   1.1860370000  -1.4441440000   2.4555020000   0.0446230000  -0.6300220000   1.9924090000   1.0169870000   1.0916750000   8.4874000000  -0.0852570000   1.4420140000   8.2519820000  -1.2505660000   1.7509520000   8.2137810000   0.0073850000  -0.0052520000   0.0030400000  -0.0073860000   0.0053220000  -0.0029160000   0.0052360000  -0.0049910000   0.0152920000   0.0470510000  -0.0058180000  -0.0271590000  -0.0522870000   0.0107380000   0.0117450000
