   6.5947584165   6.7289814840    0  2.54E+00   1.2971330000   0.4358380000   2.2263000000  -0.0165510000  -0.0044490000   1.8286320000   0.2212710000   1.3822880000   8.7166750000  -0.0512690000   0.2637280000   8.6794410000  -0.1818450000  -0.8978360000   8.4959950000  -0.0055320000  -0.0018380000  -0.0016560000   0.0055140000   0.0019110000   0.0016630000  -0.0017590000  -0.0504350000  -0.0106060000  -0.0072030000   0.0605400000   0.0203700000   0.0089800000  -0.0101790000  -0.0097710000
   6.5938059793   6.7260904856   56  7.68E+00   0.4931870000  -0.3479690000   1.6168410000   0.2453710000  -1.5689920000   2.6017620000  -0.8129240000   3.8846130000   6.4624070000  -0.4147450000   3.0821730000   7.1745440000  -0.1322460000   2.3471360000   8.0571850000   0.0068710000   0.0338750000  -0.0272450000  -0.0068720000  -0.0337540000   0.0273450000   0.0151090000  -0.0416370000   0.0551350000  -0.0080230000   0.0391270000  -0.0724660000  -0.0070850000   0.0023900000   0.0172310000
   6.5920457282   6.7280651338  107  1.08E+01  -1.4272130000  -0.8551700000   2.6014310000  -0.0022310000  -0.5365200000   1.8525140000  -0.9305340000   0.6293020000   8.4134570000   0.0346280000   1.2397770000   8.6783780000   1.0056010000   1.8610670000   8.6571040000  -0.0470530000  -0.0105260000   0.0246780000   0.0471400000   0.0105400000  -0.0247890000   0.0144540000   0.0100380000  -0.0153320000   0.0275760000   0.0161690000   0.0343930000  -0.0421160000  -0.0262210000  -0.0189500000
   6.5936482267   6.7297548776  118  3.94E+00   1.3878330000  -0.3991840000   2.3119070000   0.0753460000  -0.9310740000   2.0364390000  -0.2516830000   2.9018860000   7.5583110000  -0.0750270000   1.9865310000   8.2822170000  -0.1557310000   0.9696650000   8.9093190000  -0.0049360000  -0.0020100000  -0.0010020000   0.0049840000   0.0019740000   0.0010490000  -0.0173440000  -0.0018260000  -0.0080710000   0.0361170000   0.0367960000  -0.0046220000  -0.0188200000  -0.0349340000   0.0126460000
   6.5919373090   6.7297509638  257  9.96E-01  -0.8584120000   0.1939030000   2.6053130000  -0.0095300000  -0.5967920000   1.6019300000   0.6941190000   1.5793150000   9.9617220000   0.0370240000   1.3293590000   9.0366870000  -0.6202330000   1.0787200000   8.0910940000  -0.0164360000   0.0153180000   0.0193190000   0.0165540000  -0.0153780000  -0.0196270000  -0.0118700000  -0.0044490000  -0.0176340000   0.0126450000   0.0044460000   0.0186550000  -0.0008930000   0.0000630000  -0.0007140000
   6.5943413308   6.7265583013  323  3.01E+00   0.8140450000   0.4596920000   2.3246710000   0.2567960000  -0.8596710000   1.8392540000  -0.8213210000   2.4032520000   7.6217780000  -0.4811400000   1.8318570000   8.6432940000  -0.1512760000   1.1736940000   9.5587800000   0.0084790000   0.0199040000   0.0073040000  -0.0083740000  -0.0200960000  -0.0074090000  -0.0199050000   0.0274160000  -0.0617410000   0.0185490000  -0.0183840000   0.0622000000   0.0012510000  -0.0088390000  -0.0003540000
   6.5937587148   6.7272648141  600  3.51E+00   0.8683850000   0.5128020000   2.8272490000   0.5951750000  -0.3912390000   1.5682240000  -1.2636010000   0.8340930000   7.9164210000  -1.1477840000   0.9425450000   9.0904780000  -0.9019200000   1.0676520000  10.2503630000   0.0071400000   0.0233470000   0.0324100000  -0.0069730000  -0.0233960000  -0.0326950000   0.0059730000  -0.0001490000  -0.0145720000  -0.0213070000  -0.0045690000  -0.0187710000   0.0151670000   0.0047670000   0.0336280000
   6.5915712914   6.7280469118  980  4.09E+00  -1.3323810000   0.5161940000   3.0834140000  -1.2217030000  -0.0985450000   1.8104190000   2.2314070000  -0.1679550000   7.5843110000   2.2615060000   0.4873610000   8.6089870000   2.2563150000   0.9494010000   9.7182090000   0.0013600000  -0.0078300000  -0.0163470000  -0.0015510000   0.0079520000   0.0161860000  -0.0026840000  -0.0462940000  -0.0489290000   0.0048680000   0.0373180000  -0.0036080000  -0.0019930000   0.0088540000   0.0526970000
   6.5938767678   6.7299935725  980  4.49E+00  -1.3361910000   0.4974360000   3.0837970000  -1.2218560000  -0.0983130000   1.8102370000   2.2335720000  -0.1711220000   7.5849690000   2.2626330000   0.4882320000   8.6089750000   2.2543050000   0.9519390000   9.7184460000   0.0017460000  -0.0093500000  -0.0201240000  -0.0019360000   0.0094730000   0.0199630000  -0.0027900000  -0.0477730000  -0.0507210000   0.0052270000   0.0382430000  -0.0031810000  -0.0022460000   0.0094080000   0.0540620000
   6.5927809072   6.7263046021  983  6.58E+00   1.5264420000  -1.0085110000   2.7075580000   0.1793080000  -0.6874470000   1.9526240000  -0.8729370000   2.5430420000   8.1334220000  -0.3562700000   1.5559410000   8.4819620000   0.1487110000   0.4734080000   8.5779280000   0.0354390000  -0.0084220000   0.0198300000  -0.0354610000   0.0084850000  -0.0199150000   0.0061800000  -0.0194080000  -0.0108100000  -0.0191260000   0.0549540000   0.0232940000   0.0129680000  -0.0356090000  -0.0124000000
   6.5937725888   6.7255438134 1202  5.65E+00  -1.4550360000   0.4578310000   2.2038580000   0.0156130000  -0.0096310000   1.8569980000   0.4169120000   1.3375100000   8.5858570000  -0.0104400000   0.2571340000   8.6343090000  -0.3953780000  -0.8236130000   8.5204400000  -0.0395630000   0.0125820000   0.0093540000   0.0395640000  -0.0125640000  -0.0093320000  -0.0076590000  -0.0273780000  -0.0092380000  -0.0120960000  -0.0191790000   0.0146560000   0.0197540000   0.0465390000  -0.0054400000
   6.5939955375   6.7290622012 1278  4.51E+00  -0.9350240000  -1.0650900000   3.5446970000  -1.9961870000  -0.7677460000   2.4708070000   4.2836630000   2.0574310000   8.3870690000   3.6665760000   1.6536820000   7.4066050000   2.9922020000   1.2902420000   6.4908740000   0.0214300000  -0.0061050000   0.0217400000  -0.0216850000   0.0059800000  -0.0218920000   0.0415920000   0.0314690000   0.0745010000  -0.0191820000  -0.0232780000  -0.0514540000  -0.0221550000  -0.0080660000  -0.0228960000
   6.5912290275   6.7275796601 1512  7.17E+00   0.2791610000   0.4436250000   1.7292830000  -1.2333510000   0.3521110000   2.1454520000   3.0519200000  -1.2071170000   7.8638460000   2.2403530000  -0.3847050000   7.9672230000   1.4083210000   0.3971090000   8.3325250000   0.0386450000   0.0023080000  -0.0105560000  -0.0385120000  -0.0023900000   0.0106140000  -0.0227730000   0.0193330000   0.0210620000   0.0454940000  -0.0372430000  -0.0496930000  -0.0228530000   0.0179920000   0.0285730000
   6.5922738742   6.7270224147 1542  2.60E+00   0.1505530000   0.2193500000   1.7955920000  -0.2204000000  -1.1987910000   2.1963340000   0.4333030000   3.2731430000   7.1790350000   0.3588210000   2.4413350000   7.9986140000   0.3885800000   1.5550640000   8.7354730000   0.0061790000   0.0236080000  -0.0066810000  -0.0062040000  -0.0236890000   0.0067290000   0.0065200000  -0.0142130000   0.0065680000  -0.0127860000  -0.0177820000   0.0277810000   0.0062910000   0.0320770000  -0.0343960000
   6.5904111716   6.7280667893 1550  9.37E-01   0.8481670000  -0.2277310000   2.6688200000  -0.0081850000   0.0025140000   1.5086450000   0.4181460000   0.7146860000   8.1853160000  -0.0447200000   0.2229920000   9.1828910000  -0.3971350000  -0.1926170000  10.2196290000   0.0015260000  -0.0004760000   0.0019760000  -0.0016100000   0.0003340000  -0.0022740000   0.0243700000   0.0235300000  -0.0334280000  -0.0312490000  -0.0282730000   0.0312210000   0.0069640000   0.0048850000   0.0025050000
   6.5904488795   6.7252614502 1715  4.91E+00  -1.1426320000  -0.3121450000   2.3369260000   0.0143140000  -0.0002700000   1.7163290000  -0.5473170000  -0.6755050000   8.3839950000   0.0383150000   0.2632100000   8.7951260000   0.5190550000   1.1866010000   9.2957300000   0.0537710000   0.0145300000  -0.0288540000  -0.0536780000  -0.0143920000   0.0288140000  -0.0086860000  -0.0034790000   0.0069060000   0.0318500000   0.0352470000   0.0029120000  -0.0232570000  -0.0319060000  -0.0097790000
   6.5918741867   6.7256915168 1852  1.51E+00  -0.5233160000  -1.1086520000   2.8355310000  -0.1683530000  -0.4344820000   1.6113450000   0.3279810000   1.6682000000   7.9805920000   0.3487310000   1.0672510000   8.9965200000   0.2839900000   0.4580500000  10.0408490000   0.0014280000   0.0026650000  -0.0049390000  -0.0014410000  -0.0028280000   0.0048360000  -0.0051300000   0.0058640000  -0.0065180000   0.0135530000   0.0264030000  -0.0501520000  -0.0084100000  -0.0321040000   0.0567730000
   6.5931993054   6.7250746078 1885  3.74E+00   1.3887860000   0.1681480000   2.3932640000  -0.0177180000  -0.0020390000   1.7145120000  -0.3219840000   1.2998080000   9.2728450000  -0.0142550000   0.2527410000   8.8348940000   0.3336770000  -0.8022760000   8.3825530000   0.0357850000   0.0043810000   0.0172690000  -0.0358310000  -0.0042390000  -0.0173200000   0.0006200000   0.0056980000   0.0024930000  -0.0147220000   0.0303320000   0.0120150000   0.0141490000  -0.0361730000  -0.0144570000
   6.5925826318   6.7252661072 2109  8.11E+00  -0.2275920000  -2.0359040000   4.9660170000  -1.2193990000  -2.0982320000   3.6623800000   2.5818750000   4.8569390000   4.4290190000   2.1804150000   4.0966400000   5.2017120000   1.8856090000   3.3627540000   6.0635800000   0.0325920000   0.0019960000   0.0428010000  -0.0326350000  -0.0020520000  -0.0429890000  -0.0053120000  -0.0224070000   0.0317180000  -0.0073730000   0.0080220000  -0.0253950000   0.0127290000   0.0144420000  -0.0061340000
   6.5919633387   6.7263045597 2316  8.96E+00  -1.1811380000   0.8824690000   2.3649650000  -0.1835950000   0.1855300000   1.7581790000   0.8821920000  -1.0519720000   8.2831970000   0.4431090000  -0.0404530000   8.6866750000  -0.2235000000   0.7878310000   9.2671710000   0.0403510000  -0.0281560000  -0.0244740000  -0.0403280000   0.0282420000   0.0245680000  -0.0168840000  -0.0055280000   0.0151530000   0.0601100000  -0.0188940000  -0.0527200000  -0.0432490000   0.0243360000   0.0374720000
   6.5948490942   6.7257547888 2364  4.84E+00   0.4734120000  -1.8488100000   3.9513810000  -0.6050550000  -2.0904640000   2.8558030000   0.9248500000   3.8489130000   5.6160510000   1.0797540000   4.1060420000   6.7197960000   1.2565510000   4.3131360000   7.8290930000   0.0250950000   0.0055740000   0.0255340000  -0.0251280000  -0.0057840000  -0.0254800000   0.0120430000   0.0144770000   0.0725590000  -0.0028340000   0.0018580000  -0.0044130000  -0.0091760000  -0.0161240000  -0.0682000000
   6.5903545886   6.7281439299 2378  6.08E+00   2.1429030000  -0.1301420000   2.7140940000   0.9032810000  -0.5369800000   2.1659790000  -0.6543700000   0.9364990000   8.5433220000  -1.6415420000   1.2505670000   7.9298770000  -2.7595470000   1.5023870000   7.5165220000  -0.0173560000  -0.0056640000  -0.0076290000   0.0172810000   0.0057300000   0.0077430000   0.0326570000  -0.0161100000   0.0377340000   0.0393580000   0.0048300000  -0.0265680000  -0.0719390000   0.0112150000  -0.0112800000
   6.5908736097   6.7254526098 2378  5.94E+00   2.1515520000  -0.1260960000   2.7199660000   0.9035640000  -0.5372430000   2.1656060000  -0.6529250000   0.9355670000   8.5405480000  -1.6426950000   1.2506170000   7.9303370000  -2.7620860000   1.5043390000   7.5204430000  -0.0121460000  -0.0039700000  -0.0053510000   0.0120690000   0.0040350000   0.0054630000   0.0338260000  -0.0163970000   0.0381790000   0.0389160000   0.0047790000  -0.0269090000  -0.0726650000   0.0115530000  -0.0113820000
   6.5924625749   6.7258848935 2928  3.12E+00  -1.2543110000   0.4471320000   2.3906610000   0.0150960000  -0.0094020000   1.6807950000  -0.0796080000  -0.7994270000   8.3594490000   0.0319100000   0.2905900000   8.8545370000   0.0592840000   1.2877430000   9.4497550000  -0.0224000000   0.0081190000   0.0125440000   0.0224250000  -0.0079380000  -0.0125960000  -0.0090910000  -0.0431730000  -0.0086320000   0.0149400000   0.0680140000   0.0129060000  -0.0058740000  -0.0250220000  -0.0042220000
   6.5925503972   6.7257817039 3212  6.23E+00  -1.2645680000   1.2179530000   2.3435590000  -0.0087220000   0.3782350000   1.8730150000  -0.3224740000   0.6810470000   8.5846470000   0.0803410000  -0.4628280000   8.5747640000   0.3853940000  -1.6116630000   8.4775580000  -0.0338590000   0.0226190000   0.0126840000   0.0338960000  -0.0226810000  -0.0126740000  -0.0264890000   0.0589210000  -0.0031040000   0.0230120000  -0.0243810000   0.0099560000   0.0034400000  -0.0344790000  -0.0068620000
   6.5926576194   6.7269486902 3236  4.12E+00  -0.5139910000  -0.3868330000   2.7380340000   0.2581440000   0.1054360000   1.4452340000  -0.5745760000   0.0719350000   8.1203590000  -0.4303990000   0.0921390000   9.3127380000  -0.3591790000   0.0443700000  10.4994380000  -0.0209750000  -0.0134000000   0.0349540000   0.0210410000   0.0133860000  -0.0353440000  -0.0096760000  -0.0047240000  -0.0414120000   0.0119430000   0.0101480000   0.0078930000  -0.0023330000  -0.0054090000   0.0339090000
   6.5944581127   6.7298317204 3475  3.12E+00  -1.3139050000  -0.2553810000   2.2562170000   0.0144780000  -0.0007520000   1.7642430000   0.1826860000  -0.8914720000   8.4327480000   0.0012190000   0.2839590000   8.6956610000  -0.1731270000   1.3858230000   9.0874370000   0.0065790000   0.0013060000  -0.0024080000  -0.0065960000  -0.0011580000   0.0024450000   0.0106550000  -0.0699150000  -0.0054820000  -0.0083480000   0.0565930000  -0.0091790000  -0.0022900000   0.0131740000   0.0146240000
   6.5936517315   6.7297106455 3638  1.97E+01   1.9421660000  -1.5986920000   3.7305820000   0.9057290000  -1.3211630000   2.4748630000  -1.2437610000   1.7533230000   8.0620120000  -1.6170780000   2.6458070000   7.3072080000  -2.1880990000   3.6470880000   6.8585850000   0.0350790000  -0.0093510000   0.0425050000  -0.0351490000   0.0095090000  -0.0425010000   0.0127360000  -0.0503140000   0.0653610000   0.0409290000  -0.0311220000  -0.0485810000  -0.0535950000   0.0812780000  -0.0167830000
   6.5926844763   6.7271418948 3641  2.89E+00   0.0960920000   1.7002570000   3.3388620000   0.6475260000   1.5264690000   2.0387570000  -0.9364710000  -1.4943220000   7.8370510000  -1.1655700000  -2.5971400000   8.1766380000  -1.4284960000  -3.5990170000   8.6335630000   0.0060800000  -0.0018600000  -0.0144050000  -0.0060150000   0.0019000000   0.0140610000  -0.0047840000  -0.0024640000   0.0130450000  -0.0138130000  -0.0852480000   0.0150140000   0.0185320000   0.0876720000  -0.0277150000
   6.5941056054   6.7267177528 3781  1.77E+00  -0.2337530000   1.3734580000   2.1139770000   0.0047210000  -0.0191280000   1.8155690000   1.1525800000   0.3790980000   8.4316530000  -0.0154520000   0.2988850000   8.6162740000  -1.1498310000   0.0931990000   8.9007540000   0.0007740000  -0.0046400000  -0.0009430000  -0.0008500000   0.0046490000   0.0010390000   0.0188390000  -0.0067760000   0.0051620000   0.0004980000   0.0185650000  -0.0180080000  -0.0192610000  -0.0117970000   0.0127500000
   6.5919674006   6.7258852749 3839  4.18E+00  -0.5253400000   0.0307010000   2.7129680000   0.0067170000   0.0031010000   1.4734600000  -0.0334420000   0.6950860000   8.1635330000   0.0514710000   0.2543260000   9.2758420000  -0.0056480000  -0.2157550000  10.3445760000   0.0248060000  -0.0013360000  -0.0579410000  -0.0248010000   0.0012120000   0.0575880000  -0.0115570000   0.0118730000  -0.0351010000   0.0202740000  -0.0120830000   0.0427800000  -0.0087220000   0.0003340000  -0.0073250000
