   6.5908334765   6.2336412820  205  3.75E+00   0.2250260000   0.9891560000   1.5895620000   0.6330060000  -0.3855280000   2.1724240000  -2.3105610000   0.7058090000   7.8427490000  -1.1657500000   0.9135140000   8.0315420000   0.0101220000   1.1591940000   8.1794310000  -0.0089560000   0.0301120000  -0.0127510000   0.0088620000  -0.0301370000   0.0127640000  -0.0097820000   0.0004140000  -0.0031460000  -0.0484750000  -0.0148320000  -0.0031750000   0.0583510000   0.0144430000   0.0063070000
   6.5928869674   6.2331738391  623  7.57E+00   1.3745480000   1.1168310000   2.5766670000   0.2895470000   0.6505570000   1.8601230000  -0.3463170000  -0.3585390000   9.5395420000  -0.4232570000  -1.0064240000   8.5537770000  -0.8686220000  -1.5176700000   7.5881150000  -0.0314570000  -0.0135030000  -0.0207830000   0.0316320000   0.0136830000   0.0206690000  -0.0249800000   0.0115270000   0.0056660000   0.0482280000  -0.0228230000  -0.0134520000  -0.0234230000   0.0111170000   0.0079010000
   6.5945718058   6.2326877931  736  3.05E+00  -0.7471920000   1.5712770000   2.8996630000  -0.5492170000   0.6437270000   1.7744730000   0.7603510000  -0.9435390000   9.8899670000   1.0099770000  -0.9783600000   8.7220410000   1.2714620000  -0.9482580000   7.5187840000  -0.0010890000   0.0048400000   0.0057370000   0.0008580000  -0.0046640000  -0.0060760000  -0.0088700000   0.0047770000   0.0433340000  -0.0107410000  -0.0100290000   0.0427920000   0.0198410000   0.0050770000  -0.0857870000
   6.5946511041   6.2343365301  751  4.38E+00   1.2440020000   0.9311550000   1.9986450000  -0.0165250000  -0.0174850000   1.9395470000   0.6946160000  -0.6363550000   8.1021950000   0.0181130000   0.2544240000   8.4429180000  -0.7040620000   1.1616950000   8.7484390000   0.0334070000   0.0251710000   0.0015870000  -0.0334710000  -0.0250870000  -0.0015890000  -0.0085440000   0.0084100000   0.0023620000   0.0371130000  -0.0416700000  -0.0120620000  -0.0285060000   0.0331750000   0.0097030000
   6.5935032101   6.2310065504 1329  4.22E+00  -1.2351140000  -0.2908080000   2.5239630000   0.0159950000   0.0081750000   1.6413640000   0.1561660000  -0.1703770000  10.0740140000   0.0362770000   0.2540090000   8.9707470000  -0.1854660000   0.6448610000   7.8364820000  -0.0298400000  -0.0071830000   0.0208980000   0.0298570000   0.0070360000  -0.0213560000  -0.0024270000  -0.0138480000   0.0296280000   0.0209900000  -0.0069550000   0.0363040000  -0.0185810000   0.0209500000  -0.0654740000
   6.5918421861   6.2321189394 1401  1.95E+00  -1.5553550000  -0.3740990000   2.6630440000  -0.6831630000  -1.3874640000   2.3419160000   1.3848780000   2.7425400000   6.5258830000   1.2971370000   2.8032980000   7.6849780000   1.1512380000   2.7936110000   8.8423480000   0.0280460000  -0.0327000000  -0.0103580000  -0.0282230000   0.0324300000   0.0102500000  -0.0052770000  -0.0021890000   0.0280030000   0.0074520000   0.0068560000  -0.0138000000  -0.0019970000  -0.0043960000  -0.0140950000
   6.5904295361   6.2306607859 1424  4.70E+00   2.1569040000  -0.9412210000   5.2613320000   1.7178720000  -1.5319420000   3.9488580000  -2.7649770000   2.7851610000   3.6525130000  -3.1131390000   2.9840510000   4.7586910000  -3.6133650000   3.3725920000   5.7233090000   0.0058820000   0.0080090000   0.0178040000  -0.0058610000  -0.0080650000  -0.0175880000  -0.0154080000   0.0166110000  -0.0006690000   0.0066580000  -0.0149300000   0.0495130000   0.0087290000  -0.0016260000  -0.0490590000
   6.5943149709   6.2334426588 1579  6.89E+00   0.2814980000  -1.8919170000   2.1443110000  -0.8258340000  -0.7816210000   2.4296970000   0.7564360000   1.0467720000   8.2258660000   1.4984350000   1.7111120000   7.5315400000   2.2253740000   2.3791780000   6.8518330000   0.0314580000  -0.0315260000  -0.0080850000  -0.0314330000   0.0315570000   0.0081380000  -0.0414940000  -0.0359910000   0.0405310000   0.0142980000   0.0098170000  -0.0168780000   0.0271700000   0.0261420000  -0.0237060000
   6.5943682298   6.2341179983 1809  4.74E+00  -0.9944870000   0.2393200000   1.9055740000  -0.0961320000  -0.9635860000   2.1119350000  -0.1477740000   2.6694760000   7.1777440000   0.2580280000   2.0083980000   8.1335160000   0.4968350000   1.3078060000   9.0500720000  -0.0141810000   0.0189400000  -0.0033290000   0.0142510000  -0.0192030000   0.0032280000  -0.0371190000   0.0436120000  -0.0654910000   0.0438580000  -0.0332380000   0.0566340000  -0.0068100000  -0.0101110000   0.0089580000
   6.5912727645   6.2316031375 1816  3.88E+00   0.6582750000  -1.7246960000   2.6912000000   0.4254620000  -0.3840790000   1.8771310000   0.1542560000   0.4786390000   8.0427650000  -0.8024200000   0.9939500000   8.5153060000  -1.7182160000   1.4897220000   9.0216150000   0.0063380000  -0.0367340000   0.0222110000  -0.0064930000   0.0367480000  -0.0225030000   0.0124290000  -0.0061740000  -0.0005600000  -0.0378960000   0.0197650000   0.0106980000   0.0256230000  -0.0136050000  -0.0098470000
   6.5906968002   6.2315161168 1824  8.84E+00  -0.3162990000  -0.4410950000   1.6590960000  -0.6877170000  -1.3666200000   2.5793220000   0.3650760000   2.0663140000   7.6722960000   1.2877960000   2.7220530000   7.2141530000   2.1227300000   3.4309500000   6.9269720000  -0.0155410000  -0.0388410000   0.0386860000   0.0157070000   0.0389150000  -0.0388320000  -0.0534880000  -0.0295860000   0.0368700000   0.1232090000   0.0801310000  -0.0708010000  -0.0698870000  -0.0506190000   0.0340770000
   6.5935413512   6.2307735065 1824  1.03E+01  -0.3124890000  -0.4601320000   1.6665220000  -0.6878680000  -1.3665060000   2.5792270000   0.3638050000   2.0662200000   7.6716640000   1.2903150000   2.7212370000   7.2149180000   2.1226260000   3.4322850000   6.9270350000  -0.0195520000  -0.0473230000   0.0477200000   0.0197210000   0.0473960000  -0.0478700000  -0.0559890000  -0.0307140000   0.0375580000   0.1264800000   0.0817430000  -0.0715510000  -0.0706590000  -0.0511020000   0.0341420000
   6.5915421805   6.2317516682 1856  3.28E+00   1.5278070000   0.0314960000   2.0731550000  -0.0218620000   0.0009080000   1.9024620000  -1.0476500000   0.3991980000   8.9624840000   0.0032910000   0.2547830000   8.4820880000   1.0581050000   0.0906930000   8.0392640000   0.0367150000   0.0007270000   0.0039870000  -0.0368700000  -0.0007030000  -0.0040510000   0.0193650000  -0.0039820000  -0.0051170000   0.0198560000  -0.0008360000  -0.0159880000  -0.0390660000   0.0047940000   0.0211690000
   6.5944116289   6.2312993685 2343  7.21E+00   0.1318530000  -2.0054720000   5.8305840000  -1.2473040000  -1.7187150000   5.0261260000   2.5359940000   4.2372480000   3.5665380000   2.2460590000   3.4217980000   2.7384750000   1.9989300000   2.5917250000   1.9098520000   0.0433450000  -0.0089730000   0.0252990000  -0.0433780000   0.0090070000  -0.0251390000   0.0137080000   0.0301750000   0.0303970000  -0.0084550000  -0.0018890000  -0.0009160000  -0.0052200000  -0.0283200000  -0.0296410000
   6.5927223783   6.2312085442 2702  3.56E+00  -0.9208390000  -1.0079510000   2.2440670000   0.3153650000  -0.4804040000   1.8979950000  -1.3594200000   0.6401600000   7.7943830000  -0.4870430000   1.1034850000   8.4744480000   0.2080470000   1.6818920000   9.2246400000   0.0320650000   0.0136650000  -0.0090550000  -0.0318290000  -0.0136580000   0.0088700000  -0.0371180000  -0.0058650000  -0.0134960000   0.0465120000  -0.0029300000   0.0068600000  -0.0096300000   0.0087870000   0.0068210000
   6.5935664151   6.2324185493 2918  2.09E+00  -0.2561190000   1.4313130000   1.9730020000   0.0039210000  -0.0125470000   1.9365690000  -0.9252000000  -0.4078140000   8.8308130000   0.0104430000   0.2120420000   8.4473700000   0.9139130000   0.9087970000   8.0329680000  -0.0010650000   0.0057250000   0.0001310000   0.0009320000  -0.0058380000  -0.0001830000  -0.0225050000  -0.0091890000   0.0075590000  -0.0227110000  -0.0315720000   0.0140610000   0.0453490000   0.0408750000  -0.0215670000
   6.5938718313   6.2335270397 3260  2.29E+00   1.8288080000   0.4520620000   2.3056970000   0.8913100000  -0.5908450000   2.2475090000  -0.8125860000   1.2134690000   8.6867290000  -1.6499610000   1.2629710000   7.8482360000  -2.5154340000   1.4484420000   7.0529500000  -0.0176140000  -0.0195990000  -0.0010520000   0.0177030000   0.0195560000   0.0011550000   0.0130160000   0.0078290000   0.0188790000   0.0074810000  -0.0205790000  -0.0066450000  -0.0205860000   0.0127920000  -0.0123370000
   6.5916504065   6.2329122204 3532  2.68E+00  -1.1055960000  -0.4602470000   2.3525330000   0.0103260000   0.0063530000   1.7231250000   0.7234610000   0.0386990000   9.7365260000   0.0144440000   0.2276740000   8.8118000000  -0.7162190000   0.4753320000   7.8957570000   0.0428490000   0.0178740000  -0.0242480000  -0.0426860000  -0.0179720000   0.0239090000   0.0089830000   0.0008780000   0.0144710000   0.0146360000  -0.0121330000   0.0113030000  -0.0237820000   0.0113520000  -0.0254350000
   6.5946010318   6.2316728263 3575  4.54E+00   0.8310230000  -1.1746140000   2.4522660000  -0.3983500000  -0.4481510000   1.8239940000   0.9651750000   0.2643670000   7.8627740000   0.7744360000   1.0795740000   8.6493780000   0.3905580000   1.9250560000   9.3813930000   0.0292870000  -0.0173140000   0.0148650000  -0.0293720000   0.0173670000  -0.0151820000  -0.0231440000   0.0449610000   0.0391590000   0.0400510000  -0.0547320000  -0.0420830000  -0.0168220000   0.0097170000   0.0032410000
   6.5925659313   6.2325537468 3790  9.44E-01  -1.1213400000  -1.3883610000   2.9622220000   0.0706320000  -1.3623730000   2.1548750000   0.5638480000   2.3214300000   7.1579800000  -0.1519760000   2.7747950000   7.9812250000  -0.7318640000   3.1747070000   8.9031370000   0.0055480000   0.0000940000  -0.0038270000  -0.0057500000  -0.0003030000   0.0035820000   0.0116340000  -0.0036860000   0.0059290000  -0.0339160000   0.0163270000   0.0082140000   0.0224840000  -0.0124330000  -0.0138990000
   6.5936891950   6.2338577296 3872  6.29E+00   1.3620250000   0.3626220000   2.2986270000   0.1414960000   0.0434200000   1.7624570000   0.0783840000   0.8663000000   9.6143630000  -0.1967470000   0.1883110000   8.7030460000  -0.7231690000  -0.5596890000   7.9065270000  -0.0419490000  -0.0109280000  -0.0184480000   0.0421320000   0.0111160000   0.0182300000  -0.0180790000  -0.0098560000   0.0004410000   0.0569330000   0.0467300000   0.0250880000  -0.0390370000  -0.0370620000  -0.0253110000
   6.5945178181   6.2313158641 3874  7.05E+00   1.4785260000   0.5044830000   1.8624100000  -0.0032540000  -0.0384520000   2.0548680000   1.0984760000  -0.0972400000   8.2799810000  -0.0578050000   0.2625770000   8.2709070000  -1.1319810000   0.7480580000   8.1324230000   0.0413420000   0.0151570000  -0.0053780000  -0.0413730000  -0.0151810000   0.0053780000   0.0608910000  -0.0099350000  -0.0057790000  -0.0446790000  -0.0070580000   0.0147910000  -0.0161800000   0.0170180000  -0.0090130000
