   6.5990250120   6.5042496434   35  5.50E+00  -0.8695850000  -1.2605520000   2.1707950000   0.0102860000   0.0146930000   1.8840820000   1.0953500000  -0.0414480000   8.2969400000   0.0000700000   0.2860880000   8.5267950000  -1.0919880000   0.5203940000   8.7568890000  -0.0229820000  -0.0332680000   0.0075160000   0.0228850000   0.0333200000  -0.0074740000  -0.0228990000   0.0002410000   0.0066400000  -0.0488000000   0.0217940000   0.0072140000   0.0717960000  -0.0220880000  -0.0138960000
   6.5990044225   6.5001524886  177  2.75E+00  -0.1155100000  -1.7516580000   2.4443720000  -1.3210100000  -1.1606400000   2.7522960000   3.4092930000   2.4970980000   6.3690930000   2.3956700000   2.3976350000   6.9192130000   1.3970090000   2.2975580000   7.5382360000  -0.0373400000   0.0183590000   0.0095680000   0.0374440000  -0.0183110000  -0.0095850000  -0.0281220000  -0.0022930000   0.0215820000   0.0292650000   0.0016440000  -0.0292820000  -0.0012470000   0.0006000000   0.0077160000
   6.5987833183   6.5005609941  281  1.03E+00   0.8338230000  -1.6540730000   2.6623280000  -0.3988980000  -0.9975020000   2.1379210000   1.1622480000   2.7682330000   7.2014530000   0.6860470000   2.1201490000   8.0731830000   0.2624000000   1.4138330000   8.8941990000   0.0129000000  -0.0068960000   0.0055230000  -0.0129770000   0.0067920000  -0.0054770000   0.0101490000   0.0058330000  -0.0136600000  -0.0213810000  -0.0152400000   0.0311030000   0.0113100000   0.0095120000  -0.0174890000
   6.5953668361   6.5016833994  489  3.77E+00  -0.7078460000  -1.4792690000   3.6233920000  -0.9625640000  -1.5045970000   2.2830040000   2.1725160000   3.8914650000   8.3940400000   1.8025100000   2.9921600000   7.7710780000   1.3262200000   2.1575280000   7.1432710000  -0.0096760000  -0.0010460000  -0.0507550000   0.0095500000   0.0008300000   0.0504410000  -0.0209220000  -0.0269680000  -0.0222410000   0.0014610000  -0.0257220000  -0.0138160000   0.0195860000   0.0529070000   0.0363710000
   6.5966717749   6.5006214941  597  4.49E-01  -0.3326570000  -1.4810130000   3.3293460000  -0.1125870000  -1.2802310000   1.8928440000   0.3131950000   2.0854160000   7.4380410000   0.2522680000   2.5649500000   8.5066160000   0.0806730000   3.1638560000   9.5141830000  -0.0008680000  -0.0008720000   0.0054110000   0.0008160000   0.0006180000  -0.0057030000  -0.0075210000   0.0124710000   0.0056010000   0.0176300000  -0.0302090000  -0.0184600000  -0.0100570000   0.0179920000   0.0131510000
   6.5964539464   6.5039875456  741  3.26E+00  -1.8605810000  -1.2809230000   4.1483530000  -1.0597080000  -1.8075490000   3.1016860000   1.5372960000   3.7810790000   5.1812680000   1.9638140000   3.6455710000   6.2970420000   2.3981360000   3.2779190000   7.3408220000   0.0098630000  -0.0065070000  -0.0128600000  -0.0099020000   0.0063520000   0.0129290000  -0.0137780000  -0.0080200000  -0.0431480000   0.0033930000   0.0297990000   0.0241890000   0.0104240000  -0.0216240000   0.0188910000
   6.5995825754   6.5015846424  770  1.02E+01  -1.9549400000   1.1578330000   4.9588690000  -0.7507490000   1.9580790000   5.7294720000   1.2280010000  -4.5025800000   1.6795000000   1.4452300000  -3.3109080000   1.4913500000   1.5596600000  -2.1763280000   1.2753400000  -0.0395680000  -0.0263240000  -0.0252990000   0.0395200000   0.0262840000   0.0254120000  -0.0201960000  -0.0825810000   0.0102310000   0.0282640000   0.1119000000  -0.0123290000  -0.0080200000  -0.0292790000   0.0019850000
   6.5970170685   6.5034189656  814  2.13E+00   0.8600510000   0.0962290000   6.6334140000   0.4332170000  -1.2480430000   6.0958240000  -0.7467400000   1.6805580000  -0.0699720000  -0.8261820000   2.5488020000   0.7459580000  -0.8508260000   3.3207040000   1.6492250000   0.0062050000   0.0194830000   0.0078040000  -0.0061970000  -0.0195600000  -0.0078340000   0.0054830000  -0.0309200000  -0.0195730000  -0.0080200000   0.0204780000  -0.0026700000   0.0025300000   0.0105190000   0.0222730000
   6.5972931681   6.5033153178  996  7.48E-01  -1.3703140000   0.1473380000   2.8001290000  -0.4717980000  -0.0713580000   1.6352440000   1.6491980000   0.1458530000   9.8218020000   0.8447420000   0.3749970000   9.0102800000   0.1592660000   0.6074080000   8.0721800000  -0.0083700000   0.0020030000   0.0106800000   0.0083820000  -0.0020940000  -0.0110630000  -0.0023530000   0.0031910000  -0.0184210000   0.0004900000  -0.0056580000   0.0340150000   0.0018510000   0.0025570000  -0.0152120000
   6.5978649181   6.5041053905 1064  1.17E+01   1.2323060000  -1.4094430000   3.0798840000   0.4406390000  -0.9904930000   2.0598430000  -0.0992170000   1.6998460000   9.1030930000  -0.8815620000   2.1266590000   8.2334620000  -1.5172950000   2.4269120000   7.2358670000  -0.0330190000   0.0174690000  -0.0425470000   0.0331020000  -0.0175620000   0.0425200000   0.0755790000  -0.0433100000   0.0701400000  -0.0429440000   0.0303000000  -0.0024450000  -0.0327180000   0.0131030000  -0.0676680000
   6.5953259823   6.5015404750 1404  8.61E+00  -0.8612260000   0.7350490000   2.5883760000  -1.2366110000  -0.5957800000   1.9633050000   3.2332150000   1.4671160000   9.0864340000   2.2848970000   1.1974540000   8.3664740000   1.2817140000   1.2507970000   7.6657800000   0.0060710000   0.0215640000   0.0100090000  -0.0061100000  -0.0216950000  -0.0103490000   0.0571110000   0.0346740000   0.0468590000   0.0063330000  -0.0557470000  -0.0064540000  -0.0634060000   0.0212040000  -0.0400650000
   6.5985302246   6.5020992294 1404  8.47E+00  -0.8518430000   0.7395040000   2.5773490000  -1.2368630000  -0.5958890000   1.9634210000   3.2308740000   1.4678360000   9.0885680000   2.2846600000   1.1973370000   8.3646920000   1.2849020000   1.2504280000   7.6650970000   0.0063770000   0.0221530000   0.0100680000  -0.0064140000  -0.0222830000  -0.0104020000   0.0575650000   0.0350260000   0.0478010000   0.0019780000  -0.0560360000  -0.0102960000  -0.0595060000   0.0211410000  -0.0371710000
   6.5982969455   6.5021340992 1550  9.61E+00   1.0195490000   1.2270410000   2.3286910000   0.8439760000  -0.3563200000   1.9585170000  -2.0383310000   1.5111230000   7.4796320000  -1.5402920000   0.8662130000   8.3994850000  -1.0846350000   0.2285280000   9.2880730000   0.0057860000   0.0515700000   0.0120450000  -0.0056080000  -0.0517090000  -0.0120930000  -0.0371140000   0.0447000000  -0.0628830000   0.0291960000  -0.0305420000   0.0438520000   0.0077410000  -0.0140190000   0.0190790000
   6.5986930988   6.5011566777 1820  7.22E+00  -0.4601450000   0.9659810000   2.2287020000   0.3795810000  -0.2730160000   1.7236920000   0.2817450000   0.7744440000   8.1391650000  -0.6855500000   0.8383490000   8.8223090000  -1.6338360000   0.5865270000   9.4901990000  -0.0224400000   0.0330360000   0.0134350000   0.0222950000  -0.0330340000  -0.0136350000   0.0099920000  -0.0209030000  -0.0053630000   0.0036790000   0.0452450000  -0.0044340000  -0.0135250000  -0.0243430000   0.0099960000
   6.5964591333   6.5048892479 2427 -3.40E-02  -0.5509620000  -1.6168870000   3.3698540000   0.0539350000  -1.3854360000   2.0320360000  -0.5467710000   2.5323690000   7.1898980000  -0.1167230000   2.8092230000   8.2416360000   0.3997420000   3.0675040000   9.2635330000  -0.0054680000  -0.0021960000   0.0121070000   0.0055600000   0.0019350000  -0.0122960000   0.0111300000   0.0035010000   0.0127790000  -0.0172450000  -0.0024210000  -0.0114590000   0.0060230000  -0.0008190000  -0.0011310000
   6.5987540758   6.5045737631 2483  1.96E+00   0.1438180000  -0.2253220000   2.0609460000  -1.2294540000   0.0394050000   1.9884070000   1.1526820000   0.5738400000   8.0174440000   2.2367420000   0.1922630000   8.3050510000   3.2993350000  -0.2130990000   8.6887430000  -0.0275870000   0.0053070000  -0.0014700000   0.0276710000  -0.0053770000   0.0013040000  -0.0164610000   0.0042550000   0.0033230000  -0.0243920000   0.0131660000  -0.0247000000   0.0407690000  -0.0173510000   0.0215420000
   6.5998216341   6.5001945577 2516  1.71E+00   1.9539170000  -0.0971760000   2.6976520000   0.7727730000   0.3416860000   1.9910510000  -1.9975080000  -1.4088810000   8.3707470000  -1.5084320000  -0.3332970000   8.3113880000  -0.8526340000   0.6464200000   8.2773630000  -0.0037200000   0.0013530000  -0.0022190000   0.0036410000  -0.0014360000   0.0021830000   0.0047300000  -0.0188300000   0.0032680000  -0.0174520000   0.0213290000  -0.0063050000   0.0128000000  -0.0024170000   0.0030730000
   6.5969187686   6.5027101500 2645  4.12E+00  -0.7443520000   1.1295170000   1.9906660000   0.0059160000  -0.0139340000   1.9130490000   1.1689560000   0.2302360000   8.6557350000   0.0215660000   0.2097850000   8.4781000000  -1.1677970000   0.2983820000   8.3013270000   0.0262590000  -0.0399790000  -0.0027130000  -0.0261370000   0.0399540000   0.0027500000  -0.0254180000   0.0065120000  -0.0023970000   0.0755010000  -0.0169420000   0.0076650000  -0.0502040000   0.0104550000  -0.0053050000
   6.5961139873   6.5017945580 2767  3.57E+00   0.5954100000  -0.9590400000   2.8604130000   0.8679010000  -0.2101170000   1.6811300000  -2.2121790000   0.5650400000   9.9153660000  -1.5360360000   0.6319430000   8.8965070000  -1.0067460000   0.7580350000   7.8310660000   0.0029570000   0.0080050000  -0.0127960000  -0.0028790000  -0.0081300000   0.0124800000  -0.0550380000  -0.0012580000   0.0681810000   0.0467680000  -0.0063000000  -0.0328960000   0.0081920000   0.0076840000  -0.0349690000
   6.5957682691   6.5010768095 2858  2.30E+00   0.1939900000  -1.8585710000   2.8217240000  -0.6205680000  -0.8014890000   2.0363850000   1.9921140000   1.6657470000   7.4540080000   1.1348250000   1.7588660000   8.2561640000   0.2430230000   1.8214770000   9.0013310000   0.0178750000  -0.0232780000   0.0172820000  -0.0180460000   0.0232210000  -0.0173090000  -0.0011550000  -0.0013240000  -0.0028490000  -0.0114940000   0.0041270000   0.0184630000   0.0128200000  -0.0027470000  -0.0155870000
   6.5970280096   6.5027414471 3328  7.48E+00  -0.9984680000  -1.5691970000   2.9251110000   0.1398640000  -1.0077850000   2.0420110000  -0.6580700000   3.2293890000   8.1397140000  -0.2066690000   2.1444050000   8.3198300000   0.1776050000   0.9804750000   8.2332180000  -0.0246490000  -0.0121300000   0.0190460000   0.0245960000   0.0121810000  -0.0192610000  -0.0146510000   0.0216730000  -0.0190800000  -0.0062600000   0.0572150000   0.0387310000   0.0209640000  -0.0789380000  -0.0194360000
   6.5999320398   6.5032241692 3384  1.98E+00   0.8144810000  -0.3099040000   2.6896420000   0.0195190000  -0.5012830000   1.5811910000   0.0354000000   1.3657640000  10.2208930000  -0.0963420000   1.1460160000   9.0622240000  -0.1118710000   0.9846560000   7.9110130000  -0.0246530000  -0.0059790000  -0.0345370000   0.0246890000   0.0058720000   0.0341780000   0.0102170000   0.0082030000   0.0232850000  -0.0181910000  -0.0162620000  -0.0527970000   0.0079390000   0.0081660000   0.0298720000
   6.5981704660   6.5028744495 3538  4.26E+00   1.0790070000  -0.5289310000   2.5254420000  -0.1299740000  -0.0455870000   1.6262780000   0.3505000000  -0.4035680000   8.1014900000   0.2505500000   0.3388810000   9.0136170000   0.0425510000   1.0978440000   9.8520750000   0.0326120000  -0.0129880000   0.0241100000  -0.0326200000   0.0131250000  -0.0244550000  -0.0073650000   0.0001380000  -0.0043080000   0.0062610000   0.0299810000   0.0440020000   0.0011120000  -0.0302560000  -0.0393480000
