   6.6071367684   6.8307374717  724  7.23E+00   1.1823980000  -0.0339350000   2.8853980000   2.1228300000  -1.1598160000   3.0294500000  -5.0166660000   2.1926320000   6.8315260000  -3.8620950000   2.2753830000   6.4734890000  -2.7604980000   2.5814630000   5.9984420000  -0.0053900000   0.0064200000  -0.0008910000   0.0055000000  -0.0066670000   0.0007850000  -0.0675940000   0.0073790000   0.0139900000  -0.0119200000  -0.0429750000   0.0274860000   0.0794030000   0.0358430000  -0.0413690000
   6.6070987448   6.8333385178  956  4.83E+00  -0.7330010000   0.7801810000   2.3469400000  -0.5870740000  -0.6335890000   1.8414080000   0.3032190000   0.9421830000   9.4024820000   1.1310750000   1.4329160000   8.6519310000   1.8258550000   1.7849470000   7.7594290000  -0.0021260000   0.0202610000   0.0072460000   0.0020390000  -0.0203110000  -0.0072770000  -0.0569990000  -0.0372490000   0.0371860000   0.0542330000   0.0399110000  -0.0169740000   0.0028530000  -0.0026130000  -0.0201810000
   6.6055707513   6.8306627530 1404  8.22E+00  -2.1985540000  -0.0896210000   3.6620270000  -1.6876250000  -0.6696710000   2.4428960000   3.5529960000   1.0785460000   6.4600570000   2.9832770000   1.4040770000   7.4766120000   2.7743980000   1.9052400000   8.4973340000   0.0017820000  -0.0020060000  -0.0041600000  -0.0018860000   0.0020400000   0.0043230000   0.0447970000   0.0014390000  -0.0326160000  -0.0775570000   0.0054460000   0.0703760000   0.0328630000  -0.0069180000  -0.0379230000
   6.6087869398   6.8308713388 1550  4.09E+00   0.9240820000  -0.2514960000   2.7265230000  -0.0092820000   0.0027510000   1.4749410000   0.4111580000   0.6824480000   8.2588960000  -0.0258880000   0.2267550000   9.2491680000  -0.4035840000  -0.1628900000  10.2609880000   0.0250850000  -0.0069030000   0.0335290000  -0.0251570000   0.0067660000  -0.0338180000   0.0008110000   0.0013680000   0.0110630000  -0.0219430000  -0.0234890000   0.0328700000   0.0212050000   0.0222570000  -0.0436450000
   6.6091517300   6.8335033992 1768  5.41E+00  -0.3265420000  -1.2903600000   2.4838970000   0.0014530000   0.0140390000   1.6526990000   1.0132470000   0.4235160000   9.4916750000   0.0170720000   0.2122970000   8.9107810000  -1.0127460000   0.1159720000   8.4097530000  -0.0087460000  -0.0349970000   0.0223080000   0.0088810000   0.0349910000  -0.0223100000  -0.0096690000   0.0067190000   0.0023110000  -0.0395940000  -0.0198870000  -0.0348070000   0.0491270000   0.0131740000   0.0324990000
   6.6054259248   6.8322838808 2214  3.06E+00  -0.1526040000  -0.7741890000   2.6836030000  -1.2575070000  -0.1451640000   1.8066330000   2.4583290000   0.3850390000   7.5155340000   2.3030030000   0.5751470000   8.6653200000   2.1027220000   0.6446350000   9.7887940000   0.0234310000  -0.0134260000   0.0185760000  -0.0236870000   0.0134010000  -0.0187860000  -0.0033110000  -0.0070870000   0.0075970000  -0.0045610000   0.0195370000   0.0564920000   0.0081280000  -0.0124250000  -0.0638790000
   6.6097313435   6.8301332574 2289  3.44E+00   0.4286840000   0.1548860000   2.7768570000   0.7479130000  -0.8687420000   1.6726970000  -1.7189620000   2.1407220000   9.9571870000  -1.4055210000   1.7648490000   8.9195160000  -0.9881860000   1.5510410000   7.8193490000  -0.0064440000   0.0207560000   0.0222620000   0.0065350000  -0.0209230000  -0.0226570000   0.0212460000  -0.0060280000  -0.0512320000  -0.0370580000  -0.0007160000   0.0782860000   0.0157210000   0.0069110000  -0.0266590000
   6.6070394538   6.8330640788 2336  5.42E+00   2.1740700000   0.8132620000   3.8140360000   2.3268320000  -0.5319640000   3.6334280000  -4.3439700000   0.0598790000   4.9902210000  -4.2322760000   1.1834410000   5.3871440000  -4.2366150000   2.3449110000   5.5803390000   0.0056180000  -0.0498440000  -0.0066560000  -0.0056580000   0.0499230000   0.0067310000  -0.0118840000  -0.0282830000  -0.0234950000   0.0202870000   0.0218130000   0.0354700000  -0.0083630000   0.0063910000  -0.0120510000
   6.6098039023   6.8334870678 2606  6.70E+00  -0.5435410000   0.9538300000   2.7260630000  -0.0734090000   0.2659540000   1.4923660000  -0.1848370000   0.4127690000   8.3233670000   0.0626720000  -0.3650000000   9.1745280000   0.5386610000  -0.8394190000  10.1655530000  -0.0045330000   0.0066010000   0.0117770000   0.0045460000  -0.0067230000  -0.0120130000   0.0162140000   0.0164980000   0.0147800000  -0.0434640000  -0.0242490000  -0.0495460000   0.0272370000   0.0078730000   0.0350020000
   6.6086597664   6.8301442265 3294  1.76E+00   1.2263410000   0.5475200000   2.3791730000  -0.0150280000  -0.0063600000   1.6889530000  -1.0318420000  -0.0109070000   9.3442660000  -0.0058340000   0.2345560000   8.8644010000   1.0340110000   0.5197710000   8.4175170000   0.0218610000   0.0097610000   0.0121400000  -0.0219910000  -0.0098020000  -0.0121760000   0.0285570000   0.0094000000  -0.0097620000  -0.0116300000  -0.0073070000  -0.0018850000  -0.0167960000  -0.0020510000   0.0116830000
   6.6073737917   6.8306864176 3315  2.66E+00  -0.2372580000  -0.7612510000   2.4550330000  -0.1969070000  -2.2159270000   2.9174820000   1.2721720000   4.7612410000   7.1806480000   0.3525820000   4.2716150000   6.6952850000  -0.5385070000   3.8345860000   6.0691290000  -0.0006770000   0.0263000000  -0.0084130000   0.0008180000  -0.0264860000   0.0083650000  -0.0392570000  -0.0177380000  -0.0314750000   0.0283920000   0.0083410000   0.0344270000   0.0107230000   0.0095830000  -0.0029030000
   6.6086504609   6.8317087172 3645  4.01E+00  -0.6138410000   0.0846480000   2.7387570000  -0.7170310000  -0.8073680000   1.7188680000   1.5087130000   1.7601190000   7.6456140000   1.3629830000   1.7559330000   8.8193190000   1.0878010000   1.6362400000   9.9779510000  -0.0042910000  -0.0365970000  -0.0418640000   0.0041430000   0.0364670000   0.0416730000  -0.0059840000  -0.0065280000  -0.0112210000   0.0234090000   0.0177450000  -0.0276910000  -0.0172760000  -0.0110860000   0.0391030000
   6.6052032791   6.8303125879 3843  8.94E+00  -0.1143180000   0.7665350000   2.0885010000  -0.5314000000  -0.4923410000   1.8487310000   1.9458570000   1.2975220000   7.9571480000   0.9236780000   1.2351310000   8.5947820000   0.0218860000   0.8735150000   9.2273770000  -0.0198580000  -0.0597790000  -0.0113720000   0.0197000000   0.0597910000   0.0113800000   0.0432530000  -0.0173440000  -0.0204960000  -0.0769580000   0.0266550000   0.0380710000   0.0338630000  -0.0093230000  -0.0175830000
   6.6099968549   6.8315380636 3895  2.68E+00   1.4923860000   0.2738660000   2.9951520000   0.7369390000   0.2218420000   1.6718070000  -1.8231690000  -0.6456300000   7.9458210000  -1.3973470000  -0.1732520000   8.9231860000  -0.9023210000   0.3381760000   9.8186520000   0.0134340000   0.0009540000   0.0234460000  -0.0132740000  -0.0008590000  -0.0235450000   0.0137570000   0.0131220000   0.0173250000   0.0092120000   0.0128430000   0.0386620000  -0.0231290000  -0.0260590000  -0.0558880000
