   6.6057940056   6.0200168309  103  4.56E+00   0.7980370000  -1.6016120000   2.4872350000   0.3682090000  -0.4239380000   1.9805220000  -0.0059690000   0.6948340000   9.2480570000  -0.6641290000   1.1020320000   8.3343620000  -1.3846780000   1.3837030000   7.4486500000  -0.0192090000   0.0527310000  -0.0226680000   0.0194030000  -0.0528380000   0.0225740000   0.0182910000  -0.0214310000   0.0335590000  -0.0138130000   0.0286310000  -0.0367450000  -0.0046720000  -0.0070930000   0.0032810000
   6.6055325961   6.0241072843  247  6.29E+00  -0.0445960000  -1.6777500000   2.7792240000  -0.0316440000  -0.6751660000   1.8736320000  -0.2368340000   2.3721210000   9.2891750000   0.0278670000   1.4385950000   8.6029860000   0.3767640000   0.7132540000   7.7213120000   0.0005590000   0.0455350000  -0.0412740000  -0.0006720000  -0.0456100000   0.0407980000  -0.0002350000   0.0327990000   0.0024640000  -0.0123580000  -0.0313230000   0.0266860000   0.0127070000  -0.0014000000  -0.0286740000
   6.6083494239   6.0239665370  345  2.32E+00  -0.3414740000   1.3025850000   1.6028150000   0.0051250000  -0.0122700000   2.0940540000  -0.7664980000   1.0996490000   7.9640120000   0.0259490000   0.2754660000   8.1205070000   0.7429340000  -0.6395550000   8.3819480000   0.0009740000  -0.0036610000   0.0013610000  -0.0009130000   0.0036440000  -0.0012580000   0.0248550000  -0.0371680000   0.0147350000  -0.0348920000   0.0624330000  -0.0288140000   0.0099750000  -0.0252480000   0.0139760000
   6.6068942210   6.0225550513  376  4.26E+00  -1.2791850000   0.5816390000   1.7317440000  -0.4984690000  -0.4170560000   2.2029760000  -0.0281260000   0.6144240000   8.4998060000   0.9214730000   0.9823390000   7.9484630000   1.9064470000   1.3820460000   7.4232040000   0.0348750000  -0.0446290000   0.0210770000  -0.0349800000   0.0445850000  -0.0209860000   0.0287030000   0.0124630000  -0.0121520000  -0.0442780000  -0.0201500000   0.0153020000   0.0156800000   0.0077310000  -0.0032420000
   6.6052928818   6.0217644657  393  4.34E+00   0.3640440000   0.7768920000   1.3543200000  -0.7326760000   0.2800300000   2.2844630000   2.2217530000  -0.8788280000   7.4020840000   1.2758690000  -0.3068400000   7.8059860000   0.4566840000   0.3493650000   8.2446950000   0.0186550000   0.0084670000  -0.0158460000  -0.0187040000  -0.0084650000   0.0159650000   0.0056560000   0.0084140000   0.0060810000  -0.0742520000   0.0328580000   0.0214070000   0.0686450000  -0.0412740000  -0.0276070000
   6.6094156864   6.0233803352  454  7.60E+00  -2.1612260000   0.4422450000   2.5575640000  -0.6113740000   0.5963900000   2.1422440000   0.4776350000   0.1308580000   8.0480420000   1.1472330000  -0.8573770000   8.1297680000   1.8506580000  -1.8059360000   7.9901360000  -0.0471190000  -0.0047160000   0.0125930000   0.0471430000   0.0046050000  -0.0127780000  -0.0162570000   0.0300350000  -0.0141380000  -0.0018490000  -0.0109960000   0.0302170000   0.0180830000  -0.0189280000  -0.0158940000
   6.6062999747   6.0205134775  513  1.13E+01  -2.1214290000  -0.1129960000   2.8020970000  -0.7406270000   0.4047790000   1.9920710000   1.3359820000   0.2599240000   9.2318360000   1.4505010000  -0.4975200000   8.3461620000   1.4076560000  -1.2132100000   7.3784960000  -0.0496270000  -0.0185350000   0.0290520000   0.0494480000   0.0187810000  -0.0293060000  -0.0093940000   0.0010850000  -0.0062960000   0.0201160000   0.0227880000   0.0453430000  -0.0105420000  -0.0241190000  -0.0387940000
   6.6076595222   6.0236847333  671  1.54E+01   0.7459410000   0.8022690000   1.7777810000  -0.3859890000  -0.2225560000   1.9784810000  -0.1288800000   1.1792350000   9.0519270000   0.5902160000   0.5764110000   8.3797430000   1.5665390000   0.1366870000   7.6656030000   0.0232110000   0.0210950000  -0.0041940000  -0.0235710000  -0.0210210000   0.0039240000   0.0325600000  -0.0066310000  -0.0191330000  -0.1510130000   0.0445740000   0.0958020000   0.1188130000  -0.0380160000  -0.0763980000
   6.6063381411   6.0228829205  740  3.44E+00  -0.0084890000  -1.4588580000   1.7384920000  -0.0008540000   0.0141820000   2.1132980000   0.0386400000   1.4034550000   7.9736290000  -0.0229490000   0.2478660000   8.1205440000  -0.0166100000  -0.8807690000   8.2676460000  -0.0001310000  -0.0246670000  -0.0062560000   0.0001100000   0.0245970000   0.0063150000   0.0037740000  -0.0209550000   0.0048150000  -0.0083120000  -0.0607510000   0.0039900000   0.0045580000   0.0817750000  -0.0088640000
   6.6067091984   6.0208127896 1578  2.12E+00  -1.1737330000  -1.6872820000   3.5975290000  -0.4396650000  -1.5503900000   2.3334760000   0.6830770000   2.3482450000   6.7821030000   0.8815110000   3.0387470000   7.7314410000   0.9249170000   3.9075850000   8.5345190000  -0.0031070000  -0.0006800000   0.0051950000   0.0029760000   0.0002820000  -0.0055500000  -0.0126040000   0.0016620000  -0.0231890000   0.0218900000  -0.0260870000   0.0204140000  -0.0091560000   0.0248230000   0.0031300000
   6.6061998708   6.0247338258 1589  3.72E+00   1.9263650000  -0.8610960000   3.4543780000   0.8767540000  -1.5670110000   2.5055410000  -1.3256320000   2.2744370000   6.5909040000  -1.6123170000   3.0975540000   7.3848610000  -1.9640970000   3.9682020000   8.1355830000   0.0282740000   0.0188950000   0.0254160000  -0.0280260000  -0.0191780000  -0.0257200000  -0.0032910000  -0.0003600000  -0.0056670000   0.0224100000  -0.0402180000  -0.0241790000  -0.0193670000   0.0408610000   0.0301490000
   6.6056494061   6.0239245764 1632  1.23E-01  -1.3850100000   0.3392320000   2.0347120000   0.0187580000  -0.0047560000   1.9079830000   0.4617410000   1.0826680000   7.8163620000   0.0010760000   0.2585610000   8.4927970000  -0.4689740000  -0.5867130000   9.1521960000   0.0014960000  -0.0004100000  -0.0001340000  -0.0015970000   0.0002290000  -0.0000180000  -0.0125210000  -0.0228460000   0.0186830000   0.0102130000   0.0190630000  -0.0140100000   0.0024100000   0.0039640000  -0.0045210000
   6.6051864072   6.0234932035 1789  3.63E+00  -0.4787230000  -1.2554040000   2.0988030000   0.0057130000   0.0157520000   1.8726480000   0.5309880000  -0.4235440000   9.3228440000   0.0067500000   0.2305030000   8.5163480000  -0.5344250000   0.9386060000   7.8004690000   0.0146610000   0.0383440000  -0.0068140000  -0.0145360000  -0.0385270000   0.0066640000  -0.0128210000   0.0185270000  -0.0103300000  -0.0207170000   0.0227610000  -0.0443280000   0.0334140000  -0.0411040000   0.0548080000
   6.6069340867   6.0222125992 2424  5.47E+00   1.8503740000  -0.9637800000   2.8595080000   0.4253130000  -1.0515750000   2.1702240000  -0.7710420000   1.8268170000   9.1355060000  -0.8679300000   2.1859550000   7.9919120000  -0.8181010000   2.5324120000   6.8474030000   0.0390660000   0.0023500000   0.0188910000  -0.0389860000  -0.0026510000  -0.0190170000   0.0126480000  -0.0160110000   0.0500880000  -0.0223430000   0.0051900000  -0.0160770000   0.0096150000   0.0111220000  -0.0338840000
   6.6071256931   6.0222967284 2496  9.49E+00  -0.7350890000  -2.5210060000   3.2175060000  -0.1335470000  -1.1799790000   2.5338410000   0.3392240000   1.4284020000   7.9413260000   0.3058510000   2.5030520000   7.3803650000   0.1444520000   3.4321710000   6.6621190000  -0.0188200000  -0.0419550000   0.0213440000   0.0188300000   0.0419740000  -0.0214560000  -0.0059320000  -0.0598040000   0.0191000000   0.0162490000   0.0520290000   0.0016330000  -0.0103270000   0.0077550000  -0.0206220000
   6.6091351737   6.0237966334 2757  4.61E+00   0.2959230000  -0.6169250000   1.7292630000  -0.6647130000   0.3639780000   1.9945750000   0.8369750000   0.1843800000   9.3136220000   1.1307410000  -0.3677680000   8.2807260000   1.6152810000  -0.9995500000   7.4009180000  -0.0203070000   0.0207270000   0.0055160000   0.0201210000  -0.0205640000  -0.0056070000  -0.0015690000   0.0201270000   0.0567760000  -0.0173010000  -0.0061960000  -0.0554190000   0.0190560000  -0.0140930000  -0.0012650000
   6.6085684070   6.0205575891 2986  3.37E+00  -1.6716510000   0.3210370000   2.7917340000  -0.7058130000   0.6068540000   1.8625740000   1.8054780000  -1.2720190000   9.5031840000   1.3007620000  -0.8655440000   8.5735990000   0.8483680000  -0.4415500000   7.5838050000   0.0334170000   0.0099140000  -0.0323440000  -0.0335860000  -0.0098640000   0.0317720000  -0.0345170000   0.0322480000  -0.0750690000   0.0205140000  -0.0242540000   0.0570070000   0.0141710000  -0.0080440000   0.0186330000
   6.6065681437   6.0203317733 3223  2.79E+00   1.2831350000   0.2031230000   1.6115100000  -0.0171960000   0.0040140000   2.1284940000   0.5181470000  -0.8008390000   8.0707170000  -0.0064980000   0.2494290000   8.0908190000  -0.5082310000   1.2684220000   8.1249800000  -0.0190790000  -0.0029070000   0.0075860000   0.0190330000   0.0029960000  -0.0075210000  -0.0021310000   0.0053030000   0.0031010000  -0.0361550000   0.0713610000  -0.0031720000   0.0383320000  -0.0767540000   0.0000060000
   6.6089855793   6.0224572351 3263  2.40E+00   0.6111700000  -0.9175000000   2.2681380000  -0.6174940000  -0.3725610000   1.8446280000   0.3931630000   0.7612110000   7.6724170000   1.0874720000   0.8825690000   8.6093980000   1.8358860000   1.1823890000   9.5103110000  -0.0200570000   0.0088810000  -0.0069900000   0.0201000000  -0.0089950000   0.0065940000   0.0075540000   0.0121440000   0.0051400000  -0.0475100000  -0.0377520000  -0.0469330000   0.0399130000   0.0257220000   0.0421890000
   6.6083663000   6.0232076518 3283  3.56E+00  -0.6317220000  -1.5988320000   2.5841580000  -0.5757420000  -0.2889830000   1.9004840000   1.6104020000   0.5943310000   7.4430070000   1.0956630000   0.7469330000   8.5157710000   0.4822800000   1.0766070000   9.5111390000  -0.0004570000  -0.0093030000   0.0048120000   0.0002010000   0.0092190000  -0.0050720000   0.0126590000   0.0053330000  -0.0393090000   0.0281460000  -0.0343380000  -0.0134070000  -0.0405500000   0.0290890000   0.0529760000
   6.6096847844   6.0211418461 3347  4.38E+00   1.4463080000  -0.3610710000   2.3994550000   0.1475970000   0.1434040000   1.7780640000  -0.9367280000  -0.4277230000   9.5866050000  -0.2321650000   0.0542150000   8.7789690000   0.2827550000   0.3812500000   7.7929880000   0.0232130000  -0.0090500000   0.0109920000  -0.0232620000   0.0089640000  -0.0114340000  -0.0104260000  -0.0088820000  -0.0156830000   0.0428570000   0.0317910000  -0.0093540000  -0.0323810000  -0.0228230000   0.0254800000
   6.6097048195   6.0237684437 3357  6.53E+00   0.0940590000   1.1673050000   1.6965290000   0.1969970000  -0.2958910000   2.0805080000  -1.4694910000   0.5174870000   7.8117400000  -0.3991770000   0.7425580000   8.2741050000   0.7793750000   1.0169600000   8.4806570000  -0.0016400000   0.0234100000  -0.0061440000   0.0017150000  -0.0234240000   0.0060720000  -0.0140570000  -0.0011860000  -0.0219510000  -0.0696260000  -0.0198230000   0.0221520000   0.0836080000   0.0210230000  -0.0001300000
   6.6057012606   6.0207422445 3393  3.98E+00  -0.2016910000   0.9756290000   1.7525540000   0.2927040000  -0.4146880000   1.9630950000  -1.3768410000   1.6825530000   8.8737810000  -0.5512740000   1.0004140000   8.3489520000   0.3415520000   0.2637000000   7.9452970000  -0.0050810000   0.0141670000  -0.0021260000   0.0049090000  -0.0140560000   0.0019060000  -0.0231930000   0.0192510000   0.0245600000  -0.0377360000   0.0308740000  -0.0072570000   0.0611010000  -0.0502360000  -0.0170850000
   6.6079418872   6.0230638593 3508  3.60E+00   0.3640000000  -1.5447520000   2.7461950000   0.0396910000  -0.4793130000   1.7600800000  -0.2343130000   0.5716890000   7.6844040000  -0.1075160000   1.2087530000   8.7345820000   0.0938650000   1.6997060000   9.7964840000   0.0030700000  -0.0100370000   0.0090860000  -0.0029980000   0.0099680000  -0.0096720000  -0.0051270000  -0.0535370000  -0.0730170000  -0.0046710000   0.0480160000   0.0432200000   0.0097260000   0.0055900000   0.0303830000
   6.6093942705   6.0239623478 3857  6.41E+00  -0.1130700000   0.7326140000   2.0918530000   0.5749190000  -0.6694900000   1.8600680000  -1.2344600000   1.8162780000   9.6860810000  -1.1070310000   1.3842300000   8.5935090000  -0.7986550000   1.1297010000   7.4425700000  -0.0182390000   0.0371890000   0.0059770000   0.0183400000  -0.0373410000  -0.0065470000   0.0086790000   0.0175820000   0.0143260000  -0.0351860000  -0.0152530000   0.0475990000   0.0264050000  -0.0021770000  -0.0613550000
