   6.6068539624   6.0567816686  273  4.58E+00  -0.5402670000  -2.3935360000   2.7824310000  -0.1434440000  -1.0476410000   2.4453940000   0.3297730000   1.1537590000   8.0680720000   0.3307160000   2.1839750000   7.4662650000   0.1723890000   3.2773890000   6.9400320000   0.0014630000   0.0049590000  -0.0012590000  -0.0014170000  -0.0048950000   0.0013180000  -0.0089130000  -0.0253820000   0.0230210000   0.0278750000  -0.0488640000   0.0050430000  -0.0190080000   0.0741820000  -0.0281240000
   6.6050029937   6.0577961302  345  3.79E+00  -0.3252740000   1.2404560000   1.6125330000   0.0049320000  -0.0115580000   2.0820000000  -0.7624780000   1.1147370000   7.9844940000   0.0245290000   0.2676330000   8.1361300000   0.7399240000  -0.6484070000   8.4093260000   0.0102790000  -0.0389460000   0.0145930000  -0.0102150000   0.0389170000  -0.0144860000   0.0074790000  -0.0174510000   0.0119780000  -0.0214360000   0.0456250000  -0.0284260000   0.0138920000  -0.0281440000   0.0163400000
   6.6082631267   6.0582997688  616  5.01E+00  -1.3197220000   0.2394190000   1.8815160000   0.0166800000  -0.0029240000   2.0167800000  -0.7535670000   1.1012880000   8.5320810000  -0.0313540000   0.2090240000   8.3628990000   0.7769490000  -0.5710040000   8.0002800000   0.0502050000  -0.0090930000   0.0051110000  -0.0503160000   0.0091620000  -0.0051860000   0.0257030000  -0.0165310000  -0.0168400000  -0.0328210000   0.0097920000   0.0288990000   0.0072290000   0.0066700000  -0.0119840000
   6.6080945161   6.0570280298  688  4.33E+00  -1.2972570000  -0.1931810000   1.7386170000   0.0176370000   0.0027620000   2.0500040000  -0.5612580000   1.2325860000   7.9525460000   0.0360580000   0.2673220000   8.1943990000   0.5278350000  -0.7472120000   8.5493890000   0.0491100000   0.0073060000   0.0116310000  -0.0490300000  -0.0073840000  -0.0115450000   0.0090730000  -0.0293730000   0.0160860000  -0.0060280000   0.0409480000  -0.0279950000  -0.0031250000  -0.0114970000   0.0118240000
   6.6084056517   6.0590932124  689  6.98E+00   0.9949760000  -1.9139730000   4.5102210000   0.1741070000  -2.2423260000   3.2010220000  -0.6240630000   5.4625120000   6.4780770000  -0.3137550000   4.3911020000   5.9949020000  -0.0726240000   3.2480850000   5.7519280000   0.0218900000   0.0086050000   0.0348300000  -0.0218680000  -0.0090420000  -0.0350510000  -0.0218270000   0.0574560000   0.0417980000   0.0202130000  -0.0271970000  -0.0504960000   0.0015910000  -0.0298230000   0.0089200000
   6.6050639020   6.0553452186  689  3.82E+00   0.8146070000  -1.9415390000   4.5687790000   0.1772800000  -2.2452940000   3.2054190000  -0.5943460000   5.4334420000   6.5432630000  -0.3197680000   4.4086100000   5.9885220000  -0.1023100000   3.2805690000   5.6658810000   0.0125810000   0.0058380000   0.0268310000  -0.0125560000  -0.0063180000  -0.0270410000  -0.0130740000   0.0296740000   0.0335970000   0.0118840000   0.0001980000  -0.0411340000   0.0011650000  -0.0293910000   0.0077470000
   6.6082995806   6.0554344284  689  3.33E+00   0.8019430000  -1.9446320000   4.5637700000   0.1774830000  -2.2454120000   3.2057280000  -0.5926880000   5.4314400000   6.5458160000  -0.3203660000   4.4097710000   5.9891150000  -0.1037320000   3.2824820000   5.6616580000   0.0110700000   0.0051740000   0.0239940000  -0.0110460000  -0.0056590000  -0.0242050000  -0.0121140000   0.0263560000   0.0318960000   0.0107760000   0.0041530000  -0.0390720000   0.0013130000  -0.0300230000   0.0073860000
   6.6050864400   6.0594046031  969  6.52E+00  -1.1512720000  -1.0576330000   1.9754140000   0.0105140000   0.0087540000   2.0077170000   1.1140440000   0.6209670000   8.6188980000  -0.0260320000   0.2888500000   8.3431440000  -1.0744750000  -0.1272200000   7.9676410000  -0.0305440000  -0.0280480000  -0.0008920000   0.0306400000   0.0280960000   0.0008280000   0.0739640000   0.0152230000   0.0118990000  -0.0557130000  -0.0011540000   0.0006210000  -0.0183470000  -0.0141160000  -0.0124560000
   6.6088952432   6.0568676630 1024  5.66E+00   0.6054780000   1.4328130000   1.9106950000  -0.0105870000  -0.0174830000   1.9750920000   0.8052530000  -0.5104140000   8.8379090000  -0.0366750000   0.2136740000   8.3743500000  -0.7629950000   1.0347280000   7.8922180000   0.0162130000   0.0380890000  -0.0017100000  -0.0161100000  -0.0382320000   0.0016380000   0.0429890000  -0.0254840000   0.0197890000  -0.0260840000  -0.0068790000  -0.0048250000  -0.0170070000   0.0325050000  -0.0148920000
   6.6068354733   6.0597610907 1385  5.73E+00   1.4064030000   0.3588420000   2.3280600000  -0.0197430000  -0.0001720000   1.7452030000  -0.5566920000   0.3037410000   7.7734720000  -0.0274130000   0.1932700000   8.7753100000   0.5872670000   0.2171000000   9.7774820000   0.0385010000   0.0096670000   0.0156750000  -0.0383460000  -0.0097180000  -0.0160000000   0.0449330000   0.0016480000   0.0761060000  -0.0504110000  -0.0113080000  -0.0751200000   0.0053230000   0.0097120000  -0.0006610000
   6.6093463822   6.0583519921 1470  2.51E+00   1.4954930000   0.9197860000   2.6539550000   0.6877440000  -0.0988330000   1.8055610000  -1.2246700000   0.5080200000   9.8319150000  -1.2548970000   0.4541170000   8.6457800000  -1.3622640000   0.2743950000   7.4943040000   0.0183850000   0.0231150000   0.0191800000  -0.0181290000  -0.0230860000  -0.0195330000  -0.0045180000  -0.0070000000   0.0281820000   0.0089140000   0.0131410000  -0.0447250000  -0.0046530000  -0.0061700000   0.0168960000
   6.6070312698   6.0556168278 1939 -7.48E-02   0.6719600000  -0.5897660000   2.1791280000  -0.7072780000  -0.1644470000   1.8063020000   1.2916350000   0.7192910000   9.8325520000   1.2726380000   0.5555420000   8.6583500000   1.2429830000   0.4097840000   7.5104440000   0.0140060000  -0.0043530000   0.0036640000  -0.0141770000   0.0042970000  -0.0041020000  -0.0002420000   0.0043320000   0.0242720000  -0.0004090000  -0.0104660000  -0.0649330000   0.0008220000   0.0061910000   0.0410990000
   6.6097809135   6.0599669135 2112  3.56E+00   0.5766370000  -1.4042460000   1.9253440000  -0.0111820000   0.0199370000   2.0492320000  -1.1094460000   0.5174920000   8.4143920000   0.0145690000   0.2625630000   8.2967670000   1.1180240000  -0.0380200000   8.0027800000   0.0126320000  -0.0306660000  -0.0026870000  -0.0127600000   0.0306990000   0.0026180000   0.0308630000  -0.0103730000  -0.0143010000  -0.0333760000   0.0144340000   0.0256130000   0.0026420000  -0.0040940000  -0.0112420000
   6.6081343353   6.0555995798 2251  1.04E+01  -0.4962840000  -1.6195620000   2.0848850000   0.6272660000  -1.0142270000   2.4898990000  -0.2964590000   3.0003360000   7.3346000000  -1.1858480000   2.1944150000   7.4370360000  -1.9147810000   1.2073270000   7.5171230000   0.0594500000   0.0320290000   0.0214060000  -0.0593840000  -0.0319560000  -0.0214930000   0.0482950000   0.0267210000  -0.0048910000  -0.0065230000   0.0501810000  -0.0007090000  -0.0418390000  -0.0769740000   0.0056870000
   6.6092683587   6.0567738385 2698  5.79E+00  -1.5511420000   0.1621090000   1.9403080000   0.0174860000  -0.0001630000   2.0115660000  -0.3906660000   1.3039230000   7.9121830000   0.0469670000   0.2682660000   8.3525780000   0.3658040000  -0.8270380000   8.6502600000  -0.0415450000   0.0042670000  -0.0019120000   0.0416210000  -0.0044260000   0.0018150000  -0.0256800000   0.0402410000  -0.0253930000   0.0299340000  -0.0265460000   0.0305470000  -0.0043300000  -0.0135360000  -0.0050570000
   6.6062802184   6.0597947387 2712  5.37E+00  -1.3405580000  -0.4304010000   2.3828350000  -0.8542010000   0.7803850000   1.9961400000   1.6503620000  -1.2036240000   7.1451190000   1.4796100000  -1.1442660000   8.3141070000   1.5894500000  -1.1200220000   9.4953660000   0.0192710000   0.0481940000  -0.0154260000  -0.0195750000  -0.0480160000   0.0151640000   0.0199450000  -0.0031600000  -0.0030390000  -0.0398780000   0.0049480000  -0.0183550000   0.0202370000  -0.0019670000   0.0216560000
   6.6096654117   6.0596690244 3009  1.22E+00   1.8952250000  -0.6920410000   3.0472520000   1.2088870000   0.1317600000   2.0549400000  -2.3001500000   0.3116530000   9.3576830000  -2.1974050000   0.0409220000   8.1854250000  -2.2071510000  -0.2691400000   7.0438830000   0.0014910000  -0.0016880000   0.0020370000  -0.0011780000   0.0017650000  -0.0022440000  -0.0120540000   0.0109560000   0.0598450000   0.0198150000  -0.0050060000  -0.0497450000  -0.0080750000  -0.0060270000  -0.0098930000
   6.6066068933   6.0590478840 3256  5.98E+00  -2.2336810000   1.4796390000   3.8950770000  -0.9891940000   1.8112810000   2.9850900000   1.9566720000  -3.0961060000   7.6882500000   1.8404920000  -3.0287430000   6.4879250000   1.7426790000  -3.0817540000   5.2888130000  -0.0327160000  -0.0087110000   0.0239800000   0.0326290000   0.0089120000  -0.0238690000   0.0072560000  -0.0107650000   0.0607190000  -0.0051380000   0.0211100000  -0.0119240000  -0.0020310000  -0.0105470000  -0.0489060000
   6.6094145689   6.0553334361 3283  4.43E+00  -0.6431050000  -1.6432810000   2.6075640000  -0.5778110000  -0.2894820000   1.8953860000   1.6313920000   0.6013190000   7.4625180000   1.0901940000   0.7446030000   8.5217880000   0.4764500000   1.0766620000   9.5110940000  -0.0012990000  -0.0256860000   0.0134730000   0.0010440000   0.0256020000  -0.0137140000   0.0137620000   0.0068030000  -0.0360460000   0.0225960000  -0.0351260000  -0.0118480000  -0.0361030000   0.0284070000   0.0481340000
   6.6074176041   6.0556780534 3317  3.34E+00  -1.2536020000  -0.4655580000   2.4745350000  -0.6263060000  -1.6731680000   2.5220320000   1.3489460000   3.8943830000   8.3682480000   1.1633830000   3.2539920000   7.3715850000   0.9846110000   2.7360710000   6.3475770000   0.0246570000  -0.0476390000   0.0018110000  -0.0248140000   0.0472890000  -0.0020330000   0.0073750000   0.0316740000   0.0351200000  -0.0127240000  -0.0535100000  -0.0599230000   0.0055070000   0.0221860000   0.0250240000
   6.6075567550   6.0576277076 3317  2.51E+00  -1.2514490000  -0.4516200000   2.4638870000  -0.6264120000  -1.6735030000   2.5222680000   1.3472930000   3.8913960000   8.3690770000   1.1634240000   3.2544520000   7.3723720000   0.9866300000   2.7395100000   6.3456520000   0.0205210000  -0.0402940000   0.0018600000  -0.0206800000   0.0399410000  -0.0020840000   0.0068470000   0.0298640000   0.0323170000  -0.0119690000  -0.0510440000  -0.0558570000   0.0052810000   0.0215320000   0.0237630000
   6.6075969013   6.0595462610 3317  1.74E+00  -1.2496990000  -0.4368880000   2.4532030000  -0.6265140000  -1.6738480000   2.5225040000   1.3456310000   3.8883720000   8.3698650000   1.1634850000   3.2549960000   7.3732510000   0.9886420000   2.7429210000   6.3436980000   0.0163990000  -0.0327330000   0.0017670000  -0.0165600000   0.0323770000  -0.0019920000   0.0062780000   0.0278920000   0.0292390000  -0.0111240000  -0.0482620000  -0.0511990000   0.0050070000   0.0207250000   0.0221850000
   6.6056566080   6.0591003863 3433  4.31E+00   1.7759950000  -0.2532830000   2.8419130000   0.7548980000  -0.5051660000   1.8898120000  -1.5091010000   1.6570830000   9.5680170000  -1.3086130000   1.1152670000   8.5205540000  -1.3905670000   0.7322460000   7.4195940000  -0.0127220000  -0.0031610000  -0.0119760000   0.0129980000   0.0031020000   0.0116450000  -0.0243450000   0.0253940000   0.0254410000   0.0421130000  -0.0435070000  -0.0442360000  -0.0180440000   0.0181710000   0.0191260000
   6.6079176151   6.0570346286 3453 -9.96E-02   0.4008700000  -1.2195170000   2.4145200000  -0.0040880000   0.0196100000   1.7159250000   0.4268330000   0.0449450000   9.8990940000   0.0088120000   0.2732710000   8.8396620000  -0.4382880000   0.4164830000   7.7443270000   0.0029620000  -0.0089580000   0.0049350000  -0.0028130000   0.0088540000  -0.0054120000  -0.0089380000  -0.0016760000  -0.0197510000   0.0197450000   0.0042190000   0.0421230000  -0.0109560000  -0.0024390000  -0.0218950000
   6.6059079281   6.0574412830 3617  2.53E+00   1.5118440000  -1.5855690000   3.0119180000   0.5225660000  -0.8126780000   2.0896140000  -0.0643630000   1.0811210000   7.8133920000  -0.9998190000   1.7442920000   8.1345730000  -1.8901470000   2.4557280000   8.4554030000   0.0232230000  -0.0181680000   0.0215530000  -0.0233330000   0.0181330000  -0.0218870000   0.0226710000  -0.0106020000  -0.0049960000  -0.0086640000  -0.0058100000  -0.0011770000  -0.0138970000   0.0164470000   0.0065070000
   6.6081006712   6.0563908205 3617  2.20E+00   1.5048240000  -1.5841140000   3.0090780000   0.5230360000  -0.8132920000   2.0889340000  -0.0658340000   1.0830460000   7.8105600000  -1.0006030000   1.7467040000   8.1369900000  -1.8899930000   2.4549650000   8.4599970000   0.0219440000  -0.0172540000   0.0204680000  -0.0220540000   0.0172170000  -0.0208090000   0.0240080000  -0.0117740000  -0.0057560000  -0.0125550000  -0.0023510000   0.0006600000  -0.0113420000   0.0141620000   0.0054380000
   6.6082667831   6.0563448784 3696  3.66E+00   0.9299100000  -2.0094410000   3.0673170000  -0.3021650000  -1.4928610000   2.4763550000  -0.3920390000   2.7976600000   6.7498390000   0.5984450000   3.0017880000   7.3623030000   1.3932860000   3.2188930000   8.1637350000   0.0025840000  -0.0010510000   0.0012160000  -0.0023510000   0.0008500000  -0.0013440000  -0.0137440000   0.0026230000   0.0150950000   0.0648200000   0.0063930000   0.0089090000  -0.0513090000  -0.0088160000  -0.0238770000
   6.6073664954   6.0563149291 3897  4.17E+00  -0.5298440000   2.3996180000   4.9273340000  -1.7467080000   1.6425570000   4.8393800000   4.3046910000  -2.9391170000   3.2687150000   3.2127050000  -2.7324020000   3.1071720000   2.0404100000  -2.6765200000   2.9204580000  -0.0074010000  -0.0045760000  -0.0005000000   0.0073550000   0.0049570000   0.0007090000  -0.1151230000   0.0093410000  -0.0182060000   0.1296060000   0.0025990000   0.0221720000  -0.0144370000  -0.0123210000  -0.0041750000
   6.6063895107   6.0558585788 3929  5.12E+00  -1.4220250000  -0.4532500000   1.8847130000  -0.0207090000   0.2089060000   2.0139600000  -0.2614090000   0.9591960000   8.6807370000   0.0044060000  -0.1530050000   8.3282780000   0.4511230000  -1.1714320000   7.8914990000  -0.0324090000  -0.0152810000  -0.0029670000   0.0323230000   0.0154040000   0.0029310000   0.0025190000   0.0413140000   0.0072280000  -0.0256300000  -0.0194460000   0.0079050000   0.0231970000  -0.0219910000  -0.0150970000
