   6.6051616895   6.4585004568   44  1.13E+01  -0.4839490000   0.1972920000   1.5697210000   0.3459600000  -1.0296830000   2.2527060000   0.3444780000   1.7444940000   8.3921070000  -0.5989880000   2.2035250000   7.8617760000  -1.5921400000   2.4190570000   7.3578200000  -0.0267160000   0.0395500000  -0.0219920000   0.0267670000  -0.0395060000   0.0220130000  -0.0119400000  -0.0136590000  -0.0013840000  -0.0669470000   0.0490570000  -0.0440140000   0.0788360000  -0.0354410000   0.0453760000
   6.6090314910   6.4589683060  102  1.87E+00   1.1699730000   0.4317960000   2.4002560000  -0.0123580000  -0.0073980000   1.6551940000  -0.6237110000  -0.0918410000   9.8592910000  -0.0367280000   0.1894500000   8.8936710000   0.6392920000   0.6470400000   8.0477940000   0.0037330000   0.0013740000   0.0022520000  -0.0038700000  -0.0014960000  -0.0025150000   0.0165960000   0.0171750000  -0.0084330000  -0.0177390000  -0.0259960000  -0.0077310000   0.0012800000   0.0089430000   0.0164270000
   6.6061510450   6.4555639991  102  1.88E+00   1.1609470000   0.4283440000   2.3969860000  -0.0122350000  -0.0073550000   1.6569740000  -0.6238230000  -0.0925450000   9.8554300000  -0.0354500000   0.1887600000   8.8894790000   0.6383970000   0.6482640000   8.0461170000  -0.0002190000  -0.0000940000  -0.0002360000   0.0000830000  -0.0000280000  -0.0000210000   0.0156180000   0.0169790000  -0.0069250000  -0.0140570000  -0.0242600000  -0.0125790000  -0.0014260000   0.0074030000   0.0197610000
   6.6059681164   6.4562518015  173  3.32E+00   0.8527080000   2.1839780000   2.7643630000  -0.2521500000   1.2025160000   2.2488340000   0.7824450000  -2.8592900000   7.1594890000   0.4418740000  -1.9975050000   7.8619340000   0.0914150000  -1.0967720000   8.5343920000   0.0271980000   0.0241380000   0.0127120000  -0.0272030000  -0.0241540000  -0.0126540000  -0.0077210000   0.0199220000   0.0140020000   0.0091490000  -0.0239490000  -0.0147890000  -0.0014230000   0.0040430000   0.0007290000
   6.6060234686   6.4561439440  630  3.72E+00  -0.1575700000   1.3571810000   1.8834690000   0.0045580000  -0.0179280000   1.9547460000  -0.6096800000   1.2840110000   8.4816910000  -0.0250940000   0.2480650000   8.3943720000   0.6156800000  -0.7785300000   8.3367370000   0.0043050000  -0.0365390000   0.0019300000  -0.0043380000   0.0365690000  -0.0018550000  -0.0142360000   0.0314920000   0.0055750000  -0.0219050000   0.0207120000  -0.0058810000   0.0361740000  -0.0522340000   0.0002310000
   6.6076595353   6.4595471855  770  6.05E+00  -0.8919280000   1.9860720000   4.3095440000  -0.4378010000   2.2694900000   5.5509410000   0.0135680000  -3.0779090000   1.9554800000   0.7877000000  -3.9209400000   1.8708510000   1.6377900000  -4.7504930000   1.6470040000   0.0204390000   0.0128150000   0.0559020000  -0.0203680000  -0.0126630000  -0.0557360000   0.0436900000  -0.0426250000  -0.0142420000  -0.0874230000   0.0798040000   0.0336340000   0.0436630000  -0.0373310000  -0.0195580000
   6.6052987455   6.4566922741  970  5.06E+00   0.0672760000  -1.3175820000   2.1076750000   0.0040520000   0.0138320000   1.8995620000  -0.7325610000   1.1369630000   8.6986220000   0.0151540000   0.2630760000   8.5208470000   0.6967090000  -0.6328470000   8.2863380000  -0.0029650000   0.0621480000  -0.0097180000   0.0029200000  -0.0620740000   0.0097320000   0.0115110000  -0.0205470000  -0.0067920000   0.0261680000  -0.0212600000  -0.0021490000  -0.0376340000   0.0417320000   0.0089270000
   6.6078258887   6.4587559691 1056  6.12E+00   1.1307650000  -0.3636800000   2.0873050000  -0.1902500000  -0.1342440000   1.8960540000  -0.4665120000   1.3595400000   8.7291060000   0.3449850000   0.5132530000   8.5893740000   1.0864460000  -0.3638050000   8.2232080000  -0.0575270000   0.0100100000  -0.0083540000   0.0574480000  -0.0099230000   0.0082680000  -0.0125610000   0.0068400000  -0.0116070000  -0.0120820000   0.0290680000   0.0382780000   0.0247220000  -0.0359950000  -0.0265850000
   6.6072742299   6.4593413666 1397  5.28E+00  -0.2675060000  -2.1680240000   4.1069280000   1.0409830000  -2.0280680000   3.2366230000  -2.8376270000   4.2498060000   6.6869670000  -1.8555230000   3.9384580000   6.0678340000  -0.9515100000   3.7465430000   5.3358920000  -0.0345830000  -0.0037110000   0.0230140000   0.0345260000   0.0035170000  -0.0229690000  -0.0439520000   0.0203100000   0.0177980000   0.0453260000  -0.0283060000  -0.0081940000  -0.0013160000   0.0081890000  -0.0096490000
   6.6084491540   6.4587627069 2228  2.19E+00   0.7321050000   0.7198440000   2.5568090000  -0.0090290000  -0.0127700000   1.5738480000   0.3805530000  -0.1256070000   8.0198630000   0.0640530000   0.2245150000   9.1127190000  -0.4296700000   0.6631610000  10.1191800000  -0.0054470000  -0.0053370000  -0.0073260000   0.0054010000   0.0054150000   0.0069770000  -0.0040590000  -0.0020380000  -0.0260270000   0.0362020000  -0.0224070000  -0.0125790000  -0.0320970000   0.0243670000   0.0389560000
   6.6060857878   6.4587736314 2538  4.53E+00   1.4747540000  -1.7539840000   2.9032580000   0.5216170000  -0.7237960000   2.1546530000  -1.8914610000   2.2700680000   7.6597100000  -0.9745060000   1.6162250000   8.0299710000  -0.0749780000   0.9296300000   8.3696360000   0.0266760000  -0.0288410000   0.0209480000  -0.0267290000   0.0288920000  -0.0209470000  -0.0172640000   0.0097060000  -0.0072670000   0.0095850000  -0.0012630000   0.0043000000   0.0077310000  -0.0084940000   0.0029660000
   6.6094249858   6.4589997340 2629  1.00E+01  -1.5294090000  -1.1163160000   3.2961800000  -0.5846170000  -1.2501680000   2.1606330000   1.7761550000   3.4807080000   8.0220410000   1.0632990000   2.5300290000   8.1610060000   0.4417070000   1.6216570000   7.8543100000  -0.0078370000   0.0010850000   0.0093110000   0.0078140000  -0.0011590000  -0.0095550000   0.0174190000   0.0174860000  -0.0344410000  -0.0710160000  -0.0892790000   0.0432520000   0.0536210000   0.0718660000  -0.0085660000
   6.6073231083   6.4567353958 2863  2.08E+00  -1.6479650000  -0.9151530000   3.6715210000  -1.3039790000  -0.9709730000   2.2085750000   1.4026090000   1.9832090000   7.2718370000   2.4036290000   2.1032530000   7.9295170000   3.4092100000   2.0324890000   8.5152190000  -0.0046220000   0.0006430000   0.0193250000   0.0045120000  -0.0008930000  -0.0196440000  -0.0335550000  -0.0153960000  -0.0259720000   0.0437210000   0.0268810000   0.0367240000  -0.0100560000  -0.0112350000  -0.0104320000
   6.6088751081   6.4574101236 3176  7.34E+00  -0.5928750000  -0.4256730000   2.4759490000  -0.7539120000   0.7268960000   1.7883090000   1.3880580000  -0.7053700000   9.8349000000   1.4411940000  -1.1218990000   8.7253540000   1.3326110000  -1.3682240000   7.5289570000  -0.0073240000   0.0520310000  -0.0311320000   0.0071550000  -0.0518420000   0.0307950000  -0.0104610000   0.0193030000   0.0207400000   0.0261010000  -0.0135680000   0.0570450000  -0.0154710000  -0.0059230000  -0.0774480000
   6.6050507658   6.4566506235 3465  4.64E+00   0.6623190000  -1.7611290000   3.5717790000   0.8601200000  -1.2352750000   2.1004360000  -1.6282430000   2.1691250000   6.9898580000  -1.5426860000   2.5309510000   8.0820670000  -1.5510450000   2.8987960000   9.2290360000  -0.0050890000  -0.0137370000   0.0382620000   0.0052670000   0.0135610000  -0.0383840000  -0.0035730000   0.0150920000   0.0459470000   0.0100020000  -0.0311670000  -0.0982590000  -0.0066070000   0.0162520000   0.0524340000
   6.6056056098   6.4561877715 3662  2.20E+00   0.0779600000  -1.0349320000   2.5903100000   0.0030340000   0.0142290000   1.5709940000  -0.4397010000   0.4789730000  10.1705250000  -0.0753240000   0.2193360000   9.0739310000   0.4761860000   0.0381890000   8.0097760000   0.0001860000  -0.0033150000   0.0030660000  -0.0003290000   0.0033020000  -0.0034550000   0.0039050000   0.0098590000   0.0240870000  -0.0408600000  -0.0061670000   0.0222760000   0.0370990000  -0.0036790000  -0.0459740000
   6.6095753619   6.4591522744 3803  4.91E+00   0.6703940000   0.2926920000   1.5389590000  -0.2821020000  -0.7868710000   2.1732760000   1.6011280000   1.9539990000   7.7105790000   0.4891520000   1.7148410000   7.9911780000  -0.6016810000   1.3577330000   8.3408400000   0.0245180000   0.0278190000  -0.0163110000  -0.0245290000  -0.0277680000   0.0163780000  -0.0037260000  -0.0080300000   0.0070180000   0.0398440000   0.0272030000  -0.0247640000  -0.0361070000  -0.0192240000   0.0176790000
