   6.6010960832   6.6838169834  770  1.11E+01   0.1166690000   2.4851660000   5.0192330000  -1.0554210000   1.6233020000   5.8008240000   2.4796340000  -1.7327310000   1.2276590000   1.8987760000  -2.7161970000   1.3662360000   1.3586410000  -3.8042940000   1.4609540000   0.0396590000   0.0291480000  -0.0264540000  -0.0396800000  -0.0292420000   0.0264310000  -0.0204870000  -0.0476920000   0.0019140000   0.0477070000   0.1159030000  -0.0037510000  -0.0271980000  -0.0681170000   0.0018600000
   6.6035401177   6.6823817067  926  3.40E+00   0.2122270000   0.6004150000   2.6673910000  -0.0043510000  -0.0076250000   1.4815100000   0.3683190000   0.4523120000  10.3293650000  -0.0028360000   0.2590650000   9.2585950000  -0.3578300000   0.0411340000   8.1543580000  -0.0099270000  -0.0279570000  -0.0547090000   0.0100240000   0.0280100000   0.0543370000  -0.0139200000  -0.0095280000  -0.0452650000   0.0135830000   0.0116900000   0.0483340000   0.0002410000  -0.0022160000  -0.0026970000
   6.6010242144   6.6833663743  984  3.34E+00  -1.2011830000  -0.6662240000   3.3084180000  -0.8315710000  -1.3200200000   1.9968310000   2.0843510000   3.1710560000   9.1801350000   1.5748510000   2.5920470000   8.3334380000   0.9621580000   2.2052540000   7.3840720000  -0.0055780000   0.0096300000   0.0194160000   0.0054780000  -0.0099130000  -0.0197560000  -0.0329980000  -0.0161080000  -0.0500080000   0.0506640000   0.0090760000   0.0730260000  -0.0175650000   0.0073150000  -0.0226770000
   6.6006124583   6.6827192919 1003  5.15E+00  -0.7571800000   1.4824440000   2.4984490000  -0.2647380000   0.3179160000   1.8224270000   0.2169390000   0.8032410000   8.4700720000   0.4675540000  -0.3771610000   8.7121420000   0.8019390000  -1.5135800000   8.7318900000   0.0034040000  -0.0080860000  -0.0047230000  -0.0034070000   0.0079710000   0.0046280000  -0.0120100000   0.0824530000  -0.0276200000   0.0008100000  -0.0633620000   0.0392940000   0.0112030000  -0.0189770000  -0.0115790000
   6.6006105203   6.6817438777 1177 -5.05E-01   0.1448380000   0.8341110000   2.6600840000   0.0002210000  -0.0112110000   1.4863400000  -0.4197260000   0.1412910000   8.1531300000  -0.0032170000   0.2500170000   9.2331330000   0.4119110000   0.3621370000  10.3260450000   0.0000120000  -0.0001600000  -0.0003700000   0.0000900000   0.0001920000   0.0000610000   0.0097590000   0.0027840000   0.0286480000  -0.0103650000  -0.0032070000  -0.0312870000   0.0005050000   0.0003910000   0.0029480000
   6.6011316845   6.6805174357 1603  4.56E+00   0.8819580000   0.7850600000   2.5885470000  -0.0096140000  -0.0130150000   1.5921220000  -0.0916960000  -0.6041620000   8.2459270000  -0.0008330000   0.1944850000   9.1036710000   0.0847680000   1.1613800000   9.8066420000   0.0208890000   0.0187310000   0.0233000000  -0.0208630000  -0.0186150000  -0.0234710000  -0.0002480000   0.0121430000  -0.0063750000  -0.0022730000  -0.0552630000  -0.0078200000   0.0024950000   0.0430040000   0.0143670000
   6.6020021560   6.6837882267 1808  4.58E+00   0.0194830000  -1.5676700000   2.2471280000  -0.8272210000  -0.3139870000   2.0801850000   2.5587530000   0.4125650000   7.7968560000   1.5113040000   0.8317760000   8.2140000000   0.4368320000   1.3175930000   8.5075910000   0.0145240000  -0.0215170000   0.0028880000  -0.0145390000   0.0215160000  -0.0028520000   0.0431330000  -0.0136440000  -0.0233290000   0.0185690000  -0.0177510000   0.0125760000  -0.0616870000   0.0313960000   0.0107170000
   6.6026914883   6.6829568845 2125 -5.20E-01  -1.0329620000  -0.7935800000   3.2438300000  -1.2141110000  -0.5002560000   1.8120450000   2.9495260000   1.2322710000   9.5643230000   2.2082300000   1.1719500000   8.6500210000   1.5214080000   1.1240240000   7.6891670000   0.0009210000  -0.0016620000   0.0076310000  -0.0010550000   0.0015120000  -0.0079470000   0.0112460000   0.0015060000   0.0067030000  -0.0097660000  -0.0022780000   0.0028940000  -0.0013460000   0.0009230000  -0.0092810000
   6.6028606870   6.6843631880 2637  5.99E+00  -0.4496770000   2.2707430000   3.5863370000  -1.2442900000   1.4494050000   2.6376090000   3.3202510000  -1.9417160000   7.0582790000   2.3010470000  -2.4818400000   7.2529760000   1.1949790000  -2.8892430000   7.0993140000   0.0070240000   0.0072670000   0.0083860000  -0.0070040000  -0.0071670000  -0.0084200000  -0.0218860000  -0.0002140000  -0.0201910000   0.0374080000  -0.0042660000   0.0446500000  -0.0155420000   0.0043800000  -0.0244250000
   6.6019749039   6.6812318150 2672  3.82E+00  -1.1818720000   0.5914940000   2.1682640000   0.0117680000  -0.0041850000   1.7973460000  -1.1020400000   0.5539120000   8.3614010000   0.0075730000   0.1937050000   8.6500120000   1.1120440000  -0.0280130000   9.0332690000   0.0328230000  -0.0163770000  -0.0102020000  -0.0327060000   0.0163220000   0.0102320000  -0.0410850000   0.0215930000  -0.0032880000   0.0139560000  -0.0243910000  -0.0128210000   0.0270120000   0.0028540000   0.0160790000
   6.6034737084   6.6831494326 2708  2.47E+00  -0.5159690000  -1.9103580000   2.8956670000  -0.6205830000  -0.7179810000   2.0346080000   1.7180150000   2.3435280000   7.4956160000   1.1699080000   1.5810980000   8.2410780000   0.5355910000   0.8633550000   8.9752660000   0.0006320000  -0.0070780000   0.0051640000  -0.0006350000   0.0070540000  -0.0050950000   0.0154470000   0.0310390000  -0.0266680000   0.0191450000  -0.0002040000  -0.0083100000  -0.0345890000  -0.0308100000   0.0349090000
   6.6008704231   6.6837440400 2884  3.92E+00   0.3983660000   0.7364670000   1.8655080000   0.0019130000  -0.6724640000   1.9900350000   1.0613500000   0.9881860000   8.5606340000   0.0051210000   1.5217050000   8.4076980000  -1.0998480000   1.8691960000   8.0726760000   0.0017580000   0.0061950000  -0.0005330000  -0.0017060000  -0.0061960000   0.0005220000   0.0249570000  -0.0250000000  -0.0058220000   0.0230030000   0.0216650000   0.0291030000  -0.0480110000   0.0033360000  -0.0232710000
   6.6020863348   6.6811421937 2904  4.57E+00   0.5098840000  -1.4002950000   2.2196590000  -0.0055190000   0.0175500000   1.8183000000  -0.9969280000  -0.2800470000   8.9553080000  -0.0288630000   0.2498510000   8.5894560000   1.0140380000   0.7807310000   8.3769370000   0.0123440000  -0.0340470000   0.0096860000  -0.0124550000   0.0340130000  -0.0095890000   0.0246700000   0.0109770000   0.0037370000  -0.0472240000  -0.0202050000  -0.0120230000   0.0226660000   0.0092620000   0.0081900000
   6.6031052788   6.6832596370 3012 -6.93E-01  -0.6882140000  -0.4007380000   2.7107360000   0.0062890000   0.0027120000   1.4849420000   0.2995360000   0.6069620000  10.3137500000   0.0052330000   0.2562450000   9.2443800000  -0.2915160000  -0.0999460000   8.1607740000  -0.0023160000  -0.0013400000   0.0039320000   0.0023620000   0.0013890000  -0.0043090000  -0.0046290000  -0.0056770000  -0.0167870000   0.0051800000   0.0064790000   0.0177410000  -0.0005980000  -0.0008520000  -0.0005780000
   6.6022309409   6.6849252504 3233  2.42E+00  -0.6405810000   0.3913670000   1.9575490000   0.6565800000  -0.0742800000   1.9037220000  -0.2843170000   0.9776630000   8.9532930000  -1.1852760000   0.3629290000   8.5372110000  -2.0646630000  -0.2161240000   8.0080600000   0.0390660000  -0.0139980000  -0.0016190000  -0.0389770000   0.0140430000   0.0016290000  -0.0097220000  -0.0050230000  -0.0116180000   0.0106440000   0.0038940000   0.0188320000  -0.0010110000   0.0010840000  -0.0072240000
   6.6012894810   6.6824888664 3542  3.06E+00  -1.4633360000   0.7949520000   4.7506260000  -2.6556190000   0.7185030000   3.9986100000   3.8795910000  -0.6626210000   4.1965600000   4.8761690000  -1.0386300000   4.5903880000   5.8148890000  -1.5084710000   5.0893100000  -0.0184370000  -0.0011520000  -0.0115260000   0.0181330000   0.0012090000   0.0115870000   0.0788240000  -0.0382110000   0.0400590000  -0.0513480000   0.0337000000  -0.0356860000  -0.0271720000   0.0044540000  -0.0044340000
   6.6019038672   6.6845911442 3618  3.71E+00   0.0103500000  -1.8047540000   2.6283790000   0.7363370000  -0.6698940000   2.0360970000  -0.1906030000   1.5682550000   8.2662840000  -1.3200920000   1.4518900000   8.2149100000  -2.4965090000   1.4888130000   8.2336470000  -0.0037720000  -0.0058340000   0.0031110000   0.0036890000   0.0058520000  -0.0030180000  -0.0896150000   0.0029210000   0.0026010000   0.0896700000  -0.0144460000  -0.0088060000   0.0000290000   0.0115070000   0.0061110000
   6.6032679590   6.6847015706 3892  4.64E+00   0.2537970000  -0.3180840000   2.7421340000  -0.0050760000   0.0063560000   1.4513510000   0.0143710000   0.1656100000   8.1341270000  -0.0739260000   0.2613750000   9.3117590000   0.0504880000   0.3141500000  10.4555970000  -0.0110530000   0.0138440000  -0.0553030000   0.0110390000  -0.0138570000   0.0548680000   0.0152360000  -0.0034660000  -0.0074560000  -0.0251310000   0.0084850000   0.0541940000   0.0099090000  -0.0050070000  -0.0463030000
   6.6031729372   6.6823890399 3940  2.91E+00  -0.2933800000   1.1861780000   2.2004690000  -1.5783410000   0.3370950000   2.3148000000   3.8373540000  -0.9697870000   7.4488210000   2.8949480000  -0.3887640000   7.7642820000   1.8905190000   0.1910360000   8.0244410000   0.0274490000   0.0180900000  -0.0024530000  -0.0273810000  -0.0181550000   0.0023270000  -0.0406860000   0.0225910000   0.0093340000   0.0596800000  -0.0313710000  -0.0110360000  -0.0190620000   0.0088450000   0.0018280000
