   6.6068781831   6.3520936521   18  3.53E+00   0.4517470000  -1.2883510000   2.5998550000  -0.0216650000  -0.3537850000   1.7339990000   0.2479340000   0.0003600000   8.0704800000   0.0743050000   0.9203670000   8.8151540000  -0.2239800000   1.8444570000   9.4893940000  -0.0193360000   0.0381630000  -0.0354560000   0.0193070000  -0.0380660000   0.0351190000  -0.0027640000  -0.0254170000  -0.0233700000   0.0151610000   0.0104940000   0.0169760000  -0.0123680000   0.0148270000   0.0067300000
   6.6086134899   6.3521079937 1890  3.81E+00   1.4101070000  -0.1126840000   2.2941660000   0.2974330000  -0.8230330000   1.9742050000  -0.2181070000   1.2413250000   9.3648080000  -0.5592430000   1.7033840000   8.3354680000  -0.9363670000   2.2851520000   7.3747790000  -0.0458690000  -0.0293420000  -0.0131790000   0.0459770000   0.0291410000   0.0131590000   0.0003150000   0.0042030000   0.0134010000   0.0066630000  -0.0192130000  -0.0084150000  -0.0070860000   0.0152110000  -0.0049650000
   6.6064895293   6.3547888042 1963  5.66E+00   0.2625410000   0.5595380000   2.3577280000   0.4331090000  -0.8184890000   1.7500610000  -0.5372090000   1.4641120000   7.6008350000  -0.8334790000   1.7803190000   8.7572700000  -1.0166920000   1.9395630000   9.9375320000  -0.0026840000   0.0218130000   0.0094550000   0.0027370000  -0.0219560000  -0.0099180000   0.0275170000  -0.0310630000  -0.0818970000  -0.0243450000   0.0315000000   0.0214020000  -0.0032250000  -0.0002930000   0.0609580000
   6.6093311068   6.3545083175 2473  2.89E+00  -0.6830700000  -2.1053750000   3.2240180000  -0.8964670000  -0.9694910000   2.2628190000   2.6154720000   2.6680690000   7.7056240000   1.6567560000   2.0231700000   7.8244080000   0.6610190000   1.4753390000   7.9176240000   0.0028420000  -0.0149440000   0.0126120000  -0.0027320000   0.0149430000  -0.0127480000  -0.0275910000  -0.0092490000   0.0019540000  -0.0397980000  -0.0371040000   0.0049680000   0.0672790000   0.0463530000  -0.0067850000
   6.6059643389   6.3507701368 2650  3.25E+00  -1.5773700000  -1.5362260000   4.0851460000  -1.1429330000  -1.5619670000   2.7867410000   2.4247420000   2.9472720000   7.9675850000   2.1488440000   3.1733260000   6.8372750000   1.7695900000   3.2558260000   5.7258500000   0.0152680000  -0.0009380000  -0.0456180000  -0.0153430000   0.0007220000   0.0456360000  -0.0017750000  -0.0124660000   0.0201550000   0.0078050000   0.0205470000  -0.0216940000  -0.0059540000  -0.0078650000   0.0015200000
   6.6066209857   6.3528389931 2689  2.30E+00   0.7513730000  -0.7407030000   2.4247990000  -0.0247650000   0.3157680000   1.6292570000   0.0239810000   0.3070560000   7.9819030000   0.0815500000  -0.2908820000   8.9819660000  -0.0088580000  -0.9313750000   9.9868880000   0.0150650000  -0.0205310000   0.0153590000  -0.0150310000   0.0204170000  -0.0156640000  -0.0086720000  -0.0123180000   0.0184180000   0.0209680000   0.0348830000  -0.0498680000  -0.0123290000  -0.0224510000   0.0317550000
   6.6091853651   6.3535121114 2689  1.85E+00   0.7494040000  -0.7284610000   2.4236390000  -0.0247060000   0.3158510000   1.6283070000   0.0224640000   0.3040240000   7.9816330000   0.0799930000  -0.2916810000   8.9843130000  -0.0063460000  -0.9289280000   9.9902110000   0.0136200000  -0.0184000000   0.0139100000  -0.0135870000   0.0182860000  -0.0142190000  -0.0085110000  -0.0111280000   0.0165230000   0.0202920000   0.0326210000  -0.0464550000  -0.0118140000  -0.0213780000   0.0302420000
   6.6069780997   6.3544964124 2694  6.69E+00  -1.3388590000   0.5300160000   2.8289810000  -0.5027930000  -0.0439160000   1.6065870000   1.1533030000   0.1994180000  10.2021660000   0.9364380000   0.3132510000   9.0280290000   0.7391370000   0.4390370000   7.8197980000  -0.0232510000   0.0159000000   0.0337170000   0.0231020000  -0.0159490000  -0.0341740000   0.0108760000  -0.0044710000   0.0512650000   0.0016690000  -0.0050930000   0.0345900000  -0.0123950000   0.0096130000  -0.0853990000
   6.6051368667   6.3523965871 2802  4.99E+00   0.7542530000  -0.4623640000   2.5725790000  -0.0093110000   0.0091140000   1.5636430000  -0.0807930000   0.2881400000   7.9095060000  -0.0259500000   0.1782020000   9.1001200000   0.0992580000   0.2493770000  10.2889640000  -0.0350500000   0.0216280000  -0.0464750000   0.0350900000  -0.0217000000   0.0460450000   0.0024960000   0.0141780000  -0.0330520000  -0.0113750000  -0.0275850000  -0.0108840000   0.0088390000   0.0134790000   0.0443650000
   6.6084109161   6.3532280833 2883  2.68E+00   2.3263240000  -0.5673510000   4.4488200000   1.8911590000  -0.9963120000   3.0959490000  -4.5410750000   2.2816090000   5.8287630000  -3.4855620000   1.9984510000   6.2680880000  -2.4338000000   1.9174080000   6.7247880000   0.0037760000   0.0036390000   0.0115420000  -0.0037740000  -0.0037460000  -0.0117220000  -0.0018150000   0.0148840000   0.0011830000   0.0573070000  -0.0340770000   0.0201570000  -0.0554930000   0.0193000000  -0.0211600000
   6.6099542733   6.3519919878 3373  7.46E-01  -0.2041280000  -1.8953560000   3.0877800000   0.2920410000  -1.0341910000   1.9825450000  -0.4566880000   2.5118720000   7.1991190000  -0.5163070000   2.1419010000   8.3122030000  -0.6013830000   1.8523020000   9.4662830000  -0.0045250000  -0.0079020000   0.0101120000   0.0045480000   0.0076700000  -0.0101720000  -0.0019140000   0.0054170000   0.0065090000   0.0060110000  -0.0022620000  -0.0428980000  -0.0041210000  -0.0029230000   0.0364490000
