   6.6126497405   6.1947985543   61  9.85E-01   1.2929240000   0.2268940000   2.5583640000   0.2457490000  -0.0360020000   1.6458250000  -0.4653490000   0.0524640000   7.7990390000  -0.4691040000   0.3464250000   8.9308130000  -0.4912850000   0.5406590000  10.1169910000  -0.0151950000  -0.0038040000  -0.0133760000   0.0152970000   0.0038600000   0.0129790000  -0.0015420000  -0.0031970000   0.0170550000   0.0035820000   0.0012750000  -0.0698690000  -0.0021420000   0.0018670000   0.0532110000
   6.6103712210   6.1929897415  177  2.82E+00  -0.2586680000  -2.1973420000   2.9870560000  -1.3398510000  -1.1700550000   2.7535830000   3.5457590000   2.7125670000   6.6288560000   2.4621440000   2.3590040000   6.9283630000   1.3137540000   2.1861930000   7.2309820000   0.0158310000  -0.0149750000   0.0033960000  -0.0157120000   0.0148910000  -0.0035670000   0.0051690000   0.0145910000  -0.0017360000   0.0347140000  -0.0213720000  -0.0093240000  -0.0400030000   0.0068650000   0.0112310000
   6.6106846583   6.1933139385  530  2.91E+00  -1.2907010000   0.0981190000   2.3315470000   0.1099220000   0.5038110000   1.7293050000  -0.1931590000  -1.0852080000   7.7076240000  -0.1867770000  -0.6783910000   8.8029870000  -0.1342870000  -0.2401900000   9.9017340000  -0.0369600000  -0.0106390000   0.0157890000   0.0369460000   0.0108410000  -0.0161250000   0.0031440000   0.0068550000   0.0164710000  -0.0070380000  -0.0164530000  -0.0355040000   0.0039090000   0.0093970000   0.0193700000
   6.6143496953   6.1949069576  610  2.12E+00   0.7378210000  -0.5968270000   2.4154550000   0.2129510000  -1.8967370000   2.5536230000  -0.5287500000   4.6969420000   7.9506000000  -0.3283490000   3.6934210000   7.3354830000  -0.3347770000   2.7284640000   6.6382750000  -0.0086840000  -0.0216640000   0.0021920000   0.0087750000   0.0213500000  -0.0025340000  -0.0189740000   0.0336940000   0.0142270000   0.0319820000  -0.0187410000   0.0030970000  -0.0130990000  -0.0146400000  -0.0169820000
   6.6137917961   6.1942755353  691  3.78E+00  -2.2034670000   0.2002550000   3.1808290000  -1.1893440000  -0.2580000000   2.0892510000   3.3034970000   0.7046050000   8.5536490000   2.2281350000   0.7154380000   8.0632190000   1.1025460000   0.7218920000   7.7598860000  -0.0239960000   0.0108030000   0.0256960000   0.0240270000  -0.0108640000  -0.0260190000   0.0083360000  -0.0003210000   0.0182710000  -0.0289800000   0.0004840000  -0.0385890000   0.0206140000  -0.0001020000   0.0206400000
   6.6117648475   6.1944503410  739  2.62E+00  -0.5084370000   1.3955730000   1.8252130000   0.0116650000  -0.0135180000   2.0301300000   1.0841460000   0.6709170000   8.0925180000   0.0073610000   0.1974170000   8.3070190000  -1.1158980000  -0.1518530000   8.4186690000  -0.0082930000   0.0224300000  -0.0032570000   0.0082250000  -0.0224890000   0.0032630000   0.0279600000   0.0212840000  -0.0108570000  -0.0122570000  -0.0249850000   0.0147500000  -0.0156350000   0.0037600000  -0.0038990000
   6.6128662435   6.1908376276  770  2.17E+00  -1.8624750000  -2.0796010000   4.3448520000  -1.8124830000  -0.8788650000   3.6011690000   3.9396370000   1.1507360000   4.6596140000   3.3404980000   1.8615770000   5.4060720000   2.7219880000   2.6597440000   6.0244040000   0.0007530000   0.0176870000  -0.0109310000  -0.0007140000  -0.0176620000   0.0109910000   0.0149480000  -0.0113780000  -0.0260190000  -0.0062020000  -0.0061400000   0.0247510000  -0.0087850000   0.0174930000   0.0012070000
   6.6106021283   6.1927404192  770  2.69E+00  -1.8578960000  -2.0741910000   4.3232650000  -1.8126200000  -0.8788040000   3.6017000000   3.9417630000   1.1499840000   4.6605340000   3.3402680000   1.8634690000   5.4067710000   2.7204250000   2.6584310000   6.0216670000   0.0009970000   0.0259160000  -0.0156190000  -0.0009620000  -0.0258880000   0.0156830000   0.0170390000  -0.0141170000  -0.0286490000  -0.0111560000   0.0006370000   0.0304510000  -0.0059180000   0.0134520000  -0.0018650000
   6.6131433128   6.1925327413 1285  5.23E+00   0.0016450000  -1.3047060000   2.2005970000   0.0046890000   0.0132810000   1.8582850000  -0.9627610000   0.6906880000   9.1315850000   0.0070670000   0.2735350000   8.6226520000   0.9339360000  -0.1924840000   7.9772410000   0.0000750000   0.0518630000  -0.0135160000  -0.0002730000  -0.0517880000   0.0132820000  -0.0041540000  -0.0021720000  -0.0066290000  -0.0473500000   0.0321140000   0.0506530000   0.0517020000  -0.0300170000  -0.0437890000
   6.6102558086   6.1915859185 1349  3.79E+00   0.6428900000  -0.3571140000   2.2355050000  -0.6983800000  -0.1580230000   1.7453900000   1.5043610000   0.6257860000   9.8956570000   1.3073410000   0.4597830000   8.7613510000   0.9615950000   0.5284380000   7.6706740000  -0.0054640000   0.0007750000  -0.0021190000   0.0053990000  -0.0008860000   0.0016760000  -0.0160770000   0.0134660000  -0.0250770000   0.0048400000  -0.0268910000  -0.0493740000   0.0113020000   0.0135360000   0.0748940000
   6.6121511501   6.1907823589 1778  5.82E+00  -0.5196390000  -2.2171170000   2.7001370000  -0.2612720000  -0.7279340000   2.1926100000  -0.2112030000   0.6849140000   8.2198100000   0.4864850000   1.6417180000   7.9743810000   1.1835970000   2.5454930000   7.6744990000  -0.0073360000  -0.0423570000   0.0143980000   0.0074020000   0.0424380000  -0.0144600000  -0.0325600000  -0.0473490000   0.0098700000   0.0237690000   0.0388160000  -0.0038510000   0.0087250000   0.0084510000  -0.0059570000
   6.6135197827   6.1935096671 1804  2.87E+00   0.8291650000  -1.4554210000   2.8366970000   2.0651390000  -0.8200210000   3.1295230000  -3.3967260000   1.0496630000   5.3727070000  -3.8318050000   1.8107950000   6.2050550000  -4.0927960000   2.4657350000   7.1620540000   0.0149050000   0.0075620000   0.0034630000  -0.0144840000  -0.0076350000  -0.0035650000   0.0272700000  -0.0381170000  -0.0272400000  -0.0313150000   0.0282210000  -0.0039220000   0.0036230000   0.0099690000   0.0312640000
   6.6144193653   6.1949773146 1843  4.44E+00   1.4971410000  -0.2892250000   1.8511730000  -0.0189180000   0.0029530000   2.0595370000  -0.4942750000  -0.8302540000   8.1797940000  -0.0433070000   0.2748680000   8.2589310000   0.5269420000   1.3150580000   8.2189900000   0.0356590000  -0.0068700000  -0.0048950000  -0.0356720000   0.0069170000   0.0048980000  -0.0062820000  -0.0371220000  -0.0081410000  -0.0115780000   0.0216580000   0.0148340000   0.0178720000   0.0154170000  -0.0066960000
   6.6129460849   6.1900974467 1843  4.79E+00   1.5027050000  -0.2903080000   1.8518710000  -0.0189880000   0.0029650000   2.0612280000  -0.4944900000  -0.8308160000   8.1764560000  -0.0444620000   0.2741120000   8.2564600000   0.5280260000   1.3161990000   8.2156950000   0.0371340000  -0.0071550000  -0.0051040000  -0.0371490000   0.0071990000   0.0051060000  -0.0059240000  -0.0365440000  -0.0082120000  -0.0143280000   0.0168990000   0.0151380000   0.0202670000   0.0196010000  -0.0069280000
   6.6101582307   6.1947452109 1981  3.35E+00  -1.0169760000  -0.9655160000   2.3374230000   0.0101750000   0.0155690000   1.7796360000   0.3540430000  -0.5688380000   9.5130220000  -0.0245280000   0.2573890000   8.7572160000  -0.3223740000   1.0463640000   7.8789590000  -0.0184640000  -0.0177050000   0.0100000000   0.0185140000   0.0174940000  -0.0102740000   0.0113030000  -0.0163960000   0.0064210000   0.0001090000  -0.0245260000   0.0469280000  -0.0114630000   0.0411330000  -0.0530740000
   6.6130846171   6.1915942084 2304  2.33E+00  -0.9462960000  -0.7255250000   2.3550690000   0.0092500000   0.0071210000   1.7198070000   0.6004050000   0.6526800000   9.7595420000   0.0028960000   0.2689700000   8.8236780000  -0.5891580000  -0.1567730000   7.8802360000   0.0378160000   0.0289870000  -0.0252420000  -0.0376790000  -0.0289120000   0.0248450000   0.0036360000  -0.0005130000   0.0051530000   0.0095680000   0.0128300000   0.0152430000  -0.0133400000  -0.0123930000  -0.0199990000
   6.6122644666   6.1933883624 2529  6.05E+00  -1.5213330000  -0.1908780000   2.1406550000   0.0221960000   0.0025300000   1.8735760000  -0.9574890000   0.6136060000   9.0832050000  -0.0009200000   0.2076310000   8.5633940000   0.9431760000  -0.0824060000   7.9975160000  -0.0408930000  -0.0051110000   0.0071010000   0.0407520000   0.0051320000  -0.0071650000   0.0244090000  -0.0019710000  -0.0161490000   0.0464650000  -0.0283310000  -0.0243010000  -0.0707340000   0.0302810000   0.0405140000
   6.6130539381   6.1934222663 2980  1.04E+01   1.4935180000  -0.5166230000   2.2368430000   0.1685030000  -0.7507750000   2.0197580000   0.2103040000   1.1486010000   9.2120090000  -0.4149070000   1.5104690000   8.2352840000  -0.8344750000   2.1872760000   7.3788970000  -0.0512260000  -0.0090810000  -0.0083540000   0.0512690000   0.0089060000   0.0084000000   0.0415800000   0.0041680000   0.0530080000  -0.0618330000  -0.0133550000  -0.0773180000   0.0202110000   0.0093630000   0.0242650000
   6.6132297729   6.1944456658 2994  3.69E+00   0.9991210000   0.9353780000   1.7708310000   0.3200870000  -0.4019470000   2.0513680000   0.4677460000   1.2522570000   8.6831680000  -0.5862450000   0.9533530000   8.1911970000  -1.6891960000   0.6682300000   7.8123280000   0.0121820000   0.0239850000  -0.0049800000  -0.0120750000  -0.0239570000   0.0050540000   0.0389350000   0.0128740000   0.0272510000   0.0051120000  -0.0033910000  -0.0215270000  -0.0441550000  -0.0095120000  -0.0057970000
   6.6111203324   6.1910562213 3130  6.55E+00   0.9476740000  -0.8010270000   2.2674650000  -0.0165150000   0.0084510000   1.7676830000  -0.8313040000  -0.0279380000   7.9047810000   0.0403010000   0.2220500000   8.7356100000   0.8238230000   0.5571810000   9.5675250000  -0.0417960000   0.0351500000  -0.0217210000   0.0420200000  -0.0351200000   0.0214470000  -0.0649000000  -0.0123160000  -0.0548920000   0.0447650000  -0.0031030000   0.0282170000   0.0199110000   0.0153890000   0.0269490000
   6.6141029208   6.1929719502 3337  4.17E+00  -1.5194260000  -1.3547280000   4.0189050000  -1.8275690000  -0.9116460000   2.6859220000   4.1134590000   2.1707000000   7.9006330000   3.4346200000   1.8652920000   6.9913210000   2.5312330000   1.7550440000   6.1848520000  -0.0017330000   0.0022740000  -0.0071740000   0.0013970000  -0.0025950000   0.0069440000  -0.0115150000   0.0131500000   0.0093860000   0.0663830000  -0.0207110000   0.0210360000  -0.0545310000   0.0078820000  -0.0301930000
   6.6136689573   6.1931341446 3465  8.44E+00   0.2126560000  -1.9942780000   3.2539580000   0.7787880000  -1.1302130000   2.1715910000  -0.5261390000   1.7203950000   7.5125750000  -1.4483150000   2.4443880000   7.8669870000  -2.2894720000   2.9024850000   8.5324420000  -0.0065500000  -0.0100070000   0.0123610000   0.0064790000   0.0098570000  -0.0128090000   0.0513130000  -0.0524190000   0.0037210000  -0.0695650000   0.0765490000  -0.0129150000   0.0183230000  -0.0239800000   0.0096420000
   6.6109098178   6.1940208272 3923  4.37E+00   0.7519070000  -1.1999450000   2.7727410000  -0.1619920000  -0.8628420000   1.8248200000   0.1066600000   1.3424590000   7.6067200000   0.2706510000   1.8279220000   8.6297490000   0.4518210000   2.3578460000   9.6278640000  -0.0372280000   0.0136840000  -0.0387530000   0.0372580000  -0.0138650000   0.0383040000   0.0118960000   0.0355960000   0.0661690000  -0.0032130000  -0.0096330000  -0.0089240000  -0.0087140000  -0.0257830000  -0.0567960000
   6.6126898402   6.1937306096 3940  5.29E+00  -0.6113590000   1.2331560000   2.2888080000  -1.7107660000   0.4344290000   2.4452930000   2.1213000000   0.0622360000   7.2969980000   3.1160420000  -0.5899340000   7.4376420000   4.1220000000  -1.1790340000   7.7641970000  -0.0395240000  -0.0287410000   0.0055620000   0.0394570000   0.0286600000  -0.0058740000  -0.0295980000   0.0240250000   0.0078820000  -0.0241800000   0.0034510000  -0.0358800000   0.0538450000  -0.0273940000   0.0283100000
