   6.6245778431   6.4757225984  102  2.74E+00   1.2126150000   0.4481380000   2.4150720000  -0.0129440000  -0.0076010000   1.6463130000  -0.6234840000  -0.0886430000   9.8787830000  -0.0425600000   0.1935930000   8.9146700000   0.6436800000   0.6407180000   8.0559550000   0.0196700000   0.0073020000   0.0122250000  -0.0198100000  -0.0074220000  -0.0125120000   0.0205840000   0.0176970000  -0.0147460000  -0.0343220000  -0.0332040000   0.0142730000   0.0138770000   0.0156280000   0.0007610000
   6.6202103883   6.4781000056  142  4.26E+00  -1.9970590000   0.9006000000   3.9059250000  -1.7675690000   0.7702560000   2.4250330000   3.5059470000  -1.4486950000   8.6104490000   3.1525560000  -1.1288280000   7.5377390000   3.0809340000  -0.9198130000   6.3749020000  -0.0031390000   0.0017580000   0.0199070000   0.0028480000  -0.0016870000  -0.0199060000   0.0178010000  -0.0062060000  -0.0104460000  -0.0377820000   0.0134590000   0.0192320000   0.0202710000  -0.0073240000  -0.0087870000
   6.6211062997   6.4759337504  480  1.34E+01  -2.0896310000  -0.7819560000   3.4675010000  -1.0459500000  -1.8022060000   3.0221040000   1.3120990000   4.3734660000   6.9185600000   1.9059090000   3.5591160000   6.4724640000   2.6125240000   2.6923110000   5.9121910000  -0.0188340000   0.0183890000   0.0080410000   0.0185100000  -0.0184250000  -0.0080580000   0.0954430000  -0.1234110000  -0.0731320000  -0.1590930000   0.1933670000   0.1235600000   0.0639740000  -0.0699200000  -0.0504110000
   6.6238497413   6.4775356129  480  1.16E+01  -2.0821690000  -0.7886640000   3.4625160000  -1.0462950000  -1.8025480000   3.0218770000   1.3112340000   4.3764920000   6.9182550000   1.9085030000   3.5568960000   6.4735010000   2.6126950000   2.6930860000   5.9131630000  -0.0163870000   0.0160180000   0.0069750000   0.0160730000  -0.0160520000  -0.0069890000   0.0870860000  -0.1120090000  -0.0666860000  -0.1485530000   0.1792570000   0.1159330000   0.0617800000  -0.0672140000  -0.0492330000
   6.6245402780   6.4765993167  578  3.66E+00   1.4052760000   0.3425110000   2.3232930000  -0.0180740000  -0.0059010000   1.7322270000   0.3604220000  -0.6762420000   8.1629130000   0.0195360000   0.2556330000   8.8006930000  -0.3733580000   1.1799060000   9.4340940000   0.0379920000   0.0093540000   0.0157590000  -0.0380340000  -0.0091980000  -0.0158830000  -0.0012630000  -0.0062880000  -0.0023420000   0.0130960000  -0.0133090000  -0.0116440000  -0.0117900000   0.0194410000   0.0141110000
   6.6230738655   6.4783974837 1064  9.45E+00   1.3103040000  -1.3969100000   3.0663610000   0.4385220000  -0.9886240000   2.0615590000  -0.1079420000   1.7081490000   9.1100620000  -0.8791960000   2.1215440000   8.2327600000  -1.5046830000   2.4123260000   7.2217070000  -0.0210500000   0.0098520000  -0.0242660000   0.0211430000  -0.0099570000   0.0242320000   0.0706880000  -0.0398850000   0.0659800000  -0.0367310000   0.0263920000   0.0060480000  -0.0340500000   0.0135980000  -0.0719930000
   6.6213351227   6.4786222270 1160  7.60E+00  -2.4945770000   0.7592560000   3.6781540000  -1.3057630000   1.2499020000   2.7088250000   2.2736010000  -1.3090240000   7.9007220000   2.4445010000  -2.1028240000   7.0331630000   2.5697850000  -2.7148650000   6.0604360000  -0.0359600000  -0.0148630000   0.0293420000   0.0359470000   0.0148600000  -0.0293260000  -0.0048630000   0.0237260000   0.0067220000   0.0114580000  -0.0568000000  -0.0344820000  -0.0065820000   0.0330760000   0.0277440000
   6.6224312676   6.4799838137 1165  4.73E+00  -1.6704390000   1.8706410000   5.5951920000  -1.9113440000   1.2787450000   4.2389530000   3.4826810000  -2.1348600000   5.3533970000   3.4901430000  -2.0221800000   4.1561180000   3.5482400000  -2.1636470000   3.0049350000   0.0029590000   0.0072310000   0.0165370000  -0.0028270000  -0.0072630000  -0.0166280000   0.0044530000  -0.0211760000   0.0417800000  -0.0075170000   0.0350280000  -0.0729440000   0.0029320000  -0.0138200000   0.0312550000
   6.6233510364   6.4753587223 1397  6.45E+00  -0.2978700000  -2.1646090000   4.1044490000   1.0443930000  -2.0345670000   3.2339170000  -2.8404480000   4.2572590000   6.6941440000  -1.8682380000   3.9589160000   6.0805980000  -0.9542610000   3.7559710000   5.3328030000  -0.0399210000  -0.0038910000   0.0259020000   0.0398670000   0.0036560000  -0.0258640000  -0.0257960000   0.0131220000   0.0059460000   0.0017570000  -0.0141450000   0.0246580000   0.0240930000   0.0012580000  -0.0306420000
   6.6239707613   6.4777153866 1782  1.69E+00  -2.0724080000  -0.0464040000   3.1790790000  -1.2742490000  -0.6294950000   2.2048910000   3.5331480000   1.3974930000   8.0267470000   2.3649170000   1.3774700000   7.8864900000   1.1859970000   1.4028940000   7.8420340000   0.0206890000  -0.0151520000  -0.0253430000  -0.0206130000   0.0150780000   0.0251500000   0.0057890000   0.0032510000   0.0075130000  -0.0003620000  -0.0068010000  -0.0148900000  -0.0055030000   0.0036230000   0.0075690000
   6.6220752185   6.4758089691 1782  1.41E+00  -2.0788650000  -0.0553700000   3.1905580000  -1.2745020000  -0.6295300000   2.2046290000   3.5322920000   1.3995140000   8.0313290000   2.3668270000   1.3765930000   7.8849360000   1.1870870000   1.4022730000   7.8392060000   0.0178200000  -0.0127590000  -0.0219370000  -0.0177440000   0.0126840000   0.0217400000   0.0019790000   0.0034100000   0.0074290000   0.0048710000  -0.0072030000  -0.0150940000  -0.0069260000   0.0038690000   0.0078610000
   6.6240204981   6.4761377174 1830  2.95E+00   0.1627690000   0.4132660000   1.9652690000  -0.2108250000  -1.0990240000   1.9859830000   0.7474550000   3.3103400000   8.6552710000   0.3706780000   2.2312150000   8.3315460000   0.0169330000   1.1651250000   8.0491600000   0.0088100000   0.0356450000  -0.0004930000  -0.0087700000  -0.0355660000   0.0003340000   0.0091400000   0.0228290000   0.0099570000  -0.0214070000  -0.0564170000  -0.0227830000   0.0122260000   0.0335090000   0.0129850000
   6.6209791627   6.4779970697 1876  6.96E-01  -0.9733250000  -1.5386970000   3.1057610000   0.0069180000  -1.3250940000   2.0893740000   0.1924590000   2.4859000000   9.2811970000  -0.0301490000   2.6646010000   8.1336900000  -0.1430520000   2.9162520000   6.9835480000   0.0087480000   0.0018490000  -0.0090530000  -0.0087430000  -0.0020980000   0.0090080000   0.0101970000   0.0024770000   0.0166960000  -0.0162280000  -0.0104240000  -0.0074100000   0.0060260000   0.0081960000  -0.0092420000
   6.6211072327   6.4785015397 2415  2.53E+00   2.2369150000   0.1536010000   3.4001020000   1.3450180000   0.3364210000   2.2204750000  -3.3481110000  -1.1485240000   7.7310920000  -2.5308990000  -0.3441160000   7.9672990000  -1.6102310000   0.4046760000   7.9852670000   0.0089540000  -0.0018600000   0.0117730000  -0.0089470000   0.0017760000  -0.0119560000   0.0125880000   0.0023400000  -0.0120320000  -0.0293330000  -0.0073320000   0.0250000000   0.0167380000   0.0050760000  -0.0127840000
   6.6228008722   6.4765069868 2427  2.67E+00  -0.4832770000  -0.9829860000   2.6190460000   0.0087690000   0.0117840000   1.5517530000   0.3427680000   0.4376260000  10.2409680000   0.0430260000   0.2881610000   9.0973700000  -0.3884160000   0.0368050000   8.0160210000  -0.0100530000  -0.0203890000   0.0217040000   0.0101480000   0.0203960000  -0.0220850000   0.0005100000  -0.0019450000   0.0369700000   0.0165750000   0.0133380000  -0.0196660000  -0.0171800000  -0.0114000000  -0.0169240000
   6.6247904317   6.4775886348 2866  3.38E+00  -1.4081310000  -0.0912990000   2.4869640000  -0.3876490000  -1.2009050000   2.0576720000   1.3550580000   3.3827180000   8.4697740000   0.7692490000   2.4042290000   8.2244900000   0.0921980000   1.5034740000   7.9241220000  -0.0254450000   0.0276980000   0.0106340000   0.0255140000  -0.0276950000  -0.0108940000  -0.0140120000  -0.0074170000  -0.0065240000   0.0066490000  -0.0164400000   0.0029360000   0.0072940000   0.0238540000   0.0038470000
   6.6209762234   6.4753709344 2866  3.31E+00  -1.4049870000  -0.0930210000   2.4912100000  -0.3878550000  -1.2013670000   2.0571970000   1.3558200000   3.3860290000   8.4742620000   0.7684070000   2.4022790000   8.2259430000   0.0928960000   1.5040420000   7.9206490000  -0.0251000000   0.0273810000   0.0106430000   0.0251680000  -0.0273790000  -0.0108940000  -0.0081290000   0.0024100000  -0.0042710000  -0.0008510000  -0.0285090000   0.0000680000   0.0089120000   0.0260970000   0.0044550000
   6.6224873286   6.4772519455 2975  2.34E+00   0.5892660000   2.2220770000   3.8487000000  -0.4111630000   2.1282020000   2.7229880000   0.9754300000  -4.7988710000   6.8451480000   0.7686810000  -3.6414100000   6.9219180000   0.4638450000  -2.5486180000   7.1180430000   0.0144470000   0.0013840000   0.0161600000  -0.0144140000  -0.0013190000  -0.0164010000  -0.0060870000  -0.0089180000   0.0084610000  -0.0015030000   0.0658910000  -0.0086340000   0.0075570000  -0.0570390000   0.0004140000
   6.6247010045   6.4773138343 3315  1.15E+01  -0.0208900000  -1.9179860000   4.0398960000   0.0137130000  -1.9561100000   2.6360550000  -0.8280940000   3.1395900000   6.5451210000  -0.1192340000   3.9469130000   7.1188490000   0.8504380000   4.4752760000   7.6923510000   0.0006690000  -0.0007590000  -0.0256660000  -0.0005540000   0.0005530000   0.0255150000  -0.0248680000  -0.0574430000  -0.0303320000  -0.0695870000   0.0281970000  -0.0173980000   0.0943400000   0.0294510000   0.0478820000
   6.6202956576   6.4768048898 3359  4.04E+00   1.2249710000   0.4208380000   2.2559380000  -0.1843610000   0.1163330000   1.7298540000  -0.1661920000   0.8725130000   8.1623390000   0.3754920000   0.0546420000   8.8112870000   0.7278740000  -0.8333700000   9.4428100000   0.0277300000   0.0059350000   0.0103260000  -0.0276140000  -0.0060880000  -0.0104870000  -0.0097290000  -0.0108980000   0.0054680000   0.0423700000  -0.0321700000   0.0295640000  -0.0327580000   0.0432200000  -0.0348710000
   6.6238337203   6.4785181132 3637  5.56E+00  -0.9631440000  -1.1067620000   3.0735200000  -0.7433660000  -0.6979770000   1.7973560000   1.4814400000   1.4467930000   7.4913350000   1.4466770000   1.5097290000   8.6611770000   1.2057730000   1.6631280000   9.8378710000   0.0090650000   0.0168990000  -0.0529560000  -0.0092180000  -0.0170570000   0.0527470000  -0.0123310000   0.0066800000   0.0098720000   0.0370070000  -0.0198900000  -0.0688480000  -0.0245240000   0.0133680000   0.0591840000
   6.6205700336   6.4752505105 3985  2.38E+00  -0.4041680000  -2.1125230000   3.5185690000  -0.2559450000  -1.3296340000   2.1982510000  -0.1156700000   1.6924770000   7.9232870000   0.4993790000   2.7020040000   7.9723180000   1.0445020000   3.7404260000   7.8928310000  -0.0030790000  -0.0163930000   0.0275160000   0.0031620000   0.0163740000  -0.0277430000  -0.0099380000  -0.0061380000  -0.0072400000   0.0127380000   0.0008470000   0.0154910000  -0.0028830000   0.0053100000  -0.0080250000
