   6.6221994114   6.7142126826  169  5.60E+00  -0.9326400000  -0.3394360000   3.0337220000  -0.9653570000  -0.8096200000   1.7639710000   1.2455050000   1.4794390000   7.6760730000   1.8166970000   1.7121060000   8.6981590000   2.2706930000   1.9877890000   9.7946120000  -0.0014720000  -0.0205280000  -0.0554120000   0.0013810000   0.0203910000   0.0551190000  -0.0221970000  -0.0035530000  -0.0231550000   0.0004650000  -0.0160900000  -0.0495750000   0.0218230000   0.0197800000   0.0730230000
   6.6215009094   6.7106760391  332  2.49E+00  -0.3713220000  -1.5234180000   5.6181180000  -1.4224340000  -2.0121330000   4.7298130000   2.1133500000   3.2298200000   2.4818510000   2.6626080000   3.8850810000   3.2969800000   3.0152120000   4.6863990000   4.0685150000   0.0020260000   0.0009460000   0.0017330000  -0.0020160000  -0.0010010000  -0.0015600000  -0.0137460000   0.0097910000  -0.0054840000   0.0319100000  -0.0084190000   0.0198570000  -0.0181740000  -0.0013180000  -0.0145460000
   6.6200353974   6.7126604431  474  8.11E+00   0.8584120000  -0.6392760000   3.0039660000   0.4939850000  -1.2945580000   1.8753940000  -0.7276390000   2.2163010000   7.4647870000  -0.8986010000   2.5052930000   8.5581950000  -1.1189500000   3.0962760000   9.5563680000  -0.0157100000  -0.0284030000  -0.0488550000   0.0157910000   0.0281820000   0.0486430000  -0.0155680000   0.0425820000   0.0684330000   0.0194430000  -0.0653440000  -0.0627820000  -0.0039560000   0.0229830000  -0.0054390000
   6.6218316596   6.7137568082  740  6.09E+00   0.7008410000  -1.1672480000   3.1186630000   0.0784150000  -0.9715650000   1.6879630000  -0.4088410000   2.1813230000   9.9714220000  -0.1210560000   2.0283530000   8.8598540000   0.0639390000   1.9094480000   7.7521270000   0.0159700000  -0.0051120000   0.0366090000  -0.0159700000   0.0049070000  -0.0368370000   0.0012510000  -0.0020360000  -0.0347670000   0.0244920000  -0.0127020000  -0.0731730000  -0.0257430000   0.0149430000   0.1081680000
   6.6234837599   6.7113490698  897  8.63E+00  -1.2486500000   0.7565040000   5.9390950000  -0.3732340000   1.7227490000   6.0984910000   1.5066290000  -2.5416790000   0.0028390000   0.6468310000  -2.8841880000   0.7407250000  -0.0495120000  -3.2569870000   1.6107700000   0.0616010000   0.0680270000   0.0112160000  -0.0615570000  -0.0678920000  -0.0112400000   0.0213160000   0.0016420000  -0.0009140000  -0.0349170000  -0.0000470000  -0.0032810000   0.0135580000  -0.0017300000   0.0042190000
   6.6246235214   6.7139712917  926  3.08E+00   0.2174280000   0.6112380000   2.6698920000  -0.0043770000  -0.0077480000   1.4710310000   0.3684240000   0.4449140000  10.3427000000  -0.0112410000   0.2693810000   9.2817360000  -0.3518220000   0.0407230000   8.1758310000  -0.0080120000  -0.0224400000  -0.0436550000   0.0081050000   0.0224980000   0.0432760000  -0.0198960000  -0.0142400000  -0.0661120000   0.0170120000   0.0179040000   0.0672430000   0.0027910000  -0.0037220000  -0.0007520000
   6.6218618327   6.7124217762 1037  1.06E+00   0.7829750000  -1.1687940000   3.4130790000   0.2410850000  -2.4511960000   3.1424980000  -0.4127730000   3.5552120000   6.0669020000  -0.4513950000   4.7191490000   6.1803000000  -0.5017330000   5.9053190000   6.3853280000  -0.0068750000  -0.0164250000  -0.0035250000   0.0069330000   0.0162010000   0.0033340000  -0.0012870000   0.0124330000   0.0073960000   0.0042630000  -0.0671090000  -0.0222450000  -0.0030350000   0.0549010000   0.0150410000
   6.6216122395   6.7148233352 1913  6.40E+00  -0.3356920000  -1.4065660000   2.2822940000   0.0031620000   0.0224360000   1.7793220000   0.0681750000   1.3948490000   8.3520770000   0.0508120000   0.2170580000   8.6901180000  -0.1009620000  -0.8935520000   9.0953180000  -0.0076570000  -0.0323790000   0.0114530000   0.0076780000   0.0322880000  -0.0113900000  -0.0064050000   0.0803680000  -0.0166410000   0.0184140000  -0.0514010000  -0.0001150000  -0.0120290000  -0.0288750000   0.0166930000
   6.6215427091   6.7118583759 2246  5.38E+00  -1.0814470000  -0.9957490000   2.3047510000   0.0118980000   0.0132610000   1.8193020000   0.6269720000  -0.7065900000   8.8362990000   0.0255110000   0.2628650000   8.7106360000  -0.6374130000   1.1934370000   8.3946060000  -0.0268770000  -0.0248340000   0.0119510000   0.0269370000   0.0247650000  -0.0119640000  -0.0342040000   0.0456820000  -0.0184870000   0.0443790000  -0.0514800000   0.0330730000  -0.0102350000   0.0058670000  -0.0145720000
   6.6228066897   6.7139619357 2357  7.14E+00  -0.2029410000  -2.1037890000   2.8276700000   0.2177380000  -0.7955750000   2.0329700000   0.0095000000   0.7695200000   8.8387700000  -0.3713180000   1.7454020000   8.2144080000  -0.8054060000   2.7137260000   7.6646010000  -0.0116240000  -0.0361070000   0.0219810000   0.0116300000   0.0361520000  -0.0218990000   0.0200820000  -0.0592340000   0.0432950000  -0.0025830000   0.0269070000  -0.0304760000  -0.0175040000   0.0322820000  -0.0129000000
   6.6233952437   6.7121851024 2429  5.63E+00  -0.1428320000  -1.9798410000   4.0695440000   0.0975050000  -2.0236080000   2.7228990000  -0.0885330000   2.8717240000   7.3114220000  -0.2741310000   3.9703690000   6.9759380000  -0.1836370000   5.0665350000   6.5977450000   0.0085460000  -0.0015940000  -0.0480270000  -0.0085940000   0.0015430000   0.0478180000   0.0144870000   0.0331060000  -0.0116830000  -0.0320840000  -0.0063220000   0.0052320000   0.0176450000  -0.0267340000   0.0066600000
   6.6215372397   6.7132143343 2439 -6.10E-01   0.4530210000   0.7407770000   2.6388920000  -0.0059040000  -0.0085840000   1.4956280000   0.3197160000  -0.1599130000  10.2713880000  -0.0087000000   0.2440860000   9.2256110000  -0.3122400000   0.6605540000   8.1683830000  -0.0018260000  -0.0030740000  -0.0047760000   0.0019100000   0.0029830000   0.0044640000  -0.0007530000   0.0037870000  -0.0079440000  -0.0014150000  -0.0038610000   0.0052040000   0.0020840000   0.0001650000   0.0030520000
   6.6209077301   6.7144346041 2515  1.76E+00   0.8723350000  -1.6621120000   4.9140600000   0.2712080000  -2.4957250000   3.9654120000  -0.5672840000   5.6507380000   3.8812590000  -0.5222120000   4.8051620000   4.6571070000  -0.4501320000   3.9986930000   5.5100270000  -0.0125840000  -0.0175440000  -0.0199440000   0.0126140000   0.0173860000   0.0197520000   0.0038480000  -0.0347640000   0.0404460000  -0.0051630000   0.0264490000  -0.0418800000   0.0012850000   0.0084730000   0.0016260000
   6.6238356458   6.7141997740 2546  1.36E+00  -0.6988790000  -1.1159540000   2.3162550000   0.0094470000   0.0137050000   1.7439900000  -1.1072430000   0.3645820000   9.2062980000   0.0006430000   0.2785270000   8.7537460000   1.1036120000   0.1158630000   8.3676480000   0.0007200000   0.0011980000  -0.0005620000  -0.0008130000  -0.0011660000   0.0006030000  -0.0411470000  -0.0014350000   0.0217430000   0.0323580000   0.0073100000  -0.0242400000   0.0088820000  -0.0059070000   0.0024560000
   6.6228137408   6.7127915841 2874  4.71E+00  -0.0040800000  -0.1502550000   2.6315520000   0.9717240000  -0.9332190000   1.8250030000  -1.4329950000   1.2962850000   7.6823240000  -1.6752570000   1.9182930000   8.6970230000  -2.1621660000   2.6215210000   9.5097360000  -0.0093090000   0.0074820000   0.0075710000   0.0094730000  -0.0075740000  -0.0079470000  -0.0046620000  -0.0226410000  -0.0568320000   0.0242920000   0.0109330000   0.0616440000  -0.0197940000   0.0118000000  -0.0044370000
   6.6217510129   6.7131082224 2932  5.30E+00   0.2727810000   1.4745870000   2.1523190000  -0.0025320000  -0.0197230000   1.7893530000  -0.8848740000   0.9898560000   8.3671980000  -0.0027940000   0.2220090000   8.6486790000   0.8824320000  -0.4632430000   9.0693990000   0.0066840000   0.0360880000   0.0087890000  -0.0065990000  -0.0361750000  -0.0087260000  -0.0341920000   0.0347320000  -0.0011500000   0.0047290000  -0.0168890000  -0.0219460000   0.0293790000  -0.0177560000   0.0230340000
   6.6243128861   6.7128120952 3235  4.30E+00  -0.6867730000   1.6099990000   2.4033000000  -0.8434810000   0.3185140000   1.9721010000   0.6944960000   0.4016440000   8.5058260000   1.5682570000  -0.3298330000   8.3222030000   2.3840360000  -1.1585410000   8.2473520000  -0.0053820000  -0.0446620000  -0.0148910000   0.0054880000   0.0446080000   0.0149330000   0.0321720000  -0.0371600000   0.0018120000  -0.0121820000   0.0277670000  -0.0121970000  -0.0200960000   0.0094470000   0.0103430000
   6.6243510366   6.7119057912 3276  3.84E+00   1.4694150000  -0.7465700000   2.5718850000   0.4703080000  -0.1450070000   1.7917280000  -0.8189730000   1.6373490000   9.0769960000  -0.8931880000   0.5291480000   8.6276820000  -0.9519260000  -0.5756660000   8.3370670000  -0.0189640000   0.0114520000  -0.0147820000   0.0189530000  -0.0113440000   0.0148380000   0.0029990000   0.0331210000   0.0250080000  -0.0070190000  -0.0972910000  -0.0541270000   0.0040310000   0.0640620000   0.0290630000
   6.6245816433   6.7140314189 3774  3.71E+00  -2.2369410000  -0.4786070000   2.9946930000  -1.0380810000  -1.1593350000   2.5122660000   1.2610710000   1.7198830000   8.1249500000   1.9004100000   2.3487580000   7.3275230000   2.6376630000   3.0247400000   6.6399550000  -0.0022920000   0.0013470000   0.0009530000   0.0023690000  -0.0012620000  -0.0008920000  -0.0179560000  -0.0204370000   0.0374150000  -0.0281800000  -0.0195180000  -0.0073310000   0.0460590000   0.0398700000  -0.0301450000
   6.6214029241   6.7126989603 3813  3.56E+00   0.3125460000  -0.9778570000   2.2724180000  -0.2460330000   0.2424240000   1.7399400000   0.0913710000   0.8324830000   9.2981210000   0.3900830000  -0.2340050000   8.8514490000   0.8248550000  -1.1182570000   8.2254680000  -0.0019340000   0.0042010000  -0.0018610000   0.0018580000  -0.0041260000   0.0017890000   0.0020330000   0.0372440000  -0.0004690000  -0.0034730000  -0.0648720000  -0.0001910000   0.0015150000   0.0275520000   0.0007320000
   6.6211835625   6.7148334353 3848  3.54E+00  -1.2710620000   0.4347200000   2.4261330000   0.0157950000  -0.0057620000   1.6681550000  -0.9311400000   0.6033050000   9.5008200000   0.0156210000   0.2819460000   8.9192970000   0.9206110000  -0.1259010000   8.3206630000  -0.0301620000   0.0103350000   0.0177740000   0.0300430000  -0.0102730000  -0.0178180000   0.0280210000  -0.0167170000  -0.0193730000   0.0040480000   0.0097410000  -0.0004260000  -0.0319500000   0.0069140000   0.0198420000
