   6.6217012820   6.0808437411  130  5.87E+00   0.6603880000   1.6294740000   2.5145380000   0.8917290000   0.1845880000   1.9413830000  -0.8710500000   0.4959330000   7.7527800000  -1.6058880000  -0.0706990000   8.4995470000  -2.4185310000  -0.7797240000   9.0136670000  -0.0058920000   0.0368770000   0.0145030000   0.0059450000  -0.0369450000  -0.0149230000   0.0082020000   0.0016010000  -0.0264290000   0.0207830000   0.0283230000   0.0256650000  -0.0290390000  -0.0298560000   0.0011830000
   6.6200592868   6.0842111654  683  5.63E+00   0.3539220000   1.2375440000   1.6539600000   0.0003790000  -0.0178640000   2.0984070000  -1.1239920000   0.4800850000   8.0570530000  -0.0097470000   0.2403990000   8.1883790000   1.1071200000   0.0383710000   8.2129920000  -0.0108770000  -0.0386460000   0.0136880000   0.0109260000   0.0386240000  -0.0136680000   0.0640450000  -0.0107610000   0.0010010000   0.0255780000  -0.0084420000   0.0077560000  -0.0896720000   0.0192250000  -0.0087770000
   6.6232192093   6.0843168814  688  5.27E+00  -1.2818040000  -0.1912990000   1.7344290000   0.0174480000   0.0027210000   2.0415460000  -0.5715260000   1.2357530000   7.9704290000   0.0390660000   0.2649860000   8.2085420000   0.5358170000  -0.7485400000   8.5633930000   0.0606330000   0.0090410000   0.0143310000  -0.0605480000  -0.0091250000  -0.0142500000  -0.0022300000  -0.0110130000   0.0115830000   0.0041080000   0.0250700000  -0.0245180000  -0.0019620000  -0.0139720000   0.0128540000
   6.6245896306   6.0801044029  690  8.86E+00   0.3006310000  -2.2458060000   4.6795740000   0.5727890000  -1.4693090000   6.0975520000  -1.2849350000   2.1376410000   1.5691480000  -1.0729370000   2.9432580000   0.7972920000  -0.7892010000   3.8201220000   0.0860380000  -0.0089010000  -0.0256540000  -0.0466450000   0.0091150000   0.0254090000   0.0469120000   0.0218630000   0.0719630000  -0.0594520000  -0.0215600000  -0.0596610000   0.0406440000  -0.0005170000  -0.0120560000   0.0185410000
   6.6216470154   6.0829361976  750  3.19E+00   1.3157830000   0.0430560000   2.4135670000  -0.0197780000  -0.0034530000   1.7024680000  -0.4191230000   0.4456670000   7.7556430000  -0.0767090000   0.2280620000   8.8844980000   0.4925890000   0.0853370000   9.9213880000   0.0207500000   0.0006960000   0.0109320000  -0.0206250000  -0.0007850000  -0.0113770000   0.0031480000   0.0113400000  -0.0380090000  -0.0326470000  -0.0119330000   0.0153090000   0.0293740000   0.0006810000   0.0231440000
   6.6240542719   6.0846049841  833  7.92E+00   0.6920560000  -1.7259050000   2.1353940000  -0.3631520000  -0.5639510000   2.1729330000  -0.0573930000   0.5264460000   8.6102190000   0.6973610000   1.3083120000   8.0236530000   1.3039510000   2.1043300000   7.3809520000   0.0267240000  -0.0294180000  -0.0009230000  -0.0267310000   0.0293750000   0.0009550000  -0.0652910000  -0.0580870000   0.0425380000   0.0578910000   0.0365950000  -0.0245940000   0.0074070000   0.0215350000  -0.0179760000
   6.6236486192   6.0834172053  873  8.25E+00   2.1384390000   0.8736950000   4.3415250000   2.1348370000   0.5101450000   3.0262350000  -4.8790680000  -1.3023380000   6.4740990000  -3.9745040000  -0.6109450000   6.4152880000  -2.9339080000  -0.1541890000   6.3238780000  -0.0000300000  -0.0137200000  -0.0497350000   0.0003940000   0.0137370000   0.0494220000   0.0757230000   0.0307780000  -0.0066270000  -0.0017940000   0.0250420000   0.0011080000  -0.0742930000  -0.0558360000   0.0058310000
   6.6230453459   6.0827099952 1013  2.43E+00   0.5225140000   1.2447320000   1.6278980000  -0.0010350000  -0.0128000000   2.0822180000  -0.4310080000  -0.8078100000   8.3740850000   0.0126960000   0.2248410000   8.1520560000   0.3937260000   1.3122000000   8.0057220000  -0.0032320000  -0.0077650000   0.0027680000   0.0032160000   0.0076690000  -0.0026790000   0.0200760000   0.0615250000  -0.0053940000  -0.0043460000  -0.0338320000  -0.0064480000  -0.0157140000  -0.0275970000   0.0117530000
   6.6212650852   6.0818052799 1152  8.87E-01   0.0688270000  -1.4230450000   2.0192770000  -0.0036320000   0.0187100000   1.9431830000   1.0524910000   0.5034780000   8.9129430000   0.0140420000   0.2650880000   8.4214920000  -1.0492310000  -0.0185940000   7.9343170000  -0.0001610000   0.0040630000  -0.0002240000   0.0003750000  -0.0040160000   0.0001060000   0.0010640000  -0.0021210000   0.0023270000   0.0410310000   0.0155630000   0.0140890000  -0.0423090000  -0.0134900000  -0.0162980000
   6.6220046745   6.0849353354 1195  5.50E+00   1.2998500000   0.6753010000   2.3723050000   0.7211670000  -0.7464860000   1.9606400000  -1.1919580000   2.1004170000   9.4491610000  -1.2936100000   1.5407250000   8.4035530000  -1.5205140000   1.1162280000   7.3021380000   0.0162180000   0.0396460000   0.0114210000  -0.0159250000  -0.0397330000  -0.0117570000  -0.0048450000   0.0237370000   0.0260100000   0.0208640000  -0.0173850000   0.0144630000  -0.0163120000  -0.0062650000  -0.0401360000
   6.6220143456   6.0818760303 1197  3.94E+00  -0.4233680000   0.9986200000   2.1525140000   0.4612990000   0.0143280000   1.8059300000  -1.6827500000   0.3909330000   9.4378750000  -0.7885930000   0.1505790000   8.7098390000  -0.0024260000   0.0492290000   7.8700010000   0.0316900000  -0.0352880000  -0.0124820000  -0.0317860000   0.0353060000   0.0121250000  -0.0098650000   0.0102970000  -0.0053680000   0.0498900000  -0.0241120000  -0.0230230000  -0.0399280000   0.0137980000   0.0287480000
   6.6208345324   6.0843261082 1197  4.20E+00  -0.4292130000   0.9893680000   2.1526820000   0.4617350000   0.0144440000   1.8049870000  -1.6808820000   0.3934340000   9.4409800000  -0.7890380000   0.1506400000   8.7103120000  -0.0057680000   0.0466880000   7.8712400000   0.0330450000  -0.0361880000  -0.0129610000  -0.0331400000   0.0362060000   0.0126090000  -0.0102210000   0.0104120000  -0.0049160000   0.0535990000  -0.0248180000  -0.0272920000  -0.0432830000   0.0143880000   0.0325600000
   6.6239439844   6.0811228446 1316  2.30E+00  -1.4067910000   1.8539600000   4.0674770000  -0.9893620000   1.7467780000   2.5678680000   1.3931930000  -2.0207250000   6.7042200000   1.8672200000  -2.9706220000   7.2108660000   2.2348370000  -3.9022060000   7.8029800000  -0.0100520000   0.0026630000   0.0357180000   0.0098250000  -0.0023570000  -0.0360950000  -0.0043830000  -0.0039720000   0.0091970000   0.0174690000  -0.0120240000  -0.0055020000  -0.0128580000   0.0156900000  -0.0033180000
   6.6235774632   6.0800763028 1539  1.24E+01   1.0440480000   1.0711540000   1.8600420000   0.2665040000   0.0224130000   2.0334340000  -0.4288530000  -0.9383780000   8.6432140000  -0.5206610000   0.1394190000   8.2283490000  -0.5770530000   1.3419700000   7.9083390000  -0.0527380000  -0.0711660000   0.0117240000   0.0527590000   0.0709140000  -0.0117570000   0.0000810000   0.0290450000  -0.0020340000   0.0026780000  -0.1329810000   0.0202600000  -0.0027800000   0.1041890000  -0.0181930000
   6.6223179980   6.0804296076 1832  3.00E+00  -1.5155030000  -0.9733780000   3.1859160000  -0.5950790000  -1.6257930000   2.4160780000   1.2288470000   3.9387330000   8.4720600000   1.1582480000   3.2403140000   7.5391850000   0.9691080000   2.4973800000   6.6022920000   0.0340620000  -0.0242890000  -0.0286320000  -0.0342690000   0.0238940000   0.0282670000  -0.0075220000  -0.0056190000  -0.0041490000   0.0228040000   0.0404950000   0.0451480000  -0.0150750000  -0.0344810000  -0.0406340000
   6.6205689003   6.0817739118 1946  5.72E+00   0.5457930000   1.0280740000   1.6555200000   0.9306810000  -0.1380080000   2.2690260000  -0.7795560000   0.8210390000   8.4858270000  -1.6880180000   0.3769950000   7.8537550000  -2.6356890000   0.2081050000   7.1832080000   0.0128900000  -0.0390180000   0.0205240000  -0.0128160000   0.0389790000  -0.0204460000   0.0162260000   0.0275470000   0.0120780000  -0.0200790000  -0.0469040000  -0.0162530000   0.0037780000   0.0193960000   0.0040970000
   6.6210144275   6.0811124724 2270  2.85E+00  -0.6564740000   1.0673480000   1.8407720000  -0.6757110000  -0.3219410000   2.0831050000   2.0759270000   1.0248130000   7.3361680000   1.2522370000   0.8278460000   8.1761720000   0.4000480000   0.5820060000   9.0076960000  -0.0003380000  -0.0220820000   0.0038550000   0.0001630000   0.0220320000  -0.0038800000   0.0225500000   0.0031150000  -0.0227240000   0.0289550000   0.0140170000  -0.0263880000  -0.0513300000  -0.0170830000   0.0491370000
   6.6206807637   6.0842575596 2876  1.03E+01   0.7587160000   0.8606510000   1.6599820000   0.5050670000  -0.6038680000   2.1446670000   0.1527280000   0.8936790000   8.0312110000  -0.9192010000   1.4506220000   8.0372810000  -2.0329170000   1.6666530000   8.1208540000   0.0061280000   0.0357220000  -0.0117990000  -0.0063030000  -0.0356210000   0.0116290000   0.0302180000  -0.0407920000   0.0072820000  -0.1082570000   0.0801310000  -0.0072500000   0.0782140000  -0.0394400000   0.0001370000
   6.6246664940   6.0842942502 2876  1.12E+01   0.7569970000   0.8771070000   1.6566720000   0.5052750000  -0.6043590000   2.1440270000   0.1541460000   0.8943480000   8.0303860000  -0.9212580000   1.4501640000   8.0395610000  -2.0337190000   1.6677420000   8.1233730000   0.0066600000   0.0395430000  -0.0129860000  -0.0068380000  -0.0394440000   0.0128110000   0.0342120000  -0.0422680000   0.0069310000  -0.1140590000   0.0817110000  -0.0065190000   0.0800240000  -0.0395420000  -0.0002370000
   6.6210864189   6.0809527080 3256  9.33E-01   0.0784460000   1.6980160000   1.9568540000  -0.6941900000   0.4428920000   2.1675950000   1.8059870000  -1.6248490000   7.9253350000   1.2488220000  -0.6070410000   8.0524030000   0.7185400000   0.4493340000   8.0821650000   0.0075150000   0.0121760000  -0.0020670000  -0.0074780000  -0.0123000000   0.0019910000  -0.0042730000   0.0139860000  -0.0039300000   0.0063790000  -0.0249560000   0.0083700000  -0.0021420000   0.0110940000  -0.0043630000
   6.6203022014   6.0803866757 3280  1.45E+01   1.1447570000   1.3789240000   1.9597030000   0.7407400000  -0.2977440000   2.1579000000  -2.2549100000   0.2933650000   7.4160150000  -1.3905260000   0.7603620000   8.0439550000  -0.4727880000   1.2236380000   8.6460660000   0.0155220000   0.0644360000  -0.0075810000  -0.0154320000  -0.0644050000   0.0076030000   0.0154560000   0.0067660000   0.0091870000  -0.0409480000  -0.0179410000  -0.0233030000   0.0254020000   0.0111440000   0.0140940000
   6.6209666085   6.0846532782 3299  3.70E+00   1.1865580000  -0.5856680000   1.7249830000  -0.0155430000   0.0114870000   2.0632490000  -0.5743710000  -0.7289890000   8.4519520000  -0.0339770000   0.2441830000   8.1793490000   0.6027450000   1.2128850000   7.9959860000  -0.0332590000   0.0165020000   0.0093660000   0.0331660000  -0.0166040000  -0.0092830000   0.0356770000   0.0516760000  -0.0068870000  -0.0370250000  -0.0431690000  -0.0030890000   0.0014410000  -0.0084050000   0.0098940000
   6.6217933769   6.0841146766 3317  9.88E+00   0.0543040000  -1.3499550000   2.1356600000  -0.8751040000  -2.0063520000   3.3409590000   1.4613450000   3.4126260000   4.8215450000   1.5817990000   3.8968440000   5.8754470000   1.7182640000   4.4549630000   6.9488580000   0.0318260000   0.0224110000  -0.0413370000  -0.0319480000  -0.0226930000   0.0413820000   0.0033310000   0.0128360000   0.0161800000  -0.0124860000  -0.0506400000  -0.0812540000   0.0092770000   0.0380860000   0.0650290000
   6.6221033221   6.0825504839 3622  3.41E+00  -1.0883880000   0.5425410000   2.2950520000   0.0112340000  -0.0030520000   1.7295050000  -0.3047110000   0.7207340000   7.7605690000  -0.0133550000   0.2709610000   8.8236660000   0.3272020000  -0.2554090000   9.8345640000   0.0496830000  -0.0246800000  -0.0256690000  -0.0496340000   0.0245450000   0.0252290000  -0.0031960000   0.0050710000  -0.0237400000  -0.0090780000   0.0139640000  -0.0003910000   0.0122240000  -0.0188990000   0.0245710000
   6.6203049336   6.0821546929 3823  2.48E+00  -0.2505100000  -2.3404970000   3.2197060000  -0.2150860000  -1.1718610000   2.3030760000   0.5952380000   1.2423030000   7.8264620000   0.4142440000   2.4460500000   7.7446930000   0.1837660000   3.6091460000   7.6558450000  -0.0003190000  -0.0104010000   0.0080670000   0.0002560000   0.0104700000  -0.0083400000   0.0080740000  -0.0722970000   0.0061740000   0.0012180000   0.0414660000  -0.0035970000  -0.0092290000   0.0307610000  -0.0023050000
