   6.6228039644   6.1454465623  105  3.86E+00   1.4389540000   0.3763560000   1.8240920000  -0.0204910000   0.1903050000   2.0306410000   0.3286740000   1.0128620000   8.5164810000   0.0904430000  -0.1385540000   8.2876760000  -0.3848950000  -1.1953140000   8.0067420000   0.0130330000   0.0016610000  -0.0018030000  -0.0129630000  -0.0016100000   0.0018280000  -0.0071140000   0.0419770000   0.0052320000   0.0326720000  -0.0232590000   0.0028010000  -0.0256280000  -0.0187680000  -0.0080590000
   6.6227589545   6.1483078958  117  1.83E+00   0.1049030000  -1.4683930000   2.5894900000  -0.2238730000  -0.2489110000   1.7187500000   0.1574750000   0.5486780000   9.9356170000   0.3994810000   0.7242540000   8.8318020000   0.6541050000   0.9309390000   7.6885740000   0.0063780000  -0.0238700000   0.0169030000  -0.0065190000   0.0236550000  -0.0173360000   0.0132690000   0.0111910000  -0.0587450000  -0.0180180000  -0.0167230000   0.0765860000   0.0048910000   0.0057460000  -0.0174080000
   6.6217540984   6.1482981154  603  4.44E+00  -0.1082360000  -1.8835840000   2.3834790000   0.4215400000  -0.6519200000   2.1500460000  -1.5467790000   1.9761190000   7.3481900000  -0.7741840000   1.4638940000   8.0578540000   0.0295040000   0.9871330000   8.7159830000   0.0210890000   0.0489810000  -0.0092520000  -0.0209700000  -0.0490810000   0.0092930000   0.0162490000  -0.0061640000   0.0112620000   0.0289200000  -0.0248370000   0.0302120000  -0.0452870000   0.0311020000  -0.0415150000
   6.6212261222   6.1459331703  719  3.58E+00  -0.7684440000   0.0817510000   1.4529440000   0.3874480000  -0.3867810000   2.1332500000   0.3099910000   0.5583760000   8.5869050000  -0.6719010000   0.9425520000   8.0172670000  -1.6921930000   1.3482530000   7.6502460000   0.0136470000  -0.0055330000   0.0080190000  -0.0136170000   0.0055470000  -0.0078640000   0.0262940000  -0.0096560000   0.0315270000  -0.0555150000   0.0205840000  -0.0581980000   0.0291910000  -0.0109430000   0.0265150000
   6.6217193857   6.1481945733  770  4.38E+00   0.0397340000   2.3688670000   5.2621990000  -1.1535140000   1.5017680000   5.8038800000   3.2470030000  -2.7332880000   1.2158320000   2.1060350000  -2.5667640000   1.3612870000   0.9304270000  -2.3016140000   1.4459250000   0.0305150000   0.0221550000  -0.0137970000  -0.0304270000  -0.0219610000   0.0140600000  -0.0197550000   0.0083860000  -0.0019470000   0.0701150000  -0.0244360000   0.0033920000  -0.0504470000   0.0158570000  -0.0017080000
   6.6203239944   6.1460158594  979  1.14E+00   0.5453690000   1.1131310000   2.3399380000  -0.0093060000  -0.0177110000   1.6798340000  -0.0431950000   0.6583040000   9.9696680000   0.0065800000   0.2856930000   8.8862150000   0.0503730000  -0.1667780000   7.8237520000  -0.0062180000  -0.0126330000  -0.0074940000   0.0062190000   0.0127740000   0.0070510000   0.0020100000  -0.0243810000  -0.0516280000   0.0002960000   0.0115280000   0.0041150000  -0.0023060000   0.0127120000   0.0479560000
   6.6207924418   6.1450883609 1014  4.06E+00  -1.3757400000  -1.2541720000   3.0190010000  -0.7433620000  -0.6807040000   1.9569150000   1.3955750000   1.6767260000   7.2133000000   1.4351690000   1.4541360000   8.3667810000   1.3262560000   1.3979540000   9.5434670000   0.0245050000   0.0221930000  -0.0412250000  -0.0246760000  -0.0224510000   0.0410060000  -0.0087720000   0.0107020000   0.0088810000   0.0199060000  -0.0208480000  -0.0257510000  -0.0109640000   0.0104040000   0.0170890000
   6.6221412477   6.1499262262 1026  5.49E+00   1.5453610000   0.1157160000   2.0163930000  -0.0137950000  -0.0025700000   1.9056670000  -0.7639630000   0.9509260000   9.0244620000  -0.0305240000   0.2435400000   8.4470230000   0.7584110000  -0.4405310000   7.9911810000   0.0388710000   0.0029770000   0.0027310000  -0.0390050000  -0.0028650000  -0.0027820000   0.0113980000  -0.0053890000   0.0040370000   0.0408210000  -0.0450800000  -0.0473530000  -0.0520840000   0.0503570000   0.0433660000
   6.6249441574   6.1464981426 1620  2.14E+00   0.6505520000   0.9906790000   2.2367900000   1.9847600000   0.3416740000   2.6715630000  -4.1593460000  -0.8691490000   8.0312870000  -3.6083220000  -0.3565070000   7.1293320000  -3.0852630000   0.0556330000   6.1345800000  -0.0286660000   0.0140160000  -0.0094790000   0.0291040000  -0.0140280000   0.0092490000  -0.0049350000  -0.0090250000  -0.0008460000  -0.0067490000   0.0039520000   0.0334950000   0.0112450000   0.0050840000  -0.0324190000
   6.6211560677   6.1475134288 1824  1.45E+01   0.0648600000  -1.6492430000   2.1608390000  -0.9131030000  -1.4746940000   2.9685000000   2.5882910000   3.2454040000   5.8758260000   1.6203530000   3.0373350000   6.5717500000   0.7514910000   2.6310390000   7.2304250000  -0.0952800000   0.0170160000   0.0786910000   0.0952710000  -0.0169840000  -0.0787220000   0.0501590000  -0.0022560000  -0.0327340000  -0.0735940000   0.0059110000   0.0467700000   0.0234440000  -0.0036870000  -0.0140050000
   6.6213720045   6.1484686219 2790  1.55E+01   1.2351060000  -0.6522410000   2.0890440000  -0.4293070000  -1.1069560000   2.1943630000   0.0564970000   2.2398440000   8.9251990000   0.8212770000   2.2686430000   8.0169230000   1.3932200000   2.3142690000   6.9669180000   0.0633640000   0.0172390000  -0.0040900000  -0.0635260000  -0.0174860000   0.0039180000  -0.0280320000   0.0007400000   0.0109870000   0.0243310000  -0.0038290000   0.0245920000   0.0038640000   0.0033360000  -0.0354060000
   6.6223842818   6.1477841837 3046  4.53E+00  -1.3420480000  -0.7334600000   1.7789690000   0.0131160000   0.0071650000   2.0698020000  -1.1531620000   0.2363620000   8.1015940000  -0.0004050000   0.2953400000   8.1819010000   1.1725150000   0.2400270000   8.3083010000  -0.0345390000  -0.0188830000  -0.0074220000   0.0345740000   0.0189160000   0.0074970000   0.0386780000  -0.0057760000   0.0074210000  -0.0476210000   0.0138010000  -0.0129090000   0.0089090000  -0.0080580000   0.0054120000
   6.6211005544   6.1474349189 3136  5.29E+00   0.8912030000  -1.2608420000   1.9745660000  -0.0074170000   0.0158330000   2.0004150000   0.7719120000  -0.6279570000   8.0641710000  -0.0430890000   0.2225110000   8.3593710000  -0.7586670000   1.1489600000   8.5467050000   0.0215820000  -0.0306660000  -0.0006740000  -0.0216980000   0.0307520000   0.0006000000   0.0480680000  -0.0395360000  -0.0198100000  -0.0394460000   0.0163720000   0.0214890000  -0.0085060000   0.0230780000  -0.0016050000
   6.6221886082   6.1491989313 3277  2.69E+00  -0.1558580000  -0.6768020000   2.2188770000   0.2550750000  -2.0221640000   2.7734790000  -0.3472620000   5.0091570000   7.3828040000  -0.4742670000   3.8955600000   6.9985740000  -0.5607950000   2.8959530000   6.3733580000  -0.0061900000   0.0202540000  -0.0084910000   0.0062830000  -0.0206100000   0.0081750000   0.0045680000   0.0250120000  -0.0094290000  -0.0066690000  -0.0291820000   0.0268540000   0.0020090000   0.0045260000  -0.0171090000
   6.6237393717   6.1492487468 3283  5.58E+00  -0.6706980000  -1.6888410000   2.6314560000  -0.5836530000  -0.2918730000   1.8816470000   1.6877450000   0.6196560000   7.5228460000   1.0711840000   0.7455660000   8.5402150000   0.4652800000   1.0724130000   9.5040470000  -0.0024800000  -0.0387280000   0.0207580000   0.0022110000   0.0386480000  -0.0209640000   0.0178980000   0.0095470000  -0.0287170000  -0.0078980000  -0.0277520000   0.0149240000  -0.0097310000   0.0182860000   0.0139980000
   6.6233000806   6.1453759306 3310  5.22E+00   1.4404010000  -0.5843190000   2.0487510000  -0.0195700000   0.0044100000   1.9442210000   0.1840600000   1.3741510000   8.7791460000   0.0325420000   0.2437500000   8.4675000000  -0.2015010000  -0.8546680000   8.0265340000   0.0385290000  -0.0154910000   0.0027490000  -0.0384740000   0.0156580000  -0.0028670000  -0.0027370000   0.0190850000  -0.0022170000   0.0176250000   0.0249980000   0.0267750000  -0.0149420000  -0.0442500000  -0.0244400000
   6.6246727417   6.1478366681 3327  3.97E+00   0.9854930000   1.3537510000   2.2508080000   0.5253410000  -0.0077550000   1.9254670000  -0.1452750000   0.4744170000   9.2784460000  -0.9740400000   0.1418490000   8.4619120000  -1.8092850000   0.0602130000   7.6123640000   0.0026550000   0.0077430000   0.0018630000  -0.0024530000  -0.0077600000  -0.0019510000   0.0399150000   0.0310640000   0.0387240000  -0.0173770000  -0.0436970000  -0.0163300000  -0.0227410000   0.0126500000  -0.0223050000
   6.6206125123   6.1482601964 3337  4.97E+00  -2.0983270000  -1.2578890000   3.2856870000  -1.0015300000  -0.7292770000   2.2917600000   3.0004400000   1.9386580000   7.6881920000   1.8926430000   1.5452190000   7.7631030000   0.7128430000   1.3104670000   7.8326510000  -0.0280020000  -0.0135210000   0.0252950000   0.0281200000   0.0134510000  -0.0255220000   0.0053840000   0.0133640000  -0.0003530000   0.0436290000  -0.0146960000  -0.0035030000  -0.0491300000   0.0014020000   0.0040830000
   6.6244085427   6.1491348824 3893  5.77E+00  -1.3761580000   0.4692520000   1.9300030000  -0.7754180000  -0.9153330000   2.3377500000   2.2262050000   2.0404550000   6.8171960000   1.4361640000   1.9744430000   7.7358650000   0.6550010000   1.7068400000   8.5798190000  -0.0146750000   0.0337360000  -0.0099150000   0.0144770000  -0.0338030000   0.0099070000   0.0399760000  -0.0081410000  -0.0479030000  -0.0312640000   0.0232120000   0.0415260000  -0.0085140000  -0.0150030000   0.0063850000
