   6.6392188736   6.7589960353   59  5.11E+00  -0.7650680000   1.1067560000   2.5939010000  -0.2377930000   0.2804150000   1.6445280000  -0.3658820000   0.4074020000   8.4011170000   0.4693420000  -0.2408060000   8.9766540000   1.2493470000  -1.0091470000   9.4847390000   0.0199430000  -0.0312280000  -0.0359280000  -0.0198440000   0.0311700000   0.0357750000  -0.0372080000   0.0195330000  -0.0257540000   0.0021080000   0.0249740000   0.0043180000   0.0350000000  -0.0444490000   0.0215880000
   6.6395895233   6.7558347240  189  1.64E+01   0.9379730000   0.2030220000   2.3828160000   1.3169230000  -1.4417530000   2.5378410000  -2.0513920000   3.8447100000   7.7869240000  -2.5051190000   2.8913740000   7.3830190000  -2.7041510000   1.8600950000   6.8471410000  -0.0137970000   0.0601860000  -0.0057110000   0.0140150000  -0.0601930000   0.0055570000  -0.0218680000  -0.0912950000  -0.0458570000   0.0018250000   0.0879090000   0.0503300000   0.0198260000   0.0033920000  -0.0043180000
   6.6384602065   6.7550087514  429  8.21E+00   1.7025550000   0.3177960000   4.8242010000   2.5397640000  -0.9993230000   4.3931210000  -5.8036630000   2.1091080000   3.6302330000  -4.6612630000   2.0146380000   3.9925150000  -3.4886060000   2.0370270000   4.1295360000  -0.0258820000   0.0408640000   0.0134180000   0.0261400000  -0.0410550000  -0.0133880000  -0.0431460000   0.0111200000  -0.0282010000   0.0365490000  -0.0190180000   0.0416060000   0.0063390000   0.0080880000  -0.0134340000
   6.6386315167   6.7592280960  740  5.70E+00   0.5818620000  -1.2293430000   3.1485020000   0.0808370000  -0.9790470000   1.6747380000  -0.3949310000   2.1747870000  10.0041390000  -0.1308860000   2.0425440000   8.8807070000   0.0528050000   1.9466090000   7.7679240000   0.0131380000  -0.0066550000   0.0385610000  -0.0131430000   0.0064520000  -0.0387720000   0.0005870000  -0.0003730000  -0.0272490000   0.0219330000  -0.0116340000  -0.0740270000  -0.0225150000   0.0122090000   0.1014870000
   6.6382984535   6.7560327887  903  4.05E+00   0.8376550000  -0.7435320000   2.4577280000  -0.0094200000   0.0106990000   1.6589290000  -0.4177160000  -0.6441680000   9.5204420000   0.0116310000   0.2731200000   8.9655010000   0.4032560000   1.1202210000   8.3104430000  -0.0221810000   0.0197030000  -0.0209030000   0.0221360000  -0.0198170000   0.0208360000   0.0139370000   0.0307130000  -0.0284970000   0.0167830000   0.0346030000  -0.0120480000  -0.0306760000  -0.0652020000   0.0406120000
   6.6368197178   6.7563144426 1078  2.41E+00  -0.8455460000  -0.2447060000   2.2055250000   0.3785070000   0.4748700000   1.7249400000  -0.4412760000   0.2575050000   9.5417990000  -0.7118940000  -0.6119750000   8.8308270000  -0.8613920000  -1.4666220000   8.0764000000  -0.0148980000  -0.0087070000   0.0058200000   0.0149220000   0.0088550000  -0.0058880000  -0.0010830000  -0.0310570000  -0.0286150000  -0.0153800000  -0.0136390000  -0.0085090000   0.0164390000   0.0445480000   0.0371910000
   6.6372890583   6.7553839286 1202  4.43E+00  -1.4356620000   0.4533760000   2.1868310000   0.0154110000  -0.0095070000   1.8435450000   0.4218370000   1.3390850000   8.6145170000  -0.0101190000   0.2640240000   8.6664590000  -0.4007540000  -0.8306950000   8.5359040000  -0.0348950000   0.0111440000   0.0082740000   0.0349020000  -0.0111050000  -0.0082630000  -0.0095440000  -0.0325560000  -0.0101080000   0.0011840000   0.0188860000   0.0197010000   0.0083520000   0.0136310000  -0.0096030000
   6.6357771111   6.7560216916 1647  3.77E+00  -0.0552360000  -1.0314480000   2.8511820000  -0.5628840000  -0.4065120000   1.5688320000   1.6923850000   1.1667090000  10.0249490000   0.9925550000   0.9179430000   9.1070230000   0.3771670000   0.9270770000   8.1248730000   0.0079160000  -0.0097760000   0.0198430000  -0.0078800000   0.0096460000  -0.0201090000   0.0095340000   0.0193470000   0.0006690000  -0.0373660000  -0.0373310000  -0.0322930000   0.0277960000   0.0181140000   0.0318890000
   6.6386595510   6.7591585820 1887  5.52E+00  -1.1814960000  -0.7043070000   2.4945230000   0.1092610000  -0.3162010000   1.6800680000  -1.1570540000   0.6291690000   9.5305730000  -0.1799400000   0.7986090000   8.8827880000   0.8208960000   1.0825530000   8.2545100000  -0.0336080000  -0.0101080000   0.0212140000   0.0334680000   0.0100370000  -0.0212500000  -0.0180720000   0.0034570000   0.0147790000  -0.0365050000  -0.0255150000   0.0158480000   0.0547170000   0.0221300000  -0.0305900000
   6.6396144738   6.7557258431 2134  4.68E+00  -0.3808670000   2.1816260000   2.7064490000  -0.1482480000   0.8103170000   1.9629810000   0.6520760000  -2.3552010000   8.1208540000   0.3181500000  -1.2567880000   8.3432180000  -0.1265310000  -0.1980280000   8.6429960000  -0.0060940000   0.0360060000   0.0195360000   0.0061480000  -0.0360950000  -0.0194870000  -0.0100600000   0.0065790000   0.0080520000   0.0238510000  -0.0193460000  -0.0191380000  -0.0138440000   0.0128570000   0.0110370000
   6.6393832672   6.7555657375 2454  9.62E+00  -0.0554840000  -0.9396330000   1.8887940000  -0.9921390000   0.3972420000   2.0802730000   0.8798230000   0.0302270000   8.7342080000   1.8626710000  -0.4098110000   8.2229380000   2.6803520000  -0.9596350000   7.5856670000   0.0311280000  -0.0444390000  -0.0063650000  -0.0311390000   0.0444770000   0.0063720000  -0.0320180000   0.0025370000   0.0042400000   0.0460360000   0.0020540000  -0.0003480000  -0.0140070000  -0.0046290000  -0.0038990000
   6.6381013462   6.7571257461 2866  1.52E+00   0.0504140000  -1.2919900000   3.2627150000  -0.4644610000  -1.3546820000   1.9048670000   0.8470320000   3.0573900000   9.5684960000   0.8028950000   2.7760450000   8.4539820000   0.8666950000   2.3933240000   7.3673960000  -0.0001760000  -0.0001220000  -0.0004470000   0.0000680000  -0.0001170000   0.0002170000   0.0061330000  -0.0198130000  -0.0471840000  -0.0114950000   0.0090560000  -0.0055710000   0.0054700000   0.0109960000   0.0529850000
   6.6396863018   6.7573252368 2932  4.00E+00  -0.5142500000   0.4985770000   2.1494490000   0.4184040000  -0.4088790000   1.7397440000  -1.8387860000   0.9931510000   9.2357080000  -0.7466810000   1.0319090000   8.7635980000   0.3421040000   0.9305030000   8.3625590000   0.0353370000  -0.0344130000  -0.0155190000  -0.0354550000   0.0344270000   0.0154870000  -0.0244050000  -0.0099250000   0.0159200000   0.0455900000   0.0169210000  -0.0298400000  -0.0210660000  -0.0070090000   0.0139510000
   6.6381140704   6.7570625139 2952  4.11E+00   1.2222940000  -0.7655460000   2.2354290000  -0.0148960000   0.0101680000   1.7772860000  -0.8372230000  -0.5398140000   9.0576610000   0.0364890000   0.2095310000   8.6935750000   0.8072140000   1.0676450000   8.4002590000   0.0232610000  -0.0146170000   0.0086610000  -0.0233070000   0.0145460000  -0.0085880000  -0.0462710000  -0.0278940000   0.0219150000   0.0345690000   0.0014580000  -0.0208470000   0.0117480000   0.0265070000  -0.0011410000
   6.6399334697   6.7593021238 2955  4.02E+00   0.6144730000  -1.4988080000   2.9217120000   0.7887080000  -0.4755200000   1.8680930000  -0.3466590000   1.4239590000   8.2548830000  -1.4481510000   1.2385370000   8.6086480000  -2.5439330000   0.8032390000   8.7700360000  -0.0012740000  -0.0073690000   0.0075550000   0.0012110000   0.0073270000  -0.0076650000  -0.0131000000  -0.0184080000  -0.0072090000   0.0319840000   0.0424190000   0.0166120000  -0.0188220000  -0.0239670000  -0.0092920000
   6.6383438723   6.7599666904 3108  7.89E+00   0.7172410000  -0.2001610000   2.4054800000  -0.4698660000   0.6156780000   1.6072680000   1.1055850000  -1.7111850000   9.7967240000   0.8889170000  -0.8605180000   9.0086660000   0.5285450000  -0.0173870000   8.2630590000   0.0398260000  -0.0274060000   0.0267030000  -0.0397930000   0.0273020000  -0.0269310000  -0.0070950000  -0.0088630000   0.0109610000   0.0187100000   0.0036500000  -0.0100150000  -0.0116470000   0.0053180000  -0.0007180000
   6.6391846710   6.7597669038 3134  4.90E+00  -1.1387600000   0.6085150000   2.1389640000   0.0151740000  -0.0125950000   1.8132830000   0.3020530000  -0.8618680000   8.5133490000   0.0564470000   0.2709280000   8.6609490000  -0.3484670000   1.3707220000   8.7953620000   0.0529700000  -0.0285000000  -0.0149150000  -0.0529440000   0.0285440000   0.0149770000  -0.0137100000   0.0122440000   0.0024390000   0.0262960000  -0.0155960000  -0.0035030000  -0.0126120000   0.0033090000   0.0010020000
   6.6368194244   6.7585067865 3510  4.06E+00   1.5155850000  -0.7430970000   4.5223010000   2.0225430000  -1.6722530000   3.6029910000  -4.6837790000   3.6216390000   5.9956060000  -3.6729750000   3.3033820000   5.3896100000  -2.7554920000   2.9846540000   4.6804940000   0.0099320000  -0.0181830000  -0.0178850000  -0.0097770000   0.0179690000   0.0179450000  -0.0716970000   0.0211040000   0.0340650000   0.0409820000  -0.0091560000  -0.0000730000   0.0305600000  -0.0117340000  -0.0340510000
   6.6352234708   6.7566718280 3758  2.77E+00   0.4434170000  -1.9219930000   3.6998490000   0.6292240000  -1.4768120000   2.2186780000  -0.9550750000   2.8004570000   9.0427330000  -1.1531490000   2.9723050000   7.8858990000  -1.3496930000   3.1525670000   6.7248240000  -0.0043540000  -0.0104930000   0.0348750000   0.0044310000   0.0103440000  -0.0348430000   0.0041080000  -0.0026470000   0.0246800000   0.0008180000  -0.0031690000   0.0018000000  -0.0050030000   0.0059660000  -0.0265110000
