   6.6328092513   6.7900573922  207  4.37E+00  -1.0071110000   0.0323610000   2.5024180000   0.0153990000  -0.0032530000   1.5928500000  -0.9256780000   0.1844560000   9.7773360000  -0.0017660000   0.1770020000   9.0569980000   0.9135500000   0.3845540000   8.3120620000   0.0361200000  -0.0012800000  -0.0321730000  -0.0362770000   0.0012200000   0.0320610000   0.0027860000   0.0137310000  -0.0034900000  -0.0282810000  -0.0333770000   0.0245780000   0.0256510000   0.0197050000  -0.0209770000
   6.6334693870   6.7909882130  477  4.07E+00   0.1066320000  -1.3219300000   2.4882850000  -0.0003950000   0.0131070000   1.6647930000  -0.7897770000   0.9408790000   9.4240600000  -0.0157980000   0.2223690000   8.9383290000   0.7968930000  -0.4023090000   8.3960100000   0.0026940000  -0.0341830000   0.0210590000  -0.0028150000   0.0342430000  -0.0211410000   0.0198920000  -0.0091940000  -0.0139610000   0.0025270000  -0.0169430000  -0.0004700000  -0.0222980000   0.0260770000   0.0145130000
   6.6319936548   6.7909512680  872  7.86E+00  -1.4913420000  -0.6878570000   3.0776560000  -0.7892180000  -1.6361640000   2.3859950000   0.6575670000   2.3305830000   7.7047120000   1.4633360000   3.2410540000   7.5292710000   2.2794160000   4.1387830000   7.5341460000   0.0253450000  -0.0342060000  -0.0250210000  -0.0252920000   0.0342110000   0.0248150000  -0.0540420000  -0.0619330000   0.0228500000   0.0060170000   0.0102940000  -0.0329200000   0.0479720000   0.0516340000   0.0102770000
   6.6326075024   6.7931763804  948  8.54E+00  -0.9164850000  -1.9474120000   5.2798890000  -1.2899370000  -1.9826010000   3.9684930000   1.5561210000   4.7532970000   4.8634310000   2.3226640000   3.8154160000   4.7421070000   3.2002630000   3.0944450000   4.4256070000  -0.0142070000  -0.0012770000  -0.0499360000   0.0142260000   0.0014200000   0.0499880000  -0.0325270000   0.0629570000  -0.0055710000   0.0218040000  -0.0749780000   0.0185260000   0.0107040000   0.0118770000  -0.0130070000
   6.6338503293   6.7923712224 1264  4.92E+00   0.5378410000  -1.1020460000   3.2193670000   0.9402650000  -1.1318100000   1.8963920000  -1.8385020000   2.7468820000   9.5911340000  -1.6272000000   2.3065760000   8.4826230000  -1.6697680000   1.9312210000   7.3683090000   0.0114140000  -0.0009010000  -0.0373460000  -0.0112340000   0.0007530000   0.0371890000  -0.0262350000   0.0259920000   0.0548550000   0.0423240000  -0.0309180000  -0.0564100000  -0.0162690000   0.0050740000   0.0017120000
   6.6306505604   6.7915089079 1274  4.21E+00  -0.8713180000  -0.5566450000   2.3065070000   0.3938200000  -1.4358330000   2.1520290000  -0.0102290000   1.9210320000   8.0420880000  -0.7028110000   2.8815770000   7.9735840000  -1.3741120000   3.8094200000   8.0802930000  -0.0278820000   0.0194100000   0.0033970000   0.0277860000  -0.0193240000  -0.0035260000   0.0080650000  -0.0105580000   0.0143040000  -0.0381890000   0.0521300000  -0.0222810000   0.0302190000  -0.0416580000   0.0081060000
   6.6311986847   6.7904935059 1566  3.80E+00   0.1414140000   1.4667920000   2.1830180000   0.0008020000  -0.0213140000   1.8191050000  -1.1384200000   0.5172010000   8.4916590000  -0.0114600000   0.2958470000   8.7082240000   1.1341070000  -0.0375820000   8.7497090000   0.0028590000   0.0301800000   0.0074020000  -0.0028400000  -0.0301680000  -0.0073850000   0.0140830000  -0.0098610000  -0.0075590000  -0.0435870000   0.0254050000   0.0166930000   0.0294830000  -0.0155570000  -0.0091500000
   6.6329316405   6.7914353290 1829  5.92E+00   0.5615980000  -1.2118130000   5.2202620000   1.2739560000  -2.2874410000   4.7706830000  -1.4373950000   3.8504280000   3.7224780000  -2.3043760000   4.3862110000   3.1121580000  -3.2305450000   5.0449220000   2.7875880000   0.0263040000  -0.0398160000  -0.0165920000  -0.0262720000   0.0395150000   0.0165640000   0.0049840000   0.0037370000   0.0250370000   0.0074790000  -0.0178470000  -0.0406140000  -0.0124960000   0.0144120000   0.0156040000
   6.6340447443   6.7941475861 1836  5.73E-01   0.5947210000  -0.7053940000   2.6874510000  -0.0043430000   0.0082910000   1.5004490000   0.6563790000  -0.0039550000   8.2623820000   0.0022330000   0.2695010000   9.2226700000  -0.6738360000   0.4923510000  10.1524610000   0.0085980000  -0.0102930000   0.0169750000  -0.0087190000   0.0103140000  -0.0172670000   0.0147180000  -0.0098270000  -0.0236360000  -0.0139100000   0.0132260000   0.0263820000  -0.0006870000  -0.0034200000  -0.0024540000
   6.6338928293   6.7946893312 2034  2.04E+00   0.8163160000   1.2749010000   2.2478930000   0.4534310000  -0.0641750000   1.8564760000  -1.8503100000  -0.1361420000   8.2482990000  -0.8802460000   0.3884970000   8.5996250000   0.1951340000   0.7723550000   8.8838660000  -0.0015320000  -0.0055880000  -0.0016010000   0.0015180000   0.0056180000   0.0016470000   0.0391550000   0.0075800000   0.0083170000  -0.0442030000   0.0029010000  -0.0044200000   0.0050610000  -0.0105110000  -0.0039420000
   6.6324903282   6.7949140395 2048  4.26E+00  -0.4099610000  -1.0007320000   2.5833930000  -0.3185180000  -0.0275740000   1.5777330000   1.0937760000  -0.2699310000   8.2198370000   0.5055090000   0.3286610000   9.0164760000   0.1433270000   0.9116400000   9.9703770000   0.0017050000   0.0188010000  -0.0194390000  -0.0018640000  -0.0187140000   0.0193330000  -0.0067770000   0.0225580000   0.0443580000  -0.0109560000  -0.0187620000  -0.0514230000   0.0178910000  -0.0038840000   0.0071700000
   6.6342028660   6.7905598430 2385  2.31E+00  -1.5522180000  -0.2309560000   3.5360330000  -1.5506990000  -0.9528860000   2.1859100000   3.2061480000   2.0515600000   9.0578510000   2.9040900000   1.9890240000   7.9207400000   2.4561200000   1.9164550000   6.8575250000  -0.0001180000   0.0135840000   0.0254800000  -0.0000810000  -0.0137470000  -0.0256110000  -0.0084510000  -0.0002300000   0.0104440000   0.0008390000  -0.0023560000  -0.0563720000   0.0078100000   0.0027490000   0.0460590000
   6.6309827916   6.7942407051 2982  4.63E+00   0.5474780000   0.3073770000   2.6977750000  -0.0046260000  -0.0043580000   1.4385430000  -0.4689000000   0.2851050000  10.4516660000  -0.0354970000   0.2490620000   9.3028240000   0.4841590000   0.2180000000   8.2115300000  -0.0089480000  -0.0050360000  -0.0204840000   0.0088590000   0.0050350000   0.0201980000  -0.0277750000   0.0029660000   0.0892450000  -0.0024160000  -0.0017280000  -0.0398420000   0.0302810000  -0.0012370000  -0.0491180000
   6.6324799961   6.7912746135 3277  6.89E+00  -0.5816380000  -0.1570830000   6.3957310000  -0.5368200000  -1.6969990000   6.0250150000   0.9394440000   2.1723690000   0.6426320000   1.0078570000   3.3123410000   0.9711210000   1.0216180000   4.5138650000   1.1362040000  -0.0012060000   0.0420740000   0.0101050000   0.0012160000  -0.0419710000  -0.0100370000  -0.0042330000  -0.0184810000  -0.0174890000   0.0065240000  -0.0492510000   0.0189230000  -0.0023010000   0.0676300000  -0.0015020000
   6.6314752289   6.7929856027 3355  6.55E+00   1.0125230000  -0.7406210000   2.2912680000  -0.0104150000   0.0134860000   1.7649570000  -1.1054760000  -0.2013480000   9.0222800000   0.0095240000   0.2514560000   8.7709470000   1.0865490000   0.6795630000   8.4356140000  -0.0327310000   0.0241040000  -0.0168200000   0.0326680000  -0.0241280000   0.0168330000  -0.0835270000  -0.0343380000   0.0148220000   0.0339680000   0.0150320000   0.0043720000   0.0496220000   0.0193300000  -0.0192080000
   6.6302100868   6.7935965088 3458  1.47E-01   1.3404980000  -0.8040010000   3.3066500000   1.0340610000  -0.8082380000   1.8929360000  -1.8926710000   2.6755870000   9.1653040000  -1.9094370000   1.7392550000   8.4960100000  -1.9227260000   0.7936230000   7.7958510000  -0.0006940000   0.0000100000  -0.0036110000   0.0008800000   0.0000390000   0.0033990000  -0.0006390000  -0.0368810000  -0.0277240000   0.0010540000   0.0342430000   0.0264850000  -0.0006020000   0.0025900000   0.0014520000
   6.6339796085   6.7948123494 3535  6.12E+00   1.0559720000   0.6610970000   3.0079400000   0.6674970000   0.2543290000   1.5266830000  -1.4409160000  -0.2496920000   7.9664060000  -1.2631510000  -0.2415900000   9.1574530000  -1.0110140000  -0.1931050000  10.3461850000   0.0106660000   0.0111080000   0.0402780000  -0.0104920000  -0.0110630000  -0.0405080000  -0.0040580000   0.0017150000  -0.0494560000  -0.0155980000  -0.0069380000  -0.0235880000   0.0194830000   0.0051770000   0.0732740000
   6.6333857831   6.7918764011 3714  3.60E+00   0.8633880000   1.2143760000   2.1522140000  -0.0099450000  -0.0107190000   1.8189600000   0.2471550000  -0.8881270000   8.8290960000  -0.0601780000   0.2191840000   8.6451660000  -0.2067060000   1.3882840000   8.4622770000   0.0180920000   0.0253450000   0.0069070000  -0.0181070000  -0.0254370000  -0.0068580000   0.0049330000   0.0241590000  -0.0021940000  -0.0122160000  -0.0535230000   0.0044970000   0.0072980000   0.0294560000  -0.0023520000
   6.6320749148   6.7903382294 3758  1.91E+00   0.4558860000  -1.8663190000   3.6441560000   0.6304700000  -1.4800120000   2.2189150000  -0.9391740000   2.7792930000   9.0445630000  -1.1373760000   2.9729120000   7.8900690000  -1.3844470000   3.1857500000   6.7221880000  -0.0015970000  -0.0036030000   0.0132460000   0.0016860000   0.0034500000  -0.0132070000   0.0018760000  -0.0032150000   0.0281370000   0.0138710000  -0.0097240000   0.0307140000  -0.0158360000   0.0130910000  -0.0588900000
   6.6325643543   6.7946729878 3758  1.98E+00   0.4576720000  -1.8588350000   3.6353390000   0.6306230000  -1.4804180000   2.2189680000  -0.9372000000   2.7766640000   9.0446400000  -1.1354790000   2.9730460000   7.8904190000  -1.3887210000   3.1898370000   6.7221390000  -0.0010930000  -0.0024610000   0.0091640000   0.0011830000   0.0023080000  -0.0091240000   0.0016360000  -0.0033160000   0.0286350000   0.0154430000  -0.0104680000   0.0334270000  -0.0171690000   0.0139360000  -0.0621010000
   6.6309017091   6.7929757045 3778  5.62E+00  -0.5675840000  -1.4406870000   3.2142520000  -0.3962490000  -0.9513060000   1.7558830000   0.4633950000   1.7792550000   9.8924400000   0.7009720000   2.0019890000   8.7376210000   1.0251120000   2.2473550000   7.5776370000  -0.0037960000  -0.0107840000   0.0319560000   0.0036750000   0.0105890000  -0.0320520000  -0.0055620000  -0.0082540000   0.0504520000  -0.0218370000  -0.0106310000   0.0288730000   0.0275200000   0.0190800000  -0.0792290000
   6.6320416255   6.7947767751 3859  2.75E+00   1.3265310000   0.3700310000   2.3892710000   0.1361120000  -0.0563990000   1.7404530000  -0.3871790000   1.4766390000   9.0349110000  -0.2143800000   0.3306860000   8.8396990000  -0.2152430000  -0.7788530000   8.4875710000  -0.0137350000  -0.0048980000  -0.0074680000   0.0137630000   0.0049780000   0.0074600000  -0.0114870000  -0.0018920000  -0.0106240000   0.0236540000  -0.0268520000   0.0116650000  -0.0121950000   0.0286640000  -0.0010340000
   6.6342126697   6.7912391605 3968  5.57E+00   1.2582450000   0.3112720000   2.1064770000  -0.0199520000  -0.0032360000   1.8060090000  -0.9894060000  -0.3701160000   8.5176770000  -0.0081260000   0.2790740000   8.6186230000   1.0158790000   0.8448390000   8.8611860000  -0.0588000000  -0.0144580000  -0.0137630000   0.0588070000   0.0144940000   0.0138830000  -0.0060370000  -0.0108860000   0.0093480000  -0.0253440000   0.0001350000  -0.0263340000   0.0313740000   0.0107150000   0.0168650000
