   6.6338016912   6.1378970643   82  6.83E+00   1.0073800000   1.1015630000   1.6501000000  -0.0125100000  -0.0196390000   2.1016170000  -0.3054100000   1.3627150000   8.0746470000   0.0502890000   0.2852610000   8.1635440000   0.2666660000  -0.8605070000   8.1982550000   0.0274140000   0.0301240000  -0.0121070000  -0.0273830000  -0.0300950000   0.0121520000   0.0154990000  -0.0836000000   0.0040570000  -0.0005290000   0.0643570000  -0.0010100000  -0.0150010000   0.0192140000  -0.0030920000
   6.6315053850   6.1371257592  580  6.43E+00  -1.0359190000  -1.0151400000   2.3274010000   0.0097570000   0.0099000000   1.7361350000  -0.6795330000   0.2932470000   7.8278430000   0.0804260000   0.2780840000   8.7350690000   0.6356940000   0.2001850000   9.7986530000  -0.0277370000  -0.0272490000   0.0156040000   0.0279190000   0.0272040000  -0.0159290000  -0.0192790000  -0.0035670000   0.0039690000   0.0099610000   0.0105150000  -0.0555740000   0.0091360000  -0.0069020000   0.0519300000
   6.6344384323   6.1397768249  586  1.02E+01   0.2068820000  -1.0911070000   1.7637340000  -0.3060870000   0.1304130000   2.0282380000   1.0976790000  -1.0416820000   8.4553900000   0.5435430000   0.0246230000   8.2950110000   0.0099250000   1.1283000000   8.0781320000  -0.0233310000   0.0555650000   0.0120790000   0.0233710000  -0.0556730000  -0.0120990000   0.0332940000  -0.0599080000   0.0074510000   0.0115750000  -0.0373600000   0.0125420000  -0.0449090000   0.0973760000  -0.0199730000
   6.6308902092   6.1394923135  680  3.93E+00   1.3339040000  -1.9548710000   2.8178040000   0.2339570000  -0.9986410000   2.2775620000  -0.5095240000   1.3116350000   8.6548850000  -0.4112930000   2.0913530000   7.7727070000  -0.4341980000   2.9166890000   6.9591350000   0.0252570000  -0.0219400000   0.0124600000  -0.0252460000   0.0218870000  -0.0123540000  -0.0091540000  -0.0021410000   0.0123110000   0.0169590000   0.0224680000  -0.0425730000  -0.0078150000  -0.0202730000   0.0301570000
   6.6340278871   6.1391726792  737  8.60E-01  -1.1702690000  -0.2664220000   2.4290090000   0.0152740000   0.0067400000   1.6548810000   0.0565830000   0.2330750000   7.7897410000   0.0280950000   0.2471080000   8.9336640000  -0.0802270000   0.2522200000  10.0870680000   0.0047240000   0.0010820000  -0.0032270000  -0.0047690000  -0.0011140000   0.0027540000  -0.0075340000   0.0003310000   0.0742860000   0.0103990000   0.0004850000  -0.0423700000  -0.0028190000  -0.0007830000  -0.0314430000
   6.6335755786   6.1388604177  762  5.07E+00   1.5004390000   0.0439700000   1.7599660000  -0.0216470000  -0.0002880000   2.0590140000  -0.7063410000  -0.6283430000   8.3935220000  -0.0163810000   0.2565270000   8.2142980000   0.7322190000   1.1221130000   8.0471280000   0.0342850000   0.0009800000  -0.0067460000  -0.0343620000  -0.0010500000   0.0068030000   0.0565630000   0.0654700000  -0.0112640000  -0.0318670000  -0.0304760000   0.0018980000  -0.0246190000  -0.0349240000   0.0093090000
   6.6307616889   6.1369666330  920  7.06E+00   1.5350240000  -1.1943320000   5.5030390000   2.2776600000  -0.9712320000   4.0989710000  -3.2919890000   1.4755260000   4.9081340000  -4.1464790000   2.0275210000   4.3597160000  -5.0671640000   2.6159110000   4.0022750000  -0.0217970000  -0.0066530000   0.0414480000   0.0222020000   0.0064920000  -0.0416090000  -0.0446510000   0.0279970000  -0.0097320000   0.0065680000  -0.0032440000  -0.0211000000   0.0376780000  -0.0245910000   0.0309930000
   6.6333946545   6.1372853513  990  4.99E+00   0.7419980000  -1.3503920000   1.8688750000  -0.0055330000   0.0200970000   2.0552370000   0.5248910000   1.2686490000   8.3077040000  -0.0475430000   0.2722880000   8.2520920000  -0.5083150000  -0.8006730000   8.1165750000   0.0191500000  -0.0350740000  -0.0047870000  -0.0191300000   0.0351790000   0.0047850000  -0.0177690000  -0.0499220000  -0.0068400000   0.0076530000   0.0498250000   0.0099730000   0.0100960000  -0.0000090000  -0.0031310000
   6.6345645763   6.1391604027 1598  4.46E+00   1.5261040000   0.0370020000   1.9351150000   0.1968540000   0.2709540000   2.0564090000   0.3200550000   0.6532800000   8.5080330000  -0.4259660000  -0.2383350000   8.2700230000  -1.0795710000  -1.1422280000   7.8927560000  -0.0572750000   0.0100830000   0.0052360000   0.0572960000  -0.0100270000  -0.0052400000   0.0182790000   0.0140760000  -0.0036570000  -0.0221740000  -0.0106610000   0.0120410000   0.0038740000  -0.0034710000  -0.0083800000
   6.6300235894   6.1362297272 1716  5.28E+00   0.3111260000   1.4529620000   1.6563270000  -0.0023330000  -0.0201530000   2.1018410000   0.2281730000   1.3838950000   8.0938480000   0.0247620000   0.2401550000   8.1681860000  -0.2547140000  -0.8673980000   8.1740560000   0.0079530000   0.0373620000  -0.0113190000  -0.0079380000  -0.0374000000   0.0113470000  -0.0104960000  -0.0247890000  -0.0015180000  -0.0014340000  -0.0473080000   0.0053430000   0.0119150000   0.0721350000  -0.0038530000
   6.6312344039   6.1362844540 2189  2.28E+00   0.7969870000  -1.4936050000   2.9276080000  -0.0943910000  -0.9636870000   1.8732010000   0.2192620000   2.3021950000   9.7052240000   0.1593030000   1.9884060000   8.5349450000   0.0823460000   1.7997810000   7.3491480000   0.0063980000  -0.0038780000   0.0074750000  -0.0063760000   0.0035930000  -0.0078250000   0.0025290000   0.0254310000   0.0674880000   0.0015200000  -0.0255910000  -0.0205110000  -0.0040710000   0.0004440000  -0.0466270000
   6.6302302262   6.1388007341 2414  6.16E+00   0.9129000000   0.5748110000   1.5258370000  -0.4081370000   0.8585210000   2.2555450000  -0.1864210000  -0.6033880000   8.2136100000   0.6902500000  -1.3363430000   7.8707460000   1.6490740000  -2.0296290000   7.5181690000   0.0260760000  -0.0055950000  -0.0144040000  -0.0260910000   0.0055730000   0.0144460000  -0.0232070000   0.0249970000   0.0117010000  -0.0544540000   0.0261410000   0.0142830000   0.0776760000  -0.0511160000  -0.0260260000
   6.6324880004   6.1357610732 2444  6.44E+00   0.3134060000   1.5247720000   2.0221290000  -0.0035730000  -0.0182220000   1.8837990000  -0.7609680000  -0.4010910000   7.9605850000   0.0298800000   0.2407220000   8.5229540000   0.7366340000   0.9029990000   9.1069050000   0.0085620000   0.0414810000   0.0037450000  -0.0083840000  -0.0413560000  -0.0038710000   0.0159920000   0.0196380000   0.0198330000   0.0502930000   0.0350360000   0.0274300000  -0.0664630000  -0.0547990000  -0.0471370000
   6.6322323130   6.1356205021 2580  1.38E+01  -0.5671130000  -1.3068630000   2.0533690000   0.3259350000  -0.0035360000   1.9567750000  -0.0118830000   1.2602710000   7.9513150000  -0.4809420000   0.2713910000   8.4945020000  -1.2191510000  -0.6763330000   8.7711010000  -0.0241560000  -0.0352940000   0.0026260000   0.0241640000   0.0351650000  -0.0027340000   0.0127000000   0.0602090000  -0.0445540000   0.0544250000   0.0049550000   0.0385350000  -0.0671330000  -0.0650340000   0.0061270000
   6.6316282344   6.1365663567 2712  8.91E+00  -1.4944700000  -0.5886240000   2.4143860000  -0.8569190000   0.7871370000   1.9935810000   1.7287190000  -1.3078200000   7.1494590000   1.4633810000  -1.1349830000   8.3246400000   1.5465470000  -1.0465470000   9.4939140000  -0.0165650000  -0.0355030000   0.0108320000   0.0162340000   0.0357060000  -0.0110680000   0.0348780000  -0.0137790000  -0.0524180000  -0.0565570000   0.0188060000   0.0509640000   0.0220100000  -0.0052290000   0.0016910000
   6.6332025146   6.1399897247 2712  9.05E+00  -1.4984750000  -0.5903310000   2.4142380000  -0.8570530000   0.7873480000   1.9934970000   1.7313390000  -1.3118150000   7.1503580000   1.4638780000  -1.1349330000   8.3241660000   1.5444800000  -1.0435360000   9.4937980000  -0.0169470000  -0.0361600000   0.0110160000   0.0166180000   0.0363620000  -0.0112490000   0.0348700000  -0.0139840000  -0.0519450000  -0.0565620000   0.0190180000   0.0496760000   0.0220210000  -0.0052370000   0.0025010000
   6.6348308774   6.1356015541 2798  3.16E+00  -0.9397190000  -1.2008530000   2.2473740000  -0.1937140000   0.0238610000   1.8546870000  -0.4525260000   0.5295180000   9.3318400000   0.4026230000   0.3084140000   8.5672800000   1.1769370000  -0.1168820000   7.8335760000  -0.0069190000  -0.0112730000   0.0036120000   0.0067390000   0.0113660000  -0.0037590000   0.0076730000  -0.0183100000  -0.0089650000   0.0408020000   0.0095030000  -0.0357470000  -0.0482940000   0.0087150000   0.0448600000
   6.6314852975   6.1375203988 2950  2.68E+00  -0.9035680000  -1.0887070000   2.0208600000   0.0109420000   0.0143100000   1.9200580000   0.3360900000  -0.7146630000   9.0204810000   0.0693090000   0.2686670000   8.4386200000  -0.3858430000   1.1977730000   7.9293120000   0.0054780000   0.0065580000  -0.0005750000  -0.0053780000  -0.0066950000   0.0005500000  -0.0151950000   0.0030830000   0.0021140000   0.0083610000   0.0416450000  -0.0316850000   0.0067330000  -0.0445910000   0.0295960000
   6.6305545054   6.1382603132 3139  2.33E+00   0.3447620000   0.8976370000   2.1067010000  -0.5615280000  -0.2547610000   1.8138810000   0.5490800000   0.9192370000   9.7004120000   1.0910250000   0.7223180000   8.6927930000   1.4145780000   0.4419780000   7.5834390000   0.0101310000   0.0129770000   0.0031770000  -0.0103610000  -0.0129610000  -0.0035950000  -0.0024780000  -0.0100150000  -0.0290790000   0.0128600000   0.0189730000   0.0480830000  -0.0101510000  -0.0089740000  -0.0185850000
   6.6301956125   6.1399048513 3178  2.87E+00   1.2082240000  -0.7122820000   1.9446550000  -0.0111300000   0.0145960000   1.9337730000   0.6170050000   1.0941650000   7.9452960000   0.0442210000   0.1765320000   8.4110760000  -0.6707370000  -0.5670280000   8.9614830000  -0.0148690000   0.0088130000  -0.0001100000   0.0147870000  -0.0090010000   0.0000800000  -0.0111760000   0.0096250000   0.0089990000   0.0127470000  -0.0298520000  -0.0093290000  -0.0014880000   0.0204160000   0.0003610000
   6.6301496270   6.1393804895 3278  3.01E+00  -1.3167170000  -0.2975750000   1.9600050000   0.0172130000   0.0071260000   1.9356080000  -0.7651440000  -0.5079940000   8.9296610000  -0.0073300000   0.2328680000   8.4378920000   0.7676360000   1.0040170000   7.9468530000   0.0475240000   0.0108270000  -0.0008280000  -0.0476500000  -0.0109610000   0.0007780000   0.0061810000   0.0068740000  -0.0022910000  -0.0318140000  -0.0331770000   0.0158520000   0.0257600000   0.0264370000  -0.0135110000
   6.6333310694   6.1366114613 3497  6.07E+00   1.2288220000   0.2249940000   2.2427490000  -0.0184720000  -0.0018270000   1.7698130000  -0.6576130000  -0.2670100000   7.8672860000  -0.0312310000   0.2942330000   8.7549340000   0.6958920000   0.7287540000   9.5814310000  -0.0551310000  -0.0099960000  -0.0209550000   0.0552990000   0.0101250000   0.0206280000  -0.0318610000  -0.0409280000  -0.0545520000   0.0115210000   0.0395330000   0.0415670000   0.0201720000   0.0012660000   0.0133120000
   6.6329626475   6.1396472154 3587  6.34E+00   1.3907430000  -0.8983090000   2.6860620000   2.2269370000   0.1189270000   3.0774090000  -3.4827390000   0.3460550000   5.3231340000  -4.0318690000   0.0512670000   6.3860320000  -4.7000390000  -0.2342200000   7.3455290000   0.0276010000   0.0334260000   0.0128670000  -0.0271720000  -0.0335230000  -0.0128950000   0.0308250000   0.0216160000  -0.0803290000   0.0079040000  -0.0081830000   0.0391820000  -0.0391580000  -0.0133350000   0.0411750000
   6.6342948361   6.1363794073 3782  1.56E+00  -1.2333530000  -0.8266870000   2.0911070000   0.0142780000   0.0115940000   1.8993370000  -0.5006350000   1.1140720000   7.9138660000  -0.0099540000   0.2499010000   8.5221350000   0.5145070000  -0.6198160000   9.0722920000  -0.0197020000  -0.0132900000   0.0030320000   0.0197880000   0.0131110000  -0.0031550000   0.0130260000  -0.0187940000   0.0110980000   0.0023210000  -0.0103420000   0.0110130000  -0.0154330000   0.0293160000  -0.0219880000
   6.6317942483   6.1386340061 3893  5.24E+00  -1.3720790000   0.4568810000   1.9184300000  -0.7747220000  -0.9143520000   2.3384670000   2.2208600000   2.0351490000   6.8116940000   1.4336890000   1.9701810000   7.7337790000   0.6584690000   1.7112230000   8.5840400000  -0.0136860000   0.0313270000  -0.0095770000   0.0134830000  -0.0313980000   0.0095680000   0.0406640000  -0.0076730000  -0.0486270000  -0.0335110000   0.0217510000   0.0434470000  -0.0069500000  -0.0140070000   0.0051890000
   6.6345486592   6.1364708404 3929  2.68E+00  -1.0491890000   0.9177660000   1.8132840000   0.0144880000  -0.0096260000   1.9826290000   1.0659720000   0.6574860000   7.9914240000  -0.0083330000   0.2136660000   8.3277370000  -1.0659710000  -0.1399580000   8.7421950000   0.0122350000  -0.0107010000   0.0019850000  -0.0123790000   0.0106210000  -0.0019700000   0.0523230000   0.0264770000  -0.0096050000  -0.0255740000  -0.0224410000  -0.0068130000  -0.0266050000  -0.0039570000   0.0164030000
