   6.6412768904   6.5699987572  142  7.90E+00  -2.0068990000   0.9659500000   3.9774770000  -1.7809970000   0.7743280000   2.4134910000   3.4866600000  -1.4177570000   8.6352840000   3.1767600000  -1.1495380000   7.5497240000   3.1497340000  -0.9596580000   6.3942030000  -0.0064210000   0.0054080000   0.0441460000   0.0061610000  -0.0053490000  -0.0441180000   0.0116650000   0.0020140000  -0.0361470000  -0.0336600000   0.0074490000   0.0196180000   0.0222550000  -0.0095220000   0.0165020000
   6.6435973898   6.5653362345  581  7.30E+00  -2.2177150000  -0.2690490000   4.1553740000  -2.1695590000   0.8001750000   3.1742160000   3.5668200000  -1.7009130000   5.1597020000   4.0213960000  -1.2683940000   6.2077360000   4.3893590000  -0.6385500000   7.0667560000  -0.0000190000   0.0008190000  -0.0006700000  -0.0002220000  -0.0006420000   0.0007550000  -0.0263790000  -0.0083100000  -0.0635400000   0.0655080000   0.0521860000   0.1543330000  -0.0388870000  -0.0440520000  -0.0908770000
   6.6406092824   6.5669171884  624  6.05E+00   1.2350700000  -1.1927770000   2.9965490000   0.3341320000  -0.9472560000   1.8979300000   0.0261660000   1.0385920000   8.1498070000  -0.5657870000   2.0706630000   8.4924170000  -1.3479830000   2.9006170000   8.8086420000  -0.0036960000   0.0009980000  -0.0046230000   0.0036620000  -0.0009640000   0.0043060000   0.0320230000  -0.0859160000  -0.0247390000  -0.0067850000   0.0820110000   0.0203510000  -0.0252040000   0.0038710000   0.0047050000
   6.6400889749   6.5688415883  929  2.13E+00   0.3855150000   1.3325990000   2.1225180000  -0.0068520000  -0.0160220000   1.8197830000   1.0963830000   0.2979670000   8.2877010000   0.0077240000   0.2813240000   8.6679650000  -1.0922520000   0.1745780000   8.9843160000  -0.0023170000  -0.0078380000  -0.0017520000   0.0021960000   0.0078490000   0.0017410000  -0.0489030000  -0.0074660000   0.0138300000  -0.0029850000   0.0090440000   0.0051020000   0.0520100000  -0.0015890000  -0.0189210000
   6.6437675420   6.5673462642 1010  3.49E+00  -1.1820200000  -0.1245100000   1.8225000000   0.3352370000   0.1317010000   1.9270050000   0.3399880000   0.7388710000   8.4662220000  -0.5693930000  -0.0224160000   8.4371740000  -1.5123300000  -0.6842710000   8.4624600000  -0.0317860000  -0.0053750000  -0.0021430000   0.0317450000   0.0053180000   0.0022270000   0.0094310000   0.0166520000   0.0056480000  -0.0442590000  -0.0494790000  -0.0096800000   0.0348690000   0.0328840000   0.0039470000
   6.6400794958   6.5670304753 1160  8.58E+00  -2.4555180000   0.8438140000   3.6763540000  -1.3127690000   1.2559790000   2.7021730000   2.2849830000  -1.2942300000   7.8552720000   2.4334040000  -2.0910010000   7.0787000000   2.5992610000  -2.7742130000   6.1050340000  -0.0267510000  -0.0096530000   0.0228500000   0.0267110000   0.0097160000  -0.0227640000   0.0175610000  -0.0761390000  -0.0950580000  -0.0242690000   0.0870560000   0.1341310000   0.0067480000  -0.0109800000  -0.0391590000
   6.6414846061   6.5689975542 1279  1.91E+00  -0.6195050000   0.9035890000   2.5721680000   0.0051570000  -0.0134590000   1.5248210000   0.4487240000   0.2582210000  10.2780880000   0.0184110000   0.2868280000   9.1541120000  -0.4492680000   0.2244180000   8.0737630000  -0.0111580000   0.0164400000   0.0186200000   0.0112450000  -0.0164130000  -0.0189400000   0.0168690000  -0.0068060000   0.0530810000  -0.0119770000   0.0126990000  -0.0511160000  -0.0049790000  -0.0059200000  -0.0016450000
   6.6431033474   6.5665758164 1306  2.09E+00   0.7901000000  -0.6371170000   2.5893370000  -0.0112160000   0.0098390000   1.5675920000  -0.2926150000  -0.3766580000   8.1167410000  -0.0688690000   0.2441050000   9.1174640000   0.3505560000   0.8720840000  10.0479300000  -0.0008890000   0.0007710000  -0.0012810000   0.0009510000  -0.0006730000   0.0009770000   0.0044160000  -0.0193020000  -0.0341870000  -0.0317460000  -0.0046380000   0.0035650000   0.0272670000   0.0238420000   0.0309270000
   6.6409054112   6.5685936334 1324  2.13E+00  -0.3673980000  -1.7632330000   5.0617320000  -0.3910720000  -2.4756320000   3.7546460000   0.4558590000   3.7586780000   5.6421070000   0.7452560000   4.7837790000   5.0456190000   0.9609370000   5.8128270000   4.5008410000   0.0002090000   0.0067600000   0.0125830000  -0.0002250000  -0.0070510000  -0.0127830000  -0.0210020000  -0.0583030000   0.0384920000   0.0204430000   0.0352920000  -0.0293390000   0.0005760000   0.0233020000  -0.0089530000
   6.6405923927   6.5657840529 1379  5.54E+00   0.0131870000  -1.4204830000   3.2665690000  -0.3981820000  -1.2123390000   1.8519960000   0.9426110000   3.0646260000   9.5469590000   0.5955250000   2.5319320000   8.5709790000   0.5981240000   1.8665420000   7.5649100000   0.0038430000  -0.0020710000   0.0131710000  -0.0039460000   0.0018380000  -0.0135670000   0.0168340000  -0.0183560000  -0.0195590000  -0.0402050000   0.0468630000   0.0512930000   0.0234740000  -0.0282730000  -0.0313390000
   6.6437466638   6.5654144254 1803  5.06E+00  -0.3216650000  -1.5994590000   2.1112720000  -0.1435650000  -0.2059340000   1.9765150000  -0.7176760000   1.3268740000   8.3346250000   0.2098770000   0.5798000000   8.3648840000   1.2973890000   0.0548060000   8.3828680000   0.0027500000   0.0216290000  -0.0020500000  -0.0027960000  -0.0216440000   0.0021430000  -0.0118520000   0.0309730000  -0.0001700000  -0.0441450000  -0.0222260000  -0.0013410000   0.0560440000  -0.0087330000   0.0014180000
   6.6416614686   6.5699674593 1971  6.53E+00  -0.5745140000   2.4438670000   3.6472490000  -1.3337770000   1.3939110000   2.6971000000   2.5157050000  -1.7044930000   7.9957270000   2.4656960000  -2.3796030000   7.0535560000   2.3307060000  -2.9369760000   6.0106260000   0.0226870000   0.0313650000   0.0284100000  -0.0227180000  -0.0312700000  -0.0283580000  -0.0063680000  -0.0092920000  -0.0291540000   0.0136270000   0.0124540000   0.0536580000  -0.0072260000  -0.0032570000  -0.0245560000
   6.6403514598   6.5679674308 2094  2.34E+00  -1.1243950000   0.8993290000   2.4839850000  -0.5771440000  -0.3536590000   1.7722330000   0.0139390000   0.7709180000   8.2161560000   1.0756510000   0.8303740000   8.7489120000   2.1318110000   1.0029990000   9.2097970000  -0.0113500000   0.0260540000   0.0147120000   0.0114660000  -0.0260900000  -0.0149540000  -0.0181340000   0.0066180000  -0.0119320000   0.0318550000  -0.0118430000   0.0222370000  -0.0138370000   0.0052610000  -0.0100630000
   6.6415114834   6.5680270462 2094  2.60E+00  -1.1187400000   0.9117600000   2.4823160000  -0.5776000000  -0.3540190000   1.7714440000   0.0174020000   0.7718870000   8.2148350000   1.0744670000   0.8294980000   8.7507090000   2.1311600000   1.0037000000   9.2138170000  -0.0119460000   0.0280120000   0.0156440000   0.0120610000  -0.0280480000  -0.0158830000  -0.0135030000   0.0071280000  -0.0099310000   0.0244250000  -0.0129910000   0.0192480000  -0.0110370000   0.0058990000  -0.0090790000
   6.6428692953   6.5680981182 2094  2.87E+00  -1.1128490000   0.9236390000   2.4803390000  -0.5780600000  -0.3543710000   1.7706580000   0.0208820000   0.7728470000   8.2135270000   1.0732430000   0.8286430000   8.7524750000   2.1305240000   1.0043950000   9.2178490000  -0.0124310000   0.0297780000   0.0164500000   0.0125440000  -0.0298140000  -0.0166840000  -0.0087290000   0.0076300000  -0.0078110000   0.0167680000  -0.0141480000   0.0160930000  -0.0081520000   0.0065540000  -0.0080480000
   6.6444415127   6.5681762774 2094  3.16E+00  -1.1067140000   0.9349320000   2.4780390000  -0.5785230000  -0.3547170000   1.7698760000   0.0243730000   0.7737970000   8.2122290000   1.0719910000   0.8278110000   8.7542140000   2.1298970000   1.0050810000   9.2218900000  -0.0128140000   0.0313570000   0.0171340000   0.0129240000  -0.0313930000  -0.0173640000  -0.0038390000   0.0081210000  -0.0055860000   0.0089520000  -0.0153040000   0.0128020000  -0.0052240000   0.0072190000  -0.0069860000
   6.6444799002   6.5667101561 2123  5.06E+00   1.8418520000   0.7154060000   2.8596500000   0.8430790000   0.1791740000   1.8777440000  -2.6562830000  -0.5131120000   8.7640600000  -1.5688050000  -0.1716880000   8.4925530000  -0.4926050000   0.3897620000   8.3037290000   0.0123020000   0.0065900000   0.0119970000  -0.0124000000  -0.0066940000  -0.0121980000  -0.0005100000   0.0131560000   0.0053840000  -0.0662360000  -0.0615930000   0.0000950000   0.0668430000   0.0485400000  -0.0052790000
   6.6443626989   6.5696527559 2174  3.29E+00   0.7921860000   1.0794850000   2.0961000000  -0.0078980000  -0.0136460000   1.7983000000  -1.0946610000   0.4398870000   9.1267760000  -0.0182180000   0.2750110000   8.6416040000   1.0978710000   0.0414750000   8.2739910000  -0.0210910000  -0.0287490000  -0.0078270000   0.0209440000   0.0287870000   0.0078390000  -0.0280530000   0.0005330000   0.0216470000  -0.0103440000   0.0111350000  -0.0185300000   0.0385440000  -0.0117060000  -0.0031290000
   6.6447978946   6.5673521485 2697  2.04E+00   0.7641430000   1.0579750000   2.9698170000   0.5014460000   0.7532230000   1.6146470000  -0.7669310000  -0.6927790000   7.8940110000  -0.9720720000  -1.1673760000   8.9853560000  -1.0558240000  -1.5716380000  10.1108600000  -0.0037900000  -0.0044090000  -0.0199350000   0.0038860000   0.0044860000   0.0195470000   0.0156660000   0.0245770000  -0.0445810000  -0.0192750000  -0.0121370000  -0.0031970000   0.0035130000  -0.0125170000   0.0481670000
   6.6442317768   6.5677124379 3023  5.33E+00  -0.4560700000   1.3972750000   2.1552870000   0.0035410000  -0.0214680000   1.8146390000   0.1865050000  -0.8433440000   8.3281550000   0.1120400000   0.2700360000   8.6785070000  -0.2595680000   1.3474850000   8.9595720000  -0.0085620000   0.0265210000   0.0063970000   0.0086040000  -0.0264320000  -0.0063950000  -0.0219200000   0.0163560000   0.0027390000   0.0394630000  -0.0049280000   0.0033510000  -0.0175850000  -0.0115160000  -0.0060920000
   6.6435457255   6.5669696276 3066  1.03E+00   0.6457380000  -0.9768400000   2.6575770000   1.3560990000   0.0656310000   1.9583780000  -3.4653560000  -0.2189180000   8.8753780000  -2.4430740000   0.1239780000   8.4354780000  -1.5140100000   0.5472910000   7.8452760000   0.0027690000   0.0040210000  -0.0027950000  -0.0027230000  -0.0041440000   0.0025130000   0.0099800000   0.0110510000  -0.0168610000  -0.0031010000  -0.0167150000   0.0257870000  -0.0069250000   0.0057870000  -0.0086440000
   6.6435561907   6.5676409022 3149  7.01E+00  -0.3078800000  -2.0159160000   2.8575770000  -0.1896820000  -0.8269590000   1.9472430000   0.1521140000   1.0967100000   9.3285310000   0.3978650000   1.7043670000   8.3163550000   0.5159260000   2.5685500000   7.5245670000  -0.0015080000  -0.0153270000   0.0118390000   0.0015250000   0.0152610000  -0.0117030000  -0.0170700000  -0.0054050000   0.0519540000   0.0253250000  -0.0097530000  -0.0693710000  -0.0082720000   0.0152240000   0.0172800000
   6.6411623639   6.5695977457 3296  3.19E+00   0.9588430000  -0.9188430000   2.2635500000  -0.0155330000   0.0106840000   1.8040930000  -0.8689400000  -0.4368670000   8.3026320000  -0.0591070000   0.3011400000   8.7118410000   0.9304770000   0.9030070000   9.0059240000  -0.0106360000   0.0101740000  -0.0050170000   0.0106820000  -0.0100940000   0.0049880000   0.0214430000   0.0001470000  -0.0009720000  -0.0587650000  -0.0069820000  -0.0000910000   0.0372760000   0.0067550000   0.0010930000
   6.6425411053   6.5657855517 3342  6.19E+00   0.7845810000   0.6924800000   2.6511740000  -0.1197880000   0.1484600000   1.4906110000   0.3834880000   0.0451160000   8.0362640000   0.1820670000   0.0222940000   9.2322970000   0.0286550000  -0.1592560000  10.4227720000   0.0226950000   0.0136760000   0.0289530000  -0.0227350000  -0.0136390000  -0.0293460000   0.0130960000  -0.0076360000  -0.0604050000  -0.0066130000   0.0270880000  -0.0097340000  -0.0064430000  -0.0194890000   0.0705320000
   6.6440414988   6.5699882882 3377  1.06E+01   0.5398510000  -2.4293980000   3.4999810000   1.6829940000  -1.4710700000   4.0902370000  -2.5618210000   3.5226860000   3.6334080000  -3.0898630000   3.0455350000   4.4967620000  -3.5579230000   2.3786540000   5.3439340000  -0.0338160000  -0.0283380000  -0.0174780000   0.0338460000   0.0283830000   0.0174420000  -0.0583950000  -0.0697410000   0.1003950000   0.0500550000   0.0762790000  -0.0905700000   0.0083100000  -0.0065830000  -0.0097890000
   6.6418436161   6.5680519807 3675  4.54E+00   0.0005160000  -0.8459640000   1.9255960000   0.2219870000   0.6184790000   1.8591990000  -0.2154500000   0.0913160000   9.2579780000  -0.3030060000  -0.8830680000   8.5603970000  -0.6657800000  -1.7762620000   7.9103470000  -0.0017700000  -0.0118260000   0.0005250000   0.0018510000   0.0119170000  -0.0005030000  -0.0153340000   0.0369310000   0.0267890000   0.0244010000  -0.0644740000  -0.0479110000  -0.0091480000   0.0274520000   0.0210990000
   6.6401431775   6.5650067282 3848  4.25E+00  -1.3808830000  -0.0848680000   2.2557460000  -0.0527570000  -0.5902310000   1.8502050000   1.0618290000   1.6465090000   7.9209550000   0.1288300000   1.3523290000   8.5602470000  -0.8080610000   0.9790780000   9.2716000000  -0.0091020000   0.0034620000   0.0028210000   0.0090310000  -0.0034780000  -0.0027820000  -0.0059590000  -0.0060440000   0.0096990000   0.0760290000   0.0382360000  -0.0678990000  -0.0699980000  -0.0321750000   0.0581610000
   6.6439097876   6.5663400171 3858  5.81E+00   1.6286850000  -0.9185190000   2.8404660000   0.9059340000  -0.1688910000   1.8906960000  -2.3820510000   0.4730180000   7.5381670000  -1.5861060000   0.5794990000   8.4585260000  -1.0543340000   0.6809810000   9.4916890000  -0.0117270000   0.0122250000  -0.0154190000   0.0119540000  -0.0122200000   0.0154410000  -0.0597340000  -0.0057200000  -0.0404800000   0.0824890000   0.0071350000   0.0452130000  -0.0229810000  -0.0014210000  -0.0047560000
   6.6431944544   6.5670055682 3882  2.86E+00  -0.1248630000  -1.4698690000   3.2180490000  -1.0738930000  -1.4073510000   2.2433780000   2.5687450000   3.6540600000   8.4249880000   1.9514210000   2.8604110000   7.8082290000   1.3374800000   2.0075710000   7.3078770000  -0.0373260000   0.0024000000  -0.0384200000   0.0372560000  -0.0025390000   0.0381120000   0.0056890000   0.0030900000   0.0134440000  -0.0202810000  -0.0191850000  -0.0336450000   0.0146610000   0.0162340000   0.0205090000
