   6.6437381128   6.3233137742  115  3.60E+00  -0.8535120000  -1.0701330000   2.5016070000   0.4592440000  -0.8298050000   1.9167170000  -0.2939950000   1.7007650000   9.5409260000  -0.8016520000   1.8421590000   8.4727980000  -1.3440110000   1.8156740000   7.3696070000  -0.0010830000  -0.0002750000   0.0004220000   0.0012840000   0.0000680000  -0.0006750000   0.0138840000  -0.0136460000   0.0318790000   0.0248930000   0.0242100000   0.0431720000  -0.0389780000  -0.0103580000  -0.0747970000
   6.6430989924   6.3239409639  185  5.52E+00   1.2183200000  -1.0976620000   2.8697200000   0.3086950000  -0.5587040000   1.6970170000  -0.5204560000   1.4455390000  10.0138750000  -0.5077290000   1.2456490000   8.8413540000  -0.7168550000   1.1664950000   7.6940300000   0.0242240000  -0.0143680000   0.0310900000  -0.0240590000   0.0142090000  -0.0313870000  -0.0150030000   0.0122670000   0.0264810000   0.0265960000  -0.0219840000  -0.0480460000  -0.0117580000   0.0098760000   0.0218620000
   6.6443774610   6.3215122790  229  3.83E+00   0.3494750000  -0.7918110000   1.9507350000  -0.5680400000  -1.6414680000   2.6214740000   1.0100010000   3.4426850000   6.0306810000   1.1262870000   3.2137170000   7.1947850000   0.9594090000   3.0802420000   8.3542300000  -0.0114080000  -0.0106330000   0.0083270000   0.0113970000   0.0103700000  -0.0083060000  -0.0199980000   0.0117120000  -0.0196820000   0.0390380000  -0.0174760000   0.0138170000  -0.0190290000   0.0060270000   0.0058450000
   6.6437070229   6.3244350758  508  4.72E+00  -0.6184530000   0.3774250000   2.3291300000   0.5873150000   0.2761150000   1.6699190000  -1.6496620000  -0.1479860000   9.9444850000  -0.9774090000  -0.2533190000   8.9330800000  -0.5108340000  -0.3769380000   7.8639540000   0.0370650000  -0.0030910000  -0.0203600000  -0.0370580000   0.0031680000   0.0200170000  -0.0525540000   0.0051370000   0.0572780000   0.0670800000  -0.0044120000  -0.0596340000  -0.0145330000  -0.0008020000   0.0026980000
   6.6403735116   6.3235475722  536  2.85E+00   0.0057940000  -1.1175180000   2.5615950000   1.4056400000  -0.7553090000   2.1732570000  -2.0259930000   1.5808560000   6.9433180000  -2.4774440000   1.6845030000   8.0458240000  -3.1346730000   1.6848700000   9.0027390000  -0.0163750000  -0.0043460000   0.0044570000   0.0166370000   0.0040940000  -0.0047760000  -0.0051740000  -0.0082410000  -0.0314120000   0.0043140000   0.0152580000   0.0622280000   0.0005990000  -0.0067640000  -0.0304970000
   6.6439705978   6.3218920764 1091  2.98E+00  -0.3208310000   1.3181140000   1.8955820000  -0.3969410000  -0.1376790000   1.9924460000   0.0763990000   1.4390530000   8.5693600000   0.7815420000   0.4927020000   8.3952600000   1.3395300000  -0.5166930000   8.0593510000   0.0001600000   0.0030100000  -0.0001760000  -0.0001870000  -0.0029410000   0.0001460000  -0.0277560000   0.0217950000  -0.0039520000   0.0164080000   0.0180610000   0.0242420000   0.0113740000  -0.0399250000  -0.0202600000
   6.6422774745   6.3241149877 1171  3.18E+00   1.0840920000   0.9067110000   2.2172270000  -0.0152690000  -0.0112070000   1.7716590000  -0.9657870000   0.2818370000   8.0170630000   0.0082340000   0.3088160000   8.7444700000   0.9675640000   0.1728500000   9.4319000000   0.0137030000   0.0114030000   0.0055380000  -0.0135080000  -0.0113910000  -0.0057020000  -0.0527880000  -0.0109250000  -0.0390460000   0.0296660000   0.0237930000   0.0238020000   0.0229280000  -0.0128790000   0.0154080000
   6.6438151600   6.3248022609 1685  4.39E+00   0.2604200000   1.3168290000   2.4427060000  -0.0027610000  -0.0181230000   1.6361780000  -0.5036880000   0.0156100000   7.9410220000  -0.0531160000   0.2877310000   8.9988430000   0.5409450000   0.4636130000   9.9794030000   0.0071300000   0.0359830000   0.0216220000  -0.0070070000  -0.0358960000  -0.0220040000   0.0082300000  -0.0075150000  -0.0064390000  -0.0041920000   0.0181220000   0.0346090000  -0.0041610000  -0.0106930000  -0.0277880000
   6.6426107143   6.3233774153 2082  2.54E+00  -0.9184220000  -1.1446530000   1.9857600000   0.0154580000   0.0152820000   1.9765500000   0.6338210000   1.2389620000   8.1495020000  -0.0131130000   0.2568750000   8.4154110000  -0.6433130000  -0.7483280000   8.5377890000  -0.0091510000  -0.0113630000   0.0001140000   0.0091230000   0.0113260000  -0.0001170000   0.0291660000   0.0414640000  -0.0185280000  -0.0121270000  -0.0113910000   0.0222680000  -0.0170100000  -0.0300370000  -0.0037370000
   6.6403987618   6.3201589537 2267  1.88E+00  -1.0422160000  -0.8854260000   2.1609730000   0.0186390000   0.0128650000   1.8178760000   0.6071620000   1.0344140000   8.0271020000  -0.0634250000   0.2794470000   8.6247130000  -0.5869710000  -0.5649870000   9.2844900000   0.0080220000   0.0067960000  -0.0025740000  -0.0081410000  -0.0069020000   0.0025450000   0.0062440000  -0.0092520000   0.0088190000  -0.0021040000   0.0367810000  -0.0306890000  -0.0040210000  -0.0274240000   0.0218990000
   6.6449787904   6.3240356858 2296  3.79E+00  -1.3484190000  -1.2413380000   2.8460400000  -0.5037460000  -0.6413650000   1.8710130000   0.9349960000   0.4573860000   7.9304020000   0.8536170000   1.4463980000   8.5102130000   1.0249820000   2.4258230000   9.1586010000   0.0092370000   0.0066170000  -0.0107600000  -0.0093630000  -0.0065190000   0.0105440000   0.0139370000   0.0518060000   0.0371570000  -0.0339490000  -0.0645720000  -0.0510490000   0.0201380000   0.0126670000   0.0141070000
   6.6429381803   6.3233024493 2376  5.51E+00  -1.0309640000  -1.2412590000   2.4376380000   0.2539550000  -0.5434620000   1.8295160000   0.5096230000   1.0352600000   7.9472300000  -0.4886600000   1.2619110000   8.5669670000  -1.3461480000   1.4974890000   9.3321490000  -0.0349830000  -0.0189540000   0.0165330000   0.0347780000   0.0189180000  -0.0167110000   0.0352400000  -0.0047790000  -0.0050640000  -0.0442770000   0.0041320000  -0.0043610000   0.0092410000   0.0006830000   0.0096030000
   6.6431429743   6.3233571377 2477  5.40E+00  -1.1224840000  -0.5558280000   2.2426820000   0.0140770000   0.0105730000   1.7672730000  -0.2818080000  -0.6434780000   9.4930300000   0.0575880000   0.2358240000   8.7320630000   0.2389910000   1.1363350000   7.9855460000   0.0484080000   0.0240840000  -0.0202430000  -0.0484270000  -0.0242480000   0.0201300000  -0.0269410000  -0.0442690000   0.0410630000   0.0337800000   0.0307940000  -0.0335550000  -0.0068200000   0.0136390000  -0.0073940000
   6.6441244755   6.3210794221 2482  2.37E+00   0.4788330000  -1.7484390000   3.3298890000   0.6091820000  -1.2174450000   2.0727020000  -0.5136180000   1.6490310000   7.5934520000  -1.1326300000   2.4770040000   8.1974560000  -1.7086900000   3.3695370000   8.6925660000   0.0044850000   0.0181900000  -0.0433420000  -0.0044820000  -0.0183600000   0.0429360000   0.0198980000  -0.0184150000  -0.0223060000  -0.0220880000   0.0136450000   0.0288820000   0.0021880000   0.0049400000  -0.0061700000
   6.6419936176   6.3217361110 2796  2.12E+00  -1.7749430000   1.0138720000   2.5398050000  -0.6423620000   0.3706500000   2.0080540000   0.2638060000   0.2367870000   8.2630750000   1.1698980000  -0.4970500000   8.2983730000   2.1778970000  -1.0909690000   8.3198340000   0.0197150000  -0.0112050000  -0.0092950000  -0.0196400000   0.0111010000   0.0092270000   0.0244640000  -0.0043080000   0.0014840000  -0.0221850000  -0.0107810000  -0.0012090000  -0.0023540000   0.0151930000  -0.0002080000
   6.6433663807   6.3232670505 2971  5.21E+00  -1.1881090000  -0.9999360000   1.8443360000   0.0107700000   0.0106230000   2.0308280000   0.6278620000   1.2606430000   8.2624180000  -0.0479970000   0.2841630000   8.2619330000  -0.5707590000  -0.7763470000   8.2779240000  -0.0318090000  -0.0267930000  -0.0049400000   0.0317900000   0.0268420000   0.0050030000   0.0219190000   0.0123510000   0.0024470000  -0.0262350000   0.0038300000  -0.0052740000   0.0043350000  -0.0162320000   0.0027640000
   6.6437913736   6.3203416221 2994  6.95E+00   0.9336410000   1.0077670000   1.7437360000   0.3273750000  -0.4087080000   2.0308370000   0.4679570000   1.2374170000   8.6764600000  -0.5806590000   0.9877890000   8.2126200000  -1.7258730000   0.6864210000   7.9071950000   0.0151270000   0.0353200000  -0.0070980000  -0.0149980000  -0.0352730000   0.0071900000  -0.0046230000  -0.0026160000   0.0110060000   0.0787800000   0.0233200000  -0.0040430000  -0.0742850000  -0.0207510000  -0.0070550000
   6.6444310022   6.3220091739 3465  9.03E+00   0.1306860000  -1.9472130000   3.0908860000   0.7500600000  -1.0948060000   2.1986130000  -0.3290990000   1.7706320000   7.7296600000  -1.3690580000   2.2034440000   8.0579050000  -2.3973700000   2.8533340000   8.0473460000   0.0181410000   0.0249930000  -0.0262090000  -0.0182240000  -0.0251080000   0.0260300000  -0.0106750000   0.0193860000  -0.0166780000   0.0597490000  -0.0648300000   0.0384220000  -0.0489920000   0.0455590000  -0.0215660000
   6.6409701555   6.3209645334 3465  8.75E+00   0.1283440000  -1.9519320000   3.0969070000   0.7503640000  -1.0950810000   2.1983020000  -0.3310790000   1.7706980000   7.7275320000  -1.3680050000   2.2033630000   8.0564380000  -2.3975490000   2.8550000000   8.0517460000   0.0158030000   0.0217960000  -0.0229030000  -0.0158850000  -0.0219090000   0.0227300000  -0.0148620000   0.0211540000  -0.0150930000   0.0663980000  -0.0681600000   0.0362240000  -0.0514550000   0.0471190000  -0.0209570000
   6.6447809225   6.3235020657 3505  8.90E-01  -1.0504330000   1.0365730000   1.9673450000   0.0112840000  -0.0149480000   1.9176090000   0.4565800000   1.2602500000   8.0951700000   0.0119840000   0.2594720000   8.4804470000  -0.4557520000  -0.7580130000   8.8388280000  -0.0119680000   0.0118160000   0.0005670000   0.0119230000  -0.0119220000  -0.0005600000  -0.0128490000  -0.0266620000   0.0098050000   0.0147510000   0.0286020000  -0.0093310000  -0.0018580000  -0.0018340000  -0.0004820000
   6.6442014877   6.3232856621 3580  2.46E+00  -0.4450500000  -1.3925570000   2.4809640000   0.4667530000  -0.4229150000   1.8212160000  -1.8000490000   0.9806700000   9.3214910000  -0.8645330000   1.1168070000   8.6187600000   0.1460140000   1.0684940000   7.9577270000  -0.0081790000  -0.0086500000   0.0058510000   0.0080190000   0.0085750000  -0.0061050000  -0.0037330000  -0.0123130000   0.0092940000  -0.0432080000   0.0251490000   0.0144130000   0.0471010000  -0.0127610000  -0.0234530000
   6.6432762990   6.3226361796 3773  5.48E+00   0.5291670000  -1.2308580000   1.9549150000  -0.0078640000   0.0103420000   1.9779560000  -0.1286380000   1.4144750000   8.4558980000   0.0419890000   0.2748310000   8.4069440000   0.1030510000  -0.9072180000   8.2326750000  -0.0239390000   0.0553510000   0.0010020000   0.0239540000  -0.0552300000  -0.0010310000  -0.0010910000  -0.0442260000  -0.0090010000   0.0067920000   0.0775530000   0.0201170000  -0.0057160000  -0.0334480000  -0.0110870000
   6.6420520316   6.3248884160 3816  4.20E+00   1.1319640000   1.3020010000   2.5491930000   0.3867310000   0.1716020000   1.7637780000  -0.7888010000   0.7294860000   9.5453680000  -0.7519900000  -0.1198650000   8.7577250000  -0.6494300000  -0.8908800000   7.9120880000   0.0183770000   0.0279170000   0.0193580000  -0.0183390000  -0.0277440000  -0.0195400000   0.0057440000  -0.0190900000  -0.0264840000  -0.0048100000  -0.0270040000  -0.0154650000  -0.0009720000   0.0459210000   0.0421310000
