   6.6432705602   6.2812246421   14  5.10E+00   1.6562170000  -0.4902150000   2.5042130000   1.3521270000   1.0815110000   2.4064300000  -1.8979960000  -0.7028320000   7.4765980000  -2.4591570000  -1.7195420000   7.5722990000  -3.1131210000  -2.6890820000   7.6640290000   0.0089830000  -0.0465300000   0.0028710000  -0.0089120000   0.0464360000  -0.0030880000  -0.0186790000  -0.0176920000   0.0032430000   0.0238630000   0.0126200000  -0.0031010000  -0.0052550000   0.0051670000   0.0000750000
   6.6445320146   6.2813486862  248  7.30E+00   0.4164000000  -2.1734830000   4.4094620000  -0.0224070000  -2.1487950000   3.0013150000  -0.5430910000   3.4584890000   5.7838670000   0.0157240000   4.1210910000   6.4993430000   0.6169590000   5.0040410000   7.0711820000   0.0027330000  -0.0001730000   0.0086820000  -0.0026210000  -0.0000210000  -0.0086790000   0.0617520000   0.0870980000   0.0662010000  -0.0904930000  -0.1406680000  -0.0808880000   0.0286280000   0.0537640000   0.0146840000
   6.6448720464   6.2846301582  314  4.46E+00  -0.0645500000  -1.0702130000   1.8699620000   0.7623520000   0.2876370000   1.9972800000  -0.6567680000   0.1966860000   9.1529860000  -1.3837370000  -0.2483370000   8.3305030000  -2.1077700000  -0.6916900000   7.5018140000  -0.0235280000  -0.0387020000  -0.0036700000   0.0237050000   0.0387780000   0.0036230000   0.0130130000   0.0080700000   0.0152030000  -0.0008520000  -0.0008630000  -0.0029800000  -0.0123380000  -0.0072820000  -0.0121760000
   6.6408430460   6.2801127848  332  4.18E+00  -0.6488330000  -0.3587420000   1.7746280000  -0.6708390000  -1.6192340000   2.6758800000   0.6591640000   2.2506120000   7.4398280000   1.2768370000   3.1669290000   7.0625610000   1.7735300000   4.1691110000   6.7837270000   0.0005350000   0.0280610000  -0.0200380000  -0.0004520000  -0.0280180000   0.0198550000   0.0040460000   0.0254970000   0.0011350000   0.0243640000   0.0082330000  -0.0198930000  -0.0284930000  -0.0337730000   0.0189410000
   6.6419019228   6.2811594829  508  8.16E+00   1.5981760000   0.6402470000   2.5203660000   0.4740700000   0.2349080000   1.8634240000  -1.9934060000  -0.5582710000   8.9143320000  -0.8592910000  -0.1615210000   8.6386080000   0.1701610000   0.1536710000   8.1367010000  -0.0430680000  -0.0155310000  -0.0252190000   0.0429910000   0.0155130000   0.0250220000  -0.0887290000  -0.0335880000   0.0079590000   0.0749050000   0.0321620000   0.0132010000   0.0139000000   0.0014450000  -0.0209630000
   6.6420361595   6.2830051157  636  5.04E+00   0.1729520000   1.3962390000   1.8252340000  -0.0034160000  -0.0161180000   1.9720450000  -1.0396010000   0.8258240000   8.1115570000   0.0125820000   0.2619580000   8.3677360000   1.0363190000  -0.3422720000   8.6441370000  -0.0013790000  -0.0112210000   0.0011780000   0.0014750000   0.0111770000  -0.0011450000  -0.0686280000   0.0338410000  -0.0136550000   0.0032920000   0.0077230000  -0.0065220000   0.0652400000  -0.0415200000   0.0201440000
   6.6433413479   6.2820386591  693  1.13E+00  -1.2808290000   0.8852320000   2.8614360000  -0.7169570000   0.2739050000   1.6951980000   1.0345630000   0.0153210000   7.7225790000   1.3542420000  -0.2535210000   8.8525650000   1.6101650000  -0.5610500000   9.9865140000   0.0041060000  -0.0045080000  -0.0087550000  -0.0042630000   0.0045170000   0.0083260000  -0.0163610000   0.0088580000  -0.0451100000   0.0082330000   0.0075810000  -0.0073920000   0.0082840000  -0.0164480000   0.0529310000
   6.6440029151   6.2829455935  731  5.49E+00  -2.2290020000  -1.3286880000   3.8152450000  -2.2344160000   0.2173510000   3.6590810000   3.9966920000  -0.4491140000   4.1113230000   4.1424330000  -0.1214200000   5.2609610000   4.1932460000   0.2261450000   6.4257760000   0.0001210000  -0.0353920000   0.0036030000  -0.0001830000   0.0354280000  -0.0035020000  -0.0100120000  -0.0132340000  -0.0490920000   0.0113710000  -0.0086790000  -0.0216810000  -0.0012970000   0.0218780000   0.0706710000
   6.6410861376   6.2805376383  885  4.16E+00  -1.7524330000  -0.8294280000   3.2664650000  -0.7491260000  -1.4933900000   2.3574920000   0.6433240000   2.1067680000   7.3117930000   1.3452670000   3.0198320000   7.7039730000   2.1985190000   3.8245350000   7.9263660000  -0.0142720000   0.0093600000   0.0127680000   0.0142010000  -0.0095430000  -0.0131560000  -0.0271190000  -0.0526590000  -0.0287840000  -0.0092370000   0.0329670000   0.0315940000   0.0364260000   0.0198740000  -0.0024220000
   6.6404050971   6.2839465610 1315  6.03E+00   0.6561420000  -0.9271480000   1.9040960000  -0.0551510000   0.2297440000   1.9319170000   0.0403390000  -1.2825690000   8.0304230000   0.0942070000  -0.1531550000   8.4752560000   0.1230360000   0.9962290000   8.8399960000  -0.0293390000   0.0477490000   0.0011230000   0.0293500000  -0.0476110000  -0.0011690000  -0.0043760000  -0.0618350000  -0.0274590000   0.0043360000   0.0045340000   0.0132130000   0.0000290000   0.0571630000   0.0142910000
   6.6437353418   6.2829263669 1324  1.57E+00  -0.4527250000  -1.9166650000   4.4681260000  -0.5408270000  -2.2111400000   3.0842060000   1.0085130000   3.3424900000   5.5805840000   0.9714440000   4.3139560000   6.2820510000   0.9917750000   5.2704380000   7.0199160000  -0.0011870000  -0.0039160000  -0.0179350000   0.0010320000   0.0035470000   0.0178450000   0.0050440000  -0.0329400000  -0.0216790000  -0.0093190000  -0.0163490000  -0.0191560000   0.0044300000   0.0496570000   0.0409240000
   6.6423026060   6.2822366093 1359  2.22E+00  -0.0459070000   0.1850450000   1.3860670000   0.7843670000  -0.5828910000   2.3138530000  -0.3718500000   1.0457400000   8.2714920000  -1.4151800000   1.3333480000   7.7834630000  -2.4802080000   1.5404330000   7.2434110000  -0.0021320000   0.0019870000  -0.0023970000   0.0021670000  -0.0019720000   0.0024370000   0.0211880000  -0.0106340000   0.0088850000   0.0350470000   0.0042920000   0.0203430000  -0.0562700000   0.0063270000  -0.0292690000
   6.6437591508   6.2801553523 1359  2.03E+00  -0.0375820000   0.1759030000   1.3892560000   0.7846000000  -0.5829880000   2.3135820000  -0.3715320000   1.0462790000   8.2675050000  -1.4168660000   1.3318720000   7.7846330000  -2.4809480000   1.5420620000   7.2476710000   0.0008120000  -0.0007350000   0.0009000000  -0.0007820000   0.0007500000  -0.0008600000   0.0199930000  -0.0099300000   0.0079950000   0.0339150000   0.0035750000   0.0201510000  -0.0539390000   0.0063410000  -0.0281860000
   6.6441690549   6.2840305988 1573  1.47E+00  -0.0372270000  -1.3190000000   2.3841140000   0.0042670000   0.0148880000   1.7052230000  -0.7105590000   0.2382110000   9.7587090000  -0.0288790000   0.2780610000   8.8334790000   0.7132730000   0.2494690000   7.9447200000  -0.0005470000  -0.0157450000   0.0079440000   0.0003540000   0.0157130000  -0.0082350000   0.0344280000  -0.0031970000  -0.0374480000  -0.0120760000   0.0069870000   0.0008650000  -0.0221600000  -0.0037580000   0.0368740000
   6.6424932488   6.2800228273 1680  5.50E+00   1.0419530000  -0.8426720000   2.0479470000  -0.0154450000   0.0082300000   1.8729510000  -0.9739420000  -0.1309100000   8.0778370000   0.0306370000   0.2642900000   8.5190050000   0.9624340000   0.6321720000   9.0451710000  -0.0376510000   0.0303560000  -0.0062060000   0.0378420000  -0.0302820000   0.0061640000   0.0181810000   0.0074420000   0.0189600000   0.0655980000   0.0254380000   0.0180580000  -0.0839690000  -0.0329540000  -0.0369770000
   6.6422134364   6.2810363130 2343  6.24E+00   0.0512810000  -1.9418090000   5.9591040000  -1.2457570000  -1.7183040000   5.0280510000   2.4990820000   4.1876540000   3.5756590000   2.2586510000   3.4171770000   2.7144490000   2.0237390000   2.6387280000   1.9010580000   0.0394880000  -0.0067670000   0.0283420000  -0.0394980000   0.0068110000  -0.0282430000   0.0024530000   0.0053290000   0.0084820000  -0.0143730000  -0.0416530000  -0.0481590000   0.0119280000   0.0362800000   0.0395780000
   6.6447679967   6.2842887670 2343  5.90E+00   0.0390890000  -1.9363140000   5.9630810000  -1.2455680000  -1.7182930000   5.0282370000   2.4965570000   4.1842000000   3.5760930000   2.2596660000   3.4172860000   2.7133200000   2.0253260000   2.6416960000   1.9002930000   0.0379560000  -0.0064050000   0.0276160000  -0.0379640000   0.0064490000  -0.0275190000   0.0014560000   0.0027450000   0.0058310000  -0.0142840000  -0.0426430000  -0.0496000000   0.0128370000   0.0398540000   0.0436720000
   6.6421089435   6.2837046299 2350  2.69E+00   1.0168050000   0.7455630000   2.5288550000  -0.0216230000   0.3563570000   1.6313490000  -0.3578470000  -0.2645980000   7.8752510000   0.0274510000  -0.5155530000   8.9746580000   0.3811670000  -0.4874060000  10.0820190000  -0.0097930000  -0.0036830000  -0.0086220000   0.0099320000   0.0037030000   0.0081750000  -0.0081900000   0.0222900000  -0.0141170000   0.0171040000  -0.0404470000   0.0353040000  -0.0090530000   0.0181370000  -0.0207410000
   6.6418437513   6.2840897033 2378  8.30E+00   1.9746670000  -0.0587150000   2.8610970000   0.9554060000  -0.5648360000   2.1261760000  -0.6516040000   0.8725520000   8.0288210000  -1.7928790000   1.2404000000   8.1744750000  -2.8984270000   1.7085870000   8.0369220000  -0.0441890000  -0.0219490000  -0.0319240000   0.0441410000   0.0219170000   0.0316800000   0.0496970000  -0.0092930000  -0.0210100000   0.0005470000  -0.0187070000   0.0435630000  -0.0501970000   0.0280330000  -0.0223090000
   6.6443738085   6.2846260668 2746  2.49E+00  -0.5451160000  -1.9305530000   2.5377080000  -0.1516430000  -2.1892520000   3.8756620000   0.4917790000   4.8141870000   3.9029580000   0.2436800000   4.2397890000   4.8727420000   0.1169800000   3.7459830000   5.9244060000   0.0049890000  -0.0032040000   0.0169300000  -0.0049890000   0.0032770000  -0.0170520000  -0.0007990000  -0.0152870000   0.0433620000  -0.0101190000  -0.0005980000  -0.0318940000   0.0109180000   0.0158140000  -0.0113460000
   6.6437431714   6.2817172707 2836  3.65E+00  -0.0915210000   1.5361010000   2.4435420000  -0.0798510000   0.2584240000   1.7046080000  -0.0142660000   0.5549480000   7.9789800000   0.2374500000  -0.2497210000   8.8343120000   0.2405740000  -1.0672220000   9.7231490000  -0.0000690000   0.0080800000   0.0045670000   0.0001200000  -0.0081990000  -0.0048980000  -0.0231050000   0.0267870000  -0.0254340000   0.0373990000   0.0133830000  -0.0193700000  -0.0143450000  -0.0400510000   0.0451350000
   6.6440663433   6.2844584057 2899  7.77E+00   1.1674480000  -1.4816500000   2.1943260000   0.0654180000  -0.6920400000   2.1791590000  -0.3963470000   2.5989360000   7.6511960000  -0.1915150000   1.5180310000   7.9648330000   0.1398500000   0.4987230000   8.3493260000  -0.0470860000   0.0337420000  -0.0006500000   0.0470380000  -0.0336780000   0.0007500000   0.0230020000  -0.0639180000   0.0271250000  -0.0078050000  -0.0185180000  -0.0053980000  -0.0151490000   0.0823730000  -0.0218270000
   6.6432017110   6.2813627230 2918  3.61E+00  -0.2389040000   1.3247530000   1.9475020000   0.0036240000  -0.0113610000   1.9163030000  -0.8999460000  -0.4120750000   8.8651240000   0.0100910000   0.2211590000   8.4936620000   0.8893230000   0.9070010000   8.0667230000   0.0099810000  -0.0551550000  -0.0013000000  -0.0101090000   0.0550470000   0.0012470000   0.0035450000   0.0071870000  -0.0048430000  -0.0239740000  -0.0279850000   0.0174420000   0.0205560000   0.0209070000  -0.0125460000
   6.6414903509   6.2810540786 2994  7.60E+00   0.9675310000   1.0135380000   1.7464500000   0.3249080000  -0.4069340000   2.0373950000   0.4684830000   1.2422600000   8.6794080000  -0.5787600000   0.9778560000   8.2053280000  -1.7176390000   0.6798110000   7.8767980000   0.0176550000   0.0390060000  -0.0079300000  -0.0175240000  -0.0389640000   0.0080130000   0.0061100000   0.0011230000   0.0148040000   0.0674840000   0.0183320000  -0.0055060000  -0.0737250000  -0.0194970000  -0.0093820000
   6.6436951528   6.2822991140 3147  7.21E+00  -0.4108140000  -2.0623290000   2.3829880000   0.2617190000  -0.6300420000   2.1756770000  -0.4268310000   0.3332500000   8.4122660000  -0.5436040000   1.4464630000   8.0229730000  -0.4462920000   2.5450830000   7.5501150000  -0.0192740000  -0.0409990000   0.0059470000   0.0192280000   0.0409940000  -0.0059380000   0.0148000000  -0.0167260000   0.0018750000  -0.0311140000  -0.0201090000   0.0179400000   0.0163610000   0.0368400000  -0.0198240000
   6.6441542587   6.2833761762 3386  4.30E+00   1.3569220000   0.4610720000   2.7267080000   0.4175310000   1.2174830000   1.8957260000  -0.6645020000  -1.7218740000   7.3427620000  -0.7591190000  -2.0946280000   8.4830570000  -0.9363700000  -2.1274730000   9.6507250000   0.0030080000  -0.0023020000   0.0024840000  -0.0028590000   0.0025330000  -0.0028860000  -0.0028070000   0.0321050000  -0.0314730000   0.0097100000  -0.0534470000   0.0183800000  -0.0070510000   0.0211120000   0.0134950000
   6.6449262179   6.2800382347 3471  6.08E+00   0.1948770000  -1.7481830000   3.2274010000  -0.6282190000  -1.1472980000   1.9792100000   1.5049950000   2.9323560000   9.3146570000   1.1049850000   2.4217930000   8.3203420000   0.7906990000   1.7773130000   7.3524960000   0.0249540000  -0.0183350000   0.0377320000  -0.0250340000   0.0180830000  -0.0381400000   0.0150340000   0.0047090000   0.0263030000  -0.0082860000   0.0274720000   0.0083690000  -0.0066680000  -0.0319290000  -0.0342630000
   6.6444213602   6.2800642430 3489  1.17E+00  -1.3311520000   0.5332070000   1.8857350000   0.0142410000  -0.0028210000   1.9667420000   1.1492180000   0.0385180000   8.1432560000   0.0137890000   0.2804600000   8.3877030000  -1.1468270000   0.4191070000   8.6201250000   0.0016340000  -0.0006430000   0.0001400000  -0.0016910000   0.0006750000  -0.0001020000   0.0185400000  -0.0105990000  -0.0034430000   0.0132520000   0.0133030000  -0.0031260000  -0.0317350000  -0.0027360000   0.0065300000
