   6.6457499825   6.4506723745  123  5.80E+00   0.3293450000   0.9138140000   2.0342970000  -0.4290550000  -0.2397190000   1.7920840000  -0.3137440000   0.6648940000   8.1779710000   0.7645320000   0.6642160000   8.6610840000   1.8618660000   0.6637980000   9.2431110000  -0.0148420000  -0.0226370000  -0.0047360000   0.0149650000   0.0226220000   0.0046780000  -0.0142190000   0.0001570000   0.0002030000  -0.0792040000  -0.0001790000  -0.0552560000   0.0933010000   0.0000370000   0.0551110000
   6.6455477884   6.4521973737  335  2.83E+00  -0.2323900000   1.3190960000   1.9340770000  -0.3566810000  -0.1591610000   1.9067490000   1.5676510000  -0.1043620000   8.0650600000   0.6940880000   0.5704260000   8.4720000000  -0.2927070000   1.0755990000   8.9316150000   0.0010430000   0.0124660000   0.0002780000  -0.0010910000  -0.0123920000  -0.0002310000  -0.0060070000  -0.0112540000   0.0044940000   0.0470040000   0.0043920000  -0.0247510000  -0.0409500000   0.0067870000   0.0202100000
   6.6478986476   6.4522970221  666  3.75E+00  -1.1556320000   0.7811540000   2.3639850000   0.0151570000  -0.0064960000   1.6727880000   0.0503470000   1.0125560000   8.0440070000  -0.0163840000   0.2268640000   8.8900430000  -0.0409360000  -0.5119580000   9.7802130000  -0.0298640000   0.0200210000   0.0175420000   0.0298220000  -0.0202010000  -0.0177650000   0.0006430000  -0.0261720000   0.0372230000  -0.0044190000   0.0004240000  -0.0136610000   0.0038180000   0.0259280000  -0.0233390000
   6.6483682623   6.4523809091  750  8.57E+00  -0.8382690000   0.7346890000   2.3660320000  -0.7648240000  -0.5733980000   1.8979900000   1.4356580000   1.8371640000   7.4639840000   1.4337410000   1.4090290000   8.5776370000   1.3605650000   0.6101520000   9.4699120000   0.0017330000  -0.0318580000  -0.0114540000  -0.0018820000   0.0316990000   0.0112350000  -0.0039440000  -0.0166960000  -0.0298470000   0.0105940000   0.0634590000   0.0181620000  -0.0065010000  -0.0466030000   0.0119030000
   6.6485591977   6.4543262691 1000  3.08E+00  -0.7217500000   1.1676970000   1.9765490000   0.0111420000  -0.0178980000   1.8831470000   1.0761300000  -0.0548820000   8.2488960000  -0.0260880000   0.2283800000   8.5215530000  -1.0667190000   0.5869300000   8.8257760000   0.0158720000  -0.0257180000  -0.0019810000  -0.0159940000   0.0257290000   0.0020260000  -0.0110640000   0.0094440000   0.0079550000  -0.0573500000   0.0071660000   0.0073170000   0.0685350000  -0.0166210000  -0.0153160000
   6.6457349098   6.4507654190 1064  6.71E+00   1.4185510000  -1.3904950000   3.0707700000   0.4358320000  -0.9863390000   2.0633070000  -0.1220600000   1.7200570000   9.1145230000  -0.8737350000   2.1136280000   8.2314230000  -1.4880530000   2.3945430000   7.2092450000   0.0030090000  -0.0012460000   0.0030820000  -0.0029020000   0.0011250000  -0.0031240000   0.0585330000  -0.0325260000   0.0538070000  -0.0249350000   0.0192650000   0.0196430000  -0.0337040000   0.0133820000  -0.0734080000
   6.6487634174   6.4512562856 1066  4.21E+00  -1.7830210000  -0.0700360000   2.4916130000  -0.4150780000   0.1749180000   1.8033030000   1.6230350000  -0.3785090000   7.8990820000   0.7547450000  -0.1210100000   8.6367900000  -0.0042810000   0.2878560000   9.4553930000  -0.0306790000  -0.0054800000   0.0154750000   0.0305370000   0.0055000000  -0.0154590000  -0.0050850000   0.0136920000   0.0179250000   0.0123400000  -0.0314800000  -0.0397960000  -0.0071120000   0.0177690000   0.0218540000
   6.6480974198   6.4519770559 1323  6.02E+00   0.4073770000   0.7027400000   1.7477260000   0.5568260000  -0.7373380000   2.1360690000  -0.2644090000   0.9576220000   8.6784180000  -1.1012280000   1.5637150000   8.1648930000  -1.7154880000   2.1943460000   7.4152570000  -0.0017970000   0.0174990000  -0.0047470000   0.0018370000  -0.0175870000   0.0047200000  -0.0227560000   0.0307970000  -0.0411380000  -0.0212740000  -0.0049190000   0.0241570000   0.0439900000  -0.0257910000   0.0170080000
   6.6463024018   6.4539596510 1636  3.70E+00  -0.6447070000  -1.1385590000   2.1898930000   0.0128440000   0.0130780000   1.7986400000   0.9618000000  -0.2241340000   8.1780450000  -0.0405330000   0.1988320000   8.6721530000  -0.9548960000   0.7689660000   9.1921780000   0.0186320000   0.0327160000  -0.0110930000  -0.0187850000  -0.0326770000   0.0110520000   0.0333440000  -0.0028230000  -0.0104470000  -0.0079220000  -0.0252120000  -0.0093000000  -0.0252690000   0.0279950000   0.0197870000
   6.6484466145   6.4548062426 1797  8.15E+00   1.9948000000   0.0896630000   2.8037070000   0.9593870000  -0.1660900000   1.9927220000  -2.9547720000   0.3831220000   8.4962560000  -1.8089830000   0.5442690000   8.2375280000  -0.6043230000   0.7198150000   8.1922790000  -0.0542230000  -0.0134060000  -0.0425380000   0.0540780000   0.0133590000   0.0423850000  -0.0198130000  -0.0023180000   0.0183550000  -0.0478700000  -0.0081690000  -0.0300180000   0.0678270000   0.0105340000   0.0118150000
   6.6476619701   6.4517371103 1797  7.51E+00   1.9972460000   0.0963700000   2.8087930000   0.9597550000  -0.1662170000   1.9922910000  -2.9557700000   0.3828600000   8.4998960000  -1.8089500000   0.5443650000   8.2405130000  -0.6053370000   0.7202160000   8.1882280000  -0.0502910000  -0.0127410000  -0.0396480000   0.0501490000   0.0126940000   0.0394940000  -0.0220610000  -0.0026250000   0.0184390000  -0.0448350000  -0.0077840000  -0.0293400000   0.0670380000   0.0104570000   0.0110550000
   6.6467198335   6.4513453008 1811  6.66E+00  -0.3676140000   1.5187740000   1.9134720000   0.0043830000  -0.0160400000   1.9596620000  -0.5269140000   1.3172430000   8.2493310000  -0.0233230000   0.2443260000   8.4277740000   0.5456940000  -0.8285640000   8.5175770000  -0.0099090000   0.0408950000  -0.0012340000   0.0099130000  -0.0409310000   0.0012530000  -0.0150490000   0.0399020000  -0.0101800000  -0.0225010000   0.0239810000   0.0085850000   0.0375460000  -0.0638470000   0.0015770000
   6.6454178198   6.4545249003 1889  8.42E+00  -0.2496600000  -1.5097280000   2.1830940000   0.0052440000   0.0168650000   1.8592250000   0.7986530000  -0.5875170000   8.2362240000   0.0077540000   0.2350080000   8.5902160000  -0.8149330000   1.1096600000   8.8933590000  -0.0068640000  -0.0409570000   0.0086910000   0.0068010000   0.0410150000  -0.0086970000   0.0248960000  -0.0246970000  -0.0130970000   0.0436670000  -0.0492700000  -0.0097450000  -0.0685000000   0.0739090000   0.0228490000
   6.6450049095   6.4542849603 2378  3.31E+00   2.1668800000  -0.0292240000   2.8843060000   0.9336460000  -0.5548030000   2.1404860000  -0.6584140000   0.9088540000   8.2216740000  -1.7613250000   1.2290480000   8.0941090000  -2.8187410000   1.6288410000   7.8314700000   0.0237790000   0.0101360000   0.0143010000  -0.0238590000  -0.0101390000  -0.0144030000  -0.0410070000   0.0188480000  -0.0132460000   0.0090760000  -0.0138470000   0.0150240000   0.0320100000  -0.0049980000  -0.0016750000
   6.6463483869   6.4504675286 2378  3.64E+00   2.1728690000  -0.0255280000   2.8899080000   0.9339650000  -0.5550620000   2.1401160000  -0.6581390000   0.9083030000   8.2173110000  -1.7627560000   1.2289370000   8.0967420000  -2.8199100000   1.6305360000   7.8353500000   0.0258510000   0.0110500000   0.0156010000  -0.0259290000  -0.0110540000  -0.0157090000  -0.0390100000   0.0183940000  -0.0131540000   0.0071630000  -0.0135110000   0.0154290000   0.0319250000  -0.0048790000  -0.0021680000
   6.6471837672   6.4528510601 2516  8.14E+00   0.6195560000   1.5610280000   2.8704360000   0.9170470000   0.4162830000   1.7717640000  -1.5880530000  -0.4595870000   9.8569770000  -1.7626740000  -0.5215170000   8.7162070000  -1.7077000000  -0.6386090000   7.5715220000  -0.0090590000   0.0351550000   0.0336090000   0.0092480000  -0.0350090000  -0.0338820000   0.0105160000  -0.0065260000  -0.0421160000  -0.0242770000   0.0050310000  -0.0172970000   0.0135720000   0.0013490000   0.0596860000
   6.6477433459   6.4512649913 2532  2.72E-01   0.1357950000  -1.8027620000   4.8862890000   0.0439740000  -2.4945320000   3.6386620000   0.1359340000   3.8785560000   4.6357140000  -0.1130910000   4.8300460000   5.2556200000  -0.2792080000   5.7550990000   5.9398920000  -0.0007900000  -0.0059170000  -0.0104730000   0.0007380000   0.0055610000   0.0105190000  -0.0007580000   0.0253140000   0.0211270000  -0.0082340000  -0.0055790000  -0.0124460000   0.0090440000  -0.0193780000  -0.0087270000
   6.6474054937   6.4539669684 2532  1.53E-01   0.1402930000  -1.8028920000   4.8988270000   0.0439920000  -2.4946840000   3.6387820000   0.1346600000   3.8818930000   4.6311200000  -0.1123450000   4.8300520000   5.2569160000  -0.2788680000   5.7525240000   5.9421220000  -0.0004470000  -0.0031790000  -0.0055890000   0.0003950000   0.0028230000   0.0056380000  -0.0008840000   0.0253790000   0.0210120000  -0.0083810000  -0.0034280000  -0.0102610000   0.0093170000  -0.0215950000  -0.0107990000
   6.6465366551   6.4533895647 2572  3.94E+00  -0.6356420000  -1.6847640000   2.4158990000   0.3891690000  -0.6936260000   2.0074190000  -1.4366520000   2.0648000000   7.5485110000  -0.6227760000   1.5465010000   8.2241010000   0.0006100000   1.0322020000   9.1011330000  -0.0084130000  -0.0081660000   0.0034010000   0.0085320000   0.0081280000  -0.0032970000  -0.0121960000   0.0007140000   0.0148960000   0.0103690000   0.0103550000  -0.0487840000   0.0017080000  -0.0110320000   0.0337850000
   6.6461799318   6.4528745000 2717  1.86E+00  -1.3910840000  -0.0271530000   2.1661850000   0.0141390000   0.0026600000   1.8253790000  -0.3307700000   1.2536210000   8.1464330000  -0.0551900000   0.2516230000   8.6707510000   0.3892330000  -0.7664160000   9.0927970000   0.0036300000   0.0000420000  -0.0008750000  -0.0036240000  -0.0001640000   0.0008340000   0.0171730000  -0.0222520000   0.0060790000  -0.0363760000   0.0415230000  -0.0077060000   0.0191970000  -0.0191500000   0.0016670000
   6.6497372949   6.4503928309 2791  6.82E+00  -2.6404250000  -0.6617900000   4.0438030000  -1.9483360000  -0.0230180000   3.0514900000   3.1558290000   0.6286110000   7.4375020000   3.5300270000   0.2965530000   6.3298710000   4.0910140000  -0.0069050000   5.3172260000   0.0248710000   0.0229200000  -0.0355830000  -0.0247570000  -0.0229020000   0.0356800000  -0.0084620000   0.0197710000   0.0662140000  -0.0218730000  -0.0116840000  -0.0395980000   0.0302210000  -0.0081040000  -0.0267130000
   6.6472204064   6.4518898406 2845  4.98E+00   0.9057470000   1.0294640000   1.9388150000  -0.0149950000  -0.0143030000   1.9622230000  -0.9782820000  -0.3994180000   8.3301620000   0.0457210000   0.2089710000   8.4788980000   0.9617820000   0.9367960000   8.3839810000  -0.0220400000  -0.0249970000   0.0005640000   0.0220860000   0.0249850000  -0.0005930000  -0.0386170000  -0.0111220000  -0.0188200000   0.0495870000   0.0066700000   0.0328020000  -0.0110150000   0.0044640000  -0.0139530000
   6.6496039115   6.4534943047 2877  2.51E+00  -0.1214810000   1.2244690000   2.2710990000  -0.0000350000  -0.0199930000   1.7017030000  -0.7991260000  -0.1281420000   8.1046200000  -0.0008100000   0.2485740000   8.8475950000   0.8075620000   0.6519180000   9.6129130000   0.0040220000  -0.0407850000  -0.0186800000  -0.0038820000   0.0408480000   0.0185490000   0.0315030000   0.0163100000   0.0322000000  -0.0435750000  -0.0237720000  -0.0449920000   0.0119310000   0.0073990000   0.0129230000
   6.6491714682   6.4542851184 2900  2.41E+00  -1.6727890000   1.3951930000   3.6897970000  -2.4023910000   0.2150010000   3.2563490000   5.0285360000  -0.1011850000   6.9833060000   4.3793610000  -0.0811510000   6.0143120000   3.7874120000  -0.3118950000   5.0074960000  -0.0002020000  -0.0001860000  -0.0000450000  -0.0001020000   0.0002990000   0.0001120000  -0.0043930000  -0.0164550000  -0.0152720000   0.0078400000   0.0367310000   0.0321930000  -0.0031440000  -0.0203900000  -0.0169870000
   6.6496419513   6.4507171233 3038  5.12E+00   1.9805230000   1.1954980000   2.9196600000   1.2831610000  -0.0491050000   2.2913960000  -1.6656730000   0.9374780000   8.4372810000  -2.4279600000   0.3036660000   7.8173790000  -3.0448610000  -0.3078420000   7.0676950000   0.0164910000   0.0294500000   0.0148790000  -0.0164660000  -0.0294370000  -0.0148770000  -0.0019670000  -0.0081880000  -0.0179650000  -0.0410870000  -0.0264970000  -0.0143720000   0.0430280000   0.0346720000   0.0323350000
   6.6452808607   6.4529895070 3198  3.09E+00   0.8090380000   0.3934580000   1.6699990000   1.3354860000  -0.6264910000   2.5486450000  -3.3948360000   1.4825810000   6.6024390000  -2.4613580000   1.3490330000   7.3753600000  -1.4781440000   1.2964380000   8.0283260000   0.0015120000  -0.0029140000   0.0025220000  -0.0015110000   0.0028980000  -0.0024780000  -0.0523890000   0.0129280000  -0.0510640000   0.0371480000  -0.0173250000   0.0483710000   0.0152400000   0.0044120000   0.0026490000
   6.6458967709   6.4548454506 3265  3.28E+00  -1.2125260000  -0.6626720000   2.1016110000   0.0189800000   0.0127030000   1.8814800000  -0.9682260000  -0.3239320000   8.8177330000  -0.0001960000   0.2702770000   8.5690530000   0.9499740000   0.7870160000   8.2217260000   0.0140200000   0.0076970000  -0.0024710000  -0.0140580000  -0.0077050000   0.0024920000   0.0243930000   0.0100150000  -0.0127450000   0.0508700000   0.0359340000  -0.0084880000  -0.0752240000  -0.0459410000   0.0212120000
   6.6455074756   6.4532271510 3515  4.68E+00  -1.5305040000  -0.8512180000   2.3525610000  -0.0985360000  -0.9592090000   2.1795340000  -0.1756130000   1.1019710000   8.6149970000   0.3118770000   2.0327290000   8.0491610000   0.5300240000   2.9038900000   7.3103740000   0.0036470000  -0.0002770000  -0.0004430000  -0.0036060000   0.0002390000   0.0004430000  -0.0274260000  -0.0211860000   0.0001660000   0.0512030000   0.0472980000  -0.0089500000  -0.0238180000  -0.0260740000   0.0087840000
   6.6452091911   6.4531287350 3745  4.10E+00   0.3326580000   0.0812860000   1.8327700000   0.0192140000  -1.2544530000   2.1661840000  -0.0031060000   2.0433150000   9.0562320000  -0.0117040000   2.5099060000   8.0086930000  -0.1050270000   3.0201050000   6.9989460000  -0.0047820000  -0.0204630000   0.0050650000   0.0048130000   0.0202760000  -0.0050600000  -0.0071150000   0.0295830000  -0.0540580000   0.0059690000   0.0086390000  -0.0348150000   0.0011160000  -0.0380350000   0.0888680000
   6.6489328529   6.4511631876 3943  5.05E+00   0.7749680000  -0.8408930000   2.4191300000   0.6173000000  -2.1654480000   3.1743230000  -1.3652100000   4.5173080000   7.2795870000  -1.1721880000   4.3059580000   6.1509950000  -0.8866040000   3.8056490000   5.0983240000   0.0030720000   0.0253370000  -0.0145550000  -0.0029870000  -0.0257080000   0.0145200000   0.0094590000  -0.0224830000  -0.0149670000  -0.0226480000   0.0533350000   0.0367790000   0.0131040000  -0.0304800000  -0.0217760000
