   6.6554470609   6.3517065486   58  5.13E+00   0.3828570000   1.3938230000   2.1548250000  -0.3358140000   0.2491310000   1.8693230000   0.1000220000   0.7494840000   8.1862740000   0.6320500000  -0.1772430000   8.6173810000   1.0785130000  -1.2607910000   8.8742660000  -0.0208310000  -0.0332290000  -0.0083020000   0.0208880000   0.0331540000   0.0081980000   0.0173670000  -0.0506400000   0.0086350000  -0.0255350000   0.0947250000  -0.0056790000   0.0081120000  -0.0440110000  -0.0028510000
   6.6563540879   6.3525982990  288  4.23E+00  -0.2745870000  -1.8709180000   3.4040250000  -0.8567550000  -1.2289560000   2.1526780000   1.6369960000   2.6722830000   9.1772190000   1.4876760000   2.5910730000   8.0183630000   1.5423550000   2.3258590000   6.8391550000   0.0099590000  -0.0111360000   0.0215020000  -0.0101850000   0.0108450000  -0.0217020000   0.0124860000  -0.0115660000  -0.0044320000  -0.0279890000   0.0329850000   0.0524540000   0.0157290000  -0.0211290000  -0.0478220000
   6.6558155303   6.3542659604  407  5.32E+00   0.7121920000  -1.8388610000   3.0285040000   0.3941430000  -0.9693880000   2.0281950000  -0.3993830000   0.9216980000   8.0424120000  -0.6720750000   2.0623370000   8.2404460000  -1.1094110000   3.1750010000   8.4526020000  -0.0122950000   0.0336060000  -0.0387480000   0.0123100000  -0.0335390000   0.0385330000  -0.0039350000  -0.0256770000  -0.0018250000   0.0380250000  -0.0351520000  -0.0112210000  -0.0341040000   0.0607630000   0.0132600000
   6.6582682904   6.3534578853  407  4.85E+00   0.7172260000  -1.8414640000   3.0319180000   0.3943420000  -0.9699730000   2.0274840000  -0.4000870000   0.9236740000   8.0399220000  -0.6749180000   2.0624220000   8.2428820000  -1.1078860000   3.1760450000   8.4565990000  -0.0115270000   0.0311060000  -0.0359370000   0.0115410000  -0.0310410000   0.0357200000  -0.0036860000  -0.0247870000  -0.0020020000   0.0370030000  -0.0358470000  -0.0108540000  -0.0333320000   0.0605680000   0.0130720000
   6.6580666918   6.3542890280  708  7.33E+00  -1.3519790000   0.6438940000   2.1983040000   0.0147060000  -0.0121910000   1.7805890000   0.1038630000  -0.7111560000   8.0956890000  -0.1046340000   0.2376980000   8.7258600000  -0.0135770000   1.2407080000   9.3238380000  -0.0351280000   0.0168970000   0.0107490000   0.0350570000  -0.0167460000  -0.0108560000   0.0135670000   0.0410330000   0.0243340000  -0.0339910000  -0.0321100000  -0.0149910000   0.0204950000  -0.0090740000  -0.0092360000
   6.6552599622   6.3528482392  893  4.57E+00   0.4454410000   1.4766410000   1.9150550000  -0.0052500000  -0.0184830000   1.9670550000   0.9700430000   0.9111190000   8.4854680000   0.0000380000   0.2586850000   8.4427410000  -0.9719140000  -0.4183660000   8.2331810000   0.0109170000   0.0362060000  -0.0012370000  -0.0108580000  -0.0361640000   0.0012240000  -0.0066060000  -0.0059380000  -0.0095950000   0.0426940000   0.0325570000   0.0262830000  -0.0361480000  -0.0266600000  -0.0166740000
   6.6597562227   6.3506044699  965  8.71E-01   1.0785490000  -0.8082410000   2.3612230000  -0.0120210000   0.0065400000   1.7015350000   0.4387470000  -0.4348620000   8.0207240000   0.0067600000   0.2538470000   8.8477930000  -0.4517400000   0.9502330000   9.6918200000   0.0166010000  -0.0123920000   0.0099530000  -0.0166710000   0.0125070000  -0.0102050000  -0.0137060000   0.0195930000   0.0260330000   0.0241960000  -0.0333910000  -0.0434670000  -0.0104190000   0.0136830000   0.0176870000
   6.6553938032   6.3516354817 1163  2.67E+00   1.3930010000  -0.1771120000   1.8630140000  -0.0191660000   0.0025120000   1.9786480000  -1.0805160000  -0.2428750000   8.5332190000   0.0262260000   0.2133050000   8.3648420000   1.0687870000   0.7690350000   8.1892900000  -0.0126080000   0.0015880000   0.0010370000   0.0125640000  -0.0016360000  -0.0009860000  -0.0577700000  -0.0164340000   0.0090110000   0.0298730000  -0.0062730000  -0.0048620000   0.0279420000   0.0227550000  -0.0042000000
   6.6553286519   6.3513114479 1206  6.99E+00   1.4734710000   0.8261770000   1.8159440000   0.3210450000  -0.2374340000   2.0825920000   0.0562840000  -0.2954960000   8.4281170000  -0.6233520000   0.6393010000   8.1295650000  -1.2845440000   1.6370020000   7.9548610000   0.0322890000   0.0298000000  -0.0074470000  -0.0323140000  -0.0298090000   0.0075670000   0.0210240000  -0.0239800000   0.0174470000   0.0101750000  -0.0280790000  -0.0177600000  -0.0311750000   0.0520680000   0.0001920000
   6.6593633768   6.3507022431 1430  5.58E+00  -0.1779670000   1.2390390000   2.5104950000   0.0058860000  -0.0153620000   1.5726720000   0.2414500000   0.2214250000   7.9145850000   0.0613520000   0.2813520000   9.0962890000  -0.3056930000   0.2536970000  10.2455800000  -0.0048530000   0.0329880000   0.0245020000   0.0048040000  -0.0329510000  -0.0249140000  -0.0054850000  -0.0069900000  -0.0353220000   0.0342320000   0.0134270000  -0.0183230000  -0.0286990000  -0.0064740000   0.0540580000
   6.6586062677   6.3535519107 2054  3.58E+00  -0.6921870000  -1.3114820000   1.9518570000   0.0127060000   0.0176470000   1.9604050000   0.7649720000   1.1417780000   8.1683070000   0.0250220000   0.2272000000   8.3904210000  -0.8036060000  -0.6301680000   8.6205140000  -0.0094620000  -0.0178560000  -0.0000800000   0.0094580000   0.0178230000   0.0001390000   0.0209700000   0.0354690000  -0.0058870000   0.0299400000   0.0086960000  -0.0086120000  -0.0509070000  -0.0441320000   0.0144400000
   6.6587724451   6.3522855112 2108  1.55E+00  -1.2257590000  -0.6412850000   2.3555650000   0.0178190000   0.0046710000   1.7130540000  -0.1038950000   1.1169660000   9.6257040000  -0.0114570000   0.2598970000   8.8403620000   0.1007280000  -0.6073200000   8.0352470000  -0.0259410000  -0.0134120000   0.0133130000   0.0258900000   0.0135860000  -0.0135890000   0.0022150000  -0.0090300000  -0.0084070000  -0.0054880000   0.0243030000   0.0216220000   0.0033240000  -0.0154470000  -0.0129400000
   6.6579174756   6.3505135434 2319  1.20E+00   0.2990600000  -1.6326560000   2.9929230000  -0.2093700000  -0.9069010000   1.8198060000   0.2827240000   1.1167900000   7.8191010000   0.3345200000   1.9494840000   8.6049530000   0.4929570000   2.7395600000   9.4452660000   0.0023950000  -0.0034630000   0.0054050000  -0.0024220000   0.0034010000  -0.0057880000   0.0109300000   0.0463930000   0.0518930000  -0.0157220000  -0.0285210000  -0.0400870000   0.0048200000  -0.0178100000  -0.0114240000
   6.6578064211   6.3548981163 3105  8.36E+00   1.5157280000  -1.2492010000   2.3287170000   0.3088440000  -0.2030250000   1.9792470000  -0.0424840000  -0.3622130000   8.3224290000  -0.5708140000   0.6543520000   8.3577480000  -1.1669470000   1.6513270000   8.3730770000   0.0392650000  -0.0340160000   0.0113510000  -0.0392950000   0.0341070000  -0.0113440000  -0.0347740000   0.0556070000   0.0022420000   0.0246240000  -0.0287910000  -0.0015630000   0.0101790000  -0.0269070000  -0.0006860000
   6.6581614448   6.3527589268 3184  3.19E+00  -0.2352110000  -1.9587800000   3.5745540000  -0.4938270000  -1.5343910000   2.2974850000   1.4858440000   4.0904460000   7.9943500000   0.8930580000   3.0655070000   7.7952960000   0.3248530000   2.0824930000   7.4555330000  -0.0089590000   0.0146620000  -0.0443710000   0.0089850000  -0.0148080000   0.0440630000   0.0253770000   0.0440150000  -0.0001730000  -0.0189950000  -0.0334750000   0.0124390000  -0.0064080000  -0.0103930000  -0.0119590000
   6.6559429844   6.3544955092 3346 -7.77E-01   0.1839810000  -0.9540920000   2.5116620000   0.7709820000   0.0620900000   1.6882020000  -1.6036270000   0.0028340000  10.0239380000  -1.3996100000   0.1575540000   8.8801830000  -1.2077560000   0.3165840000   7.7213970000   0.0041200000   0.0070140000  -0.0058410000  -0.0039650000  -0.0071040000   0.0054340000  -0.0010630000   0.0001680000   0.0003750000  -0.0001100000  -0.0025300000   0.0135210000   0.0010180000   0.0024520000  -0.0134880000
   6.6561002494   6.3513495057 3449  3.47E+00   0.5708690000   0.9047460000   2.0337980000   1.1140510000  -0.3398870000   2.1082430000  -1.4283690000   0.9250620000   9.1091430000  -2.0630890000   0.8250720000   8.1460470000  -2.6226840000   0.7837110000   7.1196280000   0.0219360000  -0.0501430000   0.0029840000  -0.0217050000   0.0501070000  -0.0030440000  -0.0133460000   0.0013280000  -0.0314300000   0.0010890000  -0.0062290000   0.0199310000   0.0120260000   0.0049370000   0.0115590000
   6.6564221277   6.3548254093 3473  8.58E+00   0.7963330000  -1.4627230000   2.7775890000   0.7567720000  -0.4470800000   1.8822420000  -0.8130750000   1.1750610000   9.5965310000  -1.4107570000   1.0972940000   8.5119610000  -1.9575480000   1.0138600000   7.4393930000  -0.0016720000   0.0440790000  -0.0388730000   0.0018670000  -0.0441450000   0.0387610000   0.0537980000   0.0065570000   0.0943780000  -0.0295770000  -0.0026530000  -0.0446690000  -0.0244150000  -0.0038370000  -0.0495970000
   6.6556932243   6.3524491866 3635  4.40E+00   0.8989550000  -0.0211550000   1.6339090000  -0.5870680000   0.0138920000   2.0575870000   0.0223560000   0.7306510000   8.5789240000   1.0536360000   0.2064400000   8.2839110000   2.0620040000  -0.2659990000   7.8245350000   0.0319490000  -0.0007450000  -0.0091330000  -0.0320200000   0.0007640000   0.0091240000  -0.0319810000   0.0187980000   0.0002300000  -0.0087050000  -0.0023530000   0.0270060000   0.0407570000  -0.0164640000  -0.0272280000
   6.6577116967   6.3500789575 3641  6.25E-01   0.2131030000   1.9880290000   3.2593740000   0.5338130000   1.3257790000   1.9798240000  -0.6608730000  -2.0844910000   7.2015370000  -0.9667230000  -2.1436430000   8.3448850000  -1.2928320000  -2.3651260000   9.4421050000  -0.0020440000   0.0043250000   0.0081430000   0.0020910000  -0.0040010000  -0.0083770000   0.0011440000  -0.0114150000  -0.0121160000  -0.0036210000   0.0194650000   0.0280280000   0.0024300000  -0.0083740000  -0.0156790000
   6.6562111558   6.3544795880 3705  5.19E+00  -1.3696460000   0.0712490000   2.4186790000   0.0156120000   0.0010660000   1.6570000000  -0.5612130000   0.5168670000   7.9641890000   0.0132860000   0.2059020000   8.9282500000   0.5595610000   0.0064260000   9.9067570000  -0.0373430000   0.0018600000   0.0203950000   0.0374580000  -0.0019700000  -0.0207770000   0.0131910000   0.0001430000   0.0289490000   0.0254160000  -0.0217040000   0.0354980000  -0.0387210000   0.0216720000  -0.0640640000
