   6.6591032066   6.0928223403   53  5.08E+00  -0.2174170000  -1.2951270000   1.7949200000   0.0016590000   0.0148880000   2.0491690000  -1.0982280000  -0.0595040000   8.4391510000  -0.0174090000   0.3049690000   8.2558290000   1.1167090000   0.5254790000   8.0172880000   0.0097840000   0.0585890000   0.0113810000  -0.0099100000  -0.0585830000  -0.0113760000   0.0414830000   0.0029050000  -0.0089750000  -0.0474450000   0.0064200000   0.0114010000   0.0060880000  -0.0093310000  -0.0024310000
   6.6597137741   6.0908567640   65  1.90E+00   0.5072100000   1.3061630000   2.1455140000  -0.0068380000  -0.0155960000   1.7996530000  -0.0761570000   1.0329300000   7.7991800000   0.0683270000   0.2911690000   8.7127780000   0.0270540000  -0.5682410000   9.5382820000   0.0008790000   0.0021850000   0.0004860000  -0.0008220000  -0.0023550000  -0.0008210000  -0.0134390000   0.0016400000  -0.0143660000   0.0261620000   0.0290520000  -0.0025760000  -0.0127790000  -0.0305210000   0.0172760000
   6.6551726072   6.0932642128  485  8.48E+00  -0.6751850000  -1.9652180000   3.3016760000  -1.6267710000  -1.7814590000   4.5630450000   3.9829690000   3.8815340000   3.0727640000   2.9598540000   3.5966950000   3.6797470000   1.9621060000   3.1269650000   4.1690850000   0.0266940000  -0.0052210000  -0.0354210000  -0.0268410000   0.0048750000   0.0353680000   0.0704020000   0.0093190000  -0.0472750000  -0.0290710000   0.0202260000   0.0324390000  -0.0411840000  -0.0292000000   0.0148890000
   6.6577985971   6.0937801928  616  3.02E+00  -1.3795410000   0.2502070000   1.8657180000   0.0174170000  -0.0030410000   2.0050640000  -0.7504390000   1.1103950000   8.5496570000  -0.0363850000   0.1956860000   8.3863960000   0.7776840000  -0.5701940000   8.0245730000   0.0132950000  -0.0024060000   0.0013570000  -0.0133920000   0.0024520000  -0.0014200000   0.0134450000   0.0018760000  -0.0139390000  -0.0147850000  -0.0173480000   0.0233560000   0.0014370000   0.0154270000  -0.0093530000
   6.6586597629   6.0916206880  623  4.45E+00   1.5289730000   1.2219910000   2.5488720000   0.2836860000   0.6415380000   1.8823980000  -0.3404790000  -0.4517360000   9.5400060000  -0.4591690000  -0.9614240000   8.5169320000  -0.8279550000  -1.4198370000   7.5058160000   0.0227010000   0.0106070000   0.0121400000  -0.0225170000  -0.0103740000  -0.0123340000  -0.0241430000  -0.0211580000  -0.0481410000   0.0354150000   0.0088550000   0.0253630000  -0.0114560000   0.0120700000   0.0229710000
   6.6586770370   6.0904682307  671  1.28E+01   0.5454370000   0.6409300000   1.7250960000  -0.3848820000  -0.2244220000   1.9658760000  -0.1341320000   1.1760110000   9.0547290000   0.6259080000   0.5644060000   8.3828470000   1.5521000000   0.1684080000   7.7267430000  -0.0803340000  -0.0746840000   0.0207560000   0.0800900000   0.0747180000  -0.0208610000  -0.0012140000   0.0227950000   0.0120100000  -0.0397430000  -0.0233230000   0.0066890000   0.0412000000   0.0004940000  -0.0185930000
   6.6596708934   6.0905828989  683  8.67E-01   0.2044780000   1.0085520000   1.9498100000   0.7059280000  -0.3936410000   1.9387060000  -0.8194770000   1.0647380000   9.4843340000  -1.2738960000   0.9444400000   8.4430000000  -1.7626750000   0.8163430000   7.3735140000  -0.0048450000   0.0137640000   0.0000370000   0.0051690000  -0.0138200000  -0.0003420000  -0.0274250000  -0.0070530000  -0.0584740000   0.0328230000   0.0079800000   0.0640820000  -0.0057220000  -0.0008700000  -0.0053030000
   6.6592358329   6.0946969203  761  2.61E+00  -0.9891590000   1.0027720000   2.0687750000   0.0185070000  -0.0105450000   1.8620170000  -0.6575470000  -0.4082910000   9.2509850000   0.0285500000   0.2481180000   8.6063730000   0.6060030000   0.8991900000   7.8597300000   0.0033450000  -0.0034270000  -0.0007250000  -0.0034750000   0.0032750000   0.0005010000   0.0274060000   0.0337120000  -0.0404810000   0.0152300000   0.0055160000   0.0018020000  -0.0425060000  -0.0390770000   0.0389030000
   6.6597458074   6.0901546914  798  9.08E+00  -0.6500730000   0.1589670000   2.1123930000  -0.8513640000  -1.3503010000   2.2714710000   2.1974600000   3.4618850000   8.5397320000   1.5639700000   2.7075870000   7.8530170000   0.9213480000   1.9269280000   7.0888610000   0.0037810000   0.0285040000  -0.0031540000  -0.0038970000  -0.0287430000   0.0026490000   0.0310680000   0.0362490000   0.0304340000   0.0343170000   0.0438000000   0.0500440000  -0.0652690000  -0.0798110000  -0.0799730000
   6.6567254210   6.0941088465  966  9.40E+00   1.2371040000  -1.8837720000   4.5037760000  -0.2538880000  -2.4342100000   4.2944140000  -0.0879540000   3.6410520000   3.8451700000   0.4770480000   4.7131740000   4.0405140000   0.9198710000   5.7841810000   4.3917260000   0.0440280000   0.0161580000   0.0061970000  -0.0439080000  -0.0165870000  -0.0061210000  -0.0441850000  -0.0693410000  -0.0047650000   0.0256420000   0.0090430000  -0.0234800000   0.0184230000   0.0607280000   0.0281690000
   6.6595960257   6.0910111467 1183  3.30E+00   0.2638890000  -0.5915400000   6.9378490000   0.1545970000  -1.5304100000   5.7483080000  -0.2186980000   3.5903460000   2.4712780000  -0.2669580000   3.0420680000   1.3821930000  -0.3696180000   2.4941670000   0.3467570000   0.0018120000   0.0155190000   0.0197780000  -0.0018020000  -0.0156970000  -0.0198560000  -0.0004900000   0.0335200000   0.0655520000   0.0045240000  -0.0298020000  -0.0600190000  -0.0040440000  -0.0035400000  -0.0054550000
   6.6588041894   6.0923664593 1518  7.15E-01  -0.0267560000   1.4007750000   2.1903680000   0.0049790000  -0.0156450000   1.7583080000  -0.5639200000  -0.0706070000   9.7246310000  -0.0352870000   0.2117560000   8.7421490000   0.5672320000   0.5892010000   7.7944460000  -0.0002930000   0.0109680000   0.0032410000   0.0001090000  -0.0110730000  -0.0036600000   0.0253870000   0.0173620000  -0.0349230000  -0.0351760000  -0.0268020000   0.0381470000   0.0099730000   0.0095460000  -0.0028050000
   6.6550220859   6.0912663694 1784  2.45E+00   1.7336310000  -0.3412820000   2.6961000000   0.4791200000  -1.0017000000   2.0025880000  -1.5984320000   2.5199830000   9.1435330000  -0.9017060000   2.0837010000   8.3053580000  -0.2267260000   1.6276990000   7.4515850000   0.0331940000   0.0174040000   0.0181940000  -0.0331860000  -0.0176010000  -0.0186460000  -0.0039030000   0.0003970000   0.0022390000   0.0026550000   0.0022510000   0.0011700000   0.0012400000  -0.0024510000  -0.0029570000
   6.6571912701   6.0901596747 1789  1.86E+00  -0.5161370000  -1.3579940000   2.1004710000   0.0062430000   0.0169670000   1.8538080000   0.5331120000  -0.4318990000   9.3485570000   0.0133450000   0.2191080000   8.5464460000  -0.5417900000   0.9559100000   7.8461440000  -0.0053840000  -0.0143060000   0.0025770000   0.0055140000   0.0141140000  -0.0027240000  -0.0197080000   0.0277960000  -0.0183460000   0.0023530000  -0.0078320000  -0.0160780000   0.0172260000  -0.0197720000   0.0345700000
   6.6579462511   6.0916058141 1865  1.88E+00  -0.8359780000  -1.4574630000   2.2684910000   0.2189100000  -1.8991690000   3.0723940000  -1.3244150000   4.3966080000   6.1132040000  -0.3885750000   3.7451340000   6.3989950000   0.5754980000   3.0563440000   6.5970780000   0.0223800000  -0.0093730000   0.0170870000  -0.0225390000   0.0093020000  -0.0172350000  -0.0031890000   0.0018320000  -0.0064300000  -0.0325540000   0.0232900000   0.0038180000   0.0359020000  -0.0250500000   0.0027590000
   6.6595807447   6.0947501826 2472  2.27E+00   0.5340360000   1.6326320000   2.3121110000   0.2819040000   0.2410280000   1.8191920000  -0.1700270000   0.3853170000   9.5903150000  -0.5819560000  -0.1811180000   8.6220150000  -0.8346400000  -0.8682910000   7.7072070000   0.0030150000   0.0166110000   0.0058760000  -0.0029240000  -0.0164110000  -0.0060590000   0.0222090000   0.0087650000   0.0325340000  -0.0343570000  -0.0067600000  -0.0457290000   0.0120580000  -0.0022030000   0.0133780000
   6.6566890860   6.0922566961 2836  6.12E+00  -0.0276020000  -1.3480510000   1.8670150000  -0.0033780000   0.0134430000   1.9898180000  -0.5943560000  -0.7425370000   8.0060320000   0.0480420000   0.2491480000   8.3288060000   0.5768980000   1.2609700000   8.6874960000   0.0008940000   0.0495070000   0.0044290000  -0.0007740000  -0.0493580000  -0.0044880000  -0.0478950000  -0.0630050000  -0.0169630000   0.0342680000   0.0238080000   0.0006980000   0.0135070000   0.0390490000   0.0163240000
   6.6595736351   6.0947767682 3178  2.88E+00  -1.5408350000  -0.6389680000   2.3735480000  -0.0829760000  -0.5382070000   1.9186100000  -0.2841040000   0.6872570000   9.3661010000   0.1876420000   1.3047070000   8.5041610000   0.6547240000   1.7491690000   7.5195040000  -0.0275200000  -0.0019370000   0.0085710000   0.0273790000   0.0017250000  -0.0087820000   0.0114000000   0.0034570000  -0.0290710000  -0.0092860000   0.0098890000   0.0316440000  -0.0019730000  -0.0131340000  -0.0023610000
   6.6575138619   6.0942720966 3422  4.53E+00   0.4563770000  -1.3655020000   1.7816000000  -0.5309570000  -0.5455620000   2.2634700000  -0.1546410000   0.9290990000   8.1646490000   0.9490810000   1.3022150000   7.8613220000   2.0651420000   1.5917040000   7.5185120000  -0.0339640000   0.0282060000   0.0165800000   0.0339940000  -0.0281730000  -0.0165690000  -0.0464180000  -0.0203550000   0.0122390000  -0.0017710000   0.0124470000   0.0031910000   0.0481600000   0.0078760000  -0.0154410000
   6.6570634767   6.0919828549 3537  4.11E+00  -1.2104990000   0.6981910000   2.3644810000   0.0121130000  -0.0120530000   1.6940920000   0.1618340000   0.7414070000   9.9287640000  -0.0435040000   0.1912220000   8.8988210000  -0.1134060000  -0.1810720000   7.7824360000  -0.0300730000   0.0174970000   0.0163690000   0.0300530000  -0.0174030000  -0.0168250000   0.0123300000   0.0209670000   0.0124620000  -0.0211580000  -0.0322930000  -0.0078870000   0.0088490000   0.0112310000  -0.0041180000
   6.6558650027   6.0911117304 3813  6.50E+00   1.3349720000   0.0176650000   1.9493790000  -0.0140030000  -0.0030930000   1.9481990000   0.6608170000  -0.5935160000   7.9729530000   0.0660310000   0.2897720000   8.4774940000  -0.7245600000   1.0779940000   8.8116170000  -0.0628800000  -0.0009320000  -0.0000830000   0.0628050000   0.0010960000  -0.0000830000  -0.0154250000  -0.0037630000  -0.0081160000   0.0140020000   0.0251420000   0.0255210000   0.0014990000  -0.0215430000  -0.0172390000
   6.6582806222   6.0916672925 3823  4.03E+00  -0.2578780000  -2.3913330000   3.2125770000  -0.2148660000  -1.1694060000   2.3038440000   0.5887050000   1.2355800000   7.8426820000   0.4219140000   2.4440940000   7.7390800000   0.1839070000   3.6082780000   7.6404530000  -0.0007520000  -0.0213060000   0.0157550000   0.0006970000   0.0213790000  -0.0160190000   0.0068680000  -0.0785900000   0.0086160000   0.0049250000   0.0423680000  -0.0059860000  -0.0117380000   0.0361480000  -0.0023670000
   6.6569982729   6.0925394514 3893  2.24E+00  -1.3422130000   0.3749910000   1.8746760000  -0.7717310000  -0.9096040000   2.3415840000   2.1943340000   2.0117150000   6.7898860000   1.4253350000   1.9493370000   7.7208490000   0.6744460000   1.7317540000   8.6027440000  -0.0044500000   0.0099340000  -0.0035940000   0.0042380000  -0.0100140000   0.0035860000   0.0361660000  -0.0058260000  -0.0428400000  -0.0302070000   0.0170510000   0.0366730000  -0.0057460000  -0.0111450000   0.0061750000
