   6.6570055690   6.7137924039  261  7.78E+00  -1.4399940000   0.9139250000   2.1065160000  -0.0243450000   0.3112120000   1.8730240000  -0.1680470000  -1.4484860000   8.5955160000   0.0723190000  -0.3342140000   8.4681810000   0.3260670000   0.7752070000   8.5615910000  -0.0329110000   0.0139910000   0.0054820000   0.0329160000  -0.0140600000  -0.0053180000   0.0154240000   0.0656650000   0.0110250000   0.0012590000   0.0130240000  -0.0234580000  -0.0166880000  -0.0786200000   0.0122700000
   6.6596105127   6.7147866013  393  1.09E+00  -0.0920350000  -1.2046020000   2.3904700000   0.0001810000   0.0186860000   1.6789260000   0.3486480000   1.1687900000   8.2853010000   0.0253010000   0.2366450000   8.8911970000  -0.3627490000  -0.6761920000   9.5057290000   0.0011640000   0.0155450000  -0.0090320000  -0.0011980000  -0.0156680000   0.0090170000  -0.0151650000  -0.0291310000   0.0223240000   0.0141940000   0.0147710000  -0.0150350000   0.0010040000   0.0144830000  -0.0072740000
   6.6578560730   6.7137735633  991  5.34E+00   0.2732540000   1.2781170000   2.0937350000  -0.0005390000  -0.0156560000   1.7819430000  -0.7926080000  -0.5623140000   9.1021480000  -0.0376000000   0.2653710000   8.6667680000   0.8063100000   1.0484390000   8.3615670000  -0.0112710000  -0.0531430000  -0.0127930000   0.0111790000   0.0530770000   0.0128510000  -0.0246380000  -0.0355040000   0.0260150000  -0.0005950000   0.0196750000  -0.0282130000   0.0253240000   0.0158950000   0.0021410000
   6.6566312756   6.7121330752 1037  3.02E+00   0.8405750000  -1.0720220000   3.1868330000   0.2411700000  -2.4680050000   3.1616740000  -0.4691890000   3.6998870000   5.7122090000  -0.3843110000   4.7385540000   6.1947560000  -0.4997330000   5.8239290000   6.6476550000   0.0100230000   0.0231090000   0.0003610000  -0.0099190000  -0.0233890000  -0.0004850000  -0.0098380000   0.0602800000   0.0243810000   0.0247790000  -0.0723570000  -0.0259750000  -0.0150450000   0.0123570000   0.0017180000
   6.6560737684   6.7142236335 1097  1.27E+00   1.5945620000   0.4951130000   3.1400980000   1.3301130000  -0.1712680000   1.9468980000  -1.3920740000   0.8753390000   7.9946340000  -2.4396810000   0.5561390000   8.4339130000  -3.5198380000   0.2190020000   8.7541310000  -0.0063110000  -0.0160090000  -0.0287060000   0.0063340000   0.0159200000   0.0284560000   0.0017200000   0.0004810000  -0.0081520000   0.0052280000   0.0021450000   0.0143320000  -0.0069710000  -0.0025380000  -0.0059300000
   6.6585512059   6.7114463596 1097  1.61E+00   1.5931290000   0.4841230000   3.1363880000   1.3305230000  -0.1711520000   1.9467240000  -1.3920100000   0.8760940000   7.9911100000  -2.4419860000   0.5554250000   8.4325250000  -3.5201300000   0.2188970000   8.7598010000  -0.0073500000  -0.0184470000  -0.0335300000   0.0073740000   0.0183560000   0.0332760000   0.0074040000   0.0022750000  -0.0100340000  -0.0003560000   0.0003370000   0.0156850000  -0.0070720000  -0.0025210000  -0.0053970000
   6.6554401532   6.7128028448 1404  2.23E+00  -0.8164040000   0.5080230000   2.6701260000   0.0070810000  -0.0063580000   1.4667710000  -0.3134520000   0.0914110000   8.1712040000  -0.0216000000   0.2468280000   9.2727730000   0.3457370000   0.4107180000  10.3753150000  -0.0177850000   0.0111340000   0.0258470000   0.0178190000  -0.0110990000  -0.0261730000   0.0193400000   0.0080360000   0.0548990000  -0.0240220000  -0.0083750000  -0.0531220000   0.0046480000   0.0003040000  -0.0014500000
   6.6591002271   6.7141931345 1606  5.08E+00   1.9638000000   0.8979210000   2.9656230000   0.9854530000   0.1224050000   1.9845870000  -2.5825040000  -0.5680030000   7.6302410000  -1.8739140000   0.0260130000   8.3373400000  -1.0560730000   0.5682560000   9.0137860000   0.0270480000   0.0214660000   0.0271780000  -0.0270460000  -0.0214370000  -0.0271400000   0.0194180000   0.0074170000   0.0121930000  -0.0452190000  -0.0167420000  -0.0271300000   0.0257990000   0.0092960000   0.0148980000
   6.6564104120   6.7128006039 2067  7.76E-01  -0.4782180000   1.0469850000   2.6430620000   0.4084170000   0.4761500000   1.5644870000  -0.4581470000   0.0897590000   8.2098960000  -0.7256950000  -0.6626180000   9.0714220000  -1.0066800000  -1.3486300000  10.0014620000  -0.0126850000   0.0081410000   0.0152990000   0.0126770000  -0.0082160000  -0.0155790000  -0.0016360000   0.0022880000   0.0081530000   0.0094340000   0.0104330000  -0.0354830000  -0.0077900000  -0.0126460000   0.0276100000
   6.6579327792   6.7119714994 2134  2.43E+00  -0.3266340000   2.1566090000   2.6884030000  -0.1496670000   0.8131760000   1.9611160000   0.6721060000  -2.3653460000   8.1588110000   0.3046960000  -1.2583550000   8.3688530000  -0.1327870000  -0.1994080000   8.5962460000  -0.0035530000   0.0270630000   0.0146660000   0.0035930000  -0.0271310000  -0.0146240000   0.0009430000  -0.0199690000  -0.0008880000  -0.0016150000   0.0361060000   0.0009530000   0.0006320000  -0.0160680000  -0.0001080000
   6.6566656950   6.7129476211 2529  1.97E-01   0.9375990000   0.2777820000   2.8270370000   0.9232040000   1.4642320000   2.0052290000  -2.2767760000  -3.1818490000   8.9754570000  -1.7058690000  -2.4152170000   8.3107430000  -1.1124100000  -1.6476130000   7.5941790000  -0.0000070000   0.0043070000  -0.0031080000   0.0001040000  -0.0041850000   0.0027350000   0.0071780000   0.0078090000  -0.0098190000  -0.0318450000  -0.0379520000   0.0405740000   0.0245710000   0.0300210000  -0.0303810000
   6.6564159721   6.7131697354 2647  2.67E+00   0.9442560000   0.3191090000   2.5206780000  -0.0126570000  -0.0026370000   1.5484650000  -0.2095220000   0.9590620000   8.1894760000  -0.0285270000   0.1990250000   9.1045330000   0.2346600000  -0.4277300000  10.0847570000  -0.0187810000  -0.0063790000  -0.0191660000   0.0188300000   0.0062130000   0.0189630000  -0.0021060000   0.0368860000  -0.0290280000  -0.0109170000  -0.0253160000  -0.0053810000   0.0129750000  -0.0114040000   0.0346120000
   6.6587432441   6.7125469036 2649  1.17E+01  -0.1004630000  -2.0539700000   2.5745680000  -1.1117020000  -0.7835510000   2.3458640000   1.9330810000   0.6180990000   8.1616150000   2.0328590000   1.6896950000   7.6512570000   2.0992980000   2.8437800000   7.2177880000   0.0333420000  -0.0418330000   0.0075570000  -0.0332880000   0.0418800000  -0.0074890000  -0.0041330000  -0.0255590000   0.0198580000   0.0003420000  -0.0670380000   0.0077410000   0.0037370000   0.0925500000  -0.0276670000
   6.6598064895   6.7113222797 2659  3.93E+00   1.1961910000  -0.1243520000   2.2989180000  -0.0199460000   0.0011710000   1.7265490000   0.8842360000   0.9232430000   9.2254190000   0.0015190000   0.2450830000   8.8402710000  -0.8611270000  -0.4175640000   8.3717670000  -0.0560600000   0.0058090000  -0.0263740000   0.0561500000  -0.0057420000   0.0263480000   0.0070540000   0.0055110000  -0.0018880000   0.0028190000   0.0019250000   0.0116460000  -0.0099630000  -0.0075030000  -0.0097320000
   6.6583231061   6.7148448249 2874  4.71E+00  -0.0001700000  -0.1553450000   2.5982470000   0.9722830000  -0.9337380000   1.8246910000  -1.4410050000   1.2982390000   7.6798990000  -1.6739940000   1.9214320000   8.6989500000  -2.1581440000   2.6201270000   9.5143720000  -0.0034190000   0.0027490000   0.0026000000   0.0035860000  -0.0028420000  -0.0029750000  -0.0049220000  -0.0245510000  -0.0595970000   0.0235060000   0.0152830000   0.0668730000  -0.0187510000   0.0093610000  -0.0069010000
   6.6575258786   6.7145823645 3093  6.51E+00  -0.6468830000  -1.3799530000   2.1219490000   0.0073630000   0.0173880000   1.8927490000   1.0229230000  -0.3906940000   8.5175300000  -0.0367560000   0.2077320000   8.5585360000  -0.9913480000   0.9225260000   8.4722590000  -0.0155990000  -0.0332900000   0.0054900000   0.0155630000   0.0332850000  -0.0054570000   0.0663700000  -0.0272600000  -0.0083110000  -0.0414860000  -0.0026600000   0.0171670000  -0.0248470000   0.0299250000  -0.0088900000
   6.6586742628   6.7118972693 3315  2.60E+00  -0.0209160000  -0.5801800000   2.1183080000   0.0294260000  -1.9453990000   2.6413070000  -0.9798940000   3.1693960000   6.8685650000  -0.0251740000   3.7804910000   7.1504520000   0.8531480000   4.4326260000   7.4400210000  -0.0000720000   0.0035730000  -0.0013860000   0.0002580000  -0.0036350000   0.0012920000   0.0133560000   0.0168010000   0.0075610000   0.0647890000   0.0335680000   0.0154160000  -0.0783310000  -0.0503080000  -0.0228830000
   6.6594359224   6.7149990282 3560  3.88E+00   1.3513880000  -0.0192130000   2.0018490000  -0.0195310000   0.0049050000   1.8879230000  -0.3338580000   1.3484710000   8.4596230000  -0.0242690000   0.2226210000   8.5131600000   0.3644760000  -0.8512050000   8.5959020000  -0.0436190000   0.0007640000  -0.0035920000   0.0436020000  -0.0007960000   0.0036900000   0.0103180000  -0.0131720000   0.0044200000   0.0059540000  -0.0511160000  -0.0033210000  -0.0162560000   0.0643200000  -0.0011960000
   6.6563043074   6.7112251489 3560  3.43E+00   1.3592360000  -0.0191800000   2.0040770000  -0.0196330000   0.0049140000   1.8896060000  -0.3341130000   1.3485800000   8.4574220000  -0.0231960000   0.2232010000   8.5107290000   0.3639450000  -0.8517970000   8.5913820000  -0.0383940000   0.0006680000  -0.0031550000   0.0383780000  -0.0006990000   0.0032510000   0.0101410000  -0.0133630000   0.0042810000   0.0059220000  -0.0499320000  -0.0032370000  -0.0160470000   0.0633260000  -0.0011410000
   6.6566873468   6.7124625114 3606  3.97E+00  -1.9049690000   0.0079540000   2.9411540000  -1.1592980000  -1.1709180000   2.3760170000   1.6491980000   1.3825400000   7.9122030000   2.2262860000   2.3360510000   7.6127900000   2.5893710000   3.3988170000   7.3223860000  -0.0101010000   0.0160240000   0.0076480000   0.0101460000  -0.0159710000  -0.0077660000   0.0110560000   0.0517260000  -0.0115020000   0.0155400000  -0.0271430000   0.0012450000  -0.0266410000  -0.0246350000   0.0103750000
   6.6583316980   6.7139553261 3654  5.03E+00  -0.2906070000  -1.2568000000   2.9722600000   0.3692300000  -1.0398600000   1.7851220000  -0.8407970000   2.0813060000   9.8213190000  -0.5785300000   2.1280500000   8.6988010000  -0.5506230000   2.2813480000   7.5471220000   0.0211520000   0.0068670000  -0.0380630000  -0.0210950000  -0.0071160000   0.0379060000  -0.0066440000   0.0099910000  -0.0473800000   0.0249710000  -0.0135830000   0.0104010000  -0.0183850000   0.0038410000   0.0371360000
