   6.6643925186   6.0119649962  447  1.92E+00  -1.3506020000  -0.0107250000   1.5925900000   0.0131970000  -0.0057560000   2.1076240000   0.7229530000   1.1627130000   8.2391800000  -0.0167490000   0.2747480000   8.1158920000  -0.6911960000  -0.6518710000   8.0431180000  -0.0014560000   0.0000070000  -0.0005490000   0.0014800000   0.0000630000   0.0006310000  -0.0139510000  -0.0252320000   0.0020510000  -0.0254370000  -0.0196040000  -0.0114020000   0.0393630000   0.0447670000   0.0092700000
   6.6625401412   6.0137794498  582  2.17E+00  -1.1037280000   0.6242700000   2.2798310000   0.0142230000  -0.0046190000   1.6986850000   0.1460610000   0.3155740000   7.7024870000  -0.0483790000   0.3111260000   8.8507990000  -0.1112390000   0.1222760000  10.0271600000   0.0187250000  -0.0105500000  -0.0098520000  -0.0188170000   0.0105420000   0.0093820000   0.0045140000  -0.0121790000   0.0294030000  -0.0114230000   0.0293320000  -0.0625130000   0.0070010000  -0.0171450000   0.0335790000
   6.6626494598   6.0139927853  729  4.41E+00  -1.4062080000   0.5871170000   2.4845880000  -0.2533220000   0.4634350000   1.7610760000   1.0716680000  -0.8945570000   9.7544280000   0.5071810000  -0.5876710000   8.7575230000  -0.0986590000  -0.3281040000   7.7207450000   0.0422120000  -0.0045100000  -0.0266400000  -0.0421600000   0.0045720000   0.0260760000   0.0127740000  -0.0108800000   0.0246390000   0.0298950000  -0.0036160000   0.0455060000  -0.0427210000   0.0144330000  -0.0695820000
   6.6618678749   6.0122294371  736  1.83E-01  -0.5593530000   1.7451840000   2.6547980000  -0.5197180000   0.5958730000   1.8507900000   0.8828780000  -1.5609760000   9.5302790000   0.9614200000  -0.8546630000   8.5968960000   1.0262240000  -0.1956450000   7.6066970000   0.0006980000  -0.0217580000  -0.0153520000  -0.0008970000   0.0217700000   0.0148710000  -0.0010190000  -0.0052230000  -0.0004070000   0.0001800000  -0.0050080000   0.0229090000   0.0010390000   0.0102190000  -0.0220220000
   6.6640191136   6.0106021641  736  5.93E-01  -0.5604040000   1.7365700000   2.6509570000  -0.5199080000   0.5962680000   1.8503720000   0.8818530000  -1.5584430000   9.5345870000   0.9617480000  -0.8556060000   8.5984630000   1.0280190000  -0.1989020000   7.6035420000   0.0008820000  -0.0263150000  -0.0186060000  -0.0010830000   0.0263280000   0.0181210000  -0.0010610000  -0.0055510000   0.0000740000  -0.0000740000  -0.0072420000   0.0264390000   0.0013360000   0.0127800000  -0.0260280000
   6.6608887958   6.0143833814  983  2.62E+00   1.1848230000  -0.5896230000   1.6944420000  -0.0159490000   0.0146120000   2.0447440000   0.2227750000  -0.8559910000   8.6171520000   0.0277280000   0.2233850000   8.2034810000  -0.2385880000   1.3401420000   7.9070140000  -0.0303790000   0.0152730000   0.0089070000   0.0304200000  -0.0154220000  -0.0088500000  -0.0053760000   0.0063640000   0.0072840000   0.0135390000  -0.0234850000  -0.0130180000  -0.0082040000   0.0172700000   0.0056770000
   6.6606564706   6.0102310127  983  2.29E+00   1.1926600000  -0.5933370000   1.6937230000  -0.0160500000   0.0146760000   2.0464690000   0.2226250000  -0.8546040000   8.6129270000   0.0278080000   0.2226310000   8.2007700000  -0.2384840000   1.3392360000   7.9047060000  -0.0255240000   0.0128250000   0.0074940000   0.0255650000  -0.0129770000  -0.0074380000  -0.0062450000   0.0110570000   0.0055270000   0.0142750000  -0.0275770000  -0.0114540000  -0.0080720000   0.0166710000   0.0058720000
   6.6619756165   6.0133028872 1037  1.82E+00   0.7978740000  -0.6180520000   2.0840770000   0.1994180000  -1.9002960000   2.7257560000  -0.3004080000   4.3532820000   7.9692150000  -0.4016470000   3.6969890000   7.0159620000  -0.4442900000   3.0885540000   6.0207260000   0.0137220000   0.0292040000  -0.0147480000  -0.0136170000  -0.0296560000   0.0145170000   0.0020630000  -0.0089930000  -0.0209990000  -0.0067070000  -0.0068890000   0.0044210000   0.0045390000   0.0163340000   0.0168100000
   6.6617024074   6.0141485260 1279  4.30E+00  -0.3817130000  -2.1753470000   3.4958390000   0.3476850000  -1.5496030000   2.4409750000  -0.0387560000   3.7189890000   8.3300170000  -0.6334250000   3.1203450000   7.5295180000  -1.1981100000   2.5024010000   6.6077200000   0.0068820000   0.0057560000  -0.0099170000  -0.0066090000  -0.0061450000   0.0096260000  -0.0035320000  -0.0061090000  -0.0136980000   0.0473270000   0.0556390000   0.0934390000  -0.0440680000  -0.0491410000  -0.0794490000
   6.6610061847   6.0146312928 1617  1.00E+01  -0.8512190000  -0.7500000000   2.0928100000   0.2213000000  -0.0670340000   1.8024070000  -0.8974680000  -0.0443360000   9.6276040000  -0.4611430000   0.3845180000   8.6448870000   0.1920540000   0.8253900000   7.7503910000   0.0829140000   0.0527870000  -0.0224980000  -0.0830790000  -0.0529730000   0.0221250000   0.0266710000   0.0127660000  -0.0208320000  -0.0520100000  -0.0211000000   0.0278800000   0.0255040000   0.0085200000  -0.0066760000
   6.6646130904   6.0124407954 1828  1.45E+00  -1.2887860000  -0.4266710000   1.5905230000   0.0142610000  -0.0004970000   2.1251090000  -0.3824170000   1.3517790000   7.9700590000  -0.0083080000   0.2454040000   8.0963480000   0.3986280000  -0.8189620000   8.2397170000  -0.0066450000  -0.0021850000  -0.0027140000   0.0066660000   0.0021020000   0.0027870000   0.0041430000  -0.0022350000   0.0036890000   0.0128720000  -0.0514100000   0.0003990000  -0.0170360000   0.0537280000  -0.0041620000
   6.6639026031   6.0131883519 2093  4.99E+00   1.2131090000   0.0013390000   1.7307860000  -0.1073820000   0.5341880000   2.0565600000  -0.2414340000   0.2225120000   8.7817300000   0.2691990000  -0.7035620000   8.2897300000   0.4992030000  -1.6746280000   7.6163820000   0.0026170000  -0.0010100000  -0.0006640000  -0.0026250000   0.0012430000   0.0005560000  -0.0099510000  -0.0184900000  -0.0191870000   0.0212100000   0.0517940000   0.0500930000  -0.0112510000  -0.0335370000  -0.0307980000
   6.6641989020   6.0112147603 2131  1.25E+00   0.8504850000  -0.6953980000   1.5937730000   0.2703680000   0.5776070000   2.1382800000  -0.4825550000   0.3855140000   8.0990610000  -0.5107960000  -0.7870340000   8.1168140000  -0.5378580000  -1.9479130000   8.0293650000   0.0073560000  -0.0161590000  -0.0068810000  -0.0073520000   0.0160720000   0.0068430000  -0.0003610000  -0.0067730000  -0.0052710000  -0.0000130000  -0.0145510000   0.0096510000   0.0003700000   0.0214110000  -0.0043420000
   6.6628856841   6.0113488720 2186  6.72E+00   1.5585140000  -1.1694600000   2.4526680000   2.0852440000  -0.2193970000   3.3000430000  -3.9889080000   0.5310290000   7.1101360000  -3.8625580000   0.5778920000   5.9099480000  -3.6238860000   0.8922290000   4.8187390000   0.0162690000   0.0292860000   0.0261700000  -0.0161080000  -0.0294150000  -0.0260870000   0.0014870000   0.0157690000   0.0557400000  -0.0000340000  -0.0241200000  -0.0963390000  -0.0016150000   0.0084800000   0.0405150000
   6.6619917515   6.0143008707 2186  6.83E+00   1.5520220000  -1.1610740000   2.4447350000   2.0859690000  -0.2195550000   3.3000290000  -3.9866840000   0.5328260000   7.1117190000  -3.8663340000   0.5761870000   5.9096270000  -3.6264890000   0.8919740000   4.8179690000   0.0160080000   0.0281680000   0.0256380000  -0.0158460000  -0.0282980000  -0.0255570000   0.0020250000   0.0161180000   0.0573690000  -0.0014110000  -0.0252450000  -0.0961210000  -0.0007760000   0.0092560000   0.0386710000
   6.6649382504   6.0119349396 2264  3.74E+00   0.6206140000   1.1353420000   1.4672410000  -0.0119280000  -0.0115230000   2.1250190000   0.5861300000  -0.7340510000   8.2798090000  -0.0117740000   0.2279340000   8.0397670000  -0.5568210000   1.2366350000   7.9806620000   0.0021500000   0.0038840000  -0.0022380000  -0.0021370000  -0.0039380000   0.0024010000  -0.0177430000   0.0383940000   0.0063600000  -0.0161670000   0.0135970000  -0.0251330000   0.0338970000  -0.0519380000   0.0186090000
   6.6608613461   6.0139817726 2323  2.38E+00  -0.1324860000  -1.3406800000   2.0233840000   0.0027850000   0.0145990000   1.9064920000   0.7657630000  -0.3623570000   7.8599570000  -0.0118370000   0.2503570000   8.4903090000  -0.7624380000   0.8736450000   9.1186250000   0.0048930000   0.0494050000  -0.0043020000  -0.0050850000  -0.0492860000   0.0040790000  -0.0032160000   0.0048890000   0.0063310000  -0.0149930000   0.0079600000   0.0071200000   0.0184010000  -0.0129680000  -0.0132280000
   6.6644301093   6.0127247094 2674  9.92E+00   1.6368130000   0.6131690000   1.9491620000   1.0602300000  -0.4559880000   2.5092830000  -0.9219890000   1.2632630000   7.9340140000  -2.0153960000   1.0647780000   7.5054240000  -2.9632300000   0.8637700000   6.7781080000  -0.0309770000  -0.0574500000   0.0300920000   0.0310540000   0.0574120000  -0.0301550000   0.0315140000   0.0044270000  -0.0077650000   0.0034370000   0.0045380000   0.0577160000  -0.0350280000  -0.0089270000  -0.0498870000
   6.6621544800   6.0109736753 2690  1.85E+00  -1.7230740000   0.8968600000   2.7899370000  -0.6943570000   0.3523710000   1.8338830000   1.3721410000  -0.1982140000   9.7731030000   1.2383330000  -0.4369880000   8.6067420000   1.2745960000  -0.6023960000   7.4324050000  -0.0143320000   0.0075890000   0.0132180000   0.0140850000  -0.0074510000  -0.0135690000   0.0154660000   0.0131910000   0.0427810000  -0.0269530000  -0.0149870000  -0.0265460000   0.0117330000   0.0016590000  -0.0158840000
   6.6601425841   6.0112095446 2772  1.33E+00  -1.3647100000  -0.1744460000   1.9591650000   0.0168950000   0.0009810000   1.9242830000   0.4372890000   1.1280190000   7.8139090000   0.0067210000   0.2615280000   8.4619800000  -0.4407320000  -0.6305820000   9.1011340000   0.0323390000   0.0040740000  -0.0007990000  -0.0324190000  -0.0042430000   0.0006830000  -0.0089950000  -0.0176830000   0.0135890000   0.0175540000   0.0343050000  -0.0244000000  -0.0084790000  -0.0164520000   0.0109270000
   6.6607126097   6.0109124647 3147  9.37E-01  -0.8210480000  -1.6065650000   2.0016580000   0.2597660000  -0.6107290000   2.2156740000  -0.4685340000   0.3638810000   8.4971490000  -0.4521320000   1.3907620000   7.9384100000  -0.4376560000   2.4311040000   7.3529810000  -0.0094860000  -0.0087380000  -0.0018510000   0.0094900000   0.0086340000   0.0019090000  -0.0001090000   0.0083050000  -0.0043340000   0.0000090000  -0.0370350000   0.0196050000   0.0000960000   0.0288350000  -0.0153300000
   6.6638200071   6.0118228645 3310  4.99E+00   0.0045510000   1.4934540000   1.5608060000  -0.4326490000   0.1016820000   2.1481120000   1.5240610000  -0.8437220000   7.7534230000   0.8036060000   0.0572630000   8.0187750000   0.0331400000   0.8864930000   8.4015760000   0.0112300000   0.0357230000  -0.0150450000  -0.0112370000  -0.0356660000   0.0151480000   0.0068580000  -0.0165380000   0.0054090000   0.0184040000  -0.0031500000  -0.0252820000  -0.0252550000   0.0196310000   0.0197710000
   6.6632293854   6.0117991249 3389  5.14E+00   1.9671470000  -1.0081700000   2.9564270000   0.7864140000  -0.4633970000   2.0344690000  -0.9800320000   1.2915120000   9.2716790000  -1.4700250000   1.1717460000   8.2320730000  -1.9679040000   0.8943720000   7.2028270000   0.0336640000  -0.0154970000   0.0262510000  -0.0333510000   0.0154560000  -0.0264430000  -0.0165620000  -0.0146090000  -0.0321040000   0.0155640000   0.0237360000   0.0249480000   0.0006850000  -0.0090860000   0.0073480000
   6.6621943833   6.0111928282 3396  4.13E+00  -1.1427240000   0.5566730000   1.6250410000   0.0136710000  -0.0065360000   2.0897400000  -0.6646190000   1.1856250000   7.9423560000  -0.0242220000   0.2169790000   8.1838820000   0.6865210000  -0.6632650000   8.3761730000   0.0418050000  -0.0203700000   0.0167690000  -0.0417450000   0.0202310000  -0.0167660000  -0.0024400000   0.0171880000  -0.0041200000   0.0316970000  -0.0654960000   0.0155000000  -0.0293170000   0.0484450000  -0.0113840000
   6.6603279779   6.0148376580 3542  6.98E+00  -1.5572450000  -0.0223870000   1.8917890000  -2.0054540000   0.2520290000   3.3214220000   2.9042800000   0.1568370000   6.7947090000   3.7352850000  -0.1668750000   5.9326080000   4.4054900000  -0.6011750000   5.0457190000   0.0078560000  -0.0047740000  -0.0248900000  -0.0078730000   0.0047580000   0.0247170000  -0.0728440000   0.0194760000   0.0676260000   0.0587480000   0.0008870000  -0.0374000000   0.0141130000  -0.0203480000  -0.0300530000
   6.6633487626   6.0126664573 3782  2.07E+00  -2.4472210000   0.0943080000   2.6923660000  -1.1623630000  -0.5658570000   2.4867470000   1.4491120000   1.2436030000   8.3730920000   2.1362730000   1.2699140000   7.3838210000   2.9065050000   1.3108360000   6.4960480000  -0.0018730000   0.0009830000   0.0003420000   0.0018210000  -0.0009770000  -0.0002260000  -0.0231350000   0.0001090000   0.0487860000   0.0152790000  -0.0016060000  -0.0544980000   0.0079080000   0.0014920000   0.0055960000
