   6.6684994821   6.1139179724  252  1.71E+01  -1.5818850000  -1.4441020000   3.8547160000  -1.0312160000  -1.3862600000   2.3901650000   1.3757870000   2.3965350000   6.5467010000   1.9260210000   2.7731630000   7.6465700000   2.4281610000   3.2236380000   8.5343100000  -0.0137070000  -0.0015920000   0.0361210000   0.0133990000   0.0010460000  -0.0365020000  -0.0590670000  -0.0334530000  -0.1253970000   0.1157600000   0.0777620000   0.2328690000  -0.0563840000  -0.0437630000  -0.1070910000
   6.6666845591   6.1125955405  252  1.70E+01  -1.5824010000  -1.4415260000   3.8540000000  -1.0314020000  -1.3862590000   2.3902760000   1.3780240000   2.3952970000   6.5445900000   1.9250230000   2.7719900000   7.6472760000   2.4276360000   3.2255890000   8.5353850000  -0.0136550000  -0.0015210000   0.0359400000   0.0133460000   0.0009770000  -0.0363190000  -0.0589350000  -0.0336130000  -0.1266360000   0.1131610000   0.0760400000   0.2301710000  -0.0539160000  -0.0418820000  -0.1031560000
   6.6675656986   6.1103992022  510  2.88E+00   1.1413740000  -1.0822890000   2.1117350000   0.0621940000  -0.2185470000   1.9539780000  -0.9954560000   1.1934050000   7.8041700000  -0.1144560000   0.6929260000   8.4147450000   0.6988550000   0.1337550000   8.9884190000  -0.0261750000   0.0209880000  -0.0037990000   0.0263510000  -0.0211000000   0.0037320000  -0.0100520000  -0.0007860000  -0.0040440000   0.0629880000  -0.0283570000   0.0398320000  -0.0531120000   0.0292550000  -0.0357210000
   6.6659616461   6.1143460142  510  3.02E+00   1.1340030000  -1.0783540000   2.1132280000   0.0623180000  -0.2188280000   1.9523290000  -0.9971680000   1.1929260000   7.8063590000  -0.1144210000   0.6945680000   8.4166580000   0.7003840000   0.1341550000   8.9929340000  -0.0301180000   0.0241940000  -0.0044940000   0.0302910000  -0.0243030000   0.0044300000  -0.0107270000  -0.0006160000  -0.0043130000   0.0586740000  -0.0249210000   0.0364520000  -0.0481210000   0.0256460000  -0.0320750000
   6.6676207958   6.1109880344  559  2.30E+00   1.2565980000   0.4948250000   2.1809320000  -0.0173110000  -0.0035320000   1.8107260000  -0.6755800000   0.7467560000   7.8396500000  -0.0521360000   0.2743420000   8.7151320000   0.7220080000  -0.2785660000   9.4385130000  -0.0167070000  -0.0065700000  -0.0048920000   0.0168400000   0.0064660000   0.0046390000   0.0126110000  -0.0074400000  -0.0033220000  -0.0448640000   0.0287670000  -0.0083950000   0.0321210000  -0.0212230000   0.0119690000
   6.6678199514   6.1126165260  678  2.17E+00  -0.3771390000   0.2117130000   1.8970740000  -1.3758510000  -0.6534890000   2.2975200000   3.5518780000   1.4109800000   8.2736900000   2.5103640000   1.4607370000   7.7760270000   1.4586980000   1.4304690000   7.2961730000  -0.0292840000  -0.0254090000   0.0116800000   0.0292450000   0.0252520000  -0.0120460000  -0.0350100000  -0.0039890000  -0.0147520000  -0.0058940000   0.0081080000  -0.0066120000   0.0409420000  -0.0039610000   0.0217300000
   6.6696322824   6.1137132763  731  3.23E+00  -1.9840220000  -1.2328880000   3.6114830000  -2.2792110000   0.0961370000   3.3520040000   5.2375730000  -0.3753180000   5.5345230000   4.1645100000   0.1199930000   5.8135870000   3.1440770000   0.5704560000   6.1341720000  -0.0079070000   0.0355940000  -0.0069910000   0.0077770000  -0.0356950000   0.0067920000   0.0626090000  -0.0298090000  -0.0124380000  -0.0912980000   0.0429550000   0.0167140000   0.0288190000  -0.0130460000  -0.0040770000
   6.6659111425   6.1127037266  736  1.74E+00  -0.0363040000   1.8756260000   2.1132320000  -0.4419610000   0.4792840000   2.0526610000   1.1466760000  -1.5624530000   7.5909540000   0.8045430000  -0.6703600000   8.2161250000   0.4589040000   0.2415340000   8.8577970000   0.0001300000   0.0004510000   0.0000630000  -0.0001730000  -0.0003600000  -0.0000200000  -0.0218290000   0.0581350000   0.0430670000   0.0164590000  -0.0449710000  -0.0353250000   0.0054130000  -0.0132550000  -0.0077850000
   6.6689445204   6.1123482992  989  3.46E+00   0.8359880000   0.7331090000   1.5171280000   0.0894410000  -0.4554660000   2.1455800000   0.2617390000   0.0518480000   8.4327570000  -0.1367540000   1.0920880000   8.1049750000  -0.6584420000   2.0445200000   7.6729250000   0.0150720000   0.0239600000  -0.0126650000  -0.0150110000  -0.0240090000   0.0126810000  -0.0191940000   0.0214580000  -0.0145800000   0.0199260000  -0.0010850000   0.0135570000  -0.0007940000  -0.0203240000   0.0010080000
   6.6665619490   6.1138090112 1012  2.67E+00   0.0755680000   0.7965510000   1.4966100000   0.2302400000  -0.4747250000   2.0714720000  -1.4630830000   1.5927200000   8.3750170000  -0.4333710000   1.0986140000   8.1368500000   0.6337800000   0.5909370000   8.0781500000   0.0028620000  -0.0237540000   0.0107910000  -0.0030250000   0.0238300000  -0.0107730000   0.0168080000  -0.0076130000   0.0096790000  -0.0270610000   0.0118940000  -0.0231570000   0.0104160000  -0.0043570000   0.0134600000
   6.6659625287   6.1116557624 1772  4.15E+00   0.9231180000  -0.0470250000   2.2703290000  -0.1753360000  -0.7021820000   1.7829760000   0.3579000000   1.2170770000   7.5609030000   0.3412010000   1.4546800000   8.7388150000   0.2034720000   1.8884090000   9.8324380000  -0.0390380000  -0.0233300000  -0.0174610000   0.0390120000   0.0231450000   0.0169590000  -0.0068230000   0.0049040000  -0.0417070000   0.0168280000  -0.0248890000   0.0268800000  -0.0099800000   0.0201700000   0.0153290000
   6.6667227818   6.1138315353 1787  3.82E+00  -1.0908980000   0.7790330000   1.8984520000   0.0136320000  -0.0099010000   1.9371260000  -0.9956670000   0.6936400000   8.8917390000  -0.0019900000   0.2579470000   8.4549710000   0.9978100000  -0.1992390000   7.9682520000   0.0457830000  -0.0327290000   0.0016400000  -0.0459490000   0.0328020000  -0.0017240000   0.0045040000  -0.0031400000  -0.0039910000  -0.0415270000   0.0212170000   0.0230530000   0.0371900000  -0.0181510000  -0.0189770000
   6.6670771591   6.1115103716 2393  3.73E+00   0.8029030000   2.1954960000   2.5092580000   1.4727540000   1.0605190000   2.8983690000  -2.9285950000  -2.1974490000   5.6120990000  -2.6840280000  -1.6913560000   6.6545700000  -2.4623930000  -1.2799980000   7.7602830000   0.0218870000  -0.0371060000   0.0127490000  -0.0218940000   0.0371440000  -0.0126230000  -0.0061840000  -0.0141250000  -0.0105900000   0.0000010000   0.0049270000  -0.0356550000   0.0061890000   0.0091600000   0.0461190000
   6.6683604383   6.1139417272 2428  4.56E+00  -0.3852580000   1.9594540000   2.4636250000  -0.0427040000   0.5551790000   1.9260180000  -0.2690300000   0.0079260000   9.2142670000   0.1585710000  -0.8153740000   8.5027980000   0.3875360000  -1.6043050000   7.6296840000  -0.0071790000   0.0294740000   0.0112800000   0.0071450000  -0.0292460000  -0.0114240000  -0.0090190000  -0.0053400000  -0.0160470000   0.0154450000   0.0254190000   0.0489490000  -0.0063920000  -0.0203070000  -0.0327580000
   6.6689277068   6.1149205429 2630  2.55E+00  -1.0194150000  -0.8203750000   2.3843570000   0.3954810000  -1.1356230000   2.0100530000  -0.2154020000   1.7969480000   7.3410100000  -0.7535540000   2.2974470000   8.2735930000  -1.1298080000   2.8893070000   9.2603120000  -0.0166920000   0.0036700000   0.0043320000   0.0166140000  -0.0038730000  -0.0046970000   0.0187490000  -0.0022110000  -0.0110170000  -0.0085520000  -0.0341390000  -0.0437810000  -0.0101200000   0.0365530000   0.0551630000
   6.6651754756   6.1101847788 2914  6.52E+00   0.4373260000  -2.4426580000   2.9703500000   1.2395410000  -1.0807740000   2.8190830000  -2.1734820000   1.6520710000   7.8069510000  -2.3115720000   2.2730170000   6.7953380000  -2.3093470000   2.8808040000   5.8266820000  -0.0222260000  -0.0376740000   0.0042030000   0.0221990000   0.0376530000  -0.0041630000   0.0123160000  -0.0156130000   0.0290310000  -0.0208480000   0.0505880000  -0.0888520000   0.0085590000  -0.0349540000   0.0597810000
   6.6662766283   6.1141400196 3231  4.67E+00   1.4137560000  -0.1122450000   2.4919280000   0.1155460000   0.2205780000   1.6572330000  -0.4205230000  -0.1100470000  10.1028450000  -0.3000580000  -0.1870430000   8.9337050000  -0.0203570000  -0.1564140000   7.7582260000   0.0344650000  -0.0088240000   0.0219680000  -0.0344470000   0.0088500000  -0.0225220000   0.0083640000   0.0073620000   0.0124670000  -0.0296470000  -0.0151270000   0.0358850000   0.0212650000   0.0077400000  -0.0477980000
   6.6697391916   6.1145511557 3277  5.57E+00  -0.4284350000   0.3762470000   6.9591040000  -0.6220190000  -0.9797280000   6.1396480000   1.3378290000   1.2700860000  -0.1795030000   1.1882590000   2.0297010000   0.7030820000   0.9036530000   2.7631950000   1.5515560000   0.0055370000   0.0388070000   0.0235130000  -0.0055120000  -0.0389780000  -0.0235070000  -0.0096010000   0.0011370000  -0.0003020000   0.0085550000   0.0253270000   0.0337430000   0.0010210000  -0.0262930000  -0.0334480000
   6.6671836234   6.1147840566 3508  7.21E+00   0.4077950000  -1.4005660000   2.6822440000   0.0383780000  -0.4916310000   1.7258460000  -0.1868290000   0.5869040000   7.7405470000  -0.1175320000   1.2416560000   8.7809350000   0.0577020000   1.7122240000   9.8805480000  -0.0128310000   0.0315860000  -0.0334030000   0.0128780000  -0.0316290000   0.0328870000   0.0007760000  -0.0548670000  -0.0670860000  -0.0159870000   0.0392470000   0.0046180000   0.0151650000   0.0156630000   0.0629840000
   6.6695205922   6.1107187521 3594  8.54E-01  -0.6793570000  -1.3165320000   2.3194310000   0.5085030000  -0.5218270000   1.8900470000  -0.0288520000   1.2094810000   7.7256880000  -0.9381690000   1.2385860000   8.4746640000  -1.7636520000   1.2374660000   9.3281230000  -0.0126510000  -0.0084450000   0.0045350000   0.0125070000   0.0083240000  -0.0048130000   0.0075260000  -0.0013290000   0.0067240000   0.0049650000   0.0032130000  -0.0318670000  -0.0123470000  -0.0017620000   0.0254210000
