   6.6793457357   6.3310423055  454  7.54E+00  -1.5754470000  -0.3445440000   2.4790060000  -1.2839530000   1.2394830000   2.4076390000   2.1230400000  -2.2818800000   8.6499400000   2.3966780000  -2.0378930000   7.5749310000   2.5894100000  -1.6691780000   6.4842610000  -0.0089580000  -0.0482210000   0.0021630000   0.0086480000   0.0483280000  -0.0022670000   0.0144360000   0.0270060000  -0.0797890000  -0.0050950000  -0.0273560000   0.0552820000  -0.0090310000   0.0002440000   0.0246120000
   6.6750199724   6.3302391401  528  2.64E+00   1.4650250000  -0.0748980000   2.0390390000  -0.0212090000  -0.0000500000   1.8472610000  -1.0320180000   0.2070990000   8.0928420000   0.0277810000   0.2514280000   8.5493180000   1.0247830000   0.2967980000   9.1362730000   0.0186320000  -0.0009260000   0.0024760000  -0.0184950000   0.0009310000  -0.0024480000   0.0390290000   0.0019970000   0.0302290000  -0.0022240000  -0.0006560000  -0.0217440000  -0.0369420000  -0.0013470000  -0.0085130000
   6.6775141882   6.3342009271  536  1.68E+00   0.0324680000  -1.0732390000   2.4964840000   1.4065310000  -0.7562120000   2.1740020000  -2.0462190000   1.5865760000   6.9397090000  -2.4803500000   1.6791310000   8.0371880000  -3.1183980000   1.6849010000   9.0132140000   0.0034950000   0.0007120000  -0.0008970000  -0.0032440000  -0.0009460000   0.0006060000  -0.0125210000  -0.0055260000  -0.0123150000   0.0173910000   0.0115590000   0.0339990000  -0.0051210000  -0.0057990000  -0.0213930000
   6.6768151022   6.3343551925  636  7.07E+00   0.1646290000   1.3176070000   1.8158550000  -0.0032560000  -0.0151760000   1.9534290000  -1.0231660000   0.8298920000   8.1477570000  -0.0011580000   0.2601580000   8.4063160000   1.0299240000  -0.3447390000   8.6725430000  -0.0076900000  -0.0611720000   0.0063280000   0.0077550000   0.0611390000  -0.0062830000  -0.0379600000   0.0195020000  -0.0077480000  -0.0325000000   0.0234710000  -0.0118980000   0.0703950000  -0.0429410000   0.0196010000
   6.6778181743   6.3335565063  689  6.48E+00   1.5829010000  -1.6081910000   3.3459620000   0.1219740000  -2.0484190000   2.9707000000   0.1798320000   2.9421920000   6.8699810000  -0.3027630000   3.9696100000   6.4964640000  -0.6614410000   5.0971320000   6.2071390000   0.0372280000   0.0112000000   0.0095000000  -0.0372960000  -0.0112590000  -0.0097230000   0.0210910000  -0.0229430000   0.0168250000  -0.0063200000  -0.0514890000  -0.0042280000  -0.0147040000   0.0744910000  -0.0123750000
   6.6778738450   6.3338633452  736  4.05E+00  -0.0636020000   1.9707620000   2.1845940000  -0.4495140000   0.4887170000   2.0334580000   1.1627930000  -1.7199470000   7.7466090000   0.8110180000  -0.6707610000   8.2551290000   0.4773700000   0.3462240000   8.7642710000   0.0078590000   0.0301750000   0.0031220000  -0.0078890000  -0.0300960000  -0.0030590000   0.0216240000  -0.0627500000  -0.0277240000  -0.0159260000   0.0437550000   0.0160410000  -0.0056680000   0.0189160000   0.0116200000
   6.6794653602   6.3325960544  736  2.73E+00  -0.3049550000   1.8470930000   2.3918500000  -0.4815980000   0.5376000000   1.9492600000   1.0768870000  -1.9275440000   8.6231910000   0.8844520000  -0.7747490000   8.4189980000   0.6835870000   0.3955440000   8.1721160000  -0.0041290000  -0.0305030000  -0.0103690000   0.0041220000   0.0303630000   0.0102240000   0.0041630000  -0.0260590000   0.0030220000   0.0062290000  -0.0343230000   0.0104550000  -0.0103860000   0.0605220000  -0.0133310000
   6.6787332805   6.3304447654  736  2.98E+00  -0.3074320000   1.8388490000   2.3906310000  -0.4817750000   0.5379850000   1.9487940000   1.0759060000  -1.9259410000   8.6282970000   0.8848300000  -0.7758740000   8.4194960000   0.6853250000   0.3933790000   8.1690430000  -0.0047850000  -0.0355970000  -0.0121510000   0.0047780000   0.0354550000   0.0120020000   0.0035510000  -0.0224170000   0.0025420000   0.0066150000  -0.0370900000   0.0108660000  -0.0101590000   0.0596500000  -0.0132600000
   6.6762397436   6.3312805707  762  2.76E+00   1.3421030000   0.0379420000   1.7413240000  -0.0195680000  -0.0002420000   2.0030870000  -0.7702760000  -0.6260570000   8.4901350000   0.0052250000   0.2532440000   8.2787990000   0.7795220000   1.1224380000   8.1825820000  -0.0357670000  -0.0010110000   0.0068880000   0.0357380000   0.0009900000  -0.0067690000  -0.0178940000  -0.0207560000   0.0136540000   0.0268960000   0.0312960000  -0.0238970000  -0.0089730000  -0.0105180000   0.0101250000
   6.6797267192   6.3337555558 1316  1.42E+01   0.7062820000   1.5443440000   2.6998150000  -0.9635590000   1.6641490000   2.3453650000   1.9660980000  -3.3547090000   8.6902120000   1.7840860000  -2.7342810000   7.7148380000   1.4623430000  -2.3134660000   6.6360570000   0.0623470000  -0.0043340000   0.0131430000  -0.0624810000   0.0047060000  -0.0134090000  -0.0097120000  -0.0100060000  -0.0110500000   0.0279940000   0.0109090000   0.0494100000  -0.0181480000  -0.0012750000  -0.0380930000
   6.6760742309   6.3308195891 1680  2.70E+00   1.1087190000  -0.8937160000   2.0456840000  -0.0162040000   0.0089340000   1.8576110000  -0.9729850000  -0.1392010000   8.1139600000   0.0285450000   0.2630560000   8.5314430000   0.9626300000   0.6410870000   9.0764640000   0.0001180000  -0.0000440000   0.0000550000   0.0000450000   0.0001140000  -0.0000550000   0.0334740000   0.0138460000   0.0276240000   0.0235540000   0.0089020000  -0.0077020000  -0.0571910000  -0.0228180000  -0.0199220000
   6.6755961400   6.3325931564 1834  4.78E+00  -1.0919900000   0.2817010000   2.1692400000  -2.0483060000   1.0329990000   3.1387330000   4.5014850000  -2.4439220000   5.9058460000   3.7975100000  -1.5940070000   6.3090580000   2.9462730000  -0.8485860000   6.5468930000   0.0221210000  -0.0173920000  -0.0224700000  -0.0222590000   0.0174000000   0.0222570000  -0.0126340000  -0.0042710000  -0.0097230000  -0.0118890000   0.0416490000   0.0299500000   0.0246610000  -0.0373850000  -0.0200130000
   6.6762638031   6.3315759811 2160  2.05E+00  -0.3560350000  -1.7099880000   2.9177450000   0.2547270000  -0.8137050000   1.8364070000  -0.4051080000   2.7103810000   9.2690420000  -0.5038270000   1.7702850000   8.6132130000  -0.4664080000   0.8199210000   7.9109510000  -0.0115930000  -0.0170560000   0.0203900000   0.0116280000   0.0170330000  -0.0208210000   0.0054290000  -0.0380390000  -0.0289510000  -0.0148320000   0.0418480000   0.0333860000   0.0093680000  -0.0037860000  -0.0040030000
   6.6769325639   6.3327990437 2195  3.63E+00   1.0040830000  -0.3539950000   2.4330430000  -0.0162200000   0.0070200000   1.6036950000  -0.3195930000   0.3694120000   7.9188340000   0.0583420000   0.2012410000   9.0192950000   0.2935430000   0.1544380000  10.1490770000  -0.0390630000   0.0138120000  -0.0318800000   0.0391970000  -0.0138950000   0.0314780000  -0.0074450000   0.0074260000   0.0121300000   0.0251060000  -0.0174030000   0.0232380000  -0.0177950000   0.0100600000  -0.0349650000
   6.6755370416   6.3322271561 2371  2.21E+00  -0.9077720000   0.7909360000   2.3577440000   0.0118520000  -0.0054700000   1.6461690000  -0.1028880000   0.7727070000   7.9293510000  -0.0360530000   0.1962560000   8.9493490000   0.1279560000  -0.2548750000   9.9836850000   0.0150120000  -0.0130500000  -0.0117560000  -0.0150230000   0.0128840000   0.0113480000   0.0079000000   0.0024010000   0.0153530000  -0.0047470000  -0.0394040000   0.0479190000  -0.0031430000   0.0371700000  -0.0628650000
   6.6795079172   6.3318725262 2482  3.41E-01   0.4581600000  -1.8355940000   3.3491090000   0.6079160000  -1.2133070000   2.0741070000  -0.5111640000   1.6308950000   7.6194460000  -1.1233450000   2.4859370000   8.1904970000  -1.7104920000   3.3657950000   8.6635680000   0.0014290000   0.0058560000  -0.0122630000  -0.0014260000  -0.0060210000   0.0118440000   0.0174370000  -0.0199670000  -0.0197400000  -0.0317010000   0.0373790000   0.0364560000   0.0142620000  -0.0172470000  -0.0162970000
   6.6752918977   6.3301937861 2482  5.30E-01   0.4612760000  -1.8224740000   3.3448910000   0.6080950000  -1.2139070000   2.0739250000  -0.5114440000   1.6334120000   7.6156540000  -1.1248140000   2.4848060000   8.1916610000  -1.7101980000   3.3662950000   8.6676630000   0.0019590000   0.0080400000  -0.0170580000  -0.0019570000  -0.0082060000   0.0166410000   0.0180460000  -0.0200840000  -0.0203480000  -0.0308290000   0.0347480000   0.0359070000   0.0127800000  -0.0144980000  -0.0151420000
   6.6781131502   6.3305748824 2494  7.64E+00  -0.2039890000  -1.7822230000   3.0807140000   0.0162260000  -0.8977300000   1.7935480000  -0.3456640000   1.4244170000   7.6717150000   0.0529510000   1.8213650000   8.6972370000   0.2377260000   2.4917380000   9.6489810000  -0.0057580000  -0.0233530000   0.0337650000   0.0058680000   0.0231480000  -0.0341120000  -0.0067800000   0.0280820000   0.0177720000   0.0214760000  -0.0473600000  -0.0130630000  -0.0148070000   0.0194820000  -0.0043630000
   6.6764317417   6.3309575208 2681  5.08E+00  -1.7231920000  -0.9449490000   2.2053260000  -0.1251470000  -0.8799560000   2.2197450000   0.4338200000   0.8738980000   8.5038940000   0.2483270000   1.8734730000   7.9275940000   0.1133430000   2.8616150000   7.3211950000  -0.0464240000  -0.0018870000  -0.0003900000   0.0464280000   0.0018680000   0.0004650000   0.0014820000   0.0112410000  -0.0074400000  -0.0071000000   0.0033420000  -0.0009250000   0.0056140000  -0.0145640000   0.0082900000
   6.6765131163   6.3309156251 2814  1.09E+01  -0.3914290000  -0.0285990000   2.2481350000  -0.1490400000  -1.2640760000   1.9618660000   0.2777830000   3.3270670000   9.2729090000   0.3497160000   2.5619820000   8.3567700000   0.2286870000   1.7522420000   7.5152110000   0.0213210000  -0.1087190000  -0.0252860000  -0.0213320000   0.1086050000   0.0249100000  -0.0145240000   0.0214980000   0.0340300000   0.0260630000  -0.0235030000  -0.0444240000  -0.0115280000   0.0021190000   0.0107700000
   6.6786259601   6.3347260768 3176  3.29E+00  -0.6749960000   1.8820440000   2.2763390000  -0.5896130000   0.5286510000   2.1035900000   1.5054950000  -1.7494480000   7.6307540000   1.0950520000  -0.7602000000   8.1491170000   0.6596520000   0.2490170000   8.6036670000   0.0031190000  -0.0493240000  -0.0062730000  -0.0031260000   0.0493510000   0.0063150000   0.0083660000  -0.0220300000  -0.0144750000   0.0029810000  -0.0024190000   0.0065470000  -0.0113400000   0.0244230000   0.0078850000
   6.6756628642   6.3314628567 3283  5.09E+00  -0.7032910000  -1.4854210000   2.5214660000  -0.5947010000  -0.2999370000   1.8581020000   1.7818010000   0.6471550000   7.6497060000   1.0498760000   0.7680090000   8.5557790000   0.4444530000   1.0555240000   9.4900200000   0.0041440000   0.0459020000  -0.0256850000  -0.0044010000  -0.0459510000   0.0255760000  -0.0018100000   0.0143620000   0.0183580000  -0.0350120000  -0.0132670000   0.0219620000   0.0370780000  -0.0010470000  -0.0402100000
   6.6779037099   6.3310061373 3309  8.10E+00  -0.5864240000   0.4584170000   1.9815310000  -1.7967090000  -0.4000620000   2.5090100000   2.0961980000   1.0606730000   7.2832290000   3.2728450000   0.8450510000   7.4176100000   4.4570380000   0.9617550000   7.4941420000   0.0314910000   0.0222910000  -0.0137740000  -0.0315330000  -0.0224310000   0.0134940000  -0.0374480000   0.0279670000  -0.0065280000   0.0070110000  -0.0512910000   0.0080530000   0.0304800000   0.0234640000  -0.0012440000
   6.6795037038   6.3307902956 3606  1.38E+01  -2.0053190000  -1.5723200000   3.3996940000  -0.9694070000  -0.9893450000   2.5303860000   0.9959750000   1.6449560000   7.9411750000   1.8749980000   2.0889460000   7.4189030000   2.5642630000   2.5146420000   6.6391140000  -0.0056140000  -0.0031700000   0.0046940000   0.0056250000   0.0031220000  -0.0047530000   0.1105850000   0.0633500000  -0.0976510000  -0.0111710000  -0.0111960000   0.0263140000  -0.0994250000  -0.0521070000   0.0713960000
   6.6750088609   6.3340103388 3656  4.58E+00   0.1037640000  -1.2867130000   2.2355410000  -0.0025390000   0.0120550000   1.7625640000  -0.8604810000  -0.2129580000   8.0341660000   0.0362950000   0.2507700000   8.7307190000   0.8393770000   0.7332430000   9.4693910000  -0.0027810000   0.0346120000  -0.0126450000   0.0029790000  -0.0345430000   0.0124390000  -0.0643510000  -0.0293690000  -0.0415510000   0.0419790000   0.0117560000   0.0136380000   0.0221750000   0.0175440000   0.0281180000
