   6.6719740107   6.0960871749  105  7.26E+00   1.5182840000   0.2858570000   1.7683860000  -0.0216720000   0.1899070000   2.0387320000   0.3379910000   1.0165330000   8.5334840000   0.0864670000  -0.1422870000   8.2708340000  -0.3903260000  -1.1884920000   7.9654840000   0.0382110000   0.0023790000  -0.0066680000  -0.0381450000  -0.0023350000   0.0066910000  -0.0003070000   0.0669340000   0.0123680000   0.0237860000  -0.0513070000  -0.0049910000  -0.0235450000  -0.0156710000  -0.0074000000
   6.6718451805   6.0986100544  196  1.74E+00   1.3179740000  -0.3772060000   2.1906240000  -0.0216560000   0.0030140000   1.8003190000   0.6853770000  -0.2402490000   9.5175340000   0.0351650000   0.3211320000   8.7006350000  -0.6866580000   0.6955630000   7.8228760000  -0.0034090000   0.0009620000  -0.0010210000   0.0035940000  -0.0010590000   0.0007540000   0.0076950000  -0.0220390000   0.0121490000   0.0166300000   0.0232090000   0.0139480000  -0.0245110000  -0.0010730000  -0.0258300000
   6.6729910486   6.0985677618  510  2.68E+00   1.1662540000  -1.0963080000   2.1076510000   0.0617850000  -0.2176770000   1.9589200000  -0.9902480000   1.1948500000   7.7976290000  -0.1152120000   0.6882990000   8.4085900000   0.6946880000   0.1323200000   8.9751540000  -0.0136090000   0.0108630000  -0.0018060000   0.0137900000  -0.0109820000   0.0017340000  -0.0068980000  -0.0019350000  -0.0024720000   0.0729820000  -0.0368040000   0.0478330000  -0.0662650000   0.0388580000  -0.0452890000
   6.6714264058   6.0966321717  770  8.95E+00   0.0846900000   2.4866510000   4.7354050000  -0.9537500000   1.7462840000   5.7914720000   0.9272130000  -2.1267460000   1.4751610000   1.6875080000  -3.0274110000   1.3392270000   2.5639070000  -3.7909430000   1.2983160000   0.0355130000   0.0253880000  -0.0360170000  -0.0355470000  -0.0251440000   0.0363950000   0.0003880000   0.0171400000   0.0063680000   0.0070600000  -0.0395810000  -0.0135250000  -0.0074130000   0.0221960000   0.0067790000
   6.6709930993   6.0968649094  798  6.98E+00  -0.6723170000   0.1080060000   2.1435010000  -0.8527970000  -1.3522780000   2.2693210000   2.1895010000   3.4570020000   8.5523100000   1.5598490000   2.7108480000   7.8658080000   0.9409600000   1.9424460000   7.0754620000   0.0011570000   0.0095580000  -0.0009720000  -0.0012840000  -0.0098090000   0.0004640000   0.0257470000   0.0287610000   0.0223060000   0.0342890000   0.0474520000   0.0597970000  -0.0599080000  -0.0759620000  -0.0815950000
   6.6728284882   6.0985296271  798  6.65E+00  -0.6761590000   0.0984420000   2.1487960000  -0.8530340000  -1.3525930000   2.2689610000   2.1880570000   3.4560550000   8.5543000000   1.5589620000   2.7111200000   7.8676060000   0.9444970000   1.9453690000   7.0735830000   0.0006330000   0.0054000000  -0.0005940000  -0.0007620000  -0.0056530000   0.0000880000   0.0250370000   0.0277270000   0.0211350000   0.0336200000   0.0472310000   0.0605780000  -0.0585270000  -0.0747060000  -0.0812080000
   6.6721675466   6.0970224740 1310  2.36E+00  -0.8561200000  -1.0629750000   2.1177970000   0.0052470000   0.0130800000   1.8582490000   0.9332640000   0.4601900000   9.2342890000  -0.0053120000   0.2041150000   8.6130590000  -0.9015440000   0.0759030000   7.8871350000   0.0165870000   0.0206640000  -0.0050490000  -0.0163900000  -0.0206770000   0.0047870000  -0.0318320000  -0.0001930000  -0.0299820000  -0.0004000000  -0.0133670000   0.0121000000   0.0320360000   0.0135730000   0.0181440000
   6.6705890525   6.0999791603 1324  2.84E+00  -0.3235600000  -2.5308780000   3.2252440000  -0.4806290000  -1.3005930000   2.6053760000   0.3982390000   2.1085910000   8.1143400000   0.8635110000   2.6843340000   7.2113680000   1.3742900000   3.2188920000   6.2582210000  -0.0041700000   0.0326450000  -0.0164110000   0.0040970000  -0.0327150000   0.0164930000   0.0068970000   0.0029700000  -0.0097310000  -0.0314810000  -0.0240220000   0.0514740000   0.0246570000   0.0211220000  -0.0418250000
   6.6736239635   6.0977063927 1454  1.38E+00   1.2041560000  -1.8418110000   2.3985960000   0.9351670000  -1.8202970000   3.8313350000  -1.6745840000   3.6907110000   3.8276210000  -1.7258530000   3.5735950000   4.9726360000  -1.7761430000   3.5213230000   6.1548970000   0.0003010000  -0.0000410000  -0.0015590000  -0.0003450000   0.0001030000   0.0016240000  -0.0027860000   0.0011720000   0.0495820000   0.0039840000  -0.0062700000  -0.0666240000  -0.0011550000   0.0050370000   0.0169770000
   6.6707530829   6.0991157980 1552  2.57E+00  -0.2533580000   1.1648690000   2.3033910000   0.0036530000  -0.0119210000   1.6781620000  -0.2266110000   0.3520160000   7.7620540000  -0.0279310000   0.2402760000   8.9059100000   0.2452970000   0.1414280000  10.0272350000   0.0107890000  -0.0493360000  -0.0263500000  -0.0107360000   0.0493100000   0.0258350000   0.0091990000  -0.0013510000   0.0238580000  -0.0075410000  -0.0020320000   0.0062720000  -0.0017100000   0.0034100000  -0.0296150000
   6.6749905002   6.0979459145 1595  4.33E+00   1.4677450000  -1.0447670000   2.5789130000   0.0008990000  -1.1765470000   2.1479530000   0.2167470000   3.5514290000   8.3059780000  -0.0212330000   2.3808310000   8.1109760000  -0.2977690000   1.2907490000   7.7164530000   0.0287660000   0.0025950000   0.0083930000  -0.0286800000  -0.0026140000  -0.0087080000   0.0097910000   0.0646570000  -0.0013180000  -0.0009040000  -0.0446210000   0.0209520000  -0.0089730000  -0.0200160000  -0.0193180000
   6.6745540516   6.0993200554 1632  3.93E+00  -1.4903790000   0.3633720000   2.0258370000   0.0200420000  -0.0051390000   1.8875820000   0.4447790000   1.0886390000   7.8729770000   0.0026080000   0.2635280000   8.5305040000  -0.4529340000  -0.5960220000   9.1697180000  -0.0362520000   0.0088050000   0.0033240000   0.0361650000  -0.0089670000  -0.0034430000  -0.0277410000  -0.0526340000   0.0408260000   0.0195380000   0.0379230000  -0.0273700000   0.0082900000   0.0148720000  -0.0133370000
   6.6711030660   6.0962632607 1672  2.67E+00   1.0283140000  -0.8698490000   1.8251320000  -0.0136540000   0.0160320000   2.0355430000   0.3556840000   1.3256870000   7.9780020000   0.0010350000   0.2552270000   8.3199390000  -0.3530550000  -0.8548760000   8.4964520000  -0.0290420000   0.0246810000   0.0058760000   0.0290120000  -0.0247670000  -0.0059080000   0.0010230000   0.0006460000  -0.0100750000   0.0007220000   0.0073110000   0.0188640000  -0.0017150000  -0.0078710000  -0.0087570000
   6.6727739722   6.0971086226 1686  4.86E+00   1.2426930000   0.1154500000   1.5967780000  -0.0106260000   0.0025430000   2.0959930000   0.6503700000   1.1855230000   8.0406020000   0.0228690000   0.2211720000   8.1562570000  -0.6927630000  -0.6838560000   8.2692170000  -0.0549850000  -0.0049630000   0.0219040000   0.0549810000   0.0049120000  -0.0218330000  -0.0290310000  -0.0304740000   0.0057610000   0.0139090000  -0.0009880000  -0.0037730000   0.0151270000   0.0315140000  -0.0020590000
   6.6717602034   6.0997503793 1734  6.99E+00   2.3153810000  -0.6583600000   3.1150010000   2.2686260000  -0.0257500000   4.3184010000  -4.6107810000  -0.5099560000   3.3430130000  -4.2136990000   0.3626480000   4.0320840000  -3.7019570000   1.0954700000   4.8679090000  -0.0018980000   0.0253410000   0.0482360000   0.0020010000  -0.0254550000  -0.0483870000   0.0009080000  -0.0190590000   0.0000630000  -0.0365240000  -0.0167380000  -0.0587670000   0.0355130000   0.0359110000   0.0588550000
   6.6725581898   6.0969292485 1774  2.77E+00  -0.3327770000  -1.4548400000   1.8588950000   0.0037640000   0.0241370000   1.9882770000  -0.7591240000  -0.5758920000   8.7684950000   0.0129180000   0.2161720000   8.3095730000   0.7515930000   1.0724030000   7.9476760000  -0.0058050000  -0.0254820000  -0.0021720000   0.0057320000   0.0253890000   0.0022130000  -0.0284340000  -0.0231040000   0.0226890000   0.0166640000   0.0030940000  -0.0236370000   0.0118440000   0.0201030000   0.0009070000
   6.6714449609   6.0980862974 1777  5.49E+00   1.1546060000  -0.1087210000   1.7531490000  -0.2473090000   0.1750060000   1.9731210000   0.5671990000  -1.1153160000   7.8772130000   0.4277670000  -0.0327620000   8.3844470000   0.2740570000   0.9604090000   8.8651060000  -0.0032250000   0.0007040000   0.0004820000   0.0031760000  -0.0004260000  -0.0006160000   0.0034580000  -0.0399990000  -0.0152610000  -0.0210480000   0.1663050000   0.0746500000   0.0176380000  -0.1265830000  -0.0592540000
   6.6710442997   6.0974582996 2061  3.72E+00   0.9885610000   0.8831570000   2.3048700000   0.2314360000  -0.1553140000   1.7391960000  -0.1479660000   1.0401960000   9.8042870000  -0.4165730000   0.4187130000   8.8096930000  -0.7574460000   0.0531900000   7.7523180000  -0.0139630000  -0.0191940000  -0.0105140000   0.0141240000   0.0192340000   0.0101730000   0.0056130000   0.0402940000   0.0347240000  -0.0053940000  -0.0616950000  -0.0467080000  -0.0003800000   0.0213610000   0.0123260000
   6.6713681505   6.0978720522 2340  4.64E+00  -2.2275170000  -1.1697140000   3.0378400000  -0.8411470000  -1.0870890000   2.5650630000   0.6417710000   2.8490710000   6.9799970000   1.5422510000   2.2291990000   7.3672040000   2.5417010000   1.6680360000   7.4887150000  -0.0053310000  -0.0003470000   0.0018310000   0.0053780000   0.0002040000  -0.0018140000   0.0415560000  -0.0174890000  -0.0041540000  -0.0026790000  -0.0137030000   0.0288770000  -0.0389230000   0.0313340000  -0.0247410000
   6.6727762641   6.0991195221 2602  3.38E+00  -0.1037290000  -1.3540800000   1.9261470000   0.0012630000   0.0181010000   1.9498260000   0.0826950000  -0.8611970000   7.9846800000  -0.0242550000   0.2408350000   8.4050260000  -0.0642600000   1.3629890000   8.8476320000   0.0033170000   0.0433210000   0.0006990000  -0.0033430000  -0.0431730000  -0.0007650000   0.0056260000  -0.0158000000  -0.0032790000  -0.0076850000  -0.0386480000  -0.0198450000   0.0020840000   0.0543000000   0.0231900000
   6.6724985185   6.0979890799 2664  2.50E-01  -0.9215840000  -1.1342010000   2.4195880000   0.3975210000  -0.8409350000   1.9569660000  -0.8275840000   1.9699780000   7.2279580000  -0.7210380000   1.8376080000   8.3903810000  -0.5583890000   1.6095010000   9.5486020000   0.0117040000   0.0025310000  -0.0041510000  -0.0116090000  -0.0028040000   0.0038840000   0.0035050000  -0.0053920000   0.0041050000  -0.0116150000   0.0178510000  -0.0362490000   0.0080150000  -0.0121860000   0.0324100000
   6.6741791202   6.0965556579 2731  5.42E+00  -1.2663940000  -1.5161880000   2.1148480000  -0.0798380000  -0.8944030000   2.3544520000   0.2627270000   0.8535730000   8.1849940000   0.2462530000   1.8953080000   7.6482250000   0.0309280000   2.9736930000   7.1827590000   0.0472860000   0.0247740000   0.0095410000  -0.0472290000  -0.0247270000  -0.0094570000  -0.0128140000   0.0096440000   0.0026400000   0.0307970000  -0.0394910000   0.0028100000  -0.0180410000   0.0297990000  -0.0055340000
   6.6729408612   6.0992970057 2936  3.31E+00  -1.0032350000  -1.1679110000   2.0614280000   0.0123310000   0.0146330000   1.9049920000  -1.0057180000   0.1491590000   9.0622170000   0.0021960000   0.2679570000   8.5000250000   1.0056910000   0.3378600000   7.9141670000  -0.0252670000  -0.0293720000   0.0039110000   0.0250840000   0.0293570000  -0.0040180000   0.0246250000  -0.0004010000  -0.0146250000  -0.0016530000   0.0052240000   0.0010940000  -0.0227890000  -0.0048090000   0.0136390000
   6.6710361586   6.0992566861 3508  8.41E+00   0.3951990000  -1.4008610000   2.6717930000   0.0386360000  -0.4902580000   1.7305440000  -0.1931070000   0.5826200000   7.7302240000  -0.1167710000   1.2398830000   8.7764700000   0.0629110000   1.7110020000   9.8714170000  -0.0149000000   0.0380710000  -0.0395220000   0.0149500000  -0.0381170000   0.0389880000  -0.0003780000  -0.0591610000  -0.0745990000  -0.0142940000   0.0451060000   0.0166530000   0.0146220000   0.0141010000   0.0584800000
   6.6716241667   6.0996347950 3537  3.72E+00  -1.2013270000   0.6935050000   2.3550150000   0.0120100000  -0.0119720000   1.6907310000   0.1653080000   0.7418250000   9.9356640000  -0.0482490000   0.1926710000   8.9071250000  -0.1133780000  -0.1826850000   7.7866870000  -0.0275990000   0.0160740000   0.0149880000   0.0275770000  -0.0159790000  -0.0154490000   0.0132220000   0.0205740000   0.0121120000  -0.0223640000  -0.0289980000   0.0003390000   0.0091640000   0.0083290000  -0.0119900000
   6.6707890830   6.0994999103 3987  6.47E+00  -0.7484740000  -0.9144370000   1.9959740000   0.5022400000  -0.0358520000   1.8930960000  -1.8116230000  -0.2033520000   9.0998340000  -0.8857400000   0.3250700000   8.5491570000   0.0153940000   0.8836620000   7.9032020000  -0.0239460000  -0.0168290000   0.0019600000   0.0238280000   0.0166760000  -0.0022170000  -0.0424480000  -0.0217760000   0.0199920000  -0.0290080000  -0.0252280000   0.0357150000   0.0715750000   0.0471560000  -0.0554510000
