   6.6781384898   6.6802094775  111  7.96E-01   0.1574400000   0.9110100000   2.5971730000  -0.0029790000  -0.0149280000   1.4821740000   0.0194770000  -0.2012070000   8.1597480000   0.0526970000   0.2929250000   9.2458220000  -0.0540800000   0.6861390000  10.3346710000   0.0002000000   0.0011710000   0.0012300000  -0.0001840000  -0.0010430000  -0.0015750000  -0.0098920000  -0.0174050000  -0.0213370000   0.0172590000   0.0304530000   0.0392870000  -0.0073830000  -0.0131760000  -0.0176060000
   6.6786711092   6.6848177541  235  3.21E+00   1.4415300000  -0.2682380000   2.1307720000  -0.0173650000   0.0030500000   1.8094660000   0.0687310000   1.3942660000   8.9286790000  -0.0510760000   0.2715550000   8.6180980000  -0.0344830000  -0.9087830000   8.4317810000   0.0239380000  -0.0044180000   0.0052960000  -0.0239650000   0.0045450000  -0.0052360000   0.0080110000  -0.0101180000   0.0071790000  -0.0170640000   0.0435690000  -0.0121330000   0.0090790000  -0.0335770000   0.0048940000
   6.6797805378   6.6843191889  288  3.24E+00  -1.2491780000   0.0655220000   2.6693350000  -0.9697420000  -1.3857930000   2.1876400000   1.7285270000   2.6028660000   6.8233780000   1.8198210000   2.7634020000   7.9534770000   1.8271690000   2.9271930000   9.1133880000  -0.0064900000   0.0332720000   0.0110150000   0.0063320000  -0.0334620000  -0.0111310000   0.0001510000   0.0106410000   0.0696440000   0.0058400000  -0.0098790000  -0.0643110000  -0.0058330000  -0.0005720000  -0.0052170000
   6.6788848686   6.6807319647  403  6.08E-01   0.1436510000  -1.5940880000   3.7368860000  -1.0747180000  -2.2843560000   3.2831410000   1.3402580000   3.5456760000   5.4764940000   1.9266330000   4.4664820000   5.9043660000   2.5717790000   5.2980850000   6.4600730000   0.0063570000   0.0034830000   0.0023340000  -0.0064310000  -0.0037990000  -0.0024430000   0.0084410000   0.0022930000   0.0118020000  -0.0281880000  -0.0170890000  -0.0337510000   0.0198210000   0.0151110000   0.0220580000
   6.6768722609   6.6837727733  594  1.45E+00  -1.6223120000  -0.0497740000   2.6212700000  -0.7086650000  -1.0326670000   2.0239120000   0.2761620000   1.6293890000   8.0750600000   1.3435540000   2.1104490000   8.1995940000   2.3566890000   2.6345060000   8.4976720000  -0.0039520000   0.0042890000   0.0025490000   0.0040790000  -0.0042810000  -0.0026950000  -0.0024420000   0.0038150000   0.0130850000  -0.0009140000  -0.0103330000  -0.0268740000   0.0032290000   0.0065090000   0.0139350000
   6.6795488123   6.6829541972  929  5.26E+00  -0.2685220000   0.2181540000   2.2059930000   0.1425290000  -1.0753540000   1.8989800000   0.2730730000   1.1850330000   8.1867050000  -0.1712950000   2.2332950000   8.5735770000  -0.8393930000   3.1829480000   8.7553780000   0.0099120000  -0.0312050000  -0.0074540000  -0.0099570000   0.0312470000   0.0072250000  -0.0005720000  -0.0382480000  -0.0235390000   0.0146670000   0.0447660000   0.0364520000  -0.0140510000  -0.0065600000  -0.0126840000
   6.6781330452   6.6837961975  929  5.39E+00  -0.2689410000   0.2072150000   2.2095840000   0.1426120000  -1.0758240000   1.8982910000   0.2727250000   1.1878650000   8.1857320000  -0.1719900000   2.2336720000   8.5720940000  -0.8389110000   3.1828690000   8.7606800000   0.0116160000  -0.0362260000  -0.0088360000  -0.0116610000   0.0362680000   0.0086100000  -0.0016660000  -0.0353560000  -0.0220970000   0.0157430000   0.0417280000   0.0345770000  -0.0140320000  -0.0064140000  -0.0122530000
   6.6762824589   6.6846846347  929  5.54E+00  -0.2695880000   0.1969890000   2.2133500000   0.1426980000  -1.0763030000   1.8976000000   0.2723780000   1.1907400000   8.1847860000  -0.1727110000   2.2339800000   8.5705530000  -0.8384120000   3.1827980000   8.7659980000   0.0132490000  -0.0409300000  -0.0101960000  -0.0132930000   0.0409720000   0.0099720000  -0.0028420000  -0.0322620000  -0.0205710000   0.0169810000   0.0383510000   0.0325780000  -0.0140940000  -0.0061310000  -0.0117830000
   6.6775889118   6.6828041750 1014  6.15E+00  -1.4378400000   0.2225670000   2.6247150000  -0.7912880000  -0.7369610000   1.9017710000   1.9587760000   1.8214390000   7.4291220000   1.4127640000   1.6700650000   8.4872230000   1.0231410000   1.2790620000   9.5374730000   0.0244480000  -0.0363740000  -0.0273810000  -0.0246360000   0.0362920000   0.0273330000   0.0270760000  -0.0097430000  -0.0312260000  -0.0300240000   0.0314000000   0.0127960000   0.0031360000  -0.0215760000   0.0184780000
   6.6771738431   6.6821874569 1074  2.01E-01  -0.2476910000  -1.1894770000   2.8517120000  -0.0796490000  -0.4869000000   1.5785330000   0.1063190000   1.9860350000   9.9098870000   0.1713440000   1.1535560000   9.0902420000   0.1784450000   0.3423050000   8.2040470000  -0.0004930000  -0.0020200000   0.0034960000   0.0004690000   0.0020490000  -0.0038590000  -0.0034950000   0.0000220000  -0.0051380000   0.0068070000   0.0262540000   0.0383850000  -0.0032880000  -0.0263040000  -0.0328840000
   6.6775848963   6.6837601219 1131  2.71E+00  -0.2915240000  -0.2745230000   2.2352450000   0.2702550000   1.0044270000   1.7428420000  -0.3584130000  -1.2065770000   9.8725510000  -0.4525260000  -1.6068920000   8.7765760000  -0.6332300000  -1.8985150000   7.6950930000  -0.0043160000  -0.0097990000   0.0037110000   0.0043840000   0.0099610000  -0.0038770000  -0.0074800000   0.0035210000  -0.0101300000  -0.0008350000  -0.0349840000  -0.0813470000   0.0082470000   0.0313000000   0.0916420000
   6.6782756974   6.6839733598 1206  4.94E+00  -0.7605280000  -0.0285140000   2.1789900000   0.4704560000  -0.3699940000   1.7405410000   0.0105950000   0.2610230000   8.3787520000  -0.8281970000   0.9241690000   8.7886180000  -1.6905270000   1.5825160000   9.1948860000   0.0562340000  -0.0155810000  -0.0200360000  -0.0563290000   0.0156510000   0.0199420000  -0.0513510000   0.0390020000   0.0257200000   0.0272060000  -0.0189510000  -0.0139060000   0.0242410000  -0.0201220000  -0.0117200000
   6.6758899114   6.6833657979 1206  3.55E+00  -0.7806900000  -0.0411040000   2.1833370000   0.4708100000  -0.3699490000   1.7402510000   0.0120930000   0.2603250000   8.3780000000  -0.8297200000   0.9252530000   8.7887330000  -1.6913770000   1.5829690000   9.1967270000   0.0450690000  -0.0118230000  -0.0159640000  -0.0451660000   0.0118950000   0.0158660000  -0.0451600000   0.0341310000   0.0228710000   0.0208010000  -0.0139640000  -0.0110800000   0.0244570000  -0.0202390000  -0.0116940000
   6.6773167512   6.6848407933 1255  2.81E+00  -0.9206350000   0.8822360000   3.0669960000  -0.8225520000   0.9051050000   1.7032940000   1.3578960000  -1.0612420000   7.7088100000   1.4903830000  -1.4058770000   8.8582040000   1.6893060000  -1.7715950000   9.9426670000   0.0034760000   0.0008860000  -0.0495800000  -0.0036740000  -0.0007480000   0.0492320000  -0.0005490000   0.0120950000  -0.0491440000  -0.0005330000  -0.0163090000   0.0695910000   0.0012810000   0.0040770000  -0.0200980000
   6.6794749882   6.6809321398 1264  7.03E-01   0.7537630000  -1.1160960000   3.3088880000   0.9254930000  -1.1204050000   1.9038100000  -1.9673120000   2.7212500000   9.5317840000  -1.7170000000   2.3242170000   8.4736690000  -1.4133690000   1.8875340000   7.3916950000   0.0024490000  -0.0001580000  -0.0195550000  -0.0022710000  -0.0000730000   0.0192340000   0.0088530000  -0.0112130000  -0.0248050000  -0.0234170000   0.0298600000   0.0667770000   0.0143870000  -0.0184150000  -0.0416510000
   6.6751346942   6.6804159010 1476  1.01E+00  -0.1950590000   0.8401190000   2.3537410000   0.2468720000  -0.3618640000   1.6292170000   0.2864180000   1.1725630000   9.8552210000  -0.4844730000   0.8525990000   9.0225870000  -1.1433730000   0.6293740000   8.0877480000  -0.0021940000   0.0061090000   0.0036100000   0.0023390000  -0.0061170000  -0.0038110000   0.0120050000   0.0084750000  -0.0014640000  -0.0329370000  -0.0197590000  -0.0123360000   0.0207870000   0.0112920000   0.0140010000
   6.6776115654   6.6809291744 1570  3.41E+00  -1.1987880000  -0.7044860000   3.1398060000  -0.6289230000  -1.6059630000   2.1558970000   0.6851860000   2.2044840000   7.4839760000   1.1171440000   3.2237300000   8.0179280000   1.6927040000   4.1280980000   8.5332980000   0.0005670000  -0.0010190000  -0.0011910000  -0.0006460000   0.0008730000   0.0008390000  -0.0202380000  -0.0733320000  -0.0351990000  -0.0046710000   0.0533110000   0.0212930000   0.0249880000   0.0201670000   0.0142590000
   6.6764266959   6.6812626187 1753  2.84E+00   0.8696630000   0.5351220000   2.6359630000  -0.0082370000  -0.0046060000   1.4873270000   0.2983330000   0.5588460000   8.1377260000   0.0283780000   0.2993120000   9.2549740000  -0.3332900000  -0.1065760000  10.3216460000   0.0185070000   0.0113590000   0.0240610000  -0.0185310000  -0.0114130000  -0.0243900000  -0.0049480000  -0.0082860000  -0.0046920000   0.0231840000   0.0314720000  -0.0290350000  -0.0182120000  -0.0231320000   0.0340560000
   6.6785319892   6.6813746374 1972  5.65E+00  -1.1555410000   0.4428370000   1.9428270000  -0.3074440000  -0.8348630000   2.0970930000   1.0657010000   2.6962990000   7.6003770000   0.6116110000   1.7851790000   8.2418810000   0.0834180000   0.7928570000   8.6178670000  -0.0176360000   0.0265420000  -0.0032050000   0.0176200000  -0.0265870000   0.0031870000   0.0120420000   0.0283360000  -0.0383870000  -0.0001380000  -0.0095890000   0.0484780000  -0.0118880000  -0.0187020000  -0.0100730000
   6.6763763807   6.6834092240 3266  3.28E+00   0.3353400000  -1.7837500000   2.3491650000   0.3527740000  -0.2779630000   1.9303250000   0.4865100000   0.7947600000   8.7141590000  -0.6477530000   0.7952510000   8.4283330000  -1.7832130000   0.7965200000   8.1713990000  -0.0004230000  -0.0365820000   0.0102150000   0.0004370000   0.0366070000  -0.0101230000  -0.0115850000   0.0003520000   0.0003870000  -0.0102650000  -0.0007330000  -0.0088820000   0.0218360000   0.0003570000   0.0084030000
   6.6787501177   6.6817307255 3342  1.37E+00   0.6778160000   0.5753650000   2.6379040000  -0.1212010000   0.1525990000   1.4608330000   0.4000070000  -0.0184060000   8.1200090000   0.1591720000   0.0112870000   9.2725500000   0.0431090000  -0.1007610000  10.4583630000   0.0067730000   0.0036110000   0.0098440000  -0.0068290000  -0.0035690000  -0.0101830000   0.0082740000  -0.0090370000   0.0020440000  -0.0121500000   0.0216730000  -0.0440930000   0.0039310000  -0.0126780000   0.0423870000
   6.6764160701   6.6837860809 3437  2.17E+00  -1.0133960000   0.0265140000   2.7641590000  -0.4382980000   0.3482540000   1.5447810000   0.6340280000  -0.0598750000  10.2410880000   0.8665860000  -0.4298610000   9.1541450000   0.9682430000  -0.6706920000   7.9989570000   0.0153410000   0.0086490000  -0.0327470000  -0.0154760000  -0.0085500000   0.0324450000  -0.0077340000   0.0071990000  -0.0077800000   0.0151270000  -0.0134100000   0.0211020000  -0.0072580000   0.0061130000  -0.0130200000
   6.6762690727   6.6821084129 3539  4.79E+00   0.0323990000  -1.1442110000   2.7670810000  -0.2700050000  -0.2438160000   1.5074340000   0.0546490000   0.8054780000   8.0986520000   0.5245910000   0.6566500000   9.1770120000   0.8979730000   0.6790200000  10.3105660000   0.0080030000  -0.0238010000   0.0331150000  -0.0079400000   0.0236650000  -0.0333980000  -0.0120040000   0.0129720000  -0.0087250000   0.0067550000  -0.0242230000  -0.0287050000   0.0051860000   0.0113870000   0.0377120000
   6.6777350257   6.6824148823 3840  6.71E+00  -1.9651830000  -0.6295910000   4.6998570000  -2.1344130000  -0.9942320000   3.1784710000   4.2390790000   2.1409340000   7.2617830000   4.0007840000   2.0205860000   6.1055400000   3.5411360000   2.0349960000   4.9858420000   0.0043540000   0.0093920000   0.0393500000  -0.0045120000  -0.0095280000  -0.0392750000  -0.0080850000   0.0107770000   0.0254060000   0.0404760000  -0.0201450000   0.0214590000  -0.0322330000   0.0095050000  -0.0469400000
   6.6791310440   6.6808385475 3888  5.66E+00   0.1019190000   0.8676390000   2.2079060000  -0.2983790000  -0.3151980000   1.6812280000  -0.1992590000   1.3068240000   8.1614150000   0.5956480000   0.8203960000   8.8685960000   1.2358620000   0.2844900000   9.6465910000  -0.0171700000  -0.0509080000  -0.0226980000   0.0173110000   0.0507830000   0.0225370000   0.0028630000  -0.0119720000   0.0197070000   0.0484850000  -0.0179970000   0.0234620000  -0.0514890000   0.0300940000  -0.0430090000
