   6.6824239401   6.2788887355   74  5.90E+00  -0.9525820000   0.9102270000   1.8026000000   0.0136950000  -0.0102860000   2.0081240000  -0.3181940000  -0.8657520000   8.2196030000   0.0413310000   0.2253820000   8.3751120000   0.2787850000   1.3782580000   8.3517900000   0.0443780000  -0.0422780000   0.0094400000  -0.0443440000   0.0422890000  -0.0094490000   0.0025670000   0.0377600000  -0.0061210000   0.0062300000  -0.0402300000   0.0171300000  -0.0088310000   0.0024590000  -0.0110000000
   6.6844658520   6.2792147132  489  4.94E+00   0.7926550000  -1.0675420000   1.9891070000  -0.0093070000   0.0128960000   1.8935030000  -0.3796980000   1.2638790000   8.9301490000   0.0053000000   0.2547900000   8.4939970000   0.3722580000  -0.7646220000   8.1127000000  -0.0375030000   0.0505330000  -0.0045060000   0.0374570000  -0.0503940000   0.0044790000   0.0060220000  -0.0199080000  -0.0033410000   0.0141020000  -0.0317020000  -0.0220380000  -0.0200780000   0.0514700000   0.0254070000
   6.6830791658   6.2757994074 1044  1.02E+00   0.1102590000  -1.2961040000   2.3162670000   0.0029930000   0.0168200000   1.7078780000   0.6639790000   0.5765140000   7.9236240000   0.0029390000   0.1902520000   8.8310790000  -0.6880790000  -0.0340040000   9.7726190000  -0.0001520000   0.0013030000  -0.0006510000   0.0000040000  -0.0014340000   0.0004040000   0.0086430000   0.0164190000  -0.0101410000   0.0101730000  -0.0209800000  -0.0151960000  -0.0186670000   0.0046920000   0.0255840000
   6.6835838677   6.2783117133 1094  2.59E+00   1.0697470000   1.0889250000   1.9238540000  -0.0139870000  -0.0147950000   1.9283250000   0.6364340000  -0.6615690000   8.8305910000   0.0019190000   0.2454790000   8.4674490000  -0.6354200000   1.1702480000   8.0623850000   0.0235760000   0.0239600000  -0.0000930000  -0.0234840000  -0.0240950000   0.0000620000  -0.0085520000   0.0130560000  -0.0064950000   0.0248830000  -0.0375300000   0.0176040000  -0.0164230000   0.0246100000  -0.0110780000
   6.6824162107   6.2799664568 1128  5.80E+00  -1.5091100000  -0.1646570000   1.8225400000   0.0189050000   0.0058170000   2.0087480000   0.4267490000  -0.8210470000   8.4873450000   0.0817550000   0.2861870000   8.2971500000  -0.4874640000   1.2752020000   8.1382040000  -0.0336550000  -0.0037610000  -0.0041000000   0.0337270000   0.0037530000   0.0041730000  -0.0184420000  -0.0005530000   0.0022780000   0.0080840000   0.0545880000  -0.0135520000   0.0102860000  -0.0540270000   0.0112020000
   6.6807250557   6.2755348698 1128  6.08E+00  -1.5157580000  -0.1652540000   1.8232640000   0.0189880000   0.0058330000   2.0104420000   0.4272560000  -0.8216080000   8.4840860000   0.0828050000   0.2865610000   8.2941640000  -0.4887520000   1.2754400000   8.1351980000  -0.0354970000  -0.0039630000  -0.0043290000   0.0355700000   0.0039550000   0.0044010000  -0.0181950000  -0.0018480000   0.0024630000   0.0090260000   0.0539310000  -0.0133880000   0.0090960000  -0.0520750000   0.0108530000
   6.6843131561   6.2781077106 1148  6.99E+00  -0.7298160000  -1.1407770000   1.8649460000   0.6054500000  -1.3011800000   2.5600030000  -1.8477470000   1.9289730000   7.9000770000  -1.0465890000   2.6264570000   7.3774450000  -0.3443690000   3.3573100000   6.6601190000  -0.0206990000   0.0024720000  -0.0107510000   0.0206540000  -0.0026020000   0.0108070000  -0.0206410000  -0.0105260000  -0.0003690000  -0.0288680000  -0.0499410000   0.0664960000   0.0495540000   0.0605980000  -0.0661820000
   6.6824977194   6.2756663239 1186  2.92E+00   0.7195120000   0.6920930000   2.1116550000  -0.5773490000   0.0084940000   1.7296120000   0.8366840000   0.6165620000   9.9028100000   1.0558550000   0.2938890000   8.7737930000   1.2087810000  -0.2355360000   7.7407830000   0.0203770000   0.0108060000   0.0059360000  -0.0205080000  -0.0106660000  -0.0062310000  -0.0103950000  -0.0042570000   0.0386660000   0.0161380000   0.0115440000  -0.0584210000  -0.0056120000  -0.0074260000   0.0200500000
   6.6817612153   6.2753073420 1324  1.54E+00  -0.4585060000  -1.4615570000   2.8855470000  -0.3784470000  -2.4824870000   3.8242360000   0.5527900000   3.6416050000   4.8281170000   0.7169740000   4.7764970000   4.9714190000   0.8279240000   5.9505970000   5.1600890000   0.0020030000  -0.0258950000   0.0236740000  -0.0020650000   0.0255190000  -0.0237780000   0.0025820000   0.0443510000   0.0084430000  -0.0024370000  -0.0823820000  -0.0170980000  -0.0000840000   0.0384070000   0.0087590000
   6.6821974141   6.2777745937 1337  2.52E+00  -0.1875300000  -1.3705510000   2.2865750000   0.0038320000   0.0211540000   1.7545340000   0.3465790000  -0.5681320000   9.5729840000  -0.0497060000   0.2455840000   8.7689260000  -0.3165840000   1.0521490000   7.9387750000  -0.0024680000  -0.0180500000   0.0068900000   0.0025050000   0.0178860000  -0.0070440000   0.0282690000  -0.0427590000   0.0410890000  -0.0305760000   0.0270090000  -0.0247500000   0.0022700000   0.0159140000  -0.0161850000
   6.6812176478   6.2760131723 1468  3.22E+00   1.4288590000   0.3906640000   2.0387810000  -0.0194250000  -0.0098100000   1.8857820000   1.0233700000   0.5967500000   8.9447970000  -0.0143790000   0.2358800000   8.5604200000  -1.0055830000  -0.0617700000   8.0836150000   0.0213860000   0.0058980000   0.0022880000  -0.0212900000  -0.0058790000  -0.0023170000  -0.0204210000  -0.0035720000  -0.0145520000  -0.0529310000  -0.0221410000  -0.0140330000   0.0732550000   0.0256940000   0.0286140000
   6.6813045898   6.2757354536 1470  2.76E+00   1.4044140000   0.8590440000   2.6321300000   0.7142790000  -0.0997500000   1.7525420000  -1.1835940000   0.5534030000   9.9090010000  -1.2764030000   0.4997880000   8.7414660000  -1.5139810000   0.2031330000   7.6115500000   0.0038800000   0.0053180000   0.0048100000  -0.0036140000  -0.0052560000  -0.0051120000  -0.0099720000  -0.0161190000  -0.0013470000   0.0239990000   0.0369690000   0.0162540000  -0.0142920000  -0.0209120000  -0.0146050000
   6.6800879171   6.2772844756 1516  4.51E+00   1.7484090000  -0.8709960000   4.7377260000   2.6294160000   0.1047750000   4.3553600000  -5.9760670000   0.0117480000   3.8777840000  -4.8324080000   0.0655620000   4.0749430000  -3.6383590000   0.1583150000   4.0141410000   0.0312540000   0.0344300000  -0.0134770000  -0.0307490000  -0.0344900000   0.0135530000   0.0253120000   0.0036210000  -0.0131400000  -0.0580620000  -0.0086520000   0.0317650000   0.0322460000   0.0050920000  -0.0187020000
   6.6829844466   6.2761761075 1530  1.62E+00   0.9458150000  -1.0686090000   2.2220450000  -0.0067180000   0.0148220000   1.7780970000  -0.7984330000  -0.1781860000   9.4696800000   0.0081140000   0.1935980000   8.7174150000   0.7663000000   0.7138310000   7.9671370000   0.0138130000  -0.0158020000   0.0064260000  -0.0139690000   0.0156490000  -0.0066300000   0.0096100000   0.0158100000  -0.0111880000  -0.0157520000  -0.0322330000   0.0185510000   0.0062980000   0.0165760000  -0.0071590000
   6.6846477380   6.2767388436 1797  7.78E+00   0.6914020000   0.9620410000   2.4410010000   1.1111150000  -0.1904040000   1.8774550000  -2.4071450000   0.4365860000   9.6305440000  -1.9210200000   0.5957550000   8.5831180000  -1.7434950000   0.6941690000   7.3970730000   0.0194940000  -0.0533050000  -0.0261850000  -0.0191960000   0.0532280000   0.0257810000  -0.0128990000  -0.0015050000  -0.0251000000   0.0287810000   0.0025870000   0.0666290000  -0.0161800000  -0.0010060000  -0.0411260000
   6.6824120615   6.2799916684 1797  7.23E+00   0.6835510000   0.9683610000   2.4409160000   1.1116050000  -0.1905190000   1.8771230000  -2.4039500000   0.4371530000   9.6313280000  -1.9211430000   0.5960490000   8.5835200000  -1.7485500000   0.6935570000   7.3976500000   0.0178340000  -0.0480610000  -0.0235020000  -0.0175350000   0.0479860000   0.0230990000  -0.0121690000  -0.0012440000  -0.0272880000   0.0286650000   0.0025590000   0.0670790000  -0.0167950000  -0.0012400000  -0.0393880000
   6.6816034588   6.2751613317 1809  7.63E+00  -0.9587970000   0.3178810000   1.7954320000  -0.0968600000  -0.9679630000   2.1096470000  -0.1532730000   2.6961290000   7.2036530000   0.2670930000   2.0164250000   8.1401910000   0.4969160000   1.2920340000   9.0375180000  -0.0229080000   0.0341340000  -0.0084260000   0.0229820000  -0.0343800000   0.0083370000  -0.0393940000   0.0442510000  -0.0638500000   0.0486080000  -0.0362110000   0.0588160000  -0.0092880000  -0.0077940000   0.0051230000
   6.6842523072   6.2755068894 1976  2.34E-01   0.3737950000  -2.0145850000   4.6205720000  -0.1089220000  -2.3391270000   3.3361730000  -0.0782050000   3.6974320000   5.0511070000   0.1616800000   4.5533100000   5.8440880000   0.4772650000   5.3811830000   6.6101820000  -0.0077270000  -0.0052950000  -0.0205860000   0.0077720000   0.0048810000   0.0205910000  -0.0001220000  -0.0173830000  -0.0175360000  -0.0045810000   0.0196340000   0.0195570000   0.0046590000  -0.0018370000  -0.0020270000
   6.6849863647   6.2787584918 1976 -1.95E-01   0.3931340000  -2.0162810000   4.6346720000  -0.1092270000  -2.3401980000   3.3356990000  -0.0777200000   3.6997190000   5.0506970000   0.1622520000   4.5543270000   5.8441540000   0.4766540000   5.3835880000   6.6120200000  -0.0041350000  -0.0027650000  -0.0107150000   0.0041800000   0.0023560000   0.0107210000  -0.0000830000  -0.0166930000  -0.0170010000  -0.0054380000   0.0163510000   0.0167030000   0.0054760000   0.0007500000   0.0002920000
   6.6842787239   6.2779769665 2057  1.11E+01   0.2595550000  -0.2913540000   2.0577230000   1.2829590000   0.4944410000   2.0605020000  -2.0975480000  -0.9917730000   7.1375420000  -2.2911310000  -0.6748690000   8.2242860000  -2.6062730000  -0.2649300000   9.2694170000   0.0908830000   0.0697730000   0.0001750000  -0.0906460000  -0.0696190000  -0.0004090000  -0.0203720000   0.0234720000   0.0575720000   0.0240700000  -0.0235810000  -0.0377130000  -0.0039350000  -0.0000450000  -0.0196240000
   6.6813072433   6.2794460507 2304  7.83E-01  -0.9751600000  -0.7481820000   2.3455190000   0.0097590000   0.0074960000   1.6957990000   0.5993430000   0.6648340000   9.7754840000   0.0121240000   0.2469300000   8.8781210000  -0.5957450000  -0.1528290000   7.9439270000   0.0195770000   0.0150110000  -0.0130220000  -0.0194370000  -0.0149460000   0.0126280000  -0.0234150000  -0.0144090000  -0.0356660000   0.0297090000   0.0163270000   0.0440040000  -0.0064330000  -0.0019830000  -0.0079440000
   6.6812102926   6.2797989222 2690  8.88E+00   0.1286670000   0.5184610000   2.0612480000  -1.1962380000   0.8133330000   2.0619310000   2.8513400000  -1.9535070000   8.8708300000   2.0831200000  -1.3355570000   8.1752730000   1.5510670000  -0.4508630000   7.5655660000  -0.0554040000   0.0122990000  -0.0000480000   0.0552830000  -0.0123670000  -0.0002970000   0.0470450000  -0.0101310000   0.0350620000  -0.0476480000  -0.0294410000  -0.0252160000   0.0007230000   0.0396410000  -0.0095010000
   6.6845927516   6.2778672839 2862  2.86E+00  -0.8338690000   0.0047140000   2.0828920000   0.1927060000  -0.9920690000   1.9357560000   0.0143000000   1.9967070000   9.5678690000  -0.2902590000   1.9974690000   8.4403440000  -0.7062900000   2.1458140000   7.2983220000   0.0054460000  -0.0053380000  -0.0008860000  -0.0053060000   0.0050320000   0.0005880000  -0.0079580000   0.0090020000  -0.0051710000   0.0393730000  -0.0272990000   0.0722080000  -0.0315550000   0.0186030000  -0.0667390000
   6.6826457246   6.2788669636 2899  6.54E+00   1.1769610000  -1.4958690000   2.1687630000   0.0656030000  -0.6936550000   2.1773150000  -0.3984620000   2.6050400000   7.6647250000  -0.1889840000   1.5249360000   7.9710630000   0.1385450000   0.4963970000   8.3419420000  -0.0383740000   0.0277040000   0.0002900000   0.0383280000  -0.0276330000  -0.0002000000   0.0232620000  -0.0680830000   0.0270740000  -0.0095540000  -0.0082970000  -0.0080170000  -0.0136610000   0.0763080000  -0.0191470000
   6.6839415282   6.2761941287 3071  4.20E+00   1.0379400000  -2.0767070000   2.9237370000   0.8446090000  -0.7280080000   2.2549430000  -0.9351670000   1.1421220000   8.6803240000  -1.5925170000   1.5780040000   7.8632570000  -2.1529120000   2.1276410000   6.9720130000   0.0031560000  -0.0220110000   0.0109710000  -0.0030690000   0.0218990000  -0.0109060000  -0.0419460000   0.0406580000  -0.0646400000   0.0419050000  -0.0555290000   0.0781380000  -0.0000460000   0.0149840000  -0.0135630000
   6.6830528641   6.2776614883 3074  8.18E-01  -1.0942020000  -0.4611590000   2.3597460000   0.0140240000  -1.2769150000   2.0511060000   0.0496090000   2.5206310000   7.0497470000   0.0189830000   2.5313450000   8.2307710000  -0.0649640000   2.6730510000   9.3802420000   0.0176490000  -0.0130970000  -0.0049910000  -0.0176850000   0.0127550000   0.0047440000  -0.0033580000   0.0100080000  -0.0050080000   0.0052990000  -0.0159090000   0.0298930000  -0.0019050000   0.0062430000  -0.0246370000
   6.6819122485   6.2792050982 3130  1.75E+00   1.0699340000  -0.8962240000   2.2900170000  -0.0177880000   0.0097360000   1.7361530000  -0.8063050000  -0.0324710000   7.9655090000   0.0153640000   0.2377850000   8.7900060000   0.8161990000   0.5494820000   9.6220110000   0.0183360000  -0.0152190000   0.0092950000  -0.0181530000   0.0152500000  -0.0095050000  -0.0253620000  -0.0052870000  -0.0215920000  -0.0022830000  -0.0084430000  -0.0091220000   0.0274620000   0.0136990000   0.0309240000
   6.6801121538   6.2754470199 3220  4.39E+00  -2.0336320000  -0.2504680000   2.3016570000  -0.6197060000  -0.9360310000   2.3196450000   2.0356100000   2.2625080000   7.0206960000   1.1607630000   1.9615550000   7.7355040000   0.3160970000   1.6431810000   8.4436010000  -0.0360820000   0.0175080000  -0.0004210000   0.0360140000  -0.0175240000   0.0005050000  -0.0097680000  -0.0047880000   0.0112670000  -0.0351750000  -0.0104600000   0.0236620000   0.0450120000   0.0152640000  -0.0350140000
   6.6820627930   6.2762964439 3310  1.85E+00   1.3092380000  -0.5264200000   2.0025950000  -0.0178200000   0.0039300000   1.9038490000   0.1820680000   1.3545690000   8.8463860000   0.0677800000   0.2330280000   8.5242500000  -0.2264410000  -0.8282870000   8.1212270000  -0.0097120000   0.0039200000  -0.0007150000   0.0097790000  -0.0037870000   0.0006580000  -0.0129060000  -0.0023200000  -0.0063620000   0.0226030000  -0.0110760000   0.0065650000  -0.0097650000   0.0132630000  -0.0001460000
   6.6804197902   6.2769307145 3821  5.09E+00  -1.3579250000   0.7071790000   2.1072150000   0.0144980000  -0.0046510000   1.8041840000   0.0711470000   1.1995250000   7.9642660000   0.0066520000   0.2040500000   8.6273990000  -0.0629930000  -0.6863540000   9.4170760000  -0.0357930000   0.0185050000   0.0078700000   0.0357680000  -0.0187180000  -0.0080010000   0.0018040000   0.0373190000  -0.0109540000   0.0005080000  -0.0177300000  -0.0200320000  -0.0022870000  -0.0193760000   0.0311170000
