   6.6946284637   6.3198826027  239  2.05E+00  -1.1251620000   0.6754170000   2.0179250000  -0.0215710000  -0.3255280000   1.8328320000  -0.5439630000   1.4847280000   7.8653270000   0.0375560000   0.7651980000   8.6101990000   0.6943920000   0.2117300000   9.3914790000  -0.0139940000   0.0126720000   0.0022710000   0.0140910000  -0.0128750000  -0.0024210000  -0.0024550000   0.0207420000  -0.0051240000   0.0115440000  -0.0437400000   0.0190940000  -0.0091860000   0.0232010000  -0.0138200000
   6.6914342056   6.3183694049  252  9.44E+00  -1.8775560000  -0.8876070000   3.2011580000  -2.4488590000  -0.4446830000   4.3789440000   5.4680350000   0.7608570000   4.4751750000   4.4954740000   0.9933240000   3.9897510000   3.5057170000   1.4579120000   3.4597330000  -0.0164970000   0.0126560000   0.0339010000   0.0161850000  -0.0129480000  -0.0337320000  -0.1249340000   0.0462200000  -0.0651230000   0.1642610000  -0.0818340000   0.0896920000  -0.0390150000   0.0359060000  -0.0247380000
   6.6903876793   6.3196327448  780  2.95E+00   0.6644950000   0.4084490000   1.6861240000  -0.5752470000  -0.1672810000   2.0179550000   1.9598070000   0.0126830000   7.8040480000   1.0781200000   0.5649210000   8.3618800000   0.0619080000   1.0606170000   8.7355190000  -0.0216920000  -0.0100500000   0.0057920000   0.0216010000   0.0101000000  -0.0058400000  -0.0032360000  -0.0066000000  -0.0133040000   0.0340240000  -0.0008210000   0.0158970000  -0.0306960000   0.0073710000  -0.0025450000
   6.6934513270   6.3187315098  807  7.24E+00   1.7725460000  -0.2286520000   2.4834050000   0.5707710000  -1.2065370000   2.2634690000  -0.9699720000   1.9748970000   8.8915740000  -1.1982500000   2.4494420000   7.8503850000  -1.0927460000   2.9141360000   6.7555880000   0.0295550000   0.0239670000   0.0053860000  -0.0295030000  -0.0242300000  -0.0054470000   0.0184610000   0.0075840000  -0.0203570000  -0.0422130000  -0.0158280000   0.0415630000   0.0237000000   0.0085070000  -0.0211450000
   6.6937026621   6.3150131633  985  5.82E+00  -1.2939800000  -0.3274610000   2.4301890000  -0.0051730000  -1.1109690000   1.9243340000   0.3560100000   2.1534880000   7.3180580000   0.0940740000   2.2170120000   8.4638130000  -0.3192720000   2.4389640000   9.5656790000  -0.0362050000   0.0219190000   0.0141350000   0.0361130000  -0.0221650000  -0.0143730000  -0.0094350000   0.0109690000  -0.0005970000   0.0329610000  -0.0284110000  -0.0339310000  -0.0234330000   0.0176880000   0.0347670000
   6.6916398034   6.3178055266 1027  3.20E+00  -1.6984980000  -0.8325590000   2.6087260000  -0.2988350000  -0.6464360000   1.9034690000   1.5821860000   1.5022210000   9.0863930000   0.5899300000   1.4417730000   8.4711960000  -0.4255800000   1.3840310000   7.8847570000  -0.0369780000  -0.0049540000   0.0185570000   0.0371250000   0.0048550000  -0.0187630000  -0.0083980000  -0.0000350000  -0.0017410000   0.0046240000  -0.0009790000  -0.0047700000   0.0036260000   0.0011130000   0.0067180000
   6.6900171688   6.3159395651 1094  7.29E-01   1.0323980000   1.0501730000   1.9150840000  -0.0135010000  -0.0143230000   1.9182200000   0.6286080000  -0.6604310000   8.8459230000   0.0000950000   0.2448540000   8.4757350000  -0.6262960000   1.1696610000   8.0918540000   0.0110900000   0.0112410000  -0.0000250000  -0.0110080000  -0.0113670000   0.0000180000  -0.0117650000   0.0184070000  -0.0068890000   0.0157080000  -0.0256480000   0.0084450000  -0.0040240000   0.0073670000  -0.0015490000
   6.6904077847   6.3199483859 1128  3.44E+00  -1.4256460000  -0.1566340000   1.8189020000   0.0178660000   0.0056400000   1.9934660000   0.4232630000  -0.8162200000   8.5165850000   0.0717870000   0.2788580000   8.3250220000  -0.4765600000   1.2762530000   8.1645950000  -0.0038260000  -0.0004370000  -0.0004590000   0.0038940000   0.0004190000   0.0005360000  -0.0220740000   0.0169010000  -0.0005350000   0.0080510000   0.0416960000  -0.0117620000   0.0139550000  -0.0585790000   0.0122200000
   6.6916256062   6.3192627075 1285  3.37E+00  -0.0070660000  -1.4425870000   2.1923900000   0.0044580000   0.0152080000   1.8171710000  -0.9729850000   0.7006890000   9.2240300000   0.0190590000   0.2777530000   8.6590430000   0.9368590000  -0.2065910000   8.0633310000  -0.0001920000  -0.0198700000   0.0050900000   0.0000560000   0.0199340000  -0.0052050000  -0.0644610000   0.0222980000   0.0333640000   0.0381290000  -0.0028870000  -0.0134540000   0.0264680000  -0.0194740000  -0.0197940000
   6.6934228605   6.3157638250 1334  3.90E+00   0.6467800000  -1.4171120000   2.0319310000  -0.0036180000   0.0170250000   1.9155690000   1.0664670000  -0.0520280000   8.1396370000  -0.0023890000   0.2417230000   8.4839660000  -1.0873540000   0.5624950000   8.7978360000   0.0172320000  -0.0380630000   0.0030790000  -0.0173510000   0.0380860000  -0.0030910000  -0.0290580000   0.0096740000   0.0087370000   0.0282150000  -0.0110110000  -0.0071060000   0.0009630000   0.0013140000  -0.0016190000
   6.6924703528   6.3179102917 1620  7.02E+00   2.1064730000  -1.1554110000   3.4385490000   1.3800550000  -0.2918970000   2.3263950000  -1.9595490000   1.1494010000   8.6274320000  -2.6364060000   0.7942790000   7.7388940000  -3.0863500000   0.4726100000   6.7289790000   0.0198160000  -0.0235370000   0.0303330000  -0.0196650000   0.0235360000  -0.0303510000   0.0083240000  -0.0012870000  -0.0178660000  -0.0456830000  -0.0171870000  -0.0239460000   0.0372080000   0.0184750000   0.0418300000
   6.6935020408   6.3197806468 1726  1.66E+00  -0.2836870000  -1.2011900000   2.4590840000   0.0047370000   0.0121760000   1.6339040000   0.1554020000  -0.2690810000   7.9456250000   0.0493130000   0.3012040000   8.9732910000  -0.1982090000   0.7455090000  10.0043070000  -0.0032800000  -0.0137210000   0.0091850000   0.0032430000   0.0138180000  -0.0096320000  -0.0099270000  -0.0083050000   0.0032350000   0.0092880000   0.0360050000   0.0406440000   0.0006760000  -0.0277970000  -0.0434330000
   6.6910659762   6.3168254542 1855  6.75E+00   1.7635080000  -0.7937290000   2.2102780000   0.9175460000   0.5466560000   2.2581930000  -2.1138140000  -1.7590850000   7.4582630000  -1.6939030000  -0.7565170000   7.9387410000  -1.3081330000   0.3345520000   8.1661240000   0.0232040000  -0.0367540000  -0.0012950000  -0.0231670000   0.0367460000   0.0012810000  -0.0095900000  -0.0105610000  -0.0229520000   0.0110350000   0.0011830000   0.0373690000  -0.0014820000   0.0093860000  -0.0144040000
   6.6905861428   6.3188261724 2126  1.11E+00   1.3119170000  -0.4940570000   1.9975830000  -0.0125100000   0.0079090000   1.9040880000  -0.6085880000  -0.6658670000   8.8843980000   0.0006230000   0.2517070000   8.5158870000   0.5879450000   1.1562150000   8.0886180000  -0.0162370000   0.0061230000  -0.0011390000   0.0161690000  -0.0062380000   0.0011170000   0.0129270000   0.0210080000  -0.0118890000   0.0059330000   0.0063560000   0.0017040000  -0.0187910000  -0.0272490000   0.0102070000
   6.6946906249   6.3193513744 2291  1.86E+00   1.0748720000   0.6752450000   2.4249260000  -0.0109280000  -0.0071250000   1.6090530000   0.2967140000   0.4692650000   7.9029080000  -0.0745600000   0.2693200000   9.0077000000  -0.2538840000   0.0092700000  10.1474600000   0.0181670000   0.0114090000   0.0135030000  -0.0182330000  -0.0114640000  -0.0139250000   0.0148330000  -0.0024350000  -0.0031770000  -0.0245350000   0.0100700000  -0.0153710000   0.0097670000  -0.0075800000   0.0189710000
   6.6937433610   6.3181616001 2304  1.85E-01  -1.0196670000  -0.7825340000   2.3628030000   0.0103800000   0.0079670000   1.6852460000   0.6002840000   0.6709350000   9.7844550000   0.0134090000   0.2358700000   8.8974650000  -0.5979480000  -0.1508130000   7.9720490000  -0.0031640000  -0.0024380000   0.0019700000   0.0032980000   0.0024960000  -0.0023440000  -0.0267280000  -0.0151270000  -0.0399970000   0.0240320000   0.0088820000   0.0343330000   0.0025610000   0.0061880000   0.0060390000
   6.6917752705   6.3197133271 2893  2.74E+00  -1.1167830000  -0.7656110000   1.9395230000   0.0168040000   0.0047610000   1.9318930000  -1.1385490000   0.3903450000   8.7294090000  -0.0102620000   0.2601380000   8.4589790000   1.1326930000   0.1265030000   8.1511170000   0.0391290000   0.0266120000  -0.0002270000  -0.0392440000  -0.0265960000   0.0002360000   0.0118140000  -0.0013840000  -0.0039210000  -0.0381320000   0.0044330000   0.0114110000   0.0264340000  -0.0030650000  -0.0075000000
   6.6911161165   6.3190984721 2918  3.00E+00  -0.2415660000   1.3309210000   1.9304040000   0.0036000000  -0.0115540000   1.9010800000  -0.8811140000  -0.4159170000   8.8912830000   0.0133910000   0.2322880000   8.5257840000   0.8682990000   0.9030660000   8.0935570000   0.0091810000  -0.0504200000  -0.0011110000  -0.0092910000   0.0503260000   0.0010690000   0.0141100000   0.0137460000  -0.0104610000  -0.0005540000  -0.0067750000   0.0077630000  -0.0134460000  -0.0068780000   0.0027390000
   6.6927752097   6.3170444348 2969  2.31E+00   1.4443400000  -0.3013330000   2.0255790000  -0.0185680000   0.0014480000   1.8609150000   0.1541460000  -0.7554430000   9.1163280000   0.0411350000   0.2502390000   8.5463170000  -0.1832910000   1.2670190000   8.0476950000   0.0191820000  -0.0040020000   0.0021980000  -0.0191390000   0.0038520000  -0.0021980000  -0.0109530000   0.0262500000  -0.0082660000   0.0098350000   0.0147580000  -0.0193090000   0.0010750000  -0.0408570000   0.0275760000
   6.6922958203   6.3173661823 3146  2.24E+00  -0.9501520000  -1.4548950000   2.3475350000   0.1424630000  -0.6541920000   1.9912950000  -0.3786530000   2.3330570000   7.5333070000  -0.2921110000   1.4709600000   8.3302750000  -0.0536910000   0.6092300000   9.1214650000   0.0218930000   0.0160280000  -0.0070980000  -0.0218960000  -0.0161580000   0.0071200000   0.0093330000   0.0028230000  -0.0006880000  -0.0256350000   0.0212820000  -0.0222220000   0.0163050000  -0.0239740000   0.0228890000
   6.6915408161   6.3153097379 3261  5.64E+00   1.2624240000  -0.4471200000   1.8519790000  -0.0170840000   0.0100690000   1.9346660000  -0.4344110000   1.3048450000   8.1017180000   0.0254770000   0.2198390000   8.3942910000   0.4210710000  -0.8043180000   8.8190380000  -0.0506710000   0.0180850000   0.0033270000   0.0507270000  -0.0182190000  -0.0032630000  -0.0273140000   0.0589050000  -0.0051660000   0.0283520000  -0.0551870000  -0.0068520000  -0.0010930000  -0.0035840000   0.0119540000
   6.6911940741   6.3153551585 3280  3.34E+00   1.6431250000  -1.0225660000   2.1463030000   0.6628500000   0.0189310000   2.1445290000  -1.2009750000  -0.9543600000   8.1314810000  -1.2767760000   0.2583080000   8.0289570000  -1.2545100000   1.4180000000   7.9968830000  -0.0080210000   0.0085390000  -0.0000240000   0.0079710000  -0.0084660000   0.0000850000   0.0097560000  -0.0714250000   0.0116450000  -0.0148380000   0.0988460000  -0.0179600000   0.0051320000  -0.0274940000   0.0062540000
   6.6924385137   6.3159979343 3465  4.10E+00   0.5935400000  -1.8080140000   3.4816410000   0.8472280000  -1.2187270000   2.1117910000  -1.4021470000   2.0406650000   7.0320050000  -1.5835040000   2.5910540000   8.0310820000  -1.6777760000   2.9024410000   9.1741310000  -0.0038150000  -0.0090560000   0.0208040000   0.0039830000   0.0088370000  -0.0210740000  -0.0023850000   0.0079890000   0.0539380000  -0.0021510000   0.0035450000  -0.0822290000   0.0043680000  -0.0113150000   0.0285610000
   6.6935565790   6.3181744166 3580  3.95E+00  -0.5037480000  -1.4276580000   2.4596960000   0.4690070000  -0.4235210000   1.8180800000  -1.7916210000   0.9822040000   9.3337150000  -0.8634520000   1.1240740000   8.6373150000   0.1292130000   1.0667430000   7.9485760000  -0.0197750000  -0.0203700000   0.0129750000   0.0196190000   0.0202870000  -0.0132520000   0.0090540000  -0.0114890000  -0.0028190000  -0.0548330000   0.0258630000   0.0298750000   0.0459350000  -0.0142920000  -0.0267790000
   6.6928518035   6.3187489585 3620  5.52E+00  -1.3608310000  -1.2717390000   2.8050980000  -0.2063690000  -1.0655710000   2.0931780000   0.8350210000   3.3084510000   8.1719490000   0.4366680000   2.2067590000   8.2331100000  -0.0464330000   1.1244630000   8.0181050000   0.0390950000   0.0069780000  -0.0241860000  -0.0390480000  -0.0069680000   0.0238830000  -0.0062430000  -0.0009960000  -0.0168900000   0.0280620000   0.0362410000   0.0404560000  -0.0218660000  -0.0352550000  -0.0232640000
   6.6935314109   6.3198539153 3670  4.13E+00   0.3683700000   1.3388150000   2.1075890000  -0.0021890000  -0.0213800000   1.7719920000   0.7669910000  -0.3706370000   8.0351330000  -0.0493140000   0.2683090000   8.7017470000  -0.7422470000   0.8793180000   9.4511470000  -0.0006480000  -0.0021710000  -0.0005490000   0.0004710000   0.0023020000   0.0003750000   0.0647320000  -0.0469180000  -0.0406640000  -0.0512680000   0.0306050000   0.0138640000  -0.0132880000   0.0161830000   0.0269740000
   6.6921391800   6.3189719539 3982  1.43E+00   1.4354420000  -0.0204840000   2.1031250000  -0.0179340000   0.0049670000   1.8094290000  -0.3121440000  -0.6641870000   9.3311430000   0.0239460000   0.2292700000   8.6399460000   0.2932940000   1.1562350000   8.0148400000   0.0119450000  -0.0002530000   0.0024110000  -0.0119770000   0.0000850000  -0.0024820000  -0.0060590000  -0.0012770000   0.0082830000   0.0235510000   0.0427910000  -0.0443360000  -0.0174610000  -0.0413460000   0.0361230000
