   6.6915287949   6.1359441233  387  2.46E+00   1.7991790000  -1.3303130000   3.4514520000   1.2935320000  -0.6474720000   2.1989750000  -1.4122780000   1.4462890000   7.2925560000  -2.3997820000   1.3819470000   7.8999270000  -3.3597800000   1.5214110000   8.5785250000   0.0078150000  -0.0105990000   0.0192520000  -0.0077500000   0.0103720000  -0.0195630000  -0.0281130000   0.0127350000   0.0243110000   0.0386030000  -0.0282630000  -0.0378170000  -0.0105550000   0.0157550000   0.0138160000
   6.6913408465   6.1368683142  387  2.96E+00   1.8025420000  -1.3364330000   3.4568360000   1.2938170000  -0.6475340000   2.1987230000  -1.4165930000   1.4473200000   7.2905220000  -2.4000140000   1.3799180000   7.8991330000  -3.3569270000   1.5225980000   8.5820740000   0.0087470000  -0.0118900000   0.0215280000  -0.0086830000   0.0116640000  -0.0218330000  -0.0329970000   0.0128310000   0.0276520000   0.0435060000  -0.0289270000  -0.0414660000  -0.0105730000   0.0163220000   0.0141200000
   6.6913511929   6.1377409802  387  3.48E+00   1.8057320000  -1.3423190000   3.4617960000   1.2941040000  -0.6475980000   2.1984760000  -1.4208670000   1.4483340000   7.2884530000  -2.4003180000   1.3779380000   7.8984080000  -3.3540610000   1.5237640000   8.5856050000   0.0095850000  -0.0130610000   0.0235670000  -0.0095230000   0.0128360000  -0.0238680000  -0.0376480000   0.0129080000   0.0308850000   0.0480420000  -0.0295460000  -0.0449080000  -0.0104570000   0.0168640000   0.0143240000
   6.6915720237   6.1385567495  387  4.00E+00   1.8087340000  -1.3479470000   3.4662920000   1.2943940000  -0.6476660000   2.1982360000  -1.4250940000   1.4493320000   7.2863460000  -2.4007010000   1.3760060000   7.8977560000  -3.3511830000   1.5249100000   8.5891180000   0.0103330000  -0.0141160000   0.0253780000  -0.0102720000   0.0138910000  -0.0256740000  -0.0420230000   0.0129700000   0.0339790000   0.0521560000  -0.0301230000  -0.0481000000  -0.0101940000   0.0173780000   0.0144180000
   6.6920173844   6.1393107765  387  4.52E+00   1.8115330000  -1.3532980000   3.4702890000   1.2946860000  -0.6477380000   2.1980020000  -1.4292690000   1.4503150000   7.2841970000  -2.4011700000   1.3741240000   7.8971840000  -3.3482910000   1.5260340000   8.5926140000   0.0109950000  -0.0150580000   0.0269710000  -0.0109350000   0.0148330000  -0.0272630000  -0.0460810000   0.0130230000   0.0369080000   0.0557970000  -0.0306580000  -0.0510070000  -0.0097750000   0.0178600000   0.0143910000
   6.6926980631   6.1399968990  387  5.02E+00   1.8141150000  -1.3583520000   3.4737540000   1.2949810000  -0.6478130000   2.1977750000  -1.4333870000   1.4512810000   7.2820030000  -2.4017320000   1.3722920000   7.8966970000  -3.3453880000   1.5271350000   8.5960910000   0.0115740000  -0.0158900000   0.0283540000  -0.0115150000   0.0156660000  -0.0286440000  -0.0497830000   0.0130720000   0.0396420000   0.0589170000  -0.0311550000  -0.0535870000  -0.0091930000   0.0183070000   0.0142350000
   6.6944631942   6.1394235978  559  2.16E+00   1.3148430000   0.5157730000   2.1880050000  -0.0179960000  -0.0038590000   1.8003490000  -0.6782860000   0.7577410000   7.8564620000  -0.0497640000   0.2722700000   8.7373860000   0.7226830000  -0.2876810000   9.4563740000   0.0107320000   0.0041480000   0.0030830000  -0.0105960000  -0.0042550000  -0.0033410000   0.0002640000   0.0020300000  -0.0200330000  -0.0323650000   0.0194130000   0.0082830000   0.0319650000  -0.0213360000   0.0120090000
   6.6923052352   6.1378793058  688  2.83E+00  -1.3331280000  -0.1998020000   1.7066270000   0.0181050000   0.0027960000   2.0248730000  -0.5914860000   1.2425220000   8.0052610000   0.0440790000   0.2580040000   8.2396710000   0.5519650000  -0.7499080000   8.5902090000   0.0257950000   0.0038500000   0.0060710000  -0.0257010000  -0.0039540000  -0.0060040000  -0.0250420000   0.0251760000   0.0027680000   0.0269180000  -0.0118480000  -0.0153250000  -0.0019710000  -0.0132240000   0.0124890000
   6.6946452161   6.1383688681  936  3.34E+00   0.5408010000   0.7280040000   1.9838090000   0.7159030000  -0.7906070000   2.0018140000  -2.1533480000   1.6976830000   9.0918810000  -1.2860950000   1.6993700000   8.3506900000  -0.4906540000   1.6168980000   7.5179460000  -0.0032520000   0.0280650000  -0.0004450000   0.0032290000  -0.0282480000   0.0000350000   0.0495330000  -0.0061220000  -0.0535850000  -0.0075300000   0.0082300000   0.0211260000  -0.0419800000  -0.0019240000   0.0328680000
   6.6924303888   6.1384813056  936  2.85E+00   0.5373860000   0.7186860000   1.9869780000   0.7163920000  -0.7909190000   2.0011180000  -2.1527770000   1.6975770000   9.0970400000  -1.2862760000   1.7005090000   8.3508530000  -0.4933120000   1.6182940000   7.5159400000  -0.0030230000   0.0253630000  -0.0003480000   0.0030010000  -0.0255460000  -0.0000580000   0.0444950000  -0.0060930000  -0.0494290000  -0.0025980000   0.0082550000   0.0167120000  -0.0418750000  -0.0019800000   0.0331230000
   6.6902888264   6.1385476344  936  2.38E+00   0.5340310000   0.7088680000   1.9901540000   0.7168790000  -0.7912250000   2.0004220000  -2.1522620000   1.6974780000   9.1022610000  -1.2864520000   1.7016340000   8.3509890000  -0.4959190000   1.6196930000   7.5138930000  -0.0027430000   0.0223750000  -0.0002620000   0.0027210000  -0.0225570000  -0.0001400000   0.0393590000  -0.0060720000  -0.0451180000   0.0023430000   0.0082930000   0.0122310000  -0.0416810000  -0.0020390000   0.0332890000
   6.6917580992   6.1356915137  989  4.47E+00   0.8666060000   0.7490350000   1.5114160000   0.0895770000  -0.4582320000   2.1395820000   0.2643210000   0.0494540000   8.4397410000  -0.1389610000   1.0992430000   8.1179140000  -0.6619730000   2.0543510000   7.6865460000   0.0193600000   0.0300460000  -0.0156280000  -0.0193040000  -0.0300850000   0.0156410000  -0.0127590000   0.0055280000  -0.0097300000   0.0158000000   0.0101040000   0.0112450000  -0.0030970000  -0.0155930000  -0.0015280000
   6.6905047695   6.1355490472 2057  1.42E+01   0.1889460000   1.7355820000   2.3204490000   1.2418670000   0.5008100000   2.1617010000  -2.1128400000  -1.2594220000   6.9879300000  -2.4143830000  -0.6694090000   7.9950900000  -2.2887750000  -0.1608940000   9.0691220000  -0.0338980000   0.0398250000   0.0051010000   0.0340510000  -0.0395790000  -0.0053040000   0.0352740000  -0.0239800000  -0.0253070000  -0.0650760000   0.0169460000  -0.0046570000   0.0296490000   0.0067880000   0.0301670000
   6.6908463766   6.1355067584 2681  2.79E+00   1.1267970000  -1.9789400000   2.6005400000  -0.2963090000  -1.7829880000   3.1057290000   0.9332060000   3.1068700000   7.2930430000   0.5349370000   3.5679660000   6.2949900000   0.0740650000   3.9316990000   5.3079140000   0.0246640000  -0.0033800000  -0.0087360000  -0.0246260000   0.0033610000   0.0087920000  -0.0095620000   0.0001570000  -0.0114980000  -0.0093530000   0.0236620000  -0.0399830000   0.0188770000  -0.0238010000   0.0514250000
   6.6925174223   6.1392545174 2692  2.43E+00   1.6629910000  -2.1216500000   3.1595600000   0.4522420000  -2.0153110000   4.0077700000  -0.6510610000   4.0032500000   3.5076780000  -0.8486450000   3.8993700000   4.6524740000  -1.0752440000   3.9558070000   5.7860810000   0.0096420000  -0.0008540000  -0.0067390000  -0.0096840000   0.0009650000   0.0068460000  -0.0064230000   0.0110980000   0.0221880000   0.0013220000  -0.0220420000   0.0159680000   0.0051440000   0.0108320000  -0.0382630000
   6.6913561762   6.1382388713 2843  1.97E+00  -1.2224410000   1.8068860000   2.4903810000  -1.9703070000   1.0246260000   3.4795250000   3.9886960000  -1.2825890000   6.6916800000   3.5595240000  -1.6645690000   5.6298170000   3.2563940000  -2.0112200000   4.5487360000   0.0026720000   0.0028190000  -0.0035190000  -0.0027230000  -0.0027320000   0.0036510000   0.0282330000   0.0193290000   0.0480340000  -0.0373180000  -0.0205490000  -0.0471030000   0.0091350000   0.0011320000  -0.0010640000
   6.6949729887   6.1394206133 3133  7.00E+00   2.1902090000  -0.1743340000   2.6071720000   0.7179980000  -0.5179770000   2.0911410000  -0.1822960000   1.0619260000   7.9550870000  -1.3494020000   1.1429020000   8.1351650000  -2.5285580000   1.3656650000   8.3311430000   0.0424000000   0.0098770000   0.0147890000  -0.0425130000  -0.0099240000  -0.0149240000   0.0153890000   0.0076240000   0.0000760000   0.0531240000  -0.0288350000  -0.0128280000  -0.0684000000   0.0212590000   0.0128870000
   6.6935750207   6.1370304276 3263  2.21E+00   0.6595540000  -1.0447210000   2.3186230000  -0.6391150000  -0.3835610000   1.7983530000   0.4893560000   0.7592640000   7.7214980000   1.1744820000   0.9919440000   8.6739980000   1.7793060000   1.1651760000   9.6406640000   0.0284110000  -0.0144770000   0.0112590000  -0.0283700000   0.0143710000  -0.0117560000  -0.0221050000  -0.0092270000  -0.0207260000   0.0462350000   0.0185930000   0.0502240000  -0.0241720000  -0.0092590000  -0.0290000000
   6.6920422043   6.1383048009 3309  9.69E+00  -2.4049780000   0.3146420000   5.5834770000  -2.2397290000   0.2124860000   4.0329760000   4.5138190000  -0.3580900000   3.4159530000   4.1911800000  -0.1777620000   4.5677670000   3.6771460000   0.0981790000   5.6627950000  -0.0040540000   0.0024780000   0.0375230000   0.0039280000  -0.0025160000  -0.0376820000   0.0079680000  -0.0046370000  -0.0642600000   0.0415280000  -0.0222950000  -0.0203000000  -0.0493700000   0.0269700000   0.0847200000
   6.6916213172   6.1378713199 3806  2.42E+00  -1.2687380000   0.6894260000   2.3048060000  -0.7210790000  -0.7065610000   1.9542360000   1.4244080000   1.5737010000   7.2335120000   1.3597680000   1.5764450000   8.3943010000   1.2359980000   1.4158400000   9.5609720000  -0.0113320000   0.0286810000   0.0071420000   0.0111100000  -0.0288440000  -0.0074300000  -0.0048030000  -0.0102520000   0.0312840000   0.0106080000   0.0235490000  -0.0487770000  -0.0055840000  -0.0131330000   0.0177820000
   6.6916615990   6.1351474977 3919  2.47E+00   1.2918950000  -0.2844160000   2.2795670000   0.0348800000  -0.8806730000   1.9427410000  -0.1441570000   2.1737160000   7.2605120000  -0.1390330000   1.9034780000   8.4394290000  -0.0070630000   1.5012340000   9.5590900000  -0.0096790000  -0.0046700000  -0.0026610000   0.0097150000   0.0043730000   0.0023810000   0.0069720000   0.0055410000  -0.0553330000  -0.0192450000   0.0171890000   0.0170050000   0.0122370000  -0.0224320000   0.0386080000
