   6.7095965428   6.4492788695   16  3.68E+00  -0.5939460000   1.1243840000   2.4434230000   0.0067450000  -0.0176820000   1.5945840000  -0.4780080000   0.6234770000  10.0553390000  -0.0377150000   0.1857820000   9.0637190000   0.5100580000  -0.0578000000   8.0240680000  -0.0128890000   0.0244280000   0.0180580000   0.0127390000  -0.0243700000  -0.0183970000   0.0090570000   0.0102250000  -0.0075320000  -0.0322720000  -0.0153130000   0.0399690000   0.0233660000   0.0050300000  -0.0321000000
   6.7064058821   6.4484494088   56  4.35E+00   0.3019080000  -2.5605850000   3.8180690000   0.3479370000  -1.6222060000   2.7977080000  -0.2548890000   2.5571080000   7.6713550000  -0.6314450000   3.3287420000   6.8873620000  -1.0277910000   3.8947040000   5.9465340000   0.0012080000   0.0246810000  -0.0268540000  -0.0011980000  -0.0246960000   0.0268180000  -0.0117940000   0.0073540000  -0.0314570000   0.0058610000   0.0170050000   0.0239680000   0.0059230000  -0.0243440000   0.0075260000
   6.7087148399   6.4478401047  613  3.06E+00   0.6692830000  -0.9929190000   2.4936640000  -0.1772830000  -0.3166800000   1.6533070000   0.1970500000   0.3798150000  10.0094960000   0.3759310000   0.8441250000   8.9392880000   0.3639660000   1.3183130000   7.8668800000  -0.0289530000   0.0230720000  -0.0287850000   0.0289470000  -0.0232680000   0.0285450000  -0.0142150000  -0.0033480000   0.0098690000   0.0266890000   0.0064160000  -0.0204990000  -0.0124680000  -0.0028710000   0.0108700000
   6.7057577053   6.4461034223  701  7.53E+00  -0.7455710000   1.0851660000   2.0322090000   0.0077590000  -0.0150610000   1.8266180000   0.8862700000   0.8537100000   9.0760270000   0.0691030000   0.1895910000   8.6277710000  -0.9299270000  -0.3015110000   8.1977200000   0.0351330000  -0.0512380000  -0.0095860000  -0.0349450000   0.0512990000   0.0095170000  -0.0584210000  -0.0251710000  -0.0230180000   0.0882280000   0.0216290000   0.0273280000  -0.0299950000   0.0034810000  -0.0042410000
   6.7090711320   6.4493403941 1512  6.92E+00   0.1847970000  -0.1477480000   1.7902050000  -1.2398500000   0.3640750000   2.1448810000   3.1138410000  -1.2065360000   8.0051260000   2.2589280000  -0.4239200000   8.1646340000   1.3708590000   0.4034760000   8.0420530000   0.0328570000  -0.0118270000  -0.0081920000  -0.0328500000   0.0117250000   0.0080020000  -0.0071420000   0.0076630000  -0.0157270000   0.0555900000  -0.0541490000   0.0382480000  -0.0484560000   0.0465880000  -0.0223310000
   6.7079617369   6.4453147626 1722  3.52E+00  -0.8142630000   1.0281760000   2.4224660000   0.0133590000  -0.0106580000   1.6092070000   0.1237910000   0.8005020000   8.0023210000  -0.0406900000   0.3074110000   9.0465760000  -0.1086590000  -0.3551490000  10.0182460000  -0.0194290000   0.0243190000   0.0189420000   0.0193620000  -0.0244180000  -0.0192710000   0.0034180000  -0.0211130000   0.0176110000  -0.0096090000   0.0356650000  -0.0172050000   0.0062580000  -0.0144530000  -0.0000780000
   6.7062052987   6.4452440178 2391  4.38E+00  -0.5525260000   0.2047920000   2.2624180000   0.6828380000  -0.6108630000   1.7211460000  -1.7619250000   1.4853520000   9.8846750000  -1.2022390000   1.3910620000   8.8308140000  -0.7110080000   1.1959490000   7.7488980000  -0.0323390000   0.0213140000   0.0140260000   0.0323560000  -0.0214240000  -0.0144190000  -0.0254880000  -0.0021790000   0.0390520000   0.0100910000   0.0155170000   0.0045040000   0.0153800000  -0.0132280000  -0.0431630000
   6.7084067062   6.4480434349 2771  3.67E+00  -0.9144190000  -1.2330020000   2.6888460000   0.0499500000  -0.5880310000   1.7123660000   0.5632520000   1.2657040000   7.8668320000  -0.1091910000   1.3784960000   8.8153790000  -0.6731320000   1.4015890000   9.7953130000  -0.0155480000  -0.0103850000   0.0156360000   0.0153640000   0.0102610000  -0.0159150000  -0.0062170000  -0.0036060000   0.0249550000  -0.0492560000   0.0122540000   0.0549530000   0.0556570000  -0.0085240000  -0.0796290000
   6.7079270399   6.4498595241 2883  2.74E+00   2.4485710000  -0.5126530000   4.5763530000   1.9516040000  -0.9985840000   3.2361440000  -3.5711290000   2.3964980000   7.1693460000  -3.5728410000   2.0629760000   6.0272210000  -3.6478060000   1.7619790000   4.8568190000   0.0072500000   0.0071120000   0.0196410000  -0.0071480000  -0.0071190000  -0.0195100000  -0.0049080000   0.0113530000   0.0298560000   0.0142680000   0.0007020000   0.0282140000  -0.0094620000  -0.0120490000  -0.0582010000
   6.7080210670   6.4474396851 3111  3.16E+00   0.9591330000  -0.9135400000   2.6501770000   0.2926540000  -0.2151500000   1.6486830000  -1.3480620000   0.7143490000   9.8072800000  -0.5189930000   0.7309530000   8.9832910000   0.2156560000   0.5566680000   8.0492960000  -0.0162980000   0.0170350000  -0.0245910000   0.0162150000  -0.0170850000   0.0242050000  -0.0005550000  -0.0120570000  -0.0121460000  -0.0156440000   0.0293620000   0.0462170000   0.0162820000  -0.0172550000  -0.0336850000
   6.7061378148   6.4477996954 3317  6.64E+00  -1.8956310000  -1.8848920000   4.4368280000  -0.8348260000  -1.8967690000   3.6083980000   1.2455210000   3.4923450000   6.4726130000   1.5952090000   3.7695470000   5.3388480000   1.8457140000   3.9572220000   4.2199780000   0.0514630000  -0.0005800000  -0.0402080000  -0.0514310000   0.0006040000   0.0401410000  -0.0248510000  -0.0194760000   0.0641920000   0.0349710000   0.0272760000  -0.0856490000  -0.0101530000  -0.0078240000   0.0215250000
   6.7051175207   6.4481724477 3346  7.23E+00   1.3599390000   1.0699290000   2.7732500000   0.7219130000   0.0287520000   1.7269490000  -2.0473100000  -0.3732810000   9.5602000000  -1.3683090000   0.2512160000   8.8432560000  -0.6165930000   0.6613620000   8.0028660000   0.0191520000   0.0311920000   0.0312020000  -0.0191280000  -0.0312640000  -0.0315990000   0.0103610000  -0.0085210000  -0.0136820000  -0.0358400000   0.0107640000   0.0439610000   0.0254540000  -0.0021720000  -0.0298820000
   6.7069810301   6.4488074989 3845  4.95E+00   1.4138740000   0.6128000000   2.0694460000  -0.0153000000  -0.0119470000   1.8308720000  -0.4275390000   1.2769180000   9.0500630000  -0.0596470000   0.2484320000   8.6024060000   0.4596540000  -0.7546840000   8.2191330000   0.0377130000   0.0165280000   0.0063060000  -0.0378030000  -0.0163960000  -0.0063290000   0.0056590000   0.0122300000   0.0095540000  -0.0272510000   0.0097350000  -0.0063230000   0.0216820000  -0.0220970000  -0.0032070000
   6.7072747224   6.4482802869 3896  4.58E+00   0.8240530000   1.0733060000   2.5875600000  -0.1083730000   0.6527710000   1.6639970000  -0.2260210000  -0.3617940000   8.0308750000   0.1483890000  -0.9462550000   8.9477790000   0.6039480000  -1.5678990000   9.7798220000  -0.0285440000  -0.0128880000  -0.0284110000   0.0286370000   0.0128920000   0.0280370000   0.0267060000  -0.0353040000   0.0456370000   0.0027430000  -0.0106170000   0.0263500000  -0.0295420000   0.0459170000  -0.0716130000
   6.7092795457   6.4481446708 3910  4.26E+00   0.8824830000  -1.3943150000   2.2253260000  -0.0358550000  -0.1734550000   1.8864640000   0.9332230000   1.2348490000   8.1038700000   0.0263990000   0.6515820000   8.5574550000  -0.8295710000  -0.0821970000   8.9116100000   0.0225430000  -0.0300010000   0.0083310000  -0.0226320000   0.0299640000  -0.0083450000  -0.0070090000  -0.0164050000   0.0001970000   0.0111090000   0.0326020000   0.0023360000  -0.0040110000  -0.0161590000  -0.0025200000
