   6.7015779317   6.0112774893  177  4.85E+00  -0.7045440000  -0.5126950000   1.6690750000  -1.2611780000  -1.1381760000   2.7413440000   2.7342910000   2.0378940000   5.9169170000   2.2849680000   2.2609040000   6.9870740000   1.8934120000   2.6691610000   8.0430110000  -0.0223440000  -0.0250970000   0.0429520000   0.0221220000   0.0250040000  -0.0428870000   0.0084860000   0.0107610000  -0.0083430000   0.0010850000  -0.0365170000  -0.0274240000  -0.0093490000   0.0258490000   0.0357020000
   6.7045287510   6.0128433074  177  3.10E+00  -0.5924820000  -2.2029980000   3.2300210000  -1.3474480000  -1.1784850000   2.7552290000   3.5689010000   2.7784980000   6.7918900000   2.4659630000   2.4560480000   6.9569380000   1.3467210000   2.0898670000   7.0229700000  -0.0311050000   0.0422170000  -0.0196220000   0.0311140000  -0.0424020000   0.0193100000  -0.0239000000  -0.0093280000  -0.0028160000   0.0261130000   0.0118820000   0.0082400000  -0.0022220000  -0.0023700000  -0.0051100000
   6.7004201278   6.0142968278  359  4.53E+00   0.4912570000   1.3713540000   2.1925800000   0.3460540000   0.0539560000   1.8290850000  -0.2601770000   0.7632760000   9.5595400000  -0.6335540000   0.0776710000   8.6699880000  -1.0234440000  -0.4897770000   7.6600880000  -0.0046870000  -0.0428610000  -0.0118730000   0.0048840000   0.0430210000   0.0115200000   0.0064640000   0.0205790000   0.0113750000   0.0178280000   0.0062780000   0.0537420000  -0.0244890000  -0.0270160000  -0.0647640000
   6.7002886000   6.0134056201  515 -1.49E-01  -1.2721250000   0.4168040000   2.2019460000   0.0195350000  -0.0035620000   1.7425950000  -0.3824280000   0.6033180000   7.7117800000  -0.0064200000   0.2205050000   8.7786720000   0.3698310000  -0.0896460000   9.8576250000   0.0088430000  -0.0029040000  -0.0032670000  -0.0087650000   0.0027710000   0.0027900000  -0.0097810000   0.0145740000  -0.0248320000   0.0021320000  -0.0126850000   0.0025150000   0.0075720000  -0.0017560000   0.0227940000
   6.7010527075   6.0132189631  731  1.97E+00  -1.7433510000  -1.4084600000   3.4616270000  -2.2116120000  -0.0077820000   3.0683850000   4.8263920000   0.2185320000   7.2006090000   4.0610310000   0.2703870000   6.3589930000   3.2801700000   0.3937660000   5.4845580000   0.0085280000  -0.0258760000   0.0072420000  -0.0090510000   0.0257540000  -0.0073570000  -0.0487930000   0.0083950000  -0.0549880000   0.0465640000  -0.0134040000   0.0545620000   0.0027520000   0.0051320000   0.0005410000
   6.7003171756   6.0144033485  773  3.74E+00   0.9171670000   0.9325770000   2.1595170000  -0.0124040000  -0.0114410000   1.7600180000   0.6046010000  -0.0359040000   7.7426390000  -0.0305320000   0.2206870000   8.7541610000  -0.5775180000   0.5562920000   9.7608200000  -0.0259130000  -0.0262600000  -0.0112240000   0.0257490000   0.0263280000   0.0107640000   0.0431660000  -0.0110290000  -0.0588660000  -0.0283380000  -0.0055080000   0.0231250000  -0.0146640000   0.0164690000   0.0362010000
   6.7001768264   6.0125892509  879  6.50E+00  -2.4188650000   0.4250300000   3.2133690000  -1.1907430000   0.5950770000   2.2602650000   1.3420710000  -0.0200480000   7.6785400000   2.2610800000  -0.7906860000   7.8515280000   3.0598000000  -1.6974540000   7.9377710000  -0.0300120000  -0.0041670000   0.0231980000   0.0299670000   0.0040990000  -0.0235330000  -0.0512580000   0.0303000000  -0.0117160000   0.0141800000   0.0268950000   0.0116960000   0.0371230000  -0.0571280000   0.0003550000
   6.7030513582   6.0124204536 1066  2.85E+00  -0.7507280000  -1.2280500000   2.2111710000   0.0078720000   0.0199750000   1.7897780000   0.5862260000   0.6649390000   7.7394610000  -0.0411650000   0.2864040000   8.7022300000  -0.5473380000  -0.2146600000   9.6511000000  -0.0128070000  -0.0210190000   0.0070590000   0.0126240000   0.0208860000  -0.0074080000   0.0357330000   0.0101320000  -0.0422070000  -0.0311350000   0.0087230000   0.0210760000  -0.0044150000  -0.0187220000   0.0214810000
   6.7048712902   6.0113927173 1279  4.12E+00  -0.3253990000  -2.2147970000   3.4708660000   0.3468060000  -1.5482980000   2.4423890000  -0.0375460000   3.7157150000   8.3312670000  -0.6349830000   3.1191200000   7.5216420000  -1.1973060000   2.5025610000   6.6068940000   0.0143720000   0.0141080000  -0.0219490000  -0.0141080000  -0.0144780000   0.0216710000   0.0030600000   0.0002090000  -0.0042640000   0.0371330000   0.0458220000   0.0774340000  -0.0404570000  -0.0456620000  -0.0728920000
   6.7023086676   6.0115105138 1463  6.42E+00   1.7580590000   0.9607950000   2.1995620000   1.2356720000  -0.2885990000   2.3713270000  -1.7441610000   1.1921900000   8.6047740000  -2.2188420000   0.7342770000   7.5897280000  -2.8721740000   0.3250680000   6.7172760000  -0.0195980000  -0.0468560000   0.0064940000   0.0197190000   0.0469020000  -0.0063840000   0.0099950000   0.0242820000   0.0566010000  -0.0106480000  -0.0357420000  -0.0846120000   0.0005330000   0.0114150000   0.0279010000
   6.7044333391   6.0135266477 1489  4.48E+00   0.7980430000   0.4076530000   1.8672500000  -0.7812900000   0.3800820000   1.9035610000   1.5968760000  -1.0934140000   9.4367700000   1.3564480000  -0.4666130000   8.4909400000   1.2365190000   0.2074690000   7.5658180000   0.0421320000   0.0007030000  -0.0010680000  -0.0422850000  -0.0008210000   0.0006620000   0.0026540000   0.0197190000  -0.0226200000  -0.0178600000   0.0105730000  -0.0266900000   0.0153600000  -0.0301740000   0.0497160000
   6.7039300243   6.0141415845 1489  4.44E+00   0.7949220000   0.4064030000   1.8684880000  -0.7815410000   0.3802830000   1.9031550000   1.5947460000  -1.0901640000   9.4392370000   1.3577630000  -0.4666960000   8.4914470000   1.2391110000   0.2033530000   7.5649180000   0.0414400000   0.0006550000  -0.0010100000  -0.0415940000  -0.0007710000   0.0006040000   0.0022060000   0.0207240000  -0.0243300000  -0.0175710000   0.0112710000  -0.0276900000   0.0155190000  -0.0318790000   0.0524260000
   6.7035269283   6.0146875524 1489  4.35E+00   0.7909840000   0.4051410000   1.8697460000  -0.7817810000   0.3804850000   1.9027490000   1.5926140000  -1.0869400000   9.4417350000   1.3591060000  -0.4667970000   8.4919990000   1.2416840000   0.1992770000   7.5639520000   0.0405370000   0.0006040000  -0.0009500000  -0.0406920000  -0.0007200000   0.0005440000   0.0017650000   0.0217060000  -0.0260370000  -0.0172440000   0.0117970000  -0.0284550000   0.0156330000  -0.0333880000   0.0548980000
   6.7003391526   6.0141972679 1529  5.20E+00   0.0236460000   0.7315700000   1.7370270000   0.5222550000  -0.5923930000   1.9695020000  -1.3408160000   1.4891810000   7.2955310000  -0.9458280000   1.1887000000   8.3510800000  -0.5589100000   1.2186090000   9.4909290000   0.0034850000  -0.0092080000   0.0015470000  -0.0032880000   0.0089940000  -0.0017400000   0.0076110000   0.0156700000   0.0308090000  -0.0211210000  -0.0383510000  -0.0778890000   0.0133130000   0.0228950000   0.0472720000
   6.7040113526   6.0124601683 1604  5.64E+00  -1.0019610000  -1.1121460000   1.6573470000   0.0161890000   0.0130280000   2.1051640000  -0.9637110000  -0.3870490000   8.0237290000   0.0181560000   0.2287180000   8.1462000000   0.9323550000   0.9080320000   8.2440220000  -0.0274020000  -0.0302890000  -0.0120930000   0.0275020000   0.0303260000   0.0121180000   0.0166240000   0.0182580000   0.0028340000   0.0429160000   0.0176410000   0.0034190000  -0.0596400000  -0.0359350000  -0.0062770000
   6.7000858648   6.0136480815 1701  4.26E+00   0.1151660000  -2.2030590000   2.3564560000  -0.2121280000  -0.6605690000   2.2041470000   0.0096130000   0.3928220000   8.1206630000   0.3689680000   1.4996030000   7.9347200000   0.7655670000   2.6069490000   7.7674520000   0.0089030000  -0.0419390000   0.0041090000  -0.0088700000   0.0420520000  -0.0041380000   0.0006090000  -0.0051430000   0.0039030000  -0.0114810000  -0.0188380000  -0.0026260000   0.0108390000   0.0238690000  -0.0012490000
   6.7026021479   6.0101156481 2189  2.83E+00   1.2493320000  -0.6661710000   1.6985670000  -0.0172000000   0.0039840000   2.0664360000   0.2403400000   1.3447130000   7.9194360000  -0.0432530000   0.2780200000   8.2072230000  -0.2006790000  -0.8436770000   8.4933250000   0.0091860000  -0.0048670000  -0.0026590000  -0.0092390000   0.0047960000   0.0027020000  -0.0099210000  -0.0758850000   0.0211640000  -0.0018120000   0.0616070000  -0.0177930000   0.0117860000   0.0143490000  -0.0034140000
   6.7047976755   6.0139316637 2288  6.46E+00   0.0031300000  -1.2843400000   1.7062960000  -0.0039080000   0.0132060000   2.0777880000   0.1659020000   1.3831210000   8.3145080000  -0.0317210000   0.2636170000   8.2298630000  -0.1227680000  -0.8783820000   8.0240740000  -0.0003150000   0.0600900000   0.0171520000   0.0003030000  -0.0599710000  -0.0171860000  -0.0054690000  -0.0775900000  -0.0134940000  -0.0048530000   0.0488740000   0.0151450000   0.0103330000   0.0285970000  -0.0016170000
   6.7013239682   6.0124219902 2547  2.75E+00   0.2147570000  -2.4082560000   3.0101380000   0.4229400000  -1.0961530000   2.3316850000  -0.8167620000   2.8818710000   6.6661610000  -0.8455630000   2.2647640000   7.6948310000  -0.6742700000   1.7318350000   8.7238990000  -0.0021770000  -0.0137100000   0.0071580000   0.0021810000   0.0134900000  -0.0071330000   0.0132630000   0.0255200000  -0.0299420000  -0.0251650000  -0.0333150000   0.0333520000   0.0118970000   0.0080150000  -0.0034350000
   6.7021400406   6.0106478537 2580  2.99E+00   1.1142960000   0.9716810000   2.1609690000  -0.0114030000  -0.0105550000   1.7938440000   0.7289620000   0.2441640000   7.7532790000   0.0435040000   0.2159810000   8.7337160000  -0.7748750000   0.2728720000   9.5965040000   0.0227950000   0.0199240000   0.0073290000  -0.0229490000  -0.0199340000  -0.0077550000   0.0113540000   0.0059820000  -0.0327230000   0.0191120000  -0.0127040000   0.0164160000  -0.0303120000   0.0067310000   0.0167320000
   6.7032069463   6.0117638094 2790  5.81E+00  -1.7869680000  -1.9011150000   3.1630890000  -0.4415980000  -1.3534020000   2.5722380000   1.3983130000   3.0012320000   6.2861570000   0.8113590000   2.7484660000   7.2328650000   0.3106380000   2.5021710000   8.2396840000  -0.0337030000  -0.0136900000   0.0148610000   0.0336050000   0.0136260000  -0.0147760000  -0.0320740000  -0.0150080000   0.0691860000   0.0020810000   0.0024000000  -0.0279380000   0.0300920000   0.0126730000  -0.0413320000
   6.7028717473   6.0116882212 3038  3.05E+00   2.3451420000   0.7008130000   2.6340570000   1.0367620000  -0.0172990000   2.3057560000  -2.6387530000  -0.4031830000   7.0472830000  -1.9529840000   0.2669590000   7.7591300000  -1.2207380000   0.9326930000   8.4476990000   0.0240250000   0.0132000000   0.0060640000  -0.0239560000  -0.0131440000  -0.0060390000  -0.0189840000  -0.0205360000  -0.0214530000  -0.0167350000  -0.0097950000  -0.0097730000   0.0356490000   0.0302750000   0.0312010000
   6.7043906941   6.0139735730 3160  2.89E+00  -1.3514350000  -0.6889420000   1.8447610000   0.0121210000   0.0132010000   1.9852350000  -0.7645020000   0.9701790000   7.8715690000   0.0324880000   0.2711380000   8.3341260000   0.7647220000  -0.5085740000   8.8422530000  -0.0280330000  -0.0144640000  -0.0028960000   0.0281650000   0.0143620000   0.0028610000   0.0225310000  -0.0288640000   0.0206960000  -0.0277390000   0.0443800000  -0.0313140000   0.0050760000  -0.0154140000   0.0106530000
   6.7012451407   6.0112294657 3365  5.81E+00   0.2237850000  -1.5716770000   1.9618980000  -0.7790360000  -0.4111070000   2.1104830000   0.3061630000   0.7130330000   7.9150960000   1.4177990000   1.0346670000   8.0189590000   2.5060940000   1.3501080000   8.4024270000   0.0208470000  -0.0240430000  -0.0030580000  -0.0206740000   0.0240860000   0.0029430000   0.0300010000   0.0090980000   0.0234580000  -0.0575750000  -0.0172920000  -0.0528890000   0.0274000000   0.0081500000   0.0295460000
   6.7048113130   6.0121908789 3415  5.44E+00  -1.2549620000  -0.4374570000   2.0135230000   0.0159820000   0.0057690000   1.8744570000   0.0232230000  -0.6663800000   7.8489530000  -0.0372170000   0.2441840000   8.5714920000   0.0039670000   1.1694960000   9.2293000000   0.0561620000   0.0196370000  -0.0061960000  -0.0562020000  -0.0194150000   0.0058830000   0.0060320000   0.0262760000   0.0175450000  -0.0106230000   0.0398460000   0.0348880000   0.0046310000  -0.0663430000  -0.0521200000
   6.7044135209   6.0132471991 3445  6.86E+00   0.4980190000  -0.9198350000   2.0593940000  -0.1493800000   0.5411820000   1.7600920000  -0.0666280000  -0.3056620000   7.7128350000   0.2023690000  -0.7591140000   8.7553570000   0.6293770000  -1.0816380000   9.7956670000   0.0205970000  -0.0464660000   0.0094190000  -0.0205480000   0.0464300000  -0.0099020000   0.0157110000   0.0006410000   0.0209180000  -0.0233210000  -0.0120770000  -0.0126420000   0.0075610000   0.0114710000  -0.0077930000
   6.7024238000   6.0146069396 3463  2.53E+00  -1.1895650000  -0.7451380000   1.9801790000   0.0095250000   0.0065210000   1.9289970000   0.6871680000   1.0808710000   8.9743030000  -0.0063110000   0.2133680000   8.5073270000  -0.6550550000  -0.5389930000   7.8818320000   0.0162890000   0.0102160000  -0.0007430000  -0.0161830000  -0.0101060000   0.0005440000   0.0319460000   0.0436800000   0.0106070000  -0.0368020000  -0.0533000000  -0.0044910000   0.0047500000   0.0095100000  -0.0059170000
   6.7047968952   6.0134578976 3725  2.44E+00   0.9373630000   0.9523520000   1.5771460000  -0.0109120000  -0.0162500000   2.0686190000   0.7519640000  -0.6510030000   7.9996210000   0.0258170000   0.2976450000   8.1873460000  -0.7759060000   1.1363890000   8.4248100000  -0.0038710000  -0.0039240000   0.0020230000   0.0037910000   0.0040580000  -0.0020030000   0.0290210000  -0.0503400000  -0.0038150000  -0.0102460000   0.0419050000  -0.0044930000  -0.0186960000   0.0083010000   0.0082880000
   6.7003185063   6.0141828364 3893  3.16E+00  -1.2895340000   0.2297700000   1.7939750000  -0.7663980000  -0.9011640000   2.3471630000   2.1393940000   1.9714110000   6.7602210000   1.4181720000   1.9068710000   7.6888820000   0.7048100000   1.7709360000   8.6336290000   0.0200830000  -0.0434770000   0.0212820000  -0.0202660000   0.0434040000  -0.0212700000   0.0038790000  -0.0034230000  -0.0006700000   0.0145030000   0.0112310000  -0.0263630000  -0.0181980000  -0.0077340000   0.0270210000
   6.7013432498   6.0104208351 3897  3.17E+00  -0.2055140000  -0.7622870000   1.6982730000  -1.4385470000  -0.0947380000   2.3585520000   1.5180170000   0.8664500000   7.5024810000   2.6284480000   0.4177720000   7.6551280000   3.7062170000   0.0287770000   7.8658570000   0.0274900000  -0.0148920000  -0.0147170000  -0.0274570000   0.0147350000   0.0144060000  -0.0468030000   0.0225850000  -0.0007690000   0.0595870000  -0.0302410000  -0.0009090000  -0.0128170000   0.0078130000   0.0019900000
   6.7024060837   6.0116409653 3950  9.33E-01   1.1084060000   0.6044630000   1.7040610000  -0.0133840000  -0.3123270000   2.0077880000  -0.8394970000   0.0568570000   7.9509410000   0.0192870000   0.7996820000   8.3145040000   0.8220270000   1.5522550000   8.6738400000   0.0084610000   0.0069100000  -0.0022200000  -0.0083100000  -0.0068140000   0.0021260000  -0.0225030000  -0.0153000000  -0.0061550000   0.0473170000   0.0343520000   0.0151020000  -0.0249640000  -0.0191470000  -0.0088520000
