   6.7065145489   6.5812844604  161  4.49E+00   0.3681770000  -1.1458020000   2.8685730000  -0.7544680000  -1.5096530000   2.1501390000   1.1179820000   2.3855570000   7.1134620000   1.3557890000   3.0347640000   8.0187990000   1.6090330000   3.6356920000   8.9490040000  -0.0325150000  -0.0106230000  -0.0208990000   0.0324150000   0.0103760000   0.0206020000   0.0198900000   0.0470350000   0.0727220000  -0.0021720000   0.0017410000  -0.0051250000  -0.0176190000  -0.0485290000  -0.0673000000
   6.7079399896   6.5818809888  288  2.08E+00  -0.0854430000  -2.1642560000   2.7927300000  -0.6223620000  -0.9490490000   2.1869680000   0.4918250000   1.4668200000   8.7765590000   1.1210380000   1.9716150000   7.9342700000   1.7802250000   2.6169070000   7.1702090000   0.0009630000  -0.0021690000   0.0011440000  -0.0010060000   0.0021410000  -0.0010090000   0.0103410000   0.0160990000  -0.0050310000  -0.0319500000  -0.0448270000   0.0208920000   0.0216520000   0.0287550000  -0.0159960000
   6.7056716821   6.5822589317  554  6.01E+00  -0.8413870000  -0.9873510000   2.1660390000   0.0129100000   0.0079980000   1.8312830000  -1.0055730000   0.8012500000   8.8502670000  -0.0084110000   0.2383580000   8.7059030000   1.0004210000  -0.2702490000   8.3330930000   0.0374590000   0.0436820000  -0.0146820000  -0.0375670000  -0.0436440000   0.0146270000   0.0380940000  -0.0172340000  -0.0200500000  -0.0538860000   0.0209350000   0.0396150000   0.0159010000  -0.0037400000  -0.0195090000
   6.7088090891   6.5836258884  581  6.54E+00  -2.2704670000  -0.2610620000   4.1159320000  -2.1722070000   0.8011470000   3.1732590000   3.5765980000  -1.7133050000   5.1664730000   4.0262940000  -1.2606250000   6.2039440000   4.3924530000  -0.6373450000   7.0700950000   0.0009980000   0.0113460000  -0.0099950000  -0.0012220000  -0.0111730000   0.0100770000  -0.0247650000  -0.0099350000  -0.0590760000   0.0622090000   0.0528880000   0.1462820000  -0.0372200000  -0.0431260000  -0.0872890000
   6.7058426351   6.5841225308  613  3.42E+00   0.8590000000  -0.9774020000   2.6023230000  -0.1855460000  -0.3243520000   1.6097730000   0.1692270000   0.3833310000  10.0720350000   0.3253320000   0.8627240000   9.0286330000   0.4590920000   1.3381740000   7.9478420000   0.0281450000  -0.0176770000   0.0266860000  -0.0281860000   0.0174690000  -0.0269380000   0.0020570000   0.0106700000  -0.0255640000  -0.0026910000  -0.0181530000   0.0432880000   0.0006760000   0.0076900000  -0.0174710000
   6.7054276275   6.5847596678  724  1.10E+01   2.6800060000  -0.6160700000   4.1871510000   1.7410480000  -1.0066080000   3.1004700000  -3.7766800000   1.8332770000   5.3024670000  -3.1598690000   1.9305670000   6.2783850000  -2.7152850000   2.4711940000   7.2372620000   0.0089230000   0.0037440000   0.0104230000  -0.0090690000  -0.0037200000  -0.0102840000   0.0137850000   0.0375080000   0.0430030000   0.0001200000  -0.0704520000  -0.0421760000  -0.0137590000   0.0329210000  -0.0009660000
   6.7095663553   6.5823886347  977  5.65E+00  -1.4603500000  -0.8359780000   3.3621570000  -1.7895510000  -0.0523160000   2.2038710000   3.8834800000  -0.1084670000   8.8674540000   3.3337950000   0.4145590000   7.8866030000   2.6433120000   0.7988810000   6.9948030000  -0.0019750000   0.0045370000  -0.0068120000   0.0017980000  -0.0046460000   0.0066400000   0.0378180000  -0.0505700000   0.0859010000  -0.0130310000   0.0479840000  -0.0684980000  -0.0246100000   0.0026950000  -0.0172310000
   6.7058514473   6.5826975088 1029  7.03E+00  -0.0652870000  -2.3046980000   2.9745260000  -1.0130650000  -1.1532460000   2.4737920000   2.7101650000   3.0283090000   6.9003840000   1.8089630000   2.3933150000   7.3772870000   0.9954630000   1.7675070000   8.0205860000   0.0244340000  -0.0296210000   0.0128970000  -0.0243430000   0.0297280000  -0.0129130000   0.0413700000   0.0264370000  -0.0087870000  -0.0069570000   0.0029000000  -0.0335980000  -0.0345040000  -0.0294440000   0.0424010000
   6.7053236076   6.5800974903 1183  1.31E+00   1.3569200000  -1.3271230000   6.0376250000   0.1229020000  -0.6738110000   6.4173770000  -0.2173510000   2.6571690000   0.5024910000  -0.2864120000   1.5033720000   0.1853500000  -0.2669310000   0.3507190000  -0.0707700000  -0.0029040000   0.0015510000   0.0008860000   0.0028840000  -0.0015070000  -0.0009150000   0.0077040000   0.0403420000   0.0135500000  -0.0131820000  -0.0288000000  -0.0132340000   0.0054980000  -0.0115870000  -0.0002860000
   6.7081872615   6.5835938022 1316  1.31E+01   1.2120810000   0.6778950000   2.1161790000  -0.4673630000   0.8843650000   1.8854420000   0.5737170000  -0.7423690000   9.4719840000   0.8560060000  -1.3378140000   8.5044420000   1.0414420000  -2.0251100000   7.5952730000   0.0624590000  -0.0076200000   0.0085840000  -0.0624960000   0.0077920000  -0.0085950000  -0.0041970000  -0.0121010000  -0.0038440000   0.0182640000  -0.0084310000  -0.0383870000  -0.0140300000   0.0203600000   0.0422420000
   6.7095371140   6.5828842829 1335  1.84E+00  -0.4051530000   1.1061860000   2.7269670000   0.0582090000   0.5818760000   1.5376590000  -0.1833940000  -1.1712760000  10.2497120000  -0.1006490000  -0.7867510000   9.1567380000  -0.0062350000  -0.5261630000   8.0263000000   0.0137940000  -0.0155860000  -0.0355790000  -0.0138200000   0.0156740000   0.0351960000   0.0025640000  -0.0006820000  -0.0252850000  -0.0010580000   0.0161380000  -0.0014840000  -0.0014790000  -0.0155430000   0.0271520000
   6.7098831475   6.5801995558 1450  2.56E+00  -0.3692070000   1.2691230000   1.9333870000  -0.1300330000  -0.1241370000   1.8797910000  -0.5534640000  -0.3772930000   8.4414710000   0.2150350000   0.4598870000   8.5686210000   1.0647180000   1.2597420000   8.6173460000   0.0033850000  -0.0197140000  -0.0007260000  -0.0033710000   0.0197470000   0.0007680000   0.0525350000   0.0480020000   0.0035030000  -0.0446440000  -0.0322540000   0.0016820000  -0.0079050000  -0.0157820000  -0.0052270000
   6.7085371087   6.5802049738 2173  1.76E+00  -1.0850470000   0.8597460000   2.1891610000   0.0155320000  -0.0156520000   1.7400170000   0.3563680000  -0.7625930000   8.2688000000  -0.0279210000   0.2563350000   8.7863460000  -0.3446180000   1.2818430000   9.3085220000  -0.0071010000   0.0056760000   0.0029220000   0.0070440000  -0.0055470000  -0.0029630000   0.0207010000  -0.0438050000  -0.0204440000  -0.0144650000   0.0103480000   0.0026260000  -0.0061790000   0.0333280000   0.0178580000
   6.7084048615   6.5813184900 2291  4.97E+00   1.0907850000   1.2163370000   2.5665470000   0.2943300000   0.2221120000   1.6840780000  -0.7142550000  -1.1291990000   9.5269090000  -0.6205520000  -0.1365860000   8.9103330000  -0.3585750000   0.7334900000   8.2129340000   0.0176820000   0.0220370000   0.0195000000  -0.0176880000  -0.0221430000  -0.0196920000   0.0130150000   0.0001650000  -0.0108550000  -0.0091510000   0.0615380000  -0.0270870000  -0.0038580000  -0.0615970000   0.0381340000
   6.7057700722   6.5811151323 2649  4.43E+00  -0.8830330000  -0.4540840000   2.4997360000   0.0080180000   0.0073100000   1.5697040000   0.5120220000   0.7687330000  10.0346650000  -0.0572460000   0.2770150000   9.1141840000  -0.4534540000  -0.2969150000   8.1275670000   0.0319750000   0.0165730000  -0.0334830000  -0.0319170000  -0.0164750000   0.0331570000   0.0247650000   0.0076090000   0.0198650000  -0.0180760000   0.0218510000   0.0249570000  -0.0067470000  -0.0295580000  -0.0444960000
   6.7069942675   6.5823529837 2767  5.46E+00   0.5304070000  -1.1394050000   2.8480670000   0.8864940000  -0.2101080000   1.6588740000  -2.0676000000   0.6153750000   9.9876910000  -1.5278120000   0.7118610000   8.9571030000  -1.2462630000   0.6590230000   7.8251800000  -0.0079030000  -0.0208290000   0.0264560000   0.0080590000   0.0207290000  -0.0268040000  -0.0095170000  -0.0089550000  -0.0240050000   0.0349940000   0.0180620000   0.0031330000  -0.0256330000  -0.0090060000   0.0212190000
   6.7097454737   6.5836868185 2977  5.83E+00   0.2470850000   0.9331310000   2.4834090000  -0.0014660000  -0.0147720000   1.5473730000  -0.4073460000   0.7966260000  10.1279170000   0.0574940000   0.2467610000   9.1552630000   0.3559390000  -0.2792070000   8.1160310000  -0.0107170000  -0.0407720000  -0.0403720000   0.0106680000   0.0408790000   0.0400950000  -0.0340750000   0.0304160000   0.0480580000   0.0321160000  -0.0115610000  -0.0057910000   0.0020080000  -0.0189620000  -0.0419890000
   6.7058081080   6.5816986670 3175  1.01E+00  -1.6847770000  -0.2836210000   2.5500820000  -0.4410350000  -0.7335620000   1.9201650000   0.1935610000   1.1391270000   9.3161990000   0.8299910000   1.6026330000   8.4734130000   1.4921480000   2.0269130000   7.5736010000  -0.0040790000   0.0014440000   0.0020810000   0.0039380000  -0.0015640000  -0.0020960000   0.0234810000   0.0133680000  -0.0316190000  -0.0421260000  -0.0219030000   0.0562690000   0.0187860000   0.0086560000  -0.0246350000
   6.7076272702   6.5846969017 3295  4.30E+00  -0.6377140000   1.1723550000   1.8306500000   0.0027130000  -0.0133610000   1.9430640000  -1.1266550000   0.5627130000   8.4169480000  -0.0009400000   0.2482150000   8.4437240000   1.1539890000  -0.0685070000   8.4261000000   0.0286550000  -0.0530470000   0.0050510000  -0.0286730000   0.0530500000  -0.0049920000   0.0102070000  -0.0024730000  -0.0012550000  -0.0492420000   0.0128030000   0.0031350000   0.0390530000  -0.0103330000  -0.0019410000
   6.7060196703   6.5836527340 3309  7.86E+00  -1.1748940000   0.6137040000   2.6214820000  -2.4302190000  -0.2074600000   3.0692580000   5.5972840000   0.5394410000   6.5826030000   4.4539550000   0.5291140000   6.2656010000   3.2702760000   0.7484750000   6.2212460000   0.0308950000   0.0202210000  -0.0111450000  -0.0311160000  -0.0203220000   0.0108730000   0.0166590000   0.0145900000   0.0224920000   0.0228060000  -0.0361680000  -0.0388620000  -0.0392440000   0.0216780000   0.0166420000
   6.7068017410   6.5824415612 3556  9.73E+00  -1.5548790000  -0.0208990000   2.2690180000  -0.3112910000  -0.4817240000   1.8961600000  -0.5046620000   1.2016300000   9.0200960000   0.6174890000   1.2162560000   8.4924780000   1.6937390000   0.9801640000   7.9929850000   0.0384330000  -0.0142130000  -0.0114840000  -0.0384820000   0.0142600000   0.0115060000  -0.0925920000  -0.0142520000   0.0449150000   0.0412000000   0.0389410000  -0.0228670000   0.0514410000  -0.0247360000  -0.0220700000
   6.7076008473   6.5837370052 3641  6.43E+00   0.1773520000   2.0020620000   3.4622470000   0.6499190000   1.5285830000   2.0399910000  -0.8710480000  -1.5743960000   7.6438980000  -1.2477600000  -2.5756120000   8.1532880000  -1.4492870000  -3.5646770000   8.8303080000  -0.0120460000   0.0121490000   0.0361920000   0.0120770000  -0.0120560000  -0.0364900000   0.0149070000   0.0127580000   0.0048190000  -0.0139940000   0.0419120000  -0.0526530000  -0.0009440000  -0.0547630000   0.0481310000
   6.7055734813   6.5845613039 3799  3.46E+00  -1.3136980000  -0.2876140000   1.9263140000   0.0157170000   0.0072510000   1.9088240000  -0.0759920000  -0.9076350000   8.6361310000   0.0057460000   0.2420640000   8.4794220000   0.0759490000   1.3955000000   8.3450950000   0.0522250000   0.0115810000  -0.0006550000  -0.0522190000  -0.0116110000   0.0007450000   0.0010000000   0.0248140000  -0.0004500000   0.0012610000   0.0000110000  -0.0056530000  -0.0022670000  -0.0247940000   0.0060130000
   6.7069718464   6.5839365464 3927  6.32E+00   0.3227460000   1.4311960000   2.3827510000   0.4743380000   0.0627920000   1.6992970000  -1.4947280000  -0.3547300000   7.9680030000  -0.9396410000   0.1859770000   8.8510800000  -0.1891760000   0.4990230000   9.7518940000  -0.0030140000   0.0274810000   0.0137190000   0.0031210000  -0.0273730000  -0.0138000000   0.0138720000  -0.0122340000   0.0061500000  -0.0630220000   0.0108770000  -0.0523320000   0.0490440000   0.0012500000   0.0462640000
