   6.7072277353   6.6160180695   81  4.16E+00   0.2378340000  -1.3131330000   2.8826800000   1.2316600000  -0.8868790000   2.0516810000  -3.2646920000   2.2385450000   8.6944150000  -2.2133470000   1.8553600000   8.2622030000  -1.2399530000   1.5683410000   7.6761560000   0.0379440000   0.0162400000  -0.0318000000  -0.0379370000  -0.0163670000   0.0315600000  -0.0429680000   0.0200860000   0.0062320000   0.0557250000  -0.0288980000  -0.0020580000  -0.0127640000   0.0089390000  -0.0039340000
   6.7073954746   6.6175156004  177  6.57E+00  -0.1586760000  -1.3103280000   2.0377780000  -1.3019710000  -1.1527050000   2.7501110000   3.2225750000   2.2885710000   6.1379740000   2.3910790000   2.4593060000   6.9650250000   1.4948070000   2.3923520000   7.7714890000  -0.0485440000   0.0066970000   0.0302430000   0.0485190000  -0.0066690000  -0.0302460000   0.0091760000  -0.0162560000  -0.0126950000   0.0329640000   0.0329140000  -0.0217800000  -0.0421160000  -0.0166850000   0.0344790000
   6.7082236767   6.6197416846  579  4.62E+00   0.1475410000  -2.0061230000   2.7678420000  -0.7348870000  -0.8920760000   2.1489480000   2.4006540000   2.3361760000   7.8044300000   1.2912520000   1.9882360000   8.0344620000   0.2909170000   1.4405700000   8.2585690000   0.0196680000  -0.0247970000   0.0137860000  -0.0196200000   0.0248610000  -0.0138150000   0.0204310000  -0.0090210000  -0.0021310000  -0.0533920000   0.0080100000   0.0068650000   0.0329130000   0.0009460000  -0.0047050000
   6.7080054227   6.6160175152 1015  4.22E+00  -1.6804620000   0.8309140000   2.5460850000  -1.0834050000  -0.4935800000   2.0815330000   0.8561790000   1.3713210000   8.1256910000   2.0388670000   1.1863400000   8.1172250000   3.1299120000   0.8384800000   8.2258370000  -0.0106030000   0.0235780000   0.0082160000   0.0107340000  -0.0236180000  -0.0083680000  -0.0340250000  -0.0061400000   0.0097660000   0.0860870000   0.0022500000  -0.0135610000  -0.0521940000   0.0039300000   0.0039470000
   6.7062113224   6.6170528643 1133  2.05E+00  -0.7042460000  -1.3295400000   2.0338860000   0.0075250000   0.0120150000   1.9071750000   0.9711010000   0.8990820000   8.5191410000  -0.0058630000   0.2674290000   8.5096270000  -0.9599120000  -0.3884050000   8.4408660000  -0.0124720000  -0.0235290000   0.0022290000   0.0125010000   0.0235580000  -0.0021860000  -0.0193500000  -0.0151710000  -0.0030790000  -0.0095180000  -0.0019830000   0.0037260000   0.0288400000   0.0171240000  -0.0006910000
   6.7091087281   6.6179614920 1165  4.11E+00  -0.7843310000   0.2991740000   2.3583880000  -2.0995440000  -0.2705190000   2.5984450000   3.4343060000   0.7506040000   6.0814360000   3.7675540000   0.7605440000   7.2654870000   4.2724560000   0.6983190000   8.3397280000  -0.0006110000  -0.0002350000   0.0000240000   0.0002640000   0.0001760000  -0.0001160000  -0.0110690000  -0.0044930000  -0.0841750000  -0.0123100000   0.0102770000   0.0610160000   0.0237260000  -0.0057250000   0.0232500000
   6.7056137735   6.6179125720 1270  4.29E+00   1.0995060000  -0.4190780000   2.5673840000  -0.0178850000   0.0068800000   1.5424290000   0.6560960000   0.1927110000  10.1445650000  -0.0213620000   0.2427860000   9.1454420000  -0.6200100000   0.3047470000   8.1261580000   0.0291280000  -0.0110970000   0.0266260000  -0.0290000000   0.0110640000  -0.0268440000   0.0385050000  -0.0017650000   0.0492750000  -0.0346520000   0.0001010000  -0.0352300000  -0.0039810000   0.0016980000  -0.0138280000
   6.7097548982   6.6190830506 1652  4.56E+00   0.3839450000  -1.2108920000   2.2459330000  -0.2849760000  -0.1268470000   1.7416840000  -0.1126110000   1.2852350000   9.4116070000   0.5143110000   0.5595830000   8.7165770000   1.1255690000  -0.3078430000   8.2061920000  -0.0233620000   0.0378400000  -0.0176350000   0.0232640000  -0.0377120000   0.0175870000  -0.0091200000   0.0002860000   0.0218870000   0.0105700000   0.0079010000  -0.0361360000  -0.0013510000  -0.0083150000   0.0142970000
   6.7089633147   6.6193577260 1797  5.45E+00   2.1114840000  -0.2001700000   2.7371670000   0.9329270000  -0.1597460000   2.0167000000  -2.8847660000   0.4003550000   8.2156870000  -1.7369660000   0.5505240000   8.1810700000  -0.6035940000   0.6844660000   8.3996700000  -0.0339660000   0.0011590000  -0.0207670000   0.0338030000  -0.0011620000   0.0207880000   0.0383040000   0.0041290000   0.0181580000  -0.0011080000   0.0010270000  -0.0314350000  -0.0370340000  -0.0051530000   0.0132550000
   6.7059211473   6.6176796344 1797  5.08E+00   2.1202690000  -0.1950260000   2.7452720000   0.9332120000  -0.1598540000   2.0162300000  -2.8856020000   0.4001030000   8.2209750000  -1.7368280000   0.5506060000   8.1799950000  -0.6048370000   0.6848690000   8.3970240000  -0.0276740000   0.0008140000  -0.0169990000   0.0275120000  -0.0008170000   0.0170230000   0.0360680000   0.0038630000   0.0184030000   0.0046190000   0.0017050000  -0.0314730000  -0.0405240000  -0.0055650000   0.0130470000
   6.7057227301   6.6191386711 2134  3.56E+00  -0.1993280000   2.0166310000   2.6030430000  -0.1528210000   0.8202870000   1.9577960000   0.7127500000  -2.3772140000   8.2396760000   0.2797420000  -1.2841630000   8.4204280000  -0.1469670000  -0.1948640000   8.4986240000   0.0018820000  -0.0482140000  -0.0260110000  -0.0018550000   0.0481490000   0.0259910000   0.0099500000  -0.0245300000  -0.0095300000  -0.0122410000   0.0298720000   0.0149920000   0.0022630000  -0.0052770000  -0.0054410000
   6.7075077905   6.6159937700 2271  3.44E+00  -0.1482730000  -1.3575880000   3.0360850000   1.0426140000  -1.3487870000   2.1371040000  -1.5133760000   1.9364210000   7.2796420000  -1.7900460000   2.7874600000   8.0474540000  -2.3405720000   3.4804140000   8.8158540000  -0.0124540000  -0.0001730000   0.0093100000   0.0126160000   0.0000090000  -0.0096330000  -0.0204430000  -0.0065230000   0.0044700000   0.0351980000   0.0222390000   0.0010170000  -0.0149180000  -0.0155520000  -0.0051640000
   6.7069854855   6.6175812319 2271  3.86E+00  -0.1682330000  -1.3683010000   3.0364720000   1.0430460000  -1.3488650000   2.1371080000  -1.5155560000   1.9383830000   7.2790860000  -1.7891800000   2.7866900000   8.0456870000  -2.3399420000   3.4800990000   8.8176960000  -0.0173520000  -0.0003590000   0.0127920000   0.0175110000   0.0001990000  -0.0131080000  -0.0221300000  -0.0018850000   0.0088160000   0.0393170000   0.0146810000  -0.0066770000  -0.0173460000  -0.0126350000  -0.0018230000
   6.7068159851   6.6191491381 2271  4.43E+00  -0.1878520000  -1.3790060000   3.0366070000   1.0434740000  -1.3489440000   2.1371150000  -1.5177090000   1.9403480000   7.2785190000  -1.7883790000   2.7858950000   8.0439310000  -2.3392910000   3.4798000000   8.8195390000  -0.0218270000  -0.0006130000   0.0158530000   0.0219830000   0.0004570000  -0.0161620000  -0.0238070000   0.0028280000   0.0132390000   0.0433490000   0.0071180000  -0.0143840000  -0.0196990000  -0.0097900000   0.0014540000
   6.7068680651   6.6199644055 2615  6.78E+00   0.2043840000   1.0393120000   1.6544810000   0.6623810000  -0.3164860000   2.0641310000  -2.3868940000   0.6303670000   7.9077080000  -1.1995080000   0.7907260000   8.2080580000  -0.0336090000   0.9788410000   8.5187150000  -0.0044160000   0.0130730000  -0.0039240000   0.0044080000  -0.0130690000   0.0039990000  -0.0954580000  -0.0111320000  -0.0220390000   0.0197610000  -0.0028800000  -0.0002870000   0.0757050000   0.0140090000   0.0222510000
   6.7053972153   6.6165059077 2872  4.12E+00   1.5093830000  -0.7378930000   3.4095440000   1.0155840000  -1.1854730000   2.0195300000  -2.2542110000   2.7591020000   9.2967100000  -1.8106670000   2.4483340000   8.2867950000  -1.5536980000   2.0576460000   7.1827770000   0.0103820000   0.0092240000   0.0288400000  -0.0101350000  -0.0094660000  -0.0291170000   0.0087230000  -0.0203400000  -0.0551080000  -0.0019190000   0.0348850000   0.0881430000  -0.0070510000  -0.0143030000  -0.0327590000
   6.7062760185   6.6190746926 2872  3.88E+00   1.4988380000  -0.7418610000   3.4050310000   1.0159650000  -1.1856570000   2.0195060000  -2.2507810000   2.7572130000   9.2975730000  -1.8112990000   2.4503800000   8.2862940000  -1.5578920000   2.0591680000   7.1826950000   0.0094040000   0.0084570000   0.0265970000  -0.0091580000  -0.0086990000  -0.0268740000   0.0098260000  -0.0214240000  -0.0581810000  -0.0025060000   0.0357240000   0.0894510000  -0.0075670000  -0.0140590000  -0.0309930000
   6.7094309043   6.6192518299 2955  3.50E+00   1.7157540000   0.4360810000   2.5094300000   0.7017470000  -0.4700570000   1.9615040000  -0.3455730000   1.5413590000   8.9302190000  -1.3648760000   1.1241990000   8.4299600000  -2.2426130000   0.6224870000   7.7883030000   0.0036340000   0.0032520000   0.0019720000  -0.0035650000  -0.0032230000  -0.0019870000   0.0574940000   0.0155320000   0.0170020000  -0.0366490000   0.0054820000   0.0108440000  -0.0209140000  -0.0210430000  -0.0278300000
   6.7086396289   6.6196888514 2977  3.53E+00   0.2533750000   0.9633510000   2.5003300000  -0.0015830000  -0.0150900000   1.5368340000  -0.4066760000   0.8026590000  10.1452920000   0.0514680000   0.2449800000   9.1673400000   0.3599790000  -0.2842210000   8.1411600000  -0.0055780000  -0.0213030000  -0.0210840000   0.0055290000   0.0214070000   0.0208320000  -0.0353960000   0.0342790000   0.0549980000   0.0347560000  -0.0200970000  -0.0230800000   0.0006890000  -0.0142860000  -0.0316660000
   6.7090276528   6.6199817316 3036  5.12E+00  -1.4962610000   0.4139730000   2.0117320000   0.0190060000  -0.0056830000   1.8891540000  -0.5300360000  -0.7689760000   8.6596390000   0.0252560000   0.2490940000   8.5438720000   0.5104230000   1.2719590000   8.3660590000  -0.0398320000   0.0110330000   0.0032460000   0.0398430000  -0.0110510000  -0.0031900000   0.0062420000   0.0210150000  -0.0055020000   0.0255110000   0.0350150000  -0.0013150000  -0.0317630000  -0.0560120000   0.0067610000
   6.7077766675   6.6160331561 3518  4.73E+00   1.0672530000  -0.8719240000   2.3254660000  -0.0106800000   0.0088840000   1.6851780000  -0.8610020000   0.6941600000   9.5529120000  -0.0601270000   0.1697880000   8.8552530000   0.8922410000  -0.1233770000   8.2379740000   0.0205720000  -0.0168450000   0.0121820000  -0.0207320000   0.0168540000  -0.0122950000   0.0013090000   0.0213120000   0.0137840000  -0.0002500000  -0.0403070000  -0.0280590000  -0.0008980000   0.0189860000   0.0143880000
   6.7099952543   6.6170024688 3533  6.13E+00  -0.2042780000  -1.0778930000   1.9612800000  -0.4748510000   0.2263860000   1.8849900000   0.9172720000  -1.2435320000   8.1846770000   0.8508770000  -0.1256760000   8.5190210000   0.8283710000   0.9628350000   8.8836550000  -0.0151500000   0.0730270000  -0.0042850000   0.0151380000  -0.0729070000   0.0043230000   0.0024400000   0.0152540000   0.0090950000  -0.0068500000   0.0391910000   0.0052480000   0.0044220000  -0.0545650000  -0.0143800000
   6.7079508015   6.6168438035 3556  7.41E+00  -1.6748400000  -0.1363030000   2.5742510000  -0.3166940000  -0.4111270000   1.7955910000   1.5749420000   0.9093320000   7.9972620000   0.6662160000   1.0595360000   8.7456390000  -0.3879010000   1.0448030000   9.3088070000  -0.0379050000   0.0076750000   0.0217260000   0.0377950000  -0.0076760000  -0.0218020000   0.0035830000  -0.0121360000  -0.0203450000   0.0344110000   0.0227770000   0.0158240000  -0.0378840000  -0.0106400000   0.0045960000
   6.7064746293   6.6152127784 3562  5.45E+00  -0.4240820000  -1.4602980000   2.1076220000   0.0070400000   0.0213040000   1.9049980000  -0.2204580000  -0.9091260000   8.5412650000  -0.0504170000   0.2636790000   8.5779450000   0.2498670000   1.3844630000   8.3736820000  -0.0100360000  -0.0344500000   0.0047090000   0.0100120000   0.0344680000  -0.0047370000   0.0066470000  -0.0166360000  -0.0149120000  -0.0155470000   0.0186220000   0.0297520000   0.0089240000  -0.0020050000  -0.0148130000
   6.7056739642   6.6189645452 3592  7.60E+00  -0.9106840000  -0.7840210000   2.0232670000  -1.5225650000  -1.5159580000   3.1872480000   1.8829600000   2.7307670000   6.9526720000   2.7777730000   3.0148070000   6.1379060000   3.6932140000   3.3141600000   5.3954530000   0.0083480000   0.0099540000  -0.0157830000  -0.0082690000  -0.0099360000   0.0156980000  -0.0738790000  -0.0223500000   0.0734740000   0.0152650000   0.0023990000  -0.0312580000   0.0585360000   0.0199330000  -0.0421300000
   6.7060764814   6.6174358909 3639  3.97E+00  -0.8964590000   1.2250040000   1.8930930000   0.0096550000  -0.0163880000   1.9061370000  -1.1719460000   0.2116570000   8.4132310000  -0.0082740000   0.3138500000   8.4773460000   1.1864170000   0.2450740000   8.5850670000  -0.0181190000   0.0248510000  -0.0002240000   0.0181380000  -0.0248180000   0.0003150000   0.0113720000  -0.0100000000   0.0046810000  -0.0559120000   0.0232280000  -0.0126600000   0.0445220000  -0.0132610000   0.0078880000
   6.7052482452   6.6191063924 3820  6.24E+00  -0.0779300000   0.8402410000   2.0835110000  -0.1830680000  -0.4585200000   1.7111850000  -0.6078790000   0.7260590000   8.2095600000   0.3678020000   1.0739960000   8.7698430000   1.2509640000   1.3923930000   9.5308070000  -0.0044770000  -0.0558960000  -0.0160240000   0.0046310000   0.0559260000   0.0159450000  -0.0079090000  -0.0023670000   0.0127750000  -0.0274010000  -0.0106620000  -0.0608560000   0.0351570000   0.0130000000   0.0481610000
