   6.7156683358   6.3929646377   31  2.32E+01  -1.6707820000  -1.0230800000   2.1967200000  -0.2756470000  -0.6805260000   2.1192310000   1.5043770000   1.8672770000   7.7058410000   0.4142660000   1.6578080000   7.9903040000  -0.3334500000   1.0390480000   8.5747100000   0.0072180000   0.0018230000  -0.0003590000  -0.0073140000  -0.0016820000   0.0004660000  -0.0721860000  -0.0575190000   0.0566740000  -0.0502520000   0.0201370000  -0.0152480000   0.1225330000   0.0372420000  -0.0415330000
   6.7153862944   6.3928091260  252  1.48E+01  -0.6755570000  -0.0524820000   1.9131300000  -0.4723200000  -1.3625240000   2.2396190000   1.5559690000   2.1739170000   7.1638080000   0.8703240000   2.6713810000   7.8534360000   0.1921270000   3.3164440000   8.6361040000   0.0075690000  -0.0489210000   0.0122220000  -0.0076700000   0.0489250000  -0.0122000000  -0.1280150000   0.1052100000   0.1379500000   0.1615110000  -0.1488700000  -0.1848960000  -0.0333950000   0.0436570000   0.0469240000
   6.7181133026   6.3946593789  252  1.34E+01  -0.6751590000  -0.0493410000   1.9101490000  -0.4725470000  -1.3626090000   2.2396900000   1.5585040000   2.1736270000   7.1652900000   0.8688970000   2.6741860000   7.8541660000   0.1917690000   3.3148580000   8.6339070000   0.0071360000  -0.0464020000   0.0116710000  -0.0072450000   0.0464020000  -0.0116570000  -0.1214750000   0.1002790000   0.1307860000   0.1512870000  -0.1401060000  -0.1736630000  -0.0297040000   0.0398270000   0.0428630000
   6.7187749559   6.3915406357  337  3.41E+00   0.7172740000  -2.0273680000   4.3333510000  -0.6374850000  -2.3942340000   3.9375720000   1.4053760000   5.4455430000   5.6052600000   1.2059400000   4.6626390000   4.7166900000   0.8278910000   3.8270230000   3.9169270000   0.0017100000   0.0003950000   0.0005390000  -0.0017230000  -0.0007080000  -0.0004180000  -0.0015820000   0.0306380000   0.0427100000   0.0319150000   0.0162160000  -0.0044610000  -0.0303210000  -0.0465410000  -0.0383690000
   6.7190262818   6.3937115109  510  3.87E+00   1.0368710000  -1.1222530000   2.2404280000   0.0656110000  -0.2339540000   1.8398850000  -1.0506680000   1.1537690000   7.9805440000  -0.1051910000   0.7196010000   8.6003480000   0.7366280000   0.2328300000   9.2344100000  -0.0308600000   0.0282640000  -0.0127160000   0.0310340000  -0.0283510000   0.0126710000  -0.0499180000   0.0169610000  -0.0255830000   0.0720920000  -0.0228740000   0.0358370000  -0.0223470000   0.0060000000  -0.0102100000
   6.7150876139   6.3929570614  639  6.58E+00   0.4532910000  -2.3146640000   2.9641430000  -0.4725000000  -1.1887950000   2.4149110000   0.9825090000   3.4350120000   6.9140550000   0.9137040000   2.5101820000   7.6118610000   0.6627970000   1.4512380000   8.1255350000   0.0217500000  -0.0264230000   0.0128660000  -0.0217190000   0.0264610000  -0.0129790000  -0.0135900000  -0.0321870000   0.0068300000   0.0334590000   0.0745370000  -0.0126360000  -0.0198990000  -0.0423890000   0.0059190000
   6.7199142228   6.3900470197  639  6.20E+00   0.4430940000  -2.3146720000   2.9595110000  -0.4725790000  -1.1893600000   2.4147150000   0.9843770000   3.4372310000   6.9184920000   0.9135970000   2.5108710000   7.6124680000   0.6620440000   1.4513260000   8.1219130000   0.0203460000  -0.0249770000   0.0120680000  -0.0203160000   0.0250160000  -0.0121820000  -0.0137430000  -0.0339120000   0.0079170000   0.0332090000   0.0746030000  -0.0127070000  -0.0194960000  -0.0407300000   0.0049030000
   6.7169754794   6.3905728211 1234  8.83E-01  -0.8951690000  -1.5011360000   2.9997720000  -0.1457140000  -0.9327570000   1.8264100000   0.4407900000   2.8832920000   9.3258020000   0.2394760000   1.9861070000   8.6273360000   0.1635690000   1.0664110000   7.8883480000  -0.0099770000  -0.0075810000   0.0154370000   0.0099270000   0.0075260000  -0.0158570000   0.0022510000  -0.0296470000  -0.0244020000  -0.0105950000   0.0347670000   0.0291230000   0.0083940000  -0.0050650000  -0.0043010000
   6.7154973691   6.3925868178 1234  1.22E+00  -0.9074820000  -1.4975240000   3.0048480000  -0.1456620000  -0.9333760000   1.8255360000   0.4410220000   2.8816030000   9.3279110000   0.2388330000   1.9859240000   8.6306330000   0.1643320000   1.0710980000   7.8878090000  -0.0116900000  -0.0086720000   0.0179110000   0.0116380000   0.0086150000  -0.0183320000   0.0017360000  -0.0325590000  -0.0272080000  -0.0105060000   0.0351060000   0.0304210000   0.0088220000  -0.0024900000  -0.0027920000
   6.7172459815   6.3928375662 1369  1.11E+00   0.2495340000   1.3675170000   1.8703960000  -0.0037250000  -0.0222240000   1.9158120000   0.7374600000   1.1309130000   8.7013060000  -0.0060950000   0.2663330000   8.4918340000  -0.7300030000  -0.6183390000   8.2392240000  -0.0037090000  -0.0203930000   0.0007060000   0.0037620000   0.0204610000  -0.0006810000  -0.0184730000  -0.0244690000  -0.0073980000   0.0097020000   0.0168090000   0.0060860000   0.0087190000   0.0075930000   0.0012870000
   6.7169553244   6.3944097158 1591  6.81E+00  -0.2025000000  -0.4913900000   1.5121540000  -0.4852490000   0.9110850000   2.0891000000   1.6498410000  -0.7074530000   8.7157060000   0.9232170000  -1.3427190000   8.0791540000   0.0933130000  -2.1161210000   7.6917570000   0.0059710000  -0.0294180000  -0.0121160000  -0.0058160000   0.0295460000   0.0121780000  -0.0320210000  -0.0316570000  -0.0044450000   0.0584260000   0.0600580000  -0.0049260000  -0.0265590000  -0.0285280000   0.0093090000
   6.7183326491   6.3907557046 1824  1.80E+01   0.2713030000  -0.5227510000   1.2950850000  -0.6178730000  -1.2683130000   2.5894270000   0.3439600000   2.0776060000   8.0284450000   1.0505650000   2.5642070000   7.2111170000   1.9361030000   3.0523260000   6.5455670000   0.0341900000   0.0286810000  -0.0497910000  -0.0342310000  -0.0286160000   0.0499020000  -0.0000500000  -0.0068280000   0.0229740000  -0.0518420000  -0.0167280000  -0.0027840000   0.0519330000   0.0234910000  -0.0203010000
   6.7156504696   6.3908794549 1890  8.43E-01   1.4620060000  -0.0587260000   2.2190650000   0.2989700000  -0.8290430000   1.9676070000  -0.2194030000   1.2180430000   9.3616780000  -0.5643960000   1.7332580000   8.3658080000  -0.9421470000   2.3126230000   7.3928170000  -0.0151040000  -0.0100650000  -0.0032610000   0.0152170000   0.0098640000   0.0032220000  -0.0017810000   0.0036800000   0.0033080000   0.0135820000  -0.0227890000   0.0178700000  -0.0119120000   0.0193110000  -0.0211390000
   6.7186100326   6.3940783385 1903  9.92E-01   0.2360650000   1.3183320000   2.2769300000  -0.0036080000  -0.0122920000   1.6864230000  -0.1755450000   0.9873920000   7.9995290000  -0.0437670000   0.2314330000   8.9011330000   0.2115500000  -0.4951230000   9.7537540000   0.0014860000   0.0081600000   0.0035230000  -0.0014540000  -0.0083350000  -0.0038430000   0.0075970000   0.0072210000  -0.0073100000  -0.0051530000  -0.0403980000   0.0472320000  -0.0024760000   0.0333530000  -0.0396010000
   6.7156071025   6.3939551020 1907  4.54E+00   1.0152600000  -1.1746630000   2.0304850000  -0.0121240000   0.0129380000   1.9003750000  -0.1139740000  -0.8482490000   8.8383890000   0.0173080000   0.2595660000   8.5148090000   0.0975660000   1.3504600000   8.1519080000   0.0268220000  -0.0310130000   0.0034360000  -0.0268240000   0.0309370000  -0.0034050000  -0.0004240000   0.0268740000  -0.0098250000   0.0076300000   0.0212300000  -0.0046880000  -0.0072040000  -0.0480270000   0.0144820000
   6.7188312860   6.3903301474 2012  9.03E-01  -1.2039570000   0.3874760000   2.2461080000   0.0735360000  -0.2200490000   1.6969010000   0.5397430000   1.1548650000   9.7075360000  -0.0840520000   0.6122750000   8.8671330000  -0.7680480000   0.1477410000   8.0208860000  -0.0207120000   0.0098850000   0.0088240000   0.0208540000  -0.0098280000  -0.0091040000   0.0022770000   0.0103790000   0.0084310000   0.0081440000  -0.0110410000  -0.0015530000  -0.0105630000   0.0006060000  -0.0065980000
   6.7153190733   6.3927903055 2051  4.59E+00  -0.7649490000  -1.0741750000   2.4774330000   0.0090260000   0.0099430000   1.6238770000   0.3211870000   0.8329080000   9.9538210000  -0.0272930000   0.1995010000   9.0294650000  -0.2975830000  -0.2769750000   8.0028610000  -0.0208390000  -0.0291900000   0.0228430000   0.0208770000   0.0292430000  -0.0232160000   0.0044080000   0.0090490000  -0.0092080000  -0.0166650000  -0.0320130000  -0.0112720000   0.0122190000   0.0229110000   0.0208530000
   6.7180469770   6.3908392858 2173  5.21E+00  -0.5941770000   1.2684460000   2.1058360000  -0.0650150000   0.0167160000   1.7845000000   0.0267670000   1.1277590000   8.0773520000   0.1660330000   0.1957760000   8.6939780000   0.2107250000  -0.7504510000   9.3524030000   0.0116120000  -0.0274850000  -0.0071060000  -0.0115880000   0.0273380000   0.0070110000   0.0070370000  -0.0974350000   0.0690520000   0.0022630000   0.0581080000  -0.0448790000  -0.0093240000   0.0394750000  -0.0240770000
   6.7167132016   6.3927651934 2206  1.35E+00  -0.3054820000   2.4226630000   4.9786630000   0.6890620000   2.4220300000   3.8621970000  -1.1711660000  -3.4067690000   5.7147900000  -1.2183720000  -4.2310440000   4.8835250000  -1.3363050000  -4.9781700000   4.0179390000  -0.0111760000   0.0000740000   0.0125250000   0.0112540000   0.0000830000  -0.0127260000  -0.0061140000  -0.0063780000  -0.0120790000   0.0060520000  -0.0314570000  -0.0234670000  -0.0000160000   0.0376780000   0.0357470000
   6.7173741902   6.3945285880 2477  1.37E+00  -1.2610290000  -0.6301680000   2.2628470000   0.0157780000   0.0112590000   1.7357760000  -0.2587700000  -0.6244690000   9.5549370000   0.0264490000   0.2367690000   8.7984370000   0.2395630000   1.1178750000   8.0298460000  -0.0222080000  -0.0111990000   0.0091670000   0.0221690000   0.0110220000  -0.0093070000  -0.0083130000  -0.0102910000   0.0101240000   0.0087810000  -0.0073510000   0.0031410000  -0.0004300000   0.0178190000  -0.0131250000
   6.7177497308   6.3903248514 2982  6.59E+00   1.1802460000  -1.2775140000   2.9741610000   0.0149220000  -2.1496630000   2.9452320000  -0.6045340000   5.1944580000   6.6261430000  -0.0424800000   4.2322190000   6.6177780000   0.4875400000   3.1325320000   6.5105230000   0.0005250000   0.0003060000  -0.0001050000  -0.0006330000  -0.0006420000  -0.0002590000   0.0631310000  -0.1208500000  -0.0075050000  -0.0899000000   0.1889680000   0.0192280000   0.0268760000  -0.0677820000  -0.0113590000
   6.7159958491   6.3932434043 3111  4.26E+00   1.0795020000  -1.0583090000   2.6329460000   0.2846570000  -0.2080500000   1.6865690000  -1.3928690000   0.6876480000   9.6860750000  -0.4788450000   0.7375420000   8.9139550000   0.2626740000   0.5520830000   8.0344250000   0.0098650000  -0.0105900000   0.0116630000  -0.0099360000   0.0105590000  -0.0119670000  -0.0377040000  -0.0169640000   0.0155440000   0.0662990000   0.0280740000  -0.0300600000  -0.0285250000  -0.0110800000   0.0148200000
   6.7152185135   6.3933964925 3161  3.45E+00   1.2220120000  -1.6684780000   2.5121750000   0.0432630000  -0.9360290000   2.2138190000  -0.4331840000   3.0008660000   7.4845110000  -0.1206010000   1.9971700000   7.9761090000   0.2306660000   0.9674160000   8.3144170000  -0.0144330000   0.0089760000  -0.0036600000   0.0144160000  -0.0089520000   0.0036550000   0.0125600000  -0.0325190000   0.0049510000   0.0096440000  -0.0396040000   0.0292830000  -0.0221860000   0.0720980000  -0.0342300000
   6.7178512825   6.3931611527 3239  2.63E+00   0.9864580000  -0.7001520000   2.4794240000  -0.0110530000   0.0093180000   1.5847590000   0.3807670000   0.3947010000   7.9542540000  -0.0664650000   0.2879320000   9.0402600000  -0.3378190000   0.0743970000  10.1895680000   0.0159150000  -0.0113600000   0.0141660000  -0.0160000000   0.0112950000  -0.0145190000   0.0125820000  -0.0060770000   0.0019030000  -0.0132310000   0.0207860000  -0.0491290000   0.0007340000  -0.0146440000   0.0475800000
   6.7180199012   6.3943170604 3489  3.36E+00  -1.2507970000   0.4998740000   1.8573140000   0.0133060000  -0.0025070000   1.9346190000   1.1368800000   0.0335030000   8.2293450000   0.0164120000   0.2488930000   8.4499600000  -1.1368520000   0.4483530000   8.6495160000   0.0492270000  -0.0195610000   0.0030430000  -0.0492570000   0.0195710000  -0.0029890000  -0.0258630000   0.0035500000   0.0048340000   0.0481640000  -0.0060210000  -0.0082820000  -0.0222700000   0.0024610000   0.0033950000
   6.7151707558   6.3916141668 3827  3.94E+00   0.4095100000   0.8861150000   2.1377330000   0.1576990000  -0.5561130000   1.7153900000  -0.6467590000   0.4841960000   7.9702550000  -0.2590270000   1.2873940000   8.8074820000   0.0278210000   1.9585720000   9.7174350000   0.0044620000   0.0253570000   0.0073550000  -0.0043200000  -0.0252640000  -0.0076990000  -0.0288740000  -0.0544220000  -0.0423110000   0.0368120000   0.0668180000   0.0441010000  -0.0080800000  -0.0124890000  -0.0014470000
   6.7177498221   6.3910867679 3908  1.09E+01   0.8252820000  -1.1672130000   2.1090790000  -0.7036530000  -0.7059390000   2.0578500000   1.4053390000   2.2979860000   7.2899220000   1.1294250000   1.5869780000   8.2287270000   1.2090280000   0.7975170000   9.1237130000   0.0441190000  -0.0133560000   0.0014840000  -0.0442400000   0.0131930000  -0.0014840000   0.0331170000   0.0245350000  -0.0388230000  -0.0570120000   0.0024420000   0.0154930000   0.0240170000  -0.0268140000   0.0233300000
