   6.7105951399   6.3859932201   68  1.55E+00  -1.6188100000  -0.3727860000   2.0950190000  -0.1527040000  -0.3427120000   1.9524040000   1.3403670000   0.3540310000   8.1221850000   0.3206790000   0.8716660000   8.3975430000  -0.7164710000   1.4143590000   8.6922270000  -0.0082340000  -0.0001600000   0.0008420000   0.0081920000   0.0001920000  -0.0007890000   0.0036240000  -0.0004680000   0.0014620000   0.0447360000  -0.0261180000  -0.0172980000  -0.0483180000   0.0265540000   0.0157840000
   6.7104389423   6.3886553634  252  1.71E+01  -0.6768060000  -0.0558390000   1.9183620000  -0.4718620000  -1.3623890000   2.2394860000   1.5513820000   2.1741000000   7.1603240000   0.8723620000   2.6665190000   7.8529080000   0.1929720000   3.3194490000   8.6403190000   0.0081290000  -0.0519390000   0.0127980000  -0.0082200000   0.0519460000  -0.0127660000  -0.1365880000   0.1117870000   0.1479840000   0.1758840000  -0.1616790000  -0.2012790000  -0.0392050000   0.0498850000   0.0532620000
   6.7128105908   6.3886202456  542  5.18E+00   1.3117420000   0.2639500000   1.7797700000  -0.0142720000  -0.0084180000   2.0082020000   0.2414980000  -0.9186630000   8.3503460000   0.0121260000   0.2769120000   8.3655620000  -0.2619650000   1.4238720000   8.2292680000  -0.0442380000  -0.0090800000   0.0076350000   0.0442410000   0.0091120000  -0.0076290000   0.0103560000  -0.0706060000  -0.0082460000  -0.0018790000   0.0489750000   0.0186440000  -0.0084800000   0.0215990000  -0.0104030000
   6.7142736538   6.3868485673  690  5.34E+00  -1.8030600000  -1.8894880000   3.8451900000  -0.2907410000  -2.2123150000   3.7847770000   0.5670170000   3.6991850000   6.0453640000   0.6152360000   4.2688150000   4.9891390000   0.5367580000   4.9517890000   4.0661450000  -0.0330490000   0.0070780000   0.0012790000   0.0330670000  -0.0070530000  -0.0014780000  -0.0095160000  -0.0075240000   0.0407110000   0.0145490000   0.0272140000  -0.0875540000  -0.0050510000  -0.0197140000   0.0470430000
   6.7117139893   6.3851886439 1064  5.78E+00   1.6581800000  -1.3478850000   3.0218190000   0.4290190000  -0.9801070000   2.0690790000  -0.1779690000   1.7627430000   9.1137490000  -0.8510620000   2.0848250000   8.2148250000  -1.4302350000   2.3396750000   7.1967350000   0.0355720000  -0.0106560000   0.0275780000  -0.0354320000   0.0105010000  -0.0276290000   0.0004540000  -0.0013710000  -0.0140730000   0.0114510000  -0.0028070000   0.0509700000  -0.0120450000   0.0043330000  -0.0368460000
   6.7120276966   6.3875834442 1103  4.31E-01  -0.1079050000   0.9310820000   2.0297320000  -0.2335470000  -0.4680780000   1.7937180000   0.6853550000   1.7097000000   7.7278670000   0.4584490000   1.0846730000   8.7160590000   0.1436760000   0.4427480000   9.6440660000  -0.0013180000  -0.0145110000  -0.0025200000   0.0012350000   0.0143030000   0.0023040000  -0.0007310000   0.0122550000  -0.0222350000   0.0059340000  -0.0120040000   0.0270510000  -0.0051200000  -0.0000430000  -0.0046010000
   6.7146118615   6.3898910608 1119  2.59E+00   1.6879980000  -0.2717510000   3.0484280000   0.9983630000  -0.5840810000   1.8578760000  -2.1510980000   1.4100950000   9.6970910000  -1.8311510000   1.2299810000   8.5662540000  -1.5666800000   1.2884040000   7.4026990000  -0.0107500000  -0.0049550000  -0.0187520000   0.0109670000   0.0047680000   0.0184650000  -0.0111010000   0.0191050000   0.0248070000   0.0089180000  -0.0356480000   0.0035190000   0.0019660000   0.0167300000  -0.0280390000
   6.7126825018   6.3879461063 1163  2.47E+00   1.4667100000  -0.1867780000   1.8462280000  -0.0200970000   0.0026300000   1.9669440000  -1.0780260000  -0.2388770000   8.5497190000   0.0176640000   0.2185240000   8.3881010000   1.0727260000   0.7611410000   8.2148440000   0.0196760000  -0.0025230000  -0.0015990000  -0.0197330000   0.0024750000   0.0016430000  -0.0422470000  -0.0115670000   0.0063630000   0.0069900000  -0.0128830000  -0.0010980000   0.0353150000   0.0244980000  -0.0053090000
   6.7100792809   6.3889727215 1369  1.36E+00   0.2477330000   1.3577700000   1.8721400000  -0.0037060000  -0.0221120000   1.9175000000   0.7381980000   1.1311710000   8.6980800000  -0.0044960000   0.2662580000   8.4880410000  -0.7319240000  -0.6184860000   8.2367570000  -0.0047380000  -0.0260440000   0.0008960000   0.0047930000   0.0261130000  -0.0008710000  -0.0188220000  -0.0245270000  -0.0072920000   0.0126660000   0.0196940000   0.0066540000   0.0061000000   0.0047640000   0.0006140000
   6.7133081154   6.3891020661 1545  3.76E+00  -1.5474790000  -0.8238000000   3.0054190000  -0.5323870000  -1.0860800000   1.9778460000   1.0875420000   2.2687810000   7.1683530000   1.1225380000   2.2341980000   8.3522090000   0.8261350000   2.2177390000   9.4956730000  -0.0042390000   0.0010170000   0.0042170000   0.0041210000  -0.0012790000  -0.0044190000  -0.0215850000   0.0023800000  -0.0080180000   0.0456200000  -0.0034330000   0.0023910000  -0.0239160000   0.0013150000   0.0058290000
   6.7114974924   6.3883853340 1674  1.16E+00  -1.0533210000   0.3734670000   2.3659860000  -0.0794530000  -0.4361510000   1.6689370000   0.0721640000   0.7063020000  10.0320570000   0.2280040000   1.0055480000   8.9236440000   0.2198410000   1.3812250000   7.7860470000   0.0027200000  -0.0023430000  -0.0020840000  -0.0027680000   0.0021250000   0.0017160000  -0.0070660000   0.0120660000  -0.0274140000   0.0178790000  -0.0273890000   0.0581450000  -0.0107650000   0.0155410000  -0.0303620000
   6.7125004142   6.3883104556 1775  2.88E+00  -0.7400230000  -1.1309920000   2.4911480000   0.4135100000  -0.7777540000   1.8295420000  -1.1589150000   1.6127950000   7.5412200000  -0.7078310000   1.6483880000   8.6011130000  -0.3282640000   1.7929920000   9.7090240000   0.0367030000   0.0111760000  -0.0210870000  -0.0365420000  -0.0113440000   0.0208920000   0.0144450000   0.0098800000   0.0515450000  -0.0123480000  -0.0185080000  -0.0632680000  -0.0022580000   0.0087960000   0.0119190000
   6.7110345030   6.3875829727 1824  1.75E+01   0.2594000000  -0.5081360000   1.2982590000  -0.6175410000  -1.2682660000   2.5893990000   0.3437490000   2.0758070000   8.0295140000   1.0529790000   2.5697840000   7.2088110000   1.9335930000   3.0487810000   6.5461700000   0.0336440000   0.0291790000  -0.0495510000  -0.0336760000  -0.0291070000   0.0496520000  -0.0068230000  -0.0123340000   0.0308120000  -0.0354720000  -0.0049150000  -0.0178960000   0.0423280000   0.0171770000  -0.0130180000
   6.7149239384   6.3891832988 1824  1.78E+01   0.2656860000  -0.5151580000   1.2961820000  -0.6177110000  -1.2682930000   2.5894190000   0.3438520000   2.0767000000   8.0289960000   1.0517360000   2.5669870000   7.2099550000   1.9348780000   3.0505660000   6.5458580000   0.0339530000   0.0289610000  -0.0497240000  -0.0339890000  -0.0288920000   0.0498300000  -0.0034730000  -0.0095950000   0.0269410000  -0.0437640000  -0.0108680000  -0.0102840000   0.0472730000   0.0203950000  -0.0167630000
   6.7104815068   6.3893705604 1903  1.04E+00   0.2376630000   1.3277630000   2.2831710000  -0.0036310000  -0.0123970000   1.6880680000  -0.1760300000   0.9855260000   7.9966720000  -0.0424870000   0.2332460000   8.8978600000   0.2110870000  -0.4946880000   9.7504600000   0.0021800000   0.0120150000   0.0052360000  -0.0021470000  -0.0121880000  -0.0055550000   0.0078650000   0.0041280000  -0.0040280000  -0.0054660000  -0.0365250000   0.0433450000  -0.0024320000   0.0325710000  -0.0389970000
   6.7102722274   6.3885236306 1907  4.18E+00   1.0128060000  -1.1718670000   2.0316650000  -0.0120920000   0.0129020000   1.9020630000  -0.1141770000  -0.8489000000   8.8365740000   0.0160100000   0.2585650000   8.5114810000   0.0987390000   1.3518640000   8.1477120000   0.0262200000  -0.0303200000   0.0033550000  -0.0262230000   0.0302410000  -0.0033250000  -0.0002170000   0.0266700000  -0.0096890000   0.0068150000   0.0155800000  -0.0030190000  -0.0065950000  -0.0421700000   0.0126780000
   6.7144786740   6.3861676274 2054  4.98E+00  -0.7216560000  -1.3655310000   1.9401740000   0.0130150000   0.0183020000   1.9469090000   0.7660320000   1.1259540000   8.1910430000   0.0203140000   0.2401540000   8.4174790000  -0.8008140000  -0.6239360000   8.6456050000  -0.0182380000  -0.0343660000  -0.0001390000   0.0182400000   0.0343510000   0.0001980000   0.0035980000   0.0109400000  -0.0009140000   0.0445060000   0.0336320000  -0.0126640000  -0.0481060000  -0.0445570000   0.0135180000
   6.7129798566   6.3886675242 2173  5.27E+00  -0.6061370000   1.2451470000   2.1120550000  -0.0649470000   0.0171700000   1.7828560000   0.0274890000   1.1263420000   8.0738230000   0.1670840000   0.1923280000   8.6967190000   0.2096290000  -0.7472480000   9.3616930000   0.0156360000  -0.0354930000  -0.0095670000  -0.0156120000   0.0353390000   0.0094620000   0.0052750000  -0.0858270000   0.0622930000   0.0041780000   0.0436510000  -0.0360650000  -0.0094770000   0.0423310000  -0.0261220000
   6.7105274895   6.3874982893 2173  5.28E+00  -0.6125600000   1.2345070000   2.1154350000  -0.0649070000   0.0173850000   1.7820310000   0.0278400000   1.1257970000   8.0719400000   0.1676000000   0.1904900000   8.6981820000   0.2090980000  -0.7457250000   9.3663860000   0.0174900000  -0.0388850000  -0.0107050000  -0.0174660000   0.0387270000   0.0105930000   0.0043150000  -0.0794410000   0.0584720000   0.0052020000   0.0358180000  -0.0311710000  -0.0095420000   0.0437810000  -0.0271910000
   6.7123688368   6.3892467641 2829  6.00E+00  -0.6492610000  -0.9313520000   2.6465300000  -0.9898140000   0.0142470000   1.7374390000   2.2851510000   0.1114050000   9.8896090000   1.8490810000   0.2313760000   8.7671710000   1.3110260000   0.3901040000   7.6861650000  -0.0146930000   0.0406600000  -0.0392380000   0.0145660000  -0.0407520000   0.0388490000   0.0190060000  -0.0045890000   0.0654750000   0.0169870000  -0.0067650000  -0.0068250000  -0.0358650000   0.0114460000  -0.0582610000
   6.7149972575   6.3865569865 3010  1.76E+00  -0.1487540000  -1.7644350000   2.8719190000   0.3859430000  -0.8889300000   1.9254970000  -0.0966710000   0.9974260000   8.0080010000  -0.7127830000   1.8907650000   8.4766110000  -1.2863660000   2.8215560000   8.8324910000   0.0118640000   0.0194590000  -0.0211380000  -0.0119450000  -0.0194710000   0.0207990000   0.0053810000  -0.0004230000  -0.0078800000  -0.0320470000   0.0363610000   0.0303310000   0.0267470000  -0.0359260000  -0.0221110000
   6.7120209376   6.3853222476 3111  5.23E+00   1.1063440000  -1.0892130000   2.6431900000   0.2833600000  -0.2068790000   1.6920250000  -1.3970770000   0.6849280000   9.6672080000  -0.4778890000   0.7355270000   8.9051190000   0.2709510000   0.5524120000   8.0320300000   0.0163630000  -0.0175830000   0.0188260000  -0.0164350000   0.0175500000  -0.0191330000  -0.0347170000  -0.0168160000   0.0124190000   0.0643330000   0.0277550000  -0.0275690000  -0.0295440000  -0.0109060000   0.0154560000
   6.7126719463   6.3873321681 3111  4.99E+00   1.1000450000  -1.0819280000   2.6411070000   0.2836790000  -0.2071660000   1.6906550000  -1.3960920000   0.6855760000   9.6719510000  -0.4779650000   0.7361000000   8.9072560000   0.2688270000   0.5523090000   8.0326570000   0.0149650000  -0.0160740000   0.0173380000  -0.0150360000   0.0160420000  -0.0176430000  -0.0357640000  -0.0168830000   0.0134280000   0.0654100000   0.0278110000  -0.0287390000  -0.0295750000  -0.0108950000   0.0156170000
   6.7135587552   6.3893232269 3111  4.74E+00   1.0934500000  -1.0743270000   2.6386830000   0.2840020000  -0.2074570000   1.6892890000  -1.3950630000   0.6862460000   9.6766770000  -0.4781490000   0.7366270000   8.9094400000   0.2667400000   0.5522200000   8.0332660000   0.0134180000  -0.0144080000   0.0156530000  -0.0134890000   0.0143760000  -0.0159580000  -0.0366110000  -0.0169300000   0.0142860000   0.0660960000   0.0278820000  -0.0295460000  -0.0294150000  -0.0109200000   0.0155650000
   6.7133573495   6.3878608423 3156  4.47E+00  -1.2959980000  -0.2530980000   2.1689430000  -0.3773570000   0.7135030000   1.8633170000   1.2090730000  -2.0095800000   8.9733220000   0.6478460000  -1.0792910000   8.5413870000   0.2708590000  -0.0399890000   8.1733750000   0.0329520000   0.0346100000  -0.0109650000  -0.0329390000  -0.0347610000   0.0108080000   0.0063190000   0.0185620000   0.0000400000  -0.0283330000  -0.0014900000  -0.0148510000   0.0220000000  -0.0169200000   0.0149670000
   6.7117871903   6.3883296716 3489  3.72E+00  -1.2461920000   0.4981150000   1.8593530000   0.0132440000  -0.0024790000   1.9363030000   1.1373690000   0.0337610000   8.2248470000   0.0169490000   0.2505420000   8.4465580000  -1.1377220000   0.4468300000   8.6480300000   0.0525890000  -0.0209000000   0.0032460000  -0.0526200000   0.0209120000  -0.0031920000  -0.0249810000   0.0030970000   0.0047250000   0.0493770000  -0.0055570000  -0.0086120000  -0.0243660000   0.0024480000   0.0038330000
   6.7100930971   6.3891319718 3770  6.70E+00   1.9705920000  -0.2854710000   2.4159350000   0.4449530000  -0.4475950000   2.0024070000  -1.5817830000   0.2405160000   8.6765610000  -0.9252580000   1.1236130000   8.3026900000  -0.0699830000   1.8570460000   7.9391130000   0.0424070000   0.0044780000   0.0114660000  -0.0425140000  -0.0045700000  -0.0115110000   0.0288100000   0.0108260000  -0.0071900000  -0.0473330000  -0.0056700000   0.0071710000   0.0186310000  -0.0050630000   0.0000650000
   6.7113531084   6.3861258572 3908  1.13E+01   0.8327350000  -1.1690660000   2.1144300000  -0.7033150000  -0.7054050000   2.0589700000   1.4030820000   2.2961670000   7.2873790000   1.1289470000   1.5860390000   8.2270330000   1.2094880000   0.7974900000   9.1215950000   0.0456300000  -0.0138190000   0.0016540000  -0.0457520000   0.0136550000  -0.0016540000   0.0329420000   0.0242130000  -0.0385650000  -0.0567730000   0.0018430000   0.0163610000   0.0239540000  -0.0258910000   0.0222040000
