   6.7173608773   6.0916532743   60  1.34E+00  -1.3517250000   0.3267920000   1.7103600000   0.0181590000  -0.0001100000   2.0342720000  -0.2485340000   1.3566910000   7.9669110000   0.0551330000   0.2546240000   8.2783490000   0.2016150000  -0.8802040000   8.5523470000   0.0040940000  -0.0009930000   0.0009550000  -0.0040340000   0.0008740000  -0.0009550000  -0.0138160000   0.0113770000  -0.0043510000   0.0234760000  -0.0059190000   0.0048300000  -0.0097190000  -0.0053390000  -0.0004790000
   6.7175896360   6.0928481094  252  1.37E+01  -0.8951620000  -1.9645350000   2.3399870000  -1.5161660000  -0.9122910000   3.0698450000   3.5364780000   1.0555390000   6.4075190000   2.7628260000   2.0076610000   6.3358340000   2.0179770000   2.8049640000   6.3584080000  -0.0067480000   0.0114030000   0.0078920000   0.0067510000  -0.0112600000  -0.0078730000   0.0476680000  -0.0647000000   0.0118020000  -0.1902110000   0.2242440000  -0.0150400000   0.1425410000  -0.1596860000   0.0032190000
   6.7165902939   6.0912265359  332  7.00E+00  -0.1435880000  -2.3310540000   4.1783740000  -0.8512720000  -1.8599100000   2.8372380000   1.9925650000   4.3344230000   7.6440740000   1.4917830000   3.6283240000   6.8097160000   1.1480680000   3.0651880000   5.8119800000   0.0196000000  -0.0131440000   0.0371940000  -0.0197300000   0.0127390000  -0.0372710000   0.0300360000   0.0378040000   0.0245190000  -0.0308660000  -0.0328360000   0.0108370000   0.0009600000  -0.0045620000  -0.0352790000
   6.7150500660   6.0917427139  414  5.15E+00   1.4097020000  -0.6652380000   1.9163810000  -0.0181750000   0.0153910000   1.9649690000  -0.3882110000   1.2642100000   7.9158390000  -0.0022240000   0.2549100000   8.4165110000   0.3918360000  -0.8028490000   8.8328380000   0.0385820000  -0.0184060000  -0.0012840000  -0.0385390000   0.0182860000   0.0012320000  -0.0092320000   0.0223660000  -0.0156600000  -0.0079830000   0.0255640000   0.0019880000   0.0171720000  -0.0478110000   0.0137240000
   6.7195538901   6.0919736151  496  7.61E-01   0.6758200000  -1.5758270000   2.5558870000   0.4409830000  -0.3104080000   1.8272680000  -0.4901800000   0.5744970000   9.6998070000  -0.8088070000   0.8940670000   8.6261350000  -1.1476080000   1.0915370000   7.5389290000   0.0017320000  -0.0091330000   0.0052130000  -0.0015340000   0.0089730000  -0.0054880000  -0.0070380000  -0.0030440000  -0.0188450000  -0.0044140000   0.0190120000  -0.0244210000   0.0112540000  -0.0158080000   0.0435410000
   6.7172837043   6.0922798213  687  3.15E+00   1.2095050000  -0.4356550000   2.1809890000  -0.0177930000   0.0055620000   1.7714540000  -0.7336980000   0.4327370000   7.8064250000  -0.0120880000   0.2315060000   8.7524810000   0.7554320000   0.0808190000   9.6398320000  -0.0446610000   0.0160540000  -0.0149500000   0.0448560000  -0.0161340000   0.0146230000  -0.0281590000   0.0117230000  -0.0415970000   0.0109450000  -0.0118860000   0.0283540000   0.0170180000   0.0002430000   0.0135700000
   6.7163967517   6.0936061686  731  3.31E+00  -2.0236690000  -1.2259810000   3.6005080000  -2.2788420000   0.0964650000   3.3532450000   5.2407680000  -0.3721600000   5.5508740000   4.1709950000   0.1183550000   5.8206170000   3.1366680000   0.5664540000   6.1070420000  -0.0089790000   0.0464920000  -0.0087350000   0.0088190000  -0.0465990000   0.0085260000   0.0531440000  -0.0256570000  -0.0113910000  -0.0772140000   0.0369400000   0.0153140000   0.0242300000  -0.0111760000  -0.0037140000
   6.7165882100   6.0919200811  836  4.57E+00   0.3639420000   1.5047500000   2.0593740000  -0.0034770000  -0.0186290000   1.8426850000   0.7920730000   0.6478470000   7.8455510000   0.0298410000   0.2860100000   8.6560100000  -0.8200400000  -0.1766460000   9.3250400000   0.0098570000   0.0410310000   0.0057650000  -0.0100200000  -0.0410980000  -0.0060460000  -0.0159300000  -0.0115670000   0.0033500000   0.0238440000   0.0194320000   0.0043290000  -0.0077510000  -0.0077980000  -0.0073980000
   6.7159605061   6.0907944318  879  3.35E+00  -0.0465950000   0.7239060000   1.7959030000  -1.3770170000   0.6993730000   2.3515880000   3.3423820000  -1.8724040000   7.7774770000   2.4553440000  -1.0775470000   7.7624090000   1.6944940000  -0.1694550000   7.5389510000  -0.0053110000  -0.0001280000   0.0021730000   0.0052160000   0.0000390000  -0.0024910000   0.0310330000  -0.0140140000  -0.0116930000  -0.0104160000  -0.0270920000   0.0314400000  -0.0205220000   0.0411950000  -0.0194280000
   6.7155561284   6.0919927273 1014  6.89E+00  -1.3222510000  -1.5944750000   3.0464680000  -0.7360180000  -0.6701870000   1.9664370000   1.3077120000   1.6320290000   7.2233700000   1.4139230000   1.4546850000   8.3676210000   1.3900190000   1.4111550000   9.4834800000  -0.0118720000  -0.0187300000   0.0217730000   0.0116670000   0.0184130000  -0.0220830000  -0.0057360000   0.0053920000   0.0398640000   0.0132410000  -0.0210870000   0.0957910000  -0.0073000000   0.0160120000  -0.1353440000
   6.7188980543   6.0928469498 1422  3.95E+00  -0.8320600000  -0.2921360000   2.1448010000  -0.0419750000  -1.4162680000   2.1576300000   0.4206750000   3.4699610000   8.9953290000   0.0462610000   2.8142820000   8.0373650000  -0.1933440000   2.1966350000   7.0613840000   0.0258520000  -0.0368380000   0.0003240000  -0.0258280000   0.0365890000  -0.0006800000   0.0315270000   0.0438290000   0.0597330000  -0.0376240000  -0.0421550000  -0.0524470000   0.0060730000  -0.0014250000  -0.0069300000
   6.7151802218   6.0935222677 2056  5.67E+00   0.3906180000  -1.4574430000   1.8441170000  -0.0058070000   0.0169060000   1.9942210000   0.2507510000   1.3996220000   8.6612020000  -0.0145990000   0.2539740000   8.3248960000  -0.2354000000  -0.8952150000   8.0147140000   0.0077200000  -0.0286790000  -0.0029590000  -0.0076960000   0.0288150000   0.0029280000   0.0203610000   0.0774750000   0.0251560000  -0.0112720000  -0.0177310000  -0.0121710000  -0.0091120000  -0.0598800000  -0.0129540000
   6.7183273736   6.0910555627 2735  5.51E+00   1.3744430000  -0.4260230000   1.5609690000  -0.0198320000   0.0084160000   2.0906860000   0.7971410000  -0.5899270000   8.3363650000   0.0565940000   0.2654100000   8.1123900000  -0.8271770000   1.0631670000   8.0351500000   0.0318060000  -0.0099040000  -0.0120470000  -0.0317130000   0.0098630000   0.0121650000  -0.0385910000   0.0295180000   0.0025430000   0.0661750000  -0.0418870000  -0.0128330000  -0.0276770000   0.0124090000   0.0101720000
   6.7194147839   6.0936189508 3006  3.70E-01  -0.9699570000   0.6852880000   2.1892280000   0.4897560000   0.7373170000   1.8003370000  -1.1466510000  -1.5935110000   9.7215990000  -0.8821730000  -1.1122880000   8.6631410000  -0.5759540000  -0.6093370000   7.6469580000  -0.0219270000  -0.0007700000   0.0057270000   0.0219440000   0.0008270000  -0.0061820000  -0.0053600000  -0.0131780000   0.0348240000   0.0036680000   0.0134280000  -0.0414720000   0.0016760000  -0.0003070000   0.0071020000
   6.7187991124   6.0940614619 3147  1.88E+00   1.2133770000   0.2127780000   2.0932850000   0.2842010000  -0.8108230000   1.9685180000  -0.3881380000   0.6990780000   7.8341590000  -0.5682020000   1.7151360000   8.3949640000  -0.6811320000   2.7370900000   8.9018210000  -0.0239420000  -0.0263440000  -0.0032740000   0.0239760000   0.0264160000   0.0028740000   0.0029820000   0.0089990000   0.0027620000  -0.0131720000   0.0401050000   0.0256000000   0.0101570000  -0.0491770000  -0.0279630000
   6.7196268580   6.0919263466 3185  5.00E+00  -1.4991280000   1.5904750000   2.2592780000  -1.0175910000   0.0957130000   2.2251340000   1.2690010000   0.6305510000   8.6857060000   1.8697680000   0.0767610000   7.8728860000   2.5039170000  -0.5787230000   7.1501400000  -0.0122340000   0.0380190000   0.0009290000   0.0121380000  -0.0379210000  -0.0008520000   0.0277950000  -0.0303450000  -0.0261850000  -0.0150410000   0.0211620000  -0.0004010000  -0.0126580000   0.0090850000   0.0265080000
   6.7173518259   6.0947971411 3185  5.78E+00  -1.4996230000   1.6056540000   2.2682050000  -1.0176430000   0.0955940000   2.2250480000   1.2676790000   0.6320440000   8.6821260000   1.8716220000   0.0758580000   7.8733140000   2.5041390000  -0.5798990000   7.1532640000  -0.0132030000   0.0414100000   0.0012430000   0.0131110000  -0.0413150000  -0.0011660000   0.0277820000  -0.0305040000  -0.0263130000  -0.0120530000   0.0184250000  -0.0031900000  -0.0156370000   0.0119830000   0.0294260000
   6.7175716569   6.0943915351 3256  5.47E+00  -2.2740170000   1.5523120000   3.8496200000  -0.9901490000   1.8135140000   2.9849450000   1.9499060000  -3.0624480000   7.6885150000   1.8481850000  -3.0449910000   6.4949980000   1.7509840000  -3.1189440000   5.2868260000  -0.0324780000  -0.0065970000   0.0219270000   0.0323870000   0.0068070000  -0.0218180000   0.0046040000  -0.0063870000   0.0462750000  -0.0005770000   0.0167810000   0.0178140000  -0.0039350000  -0.0106050000  -0.0641980000
   6.7183752050   6.0938319978 3277  2.82E+00  -0.4051670000   0.2940300000   6.9992060000  -0.6223990000  -0.9767090000   6.1390320000   1.3482890000   1.2856060000  -0.1893360000   1.1744030000   2.0159270000   0.7002700000   0.9040280000   2.7481160000   1.5640470000   0.0048080000   0.0281640000   0.0191300000  -0.0047930000  -0.0283630000  -0.0191250000  -0.0096590000   0.0140040000   0.0137680000   0.0097240000   0.0015350000   0.0091750000  -0.0000800000  -0.0153400000  -0.0229480000
   6.7165795263   6.0945331131 3391  3.06E+00  -0.6617180000  -1.5708110000   2.7407970000  -0.0948340000  -0.7084650000   1.8401270000  -0.3761640000   1.3873240000   7.5560570000   0.1489690000   1.5576600000   8.6287420000   0.7796490000   1.7682350000   9.6048460000   0.0198490000   0.0300950000  -0.0315880000  -0.0197470000  -0.0303250000   0.0311670000  -0.0150510000  -0.0037090000  -0.0476350000  -0.0014100000  -0.0019550000   0.0381040000   0.0163590000   0.0058950000   0.0099520000
   6.7155796285   6.0905640724 3594  3.04E-01  -0.6064920000  -1.3308170000   2.2724050000   0.5047920000  -0.5188090000   1.8978830000  -0.0157210000   1.2036250000   7.7165820000  -0.9299180000   1.2273560000   8.4732240000  -1.7690350000   1.2375830000   9.3021380000   0.0105750000   0.0077450000  -0.0036070000  -0.0107200000  -0.0078800000   0.0033000000   0.0183930000  -0.0005390000  -0.0048130000  -0.0134570000   0.0012400000  -0.0093490000  -0.0047900000  -0.0005660000   0.0144680000
   6.7177814275   6.0901832157 3713  3.92E+00  -2.0822700000  -0.0798750000   2.6524920000  -0.8528710000  -0.9670640000   2.2630060000   2.6441560000   2.5032790000   7.9853730000   1.6150320000   1.9572000000   7.8782810000   0.5340810000   1.5499200000   7.6325020000  -0.0302820000   0.0218250000   0.0095060000   0.0303490000  -0.0219350000  -0.0098350000  -0.0105470000   0.0056400000  -0.0094860000   0.0167950000  -0.0143120000   0.0180380000  -0.0063150000   0.0087820000  -0.0082240000
   6.7160557552   6.0904489651 3719  3.67E+00  -1.9388880000   0.4268950000   2.9004120000  -0.8088060000   0.2632200000   1.8217070000   1.2671170000   0.0923150000   7.5448970000   1.5296260000  -0.2792030000   8.6079720000   1.7461290000  -0.5365210000   9.7135400000  -0.0288310000   0.0041490000   0.0273550000   0.0286070000  -0.0042020000  -0.0277850000   0.0080210000  -0.0065910000   0.0474670000   0.0024920000  -0.0100810000  -0.0141780000  -0.0102890000   0.0167250000  -0.0328590000
   6.7182762470   6.0942087023 3892  1.36E+00  -0.7112550000   1.0582320000   2.1967080000  -0.7312790000  -0.3209150000   1.8632460000   0.6551820000   0.3605760000   7.7583860000   1.3364160000   0.7799920000   8.5892710000   2.0385750000   1.2776190000   9.3509670000  -0.0002440000  -0.0170620000  -0.0042180000   0.0002240000   0.0170950000   0.0037680000   0.0331790000   0.0250740000   0.0349460000  -0.0029490000  -0.0083410000   0.0047650000  -0.0302100000  -0.0167660000  -0.0392610000
