   6.7172539809   6.3710063497  510  2.94E+00   1.0761290000  -1.1470940000   2.2416790000   0.0649690000  -0.2324900000   1.8480180000  -1.0554830000   1.1591350000   7.9633830000  -0.1018570000   0.7218650000   8.5852460000   0.7396720000   0.2200180000   9.2222110000  -0.0124580000   0.0113080000  -0.0048360000   0.0126320000  -0.0113940000   0.0047880000  -0.0605220000   0.0210760000  -0.0321840000   0.0710650000  -0.0195860000   0.0334940000  -0.0107170000  -0.0014030000  -0.0012620000
   6.7161375749   6.3722655013  571  6.59E+00  -0.3079900000   1.0238830000   1.9680150000  -1.2574850000   0.0107670000   2.1869480000   2.3963310000   1.1240680000   7.2875320000   2.3874810000   0.2435290000   8.0698170000   2.1109810000  -0.7374910000   8.6095350000  -0.0170330000  -0.0181620000   0.0038670000   0.0168810000   0.0180250000  -0.0040230000  -0.0187310000  -0.0163730000  -0.0080850000   0.0254020000  -0.0212120000   0.0501540000  -0.0065190000   0.0377220000  -0.0419130000
   6.7163409655   6.3749019153  689  7.23E+00   1.5045050000  -1.1411230000   2.1398780000   0.0464620000  -1.5063180000   2.6488800000   0.2941430000   2.3114720000   8.0134260000  -0.1890470000   2.9877600000   7.1591850000  -0.4790560000   3.7281170000   6.2494210000   0.0401770000   0.0100600000  -0.0140120000  -0.0402020000  -0.0100780000   0.0141020000   0.0240570000  -0.0131340000   0.0200220000  -0.0223500000  -0.0249440000   0.0229090000  -0.0016830000   0.0380960000  -0.0430210000
   6.7161806133   6.3702289665  725  1.89E+01  -0.1150500000   0.9077220000   1.5771410000   0.5328610000  -0.6178720000   2.0057510000  -1.6862670000   2.2093810000   8.4789690000  -0.9758390000   1.3671450000   8.2220680000  -0.2351650000   0.4805940000   8.2333770000  -0.0242870000   0.0571110000  -0.0159610000   0.0241720000  -0.0569800000   0.0159500000   0.0675780000  -0.0808140000  -0.0013660000  -0.0331220000   0.0402720000  -0.0213090000  -0.0343410000   0.0404110000   0.0226870000
   6.7165227370   6.3720654346 1824  6.33E+00  -0.7080920000  -2.5059420000   3.3496820000  -0.6360630000  -1.2823690000   2.5607040000   0.3131610000   2.1021730000   7.8755010000   1.2492660000   2.5817110000   7.2734830000   1.9702800000   3.2097650000   6.6656940000  -0.0000430000  -0.0012560000   0.0007970000   0.0002000000   0.0013070000  -0.0008430000  -0.0519440000  -0.0080000000   0.0252210000   0.1236380000   0.0471390000  -0.0739940000  -0.0718520000  -0.0391910000   0.0488200000
   6.7159157806   6.3704591258 2191  5.81E+00   0.5170690000   1.4892870000   2.4226670000   0.4863490000   0.2691600000   1.7396000000  -0.2927890000   0.4876830000   8.0584560000  -0.8797650000  -0.3081050000   8.7410340000  -1.5082980000  -1.0067950000   9.5402530000  -0.0006400000  -0.0255810000  -0.0143940000   0.0006030000   0.0254680000   0.0141600000   0.0207880000   0.0367480000  -0.0190500000   0.0306310000   0.0126980000  -0.0498930000  -0.0513810000  -0.0493330000   0.0691770000
   6.7165728179   6.3734769419 2267  5.53E+00  -1.1421580000  -0.9691360000   2.1664910000   0.0196960000   0.0137890000   1.7919560000   0.6255130000   1.0386690000   8.0532510000  -0.0666110000   0.2688630000   8.6797780000  -0.6019130000  -0.5606360000   9.3461040000  -0.0290070000  -0.0245390000   0.0093690000   0.0288780000   0.0244150000  -0.0094340000   0.0415670000   0.0325460000  -0.0249870000  -0.0357800000  -0.0058730000   0.0033670000  -0.0056590000  -0.0265490000   0.0216840000
   6.7161216308   6.3739640065 2291  4.81E+00   1.1183260000   0.7024300000   2.4363090000  -0.0115590000  -0.0075220000   1.5916240000   0.3139000000   0.4747810000   7.9389760000  -0.0743420000   0.2719230000   9.0316480000  -0.2708190000   0.0020710000  10.1797390000   0.0300130000   0.0188520000   0.0222950000  -0.0300780000  -0.0189000000  -0.0226740000   0.0120500000  -0.0041850000   0.0055960000  -0.0178570000   0.0170200000  -0.0455750000   0.0058720000  -0.0127860000   0.0403580000
   6.7172526758   6.3717581870 2470  2.78E+00   1.3706840000  -0.9314120000   2.7707300000   0.4076080000  -1.9326210000   2.7131240000  -0.6525460000   3.5142440000   5.8447430000  -0.7750420000   3.8285640000   6.9968360000  -0.8876820000   4.0099990000   8.1793850000  -0.0237500000  -0.0248040000  -0.0014370000   0.0238270000   0.0244910000   0.0013800000   0.0045800000  -0.0175130000  -0.0386210000  -0.0002780000   0.0173560000  -0.0143160000  -0.0043780000   0.0004700000   0.0529950000
   6.7170313186   6.3705396664 2660  4.97E+00  -1.0650820000  -0.3309820000   2.3849960000   0.0142770000   0.0043840000   1.6474330000  -0.4131420000   0.7052440000   7.9648600000  -0.0423230000   0.2768230000   8.9958240000   0.4407160000  -0.2264240000   9.9052550000   0.0500040000   0.0154880000  -0.0342650000  -0.0499390000  -0.0156290000   0.0338860000   0.0104260000  -0.0079190000   0.0001650000   0.0058670000  -0.0120230000   0.0542970000  -0.0163580000   0.0200830000  -0.0540830000
   6.7152841764   6.3724372035 2690  9.33E+00   0.2141320000   0.3583320000   1.7854430000  -1.2137180000   0.8575270000   2.2048710000   1.4498860000  -0.3804350000   7.8600120000   2.2969770000  -1.2446580000   7.9650240000   2.8738920000  -2.3028070000   8.0377140000   0.0361480000  -0.0126490000  -0.0106310000  -0.0361170000   0.0126040000   0.0104060000  -0.0563050000   0.0306130000  -0.0054230000   0.0455130000   0.0286960000   0.0036550000   0.0107610000  -0.0592640000   0.0019940000
   6.7183715168   6.3738047282 2700  1.28E-01  -1.0541200000   0.5928160000   2.4420460000  -0.7415070000  -0.7306130000   1.8285190000   1.6689130000   1.5725950000   9.7420900000   1.3851800000   1.5516250000   8.6280800000   1.0609140000   1.5617900000   7.4961070000  -0.0033250000   0.0137710000   0.0062690000   0.0031770000  -0.0139710000  -0.0066590000  -0.0141170000   0.0014260000  -0.0457220000   0.0156740000  -0.0039990000   0.0428370000  -0.0014090000   0.0027740000   0.0032750000
   6.7195996922   6.3715226960 2969  2.24E+00   1.3518080000  -0.2821830000   2.0016330000  -0.0173930000   0.0011930000   1.8458560000   0.1499950000  -0.7637330000   9.1356780000   0.0486300000   0.2423570000   8.5727520000  -0.1848070000   1.2812900000   8.0852170000  -0.0237580000   0.0048810000  -0.0026680000   0.0238070000  -0.0050450000   0.0026610000  -0.0124690000   0.0336770000  -0.0113180000   0.0189190000  -0.0232030000  -0.0018690000  -0.0064990000  -0.0103100000   0.0131940000
   6.7174723530   6.3702128202 3083  2.45E+00   1.4231060000  -0.8957970000   2.3321210000  -0.0153110000  -0.8156350000   1.9520370000   0.7764820000   2.0704790000   7.5754720000  -0.0478190000   1.7155320000   8.3439240000  -0.7537760000   1.4592720000   9.2660910000   0.0143240000  -0.0008430000   0.0037650000  -0.0144750000   0.0006970000  -0.0038100000   0.0125530000   0.0092420000   0.0068780000  -0.0046780000  -0.0101300000  -0.0372020000  -0.0077240000   0.0010340000   0.0303700000
   6.7177357051   6.3738908962 3867  4.44E+00   0.0053340000  -1.5657930000   3.0984340000  -0.0925680000  -1.0925810000   1.8370060000   0.2380390000   1.7636370000   7.5255210000   0.1092870000   2.3065540000   8.5867940000   0.1418910000   2.7477760000   9.6599330000  -0.0044830000   0.0215010000  -0.0576630000   0.0044210000  -0.0217450000   0.0572460000   0.0141890000  -0.0208220000  -0.0271960000  -0.0240010000   0.0359500000   0.0470570000   0.0098750000  -0.0148850000  -0.0194440000
