   6.7149162684   6.1281428941  153  1.92E+01   1.1468430000  -1.5613210000   2.1070620000   0.3820790000  -0.0104870000   2.0813560000  -1.8088420000   0.6367650000   7.7677490000  -0.7423070000   0.3131700000   8.2720840000   0.3856390000  -0.0334460000   8.4960680000   0.0291780000  -0.0591740000   0.0009860000  -0.0290980000   0.0591490000  -0.0010500000  -0.0619880000   0.0186310000  -0.0452510000   0.0156170000  -0.0042190000   0.0515720000   0.0462910000  -0.0143870000  -0.0062560000
   6.7107283861   6.1276276083  360  3.43E+00   1.3819220000   0.5724000000   1.8321150000  -0.0139660000  -0.0116660000   1.9573480000   1.0016950000  -0.2559080000   7.9952780000  -0.0073860000   0.2484580000   8.3894590000  -1.0134670000   0.7792660000   8.8170800000   0.0228870000   0.0096000000  -0.0020750000  -0.0230230000  -0.0095350000   0.0020360000   0.0320610000  -0.0144250000  -0.0087320000   0.0263310000  -0.0179770000  -0.0188970000  -0.0582560000   0.0323370000   0.0276680000
   6.7104605541   6.1268354490  606  5.94E+00  -1.7238280000  -0.9747060000   2.9674080000  -0.8451750000  -0.6134350000   1.9719950000   1.5031450000   1.6380710000   7.1637410000   1.5095930000   1.3787340000   8.3559690000   1.6932250000   1.1396480000   9.5290790000   0.0278070000   0.0114010000  -0.0315640000  -0.0280290000  -0.0116410000   0.0313460000   0.0101150000   0.0171410000  -0.0697380000  -0.0300180000  -0.0047510000   0.0048860000   0.0201250000  -0.0121500000   0.0650700000
   6.7102752208   6.1298612349  616  3.99E+00  -1.4526780000   0.2634070000   1.8485540000   0.0183240000  -0.0031890000   1.9933660000  -0.7481310000   1.1193890000   8.5680800000  -0.0402200000   0.1837490000   8.4080060000   0.7783330000  -0.5703200000   8.0494330000  -0.0189480000   0.0034290000  -0.0018340000   0.0188660000  -0.0034070000   0.0017840000   0.0015530000   0.0202810000  -0.0109070000   0.0033350000  -0.0440540000   0.0172840000  -0.0048050000   0.0237500000  -0.0063260000
   6.7111060020   6.1294893731  846  3.76E+00   2.3331830000   1.0817800000   3.3022900000   1.3726060000   1.9540860000   4.1740100000  -2.5749380000  -3.9486090000   3.3639520000  -2.5941900000  -3.3500120000   4.3601930000  -2.4797390000  -2.6762100000   5.3099840000   0.0233720000  -0.0212420000  -0.0212440000  -0.0232630000   0.0213110000   0.0210860000   0.0082520000   0.0175430000   0.0185260000  -0.0148410000  -0.0124530000  -0.0028250000   0.0064810000  -0.0051590000  -0.0155430000
   6.7148193945   6.1265409031 1385  2.30E+00   1.3327770000   0.3366810000   2.2648200000  -0.0186600000  -0.0000380000   1.7198920000  -0.5459680000   0.3234890000   7.8151180000  -0.0280010000   0.1845080000   8.8385500000   0.5762110000   0.2046570000   9.8187590000   0.0154550000   0.0038230000   0.0061550000  -0.0152910000  -0.0038840000  -0.0065330000   0.0284670000   0.0058800000   0.0431640000  -0.0092500000  -0.0167760000   0.0016270000  -0.0193810000   0.0109570000  -0.0444120000
   6.7111475181   6.1259358138 2164  5.76E+00   0.5491020000  -1.4500820000   1.8738310000  -0.0033180000   0.0190830000   2.0130450000   0.6809600000   1.2073250000   8.5131420000  -0.0511190000   0.2597570000   8.3356950000  -0.6606070000  -0.7185980000   8.0587780000   0.0144300000  -0.0383360000  -0.0036470000  -0.0143970000   0.0384190000   0.0036210000   0.0436430000   0.0453420000   0.0040460000  -0.0404840000  -0.0269660000   0.0049400000  -0.0031930000  -0.0184600000  -0.0089600000
   6.7112759539   6.1262772591 2235  2.99E+00  -0.2329930000  -1.1865260000   2.2844240000  -0.0008440000   0.0171300000   1.7195230000  -0.0268430000  -0.3278270000   9.8434860000   0.0070700000   0.2518540000   8.8353520000   0.0404320000   0.8156360000   7.7933980000   0.0107240000   0.0555710000  -0.0261590000  -0.0107390000  -0.0557710000   0.0257770000   0.0004550000   0.0072850000  -0.0161440000  -0.0008170000  -0.0127680000   0.0284040000   0.0003760000   0.0056830000  -0.0118770000
   6.7129463580   6.1284583753 2414  1.12E+01   0.9594940000   0.5261380000   1.4169960000  -0.4092960000   0.8595650000   2.2573550000  -0.1931170000  -0.6054820000   8.2041950000   0.6978330000  -1.3325500000   7.8621850000   1.6529270000  -2.0325300000   7.5318290000   0.0451450000  -0.0109930000  -0.0277140000  -0.0451430000   0.0109630000   0.0277530000  -0.0322020000   0.0302660000   0.0157630000  -0.0399990000   0.0189960000   0.0059670000   0.0721990000  -0.0492310000  -0.0217690000
   6.7120537902   6.1287914268 2545  5.70E+00  -0.5599510000   0.3973880000   1.8719610000   0.7668380000  -0.4739890000   1.8985420000  -1.5169430000   1.1410670000   7.3518000000  -1.3070860000   1.1558160000   8.4990450000  -1.2963300000   1.0211170000   9.6694740000  -0.0366100000   0.0240480000  -0.0008540000   0.0368500000  -0.0241710000   0.0005140000  -0.0097190000  -0.0093970000   0.0285340000   0.0231780000   0.0201340000  -0.0346290000  -0.0136980000  -0.0106150000   0.0064350000
   6.7128951185   6.1253958245 2609  6.32E+00  -0.0326750000   1.4867700000   1.6148930000  -0.0005210000  -0.0180740000   2.0340320000  -0.8074720000   1.0248870000   8.0157990000   0.0447630000   0.2897730000   8.2197520000   0.7785300000  -0.5581500000   8.5546650000  -0.0007570000   0.0363980000  -0.0101330000   0.0008550000  -0.0364340000   0.0102310000   0.0448280000  -0.0544000000   0.0242560000  -0.0256650000   0.0504510000  -0.0304360000  -0.0192610000   0.0039840000   0.0060820000
   6.7105708349   6.1275682102 2613  3.67E+00  -0.1670810000   1.3273870000   1.8643270000   0.0024790000  -0.0121070000   1.9164300000   0.2164120000   1.2375040000   7.9114110000  -0.0041520000   0.2525330000   8.4862530000  -0.2151500000  -0.7625680000   9.0306080000   0.0077010000  -0.0608420000   0.0023210000  -0.0077420000   0.0606700000  -0.0024310000  -0.0050020000  -0.0272400000   0.0147330000   0.0031190000   0.0233310000  -0.0101590000   0.0019250000   0.0040810000  -0.0044640000
   6.7117002176   6.1258040905 2820  5.93E-01  -1.8097860000  -0.0052560000   2.2585960000  -0.5226160000  -0.7501320000   2.1083810000  -0.0934990000   1.1901720000   7.9029090000   0.9845230000   1.6097520000   8.1433650000   2.0785170000   2.0357400000   8.3130240000  -0.0143450000   0.0083060000   0.0016210000   0.0144720000  -0.0083220000  -0.0018310000  -0.0081200000  -0.0026570000  -0.0047250000  -0.0150760000  -0.0065170000   0.0052830000   0.0230690000   0.0091890000  -0.0003480000
   6.7127212155   6.1270638839 2863  3.12E+00  -2.3617650000  -0.6264550000   2.6881060000  -0.8921540000  -0.7393140000   2.3623990000   2.8450310000   1.6741810000   7.4700800000   1.6583730000   1.5637340000   7.5975040000   0.5144660000   1.5713900000   7.8599420000  -0.0213320000   0.0016240000   0.0046930000   0.0214750000  -0.0016170000  -0.0046800000   0.0422910000   0.0115060000   0.0052550000  -0.0499440000  -0.0196070000  -0.0143790000   0.0075100000   0.0080940000   0.0091110000
   6.7146455532   6.1294769524 3053  4.29E+00   0.1627720000   1.4398250000   1.7004630000  -0.0022230000  -0.0184570000   1.9804810000  -0.4466670000  -0.8244570000   8.0404580000  -0.0001150000   0.2825440000   8.3126210000   0.4476010000   1.3014930000   8.7223430000   0.0018270000   0.0160710000  -0.0030150000  -0.0017670000  -0.0159180000   0.0030330000  -0.0279250000  -0.0744350000  -0.0073180000   0.0182100000   0.0575170000  -0.0103230000   0.0096550000   0.0167640000   0.0176240000
   6.7113385261   6.1294380943 3272  3.73E+00   1.7168940000  -0.3796450000   2.8408080000   0.7956730000  -1.0645470000   2.0774750000  -2.1054100000   2.7533240000   9.0081630000  -1.5046090000   2.1199900000   8.1714560000  -0.8470400000   1.6834090000   7.3043520000  -0.0280120000  -0.0209010000  -0.0233380000   0.0280950000   0.0206980000   0.0229670000  -0.0259670000   0.0432410000   0.0393210000   0.0270220000  -0.0587100000  -0.0440490000  -0.0011370000   0.0156720000   0.0050990000
   6.7114630909   6.1253225196 3499  1.39E+00  -1.4984180000  -0.0663580000   1.9516580000   0.0171130000   0.0011590000   1.9089520000  -1.0220780000   0.1862680000   9.0321940000  -0.0007460000   0.2627580000   8.4856000000   1.0315790000   0.3025490000   7.9421600000  -0.0247210000  -0.0010870000   0.0007230000   0.0245420000   0.0010780000  -0.0007880000   0.0244300000  -0.0007320000  -0.0114310000  -0.0080120000   0.0038350000   0.0001400000  -0.0162400000  -0.0030940000   0.0113560000
   6.7140635682   6.1268896460 3694  3.56E+00   1.1658520000   0.6628610000   1.9016160000  -0.0184920000  -0.0123000000   1.9009460000  -1.0092960000   0.2262430000   7.9424840000   0.0144670000   0.2329110000   8.5022300000   1.0173350000   0.3062530000   9.0625210000  -0.0455260000  -0.0259900000   0.0000030000   0.0457210000   0.0259750000  -0.0001000000   0.0179870000   0.0048890000   0.0129030000   0.0251240000  -0.0065740000   0.0095760000  -0.0433060000   0.0017000000  -0.0223820000
   6.7123399642   6.1266228262 3800  7.05E+00  -1.0046370000  -0.2896580000   1.3473280000   0.1400430000   0.1252420000   2.1259920000  -0.5898440000   1.1067110000   8.1292820000  -0.2596570000   0.0322700000   8.0104260000   0.1486540000  -1.0505000000   8.1559080000   0.0033870000   0.0012340000   0.0023180000  -0.0034380000  -0.0012000000  -0.0021040000   0.0373580000  -0.1027390000   0.0108400000  -0.0320460000   0.0735530000  -0.0293740000  -0.0052620000   0.0291520000   0.0183200000
