   6.7141330947   6.1138326789  143  2.36E+00  -0.4609040000   1.1749510000   2.2337400000   0.0063750000  -0.0102870000   1.7002020000   0.1475190000   0.6164980000   7.7801830000   0.0362330000   0.2360520000   8.8632880000  -0.1775200000  -0.1286770000   9.9354180000   0.0135850000  -0.0345150000  -0.0156510000  -0.0136290000   0.0344070000   0.0151880000  -0.0125020000  -0.0160020000   0.0505960000   0.0117630000   0.0007620000  -0.0080930000   0.0007840000   0.0153480000  -0.0420400000
   6.7118546744   6.1131147127  405  3.40E+00   0.3438570000  -1.3124280000   1.8405780000  -0.0062980000   0.0148550000   2.0200640000   0.1817380000  -0.8911620000   8.5495480000   0.0109000000   0.2765050000   8.3531370000  -0.1801300000   1.3797610000   7.9763200000  -0.0096520000   0.0365930000   0.0049680000   0.0096670000  -0.0366530000  -0.0050070000   0.0039120000  -0.0393670000  -0.0040760000  -0.0008860000   0.0331180000   0.0172320000  -0.0030410000   0.0063090000  -0.0131180000
   6.7106109130   6.1138508205  713  5.82E+00   0.8495860000  -0.9694250000   2.1428860000  -0.0083040000   0.0177540000   1.7810830000   0.1583050000   1.0233950000   7.8093580000  -0.0329930000   0.1996580000   8.6916720000  -0.1455910000  -0.5131920000   9.6368560000  -0.0360330000   0.0413890000  -0.0152130000   0.0359900000  -0.0416310000   0.0149270000   0.0158780000   0.0559010000  -0.0471050000  -0.0171100000  -0.0418490000   0.0165420000   0.0012750000  -0.0138100000   0.0308490000
   6.7124613034   6.1117976896  879  4.87E+00  -2.4467230000   0.7838010000   3.7195170000  -1.5741880000   0.9274110000   2.6994070000   2.8629940000  -1.1971450000   8.1374990000   2.9470290000  -1.4771720000   7.0138420000   2.9407110000  -1.6873710000   5.8825930000   0.0401830000   0.0066340000  -0.0469600000  -0.0403640000  -0.0065030000   0.0469960000  -0.0037710000  -0.0023700000  -0.0286300000   0.0086680000  -0.0122550000  -0.0269150000  -0.0047160000   0.0144950000   0.0555100000
   6.7100608393   6.1134603271 1069  6.13E+00  -1.4829450000  -0.4704360000   1.8389420000   0.0179210000   0.0108380000   1.9726850000  -0.3175860000  -0.8279590000   8.8287670000  -0.0155340000   0.2371840000   8.3482350000   0.3331750000   1.3130910000   7.9375110000  -0.0404060000  -0.0129740000  -0.0035570000   0.0403640000   0.0128390000   0.0035680000  -0.0118990000  -0.0508770000   0.0282230000  -0.0052780000   0.0056440000  -0.0169600000   0.0172190000   0.0453680000  -0.0112740000
   6.7102709883   6.1106412283 1193  3.49E+00   0.2908760000   1.4561620000   1.7673890000  -0.0030780000  -0.0179810000   1.9696620000  -0.2102920000  -0.8786870000   8.0158330000  -0.0330660000   0.2643910000   8.3630300000   0.2321640000   1.3659400000   8.7589430000   0.0047250000   0.0237420000  -0.0031960000  -0.0047190000  -0.0236080000   0.0031860000  -0.0031730000  -0.0552020000  -0.0114530000  -0.0125010000   0.0132810000  -0.0082100000   0.0156680000   0.0417880000   0.0196740000
   6.7145488709   6.1120238046 1454  1.78E+00   1.2076060000  -1.8511540000   2.3540550000   0.9368930000  -1.8240510000   3.8315440000  -1.6789740000   3.6999020000   3.8272920000  -1.7339660000   3.5865980000   4.9738210000  -1.7744970000   3.5217090000   6.1560950000   0.0035060000  -0.0003690000  -0.0190850000  -0.0035450000   0.0004210000   0.0191460000  -0.0018670000   0.0004820000   0.0464210000   0.0020550000  -0.0042330000  -0.0641600000  -0.0001480000   0.0036980000   0.0176780000
   6.7123065627   6.1109502123 1478  7.36E+00   0.9662340000  -1.1687710000   2.0946010000  -0.4508290000  -1.1213120000   2.3077580000   0.4138880000   1.2170950000   7.8869900000   0.6597770000   2.3590470000   7.7968500000   1.2815010000   3.3733900000   7.6036610000  -0.0097540000   0.0003440000   0.0014470000   0.0097080000  -0.0002660000  -0.0016210000   0.0288200000   0.0097400000  -0.0065760000  -0.0744410000  -0.0355990000   0.0192230000   0.0456660000   0.0257810000  -0.0124740000
   6.7136375885   6.1136351331 1528  5.23E+00   1.1553800000   0.2525750000   1.4432270000  -0.0167640000  -0.0000420000   2.1192270000  -0.3721920000   1.3733610000   8.1227550000   0.0101620000   0.2592710000   8.0584640000   0.3754930000  -0.8960240000   8.1541160000  -0.0369400000  -0.0079530000   0.0213070000   0.0369270000   0.0080230000  -0.0211740000  -0.0047390000   0.0084050000   0.0115630000  -0.0135950000   0.0552110000  -0.0279870000   0.0183480000  -0.0636860000   0.0162910000
   6.7148183652   6.1140651245 1539  5.24E+00  -0.3399400000  -0.9627870000   2.3305210000   0.3342000000   0.0499930000   1.6763440000  -0.6481650000   0.0419540000  10.0598300000  -0.5387090000   0.2325260000   8.9351030000  -0.5950920000   0.2821420000   7.7149130000   0.0196020000   0.0293770000  -0.0191520000  -0.0194810000  -0.0294550000   0.0185510000  -0.0057010000  -0.0004190000  -0.0565580000   0.0194600000   0.0066850000   0.1261380000  -0.0138800000  -0.0061880000  -0.0689790000
   6.7144348116   6.1111217837 1665  2.49E+00  -0.2242380000  -1.8480130000   2.1882150000   0.5724610000  -0.6005870000   2.1528000000  -2.0665840000   1.8850640000   8.0393530000  -1.0476220000   1.3842160000   8.0155960000   0.0081470000   0.8793900000   8.0550900000  -0.0060840000  -0.0094470000   0.0002730000   0.0059140000   0.0095100000  -0.0003790000   0.0777310000  -0.0369240000   0.0037990000  -0.0649220000   0.0292970000  -0.0097480000  -0.0126380000   0.0075630000   0.0060550000
   6.7125799514   6.1146464634 1865  3.60E+00   1.1403350000  -2.1304170000   4.0273880000   0.1994950000  -1.9772080000   3.0127710000  -1.2929230000   4.6101450000   6.4693070000  -0.3338350000   3.9425050000   6.4779330000   0.4753560000   3.1267810000   6.3686760000  -0.0224940000   0.0035940000  -0.0242810000   0.0223780000  -0.0038370000   0.0240770000   0.0028010000  -0.0195980000  -0.0080350000   0.0441400000  -0.0075320000   0.0108130000  -0.0468240000   0.0273730000  -0.0025730000
   6.7123431706   6.1131131349 2154  1.91E+00   1.2454680000   0.6029000000   1.8210820000  -0.0160920000  -0.0108820000   1.9556940000   0.0229280000   1.3441230000   7.9166160000  -0.0208450000   0.2624360000   8.4040970000  -0.0053780000  -0.8370930000   8.8937070000  -0.0205820000  -0.0100400000   0.0021860000   0.0205710000   0.0098820000  -0.0022310000   0.0043280000   0.0203200000  -0.0075750000  -0.0084870000   0.0287540000  -0.0147860000   0.0041700000  -0.0489150000   0.0224060000
   6.7109772238   6.1107744222 2213  6.20E+00   0.1371610000   1.9594780000   2.7349600000   0.8611970000   0.8134640000   1.9768840000  -1.9973990000  -2.1735600000   9.0406040000  -1.5850190000  -1.2501390000   8.3714190000  -1.1224010000  -0.3863810000   7.6308450000  -0.0164540000   0.0261120000   0.0171220000   0.0165630000  -0.0260840000  -0.0175730000  -0.0221790000  -0.0586010000   0.0366550000  -0.0118350000   0.0027890000   0.0167660000   0.0339050000   0.0557840000  -0.0529690000
   6.7121543729   6.1140561513 2387  1.47E+00   0.6902750000  -1.1650830000   2.3448430000  -0.0090900000   0.0201030000   1.7041000000  -0.0619130000  -0.2981320000   9.9126880000   0.0138990000   0.2641620000   8.8680930000   0.0533890000   0.7605070000   7.7728380000   0.0114670000  -0.0194800000   0.0104350000  -0.0114620000   0.0193000000  -0.0108340000  -0.0042390000  -0.0191970000   0.0258920000   0.0049300000   0.0039310000   0.0174960000  -0.0006960000   0.0154450000  -0.0429890000
   6.7112556799   6.1142467986 2673  3.23E+00   0.2509590000   1.7835220000   1.8385860000   0.0900790000   0.2468660000   2.0648320000   0.2661640000  -1.3241940000   8.2932090000  -0.1852890000  -0.2526410000   8.2186080000  -0.5927540000   0.8562520000   8.1101940000   0.0038760000   0.0369390000  -0.0054710000  -0.0038460000  -0.0370430000   0.0054760000  -0.0037590000   0.0179730000  -0.0020720000   0.0069900000  -0.0366310000   0.0040790000  -0.0032610000   0.0187620000  -0.0020110000
   6.7140286170   6.1134988329 2673  2.95E+00   0.2574900000   1.7757130000   1.8379820000   0.0899690000   0.2472150000   2.0637620000   0.2682310000  -1.3234590000   8.2974600000  -0.1864560000  -0.2538370000   8.2224960000  -0.5938080000   0.8551590000   8.1084060000   0.0038440000   0.0349910000  -0.0052020000  -0.0038130000  -0.0350970000   0.0052030000  -0.0039600000   0.0189610000  -0.0024950000   0.0072710000  -0.0385760000   0.0050190000  -0.0033420000   0.0197210000  -0.0025250000
   6.7118587011   6.1132598144 2758  2.04E+00  -0.5964760000  -1.5076290000   2.6900120000   0.2112050000  -0.7517620000   1.8242980000  -0.6506910000   1.9584960000   9.6919430000  -0.4081070000   1.6226990000   8.6242020000  -0.0601720000   1.3604950000   7.5546270000   0.0147300000   0.0137520000  -0.0159060000  -0.0147960000  -0.0139760000   0.0154670000   0.0207980000  -0.0122390000  -0.0566750000  -0.0132800000  -0.0054690000   0.0080910000  -0.0074520000   0.0179310000   0.0490220000
   6.7122071933   6.1132719808 3053  4.84E+00   0.1659030000   1.4678730000   1.6993810000  -0.0022680000  -0.0188260000   1.9856060000  -0.4474060000  -0.8228410000   8.0294050000   0.0002190000   0.2800950000   8.3035810000   0.4481170000   1.3017890000   8.7146590000   0.0029420000   0.0259350000  -0.0049230000  -0.0028820000  -0.0257860000   0.0049420000  -0.0268460000  -0.0708390000  -0.0067590000   0.0154270000   0.0494810000  -0.0124910000   0.0113590000   0.0212100000   0.0192320000
   6.7119336048   6.1111502213 3057  6.85E+00  -1.2054300000  -0.5237710000   1.7619570000   0.0144000000   0.0079870000   1.9864630000  -0.2255390000   1.3627600000   7.9407200000   0.0194070000   0.2280900000   8.3182160000   0.2149970000  -0.8532030000   8.7841310000   0.0565960000   0.0246410000   0.0104360000  -0.0565490000  -0.0248200000  -0.0104340000  -0.0174510000   0.0713480000  -0.0157990000   0.0137730000  -0.0389570000  -0.0053400000   0.0036320000  -0.0322120000   0.0211380000
   6.7126259259   6.1110262223 3317  6.37E+00   0.1090150000  -1.4827230000   2.1621070000  -0.8758010000  -2.0040220000   3.3436190000   1.4838040000   3.4427720000   4.7959760000   1.5842070000   3.9134790000   5.8721150000   1.6940340000   4.4090570000   6.9619760000   0.0310560000   0.0163660000  -0.0373130000  -0.0311880000  -0.0166650000   0.0373620000   0.0006830000   0.0004280000  -0.0050940000  -0.0060270000  -0.0233350000  -0.0425800000   0.0054760000   0.0232060000   0.0476230000
   6.7123300895   6.1142144815 3545  3.34E+00   0.6195610000   0.7765740000   1.7526370000  -0.4922070000   0.0121740000   1.9383140000  -0.0224610000   0.8065460000   7.9824790000   0.8725710000   0.2225440000   8.4372770000   1.7865910000  -0.3956590000   8.8940470000  -0.0435790000  -0.0300040000   0.0072890000   0.0436900000   0.0299030000  -0.0074100000   0.0221450000  -0.0156380000   0.0125970000  -0.0501860000   0.0359200000  -0.0267640000   0.0279300000  -0.0201810000   0.0142880000
   6.7123505383   6.1147743987 3919  2.69E+00   1.3410260000  -0.2713350000   2.2541980000   0.0336500000  -0.8781600000   1.9478700000  -0.1342880000   2.1678170000   7.2473310000  -0.1369160000   1.8957230000   8.4328060000  -0.0154710000   1.4995820000   9.5532260000   0.0074610000   0.0033800000   0.0016780000  -0.0074230000  -0.0036890000  -0.0019710000   0.0070960000   0.0082990000  -0.0651570000  -0.0184470000   0.0127360000   0.0297980000   0.0113130000  -0.0207260000   0.0356530000
   6.7144288007   6.1107134538 3985  2.55E+00   1.0054480000  -0.6961080000   1.8315680000  -0.2600170000  -1.2327890000   2.3277280000  -0.1750240000   1.5383360000   7.7733190000   0.4729610000   2.4993490000   7.7128150000   1.0552150000   3.4737910000   7.6972570000   0.0027840000   0.0012280000  -0.0010800000  -0.0026670000  -0.0011520000   0.0008940000   0.0163030000   0.0336220000   0.0033000000   0.0326090000   0.0386090000  -0.0084450000  -0.0490300000  -0.0723060000   0.0053300000
