   6.7286648987   6.9898714201  156  6.51E+00   0.7034710000  -0.9775920000   2.8462050000   1.1907340000  -0.3166340000   1.7716500000  -3.1897910000   0.6444390000   9.2671190000  -2.1665870000   0.7526780000   8.6809170000  -1.1748960000   1.1211470000   8.1899740000   0.0217300000   0.0294830000  -0.0480220000  -0.0217950000  -0.0296020000   0.0479010000  -0.0129270000   0.0166770000   0.0130430000   0.0370380000  -0.0267180000  -0.0314610000  -0.0240460000   0.0101600000   0.0185390000
   6.7276255876   6.9897853796  299  4.42E+00  -1.1207920000   1.0046720000   2.2906520000  -0.3429770000  -0.0007120000   1.7526020000   1.7525020000  -0.1892440000   8.8429530000   0.6327410000   0.1614640000   8.7307660000  -0.4439750000   0.6959670000   8.7068480000   0.0230320000  -0.0297530000  -0.0159080000  -0.0229470000   0.0296880000   0.0159640000   0.0105250000   0.0089940000   0.0072020000   0.0249120000  -0.0394030000  -0.0133490000  -0.0355230000   0.0304740000   0.0060910000
   6.7283494305   6.9870117251  307  3.03E+00   0.5909820000   1.3298060000   2.0655420000  -0.0088270000  -0.0176640000   1.7918660000  -0.6178090000  -0.7504250000   8.7755800000  -0.0518860000   0.2683280000   8.6784590000   0.6636150000   1.2411030000   8.6315780000   0.0074290000   0.0167230000   0.0034170000  -0.0074910000  -0.0167640000  -0.0033400000   0.0131240000   0.0040890000   0.0035480000  -0.0536960000  -0.0438430000  -0.0061170000   0.0406340000   0.0397950000   0.0024920000
   6.7286232521   6.9893046629  326  4.42E+00  -1.4525100000   0.1382880000   2.1587350000   0.0182440000  -0.0008600000   1.7525220000  -0.5982410000   1.2812370000   8.5955150000  -0.0001800000   0.2296210000   8.7281160000   0.5987740000  -0.7703570000   8.9649840000  -0.0281120000   0.0026340000   0.0077980000   0.0281550000  -0.0027030000  -0.0077090000  -0.0336250000   0.0623920000  -0.0000720000   0.0180430000  -0.0395640000  -0.0131170000   0.0155390000  -0.0227590000   0.0131010000
   6.7279810530   6.9897840730  474  3.32E-01   0.5919670000  -0.2648350000   2.8268380000   0.5175610000  -1.3551620000   1.8056020000  -0.9101320000   2.4480450000   7.4936940000  -0.9575110000   2.7167140000   8.6556640000  -0.9931910000   2.9848980000   9.8140090000   0.0008990000   0.0123110000   0.0115060000  -0.0007990000  -0.0125110000  -0.0117240000   0.0015840000  -0.0062900000  -0.0296820000  -0.0013330000  -0.0010580000  -0.0021140000  -0.0003510000   0.0075480000   0.0320140000
   6.7264566799   6.9876747550  637  5.75E+00  -0.3161930000  -0.8481240000   2.9753700000  -0.1972330000  -0.5491630000   1.4361990000   0.4220640000   1.3469810000  10.4553060000   0.3628670000   1.2693670000   9.3236240000   0.3104840000   1.1838710000   8.1864890000  -0.0030700000  -0.0077370000   0.0393020000   0.0030320000   0.0075990000  -0.0396050000  -0.0038580000  -0.0063140000  -0.0847000000  -0.0005140000   0.0004670000   0.0031700000   0.0044100000   0.0059850000   0.0818330000
   6.7271217967   6.9887309264  770  8.90E+00  -1.4883140000   1.5560670000   4.9282050000  -0.5445360000   2.1657370000   5.6179870000   1.6502400000  -2.8124000000   1.2312490000   1.0237700000  -3.7602250000   1.6600800000   0.3945340000  -4.5913930000   2.1556410000   0.0630070000   0.0406810000   0.0460740000  -0.0630880000  -0.0407300000  -0.0459950000   0.0312100000   0.0529440000  -0.0178090000  -0.0509400000  -0.0856840000   0.0295110000   0.0198110000   0.0327900000  -0.0117810000
   6.7278638243   6.9851914301  809  6.39E+00  -0.0809290000  -0.1386190000   2.1836710000  -0.3926560000  -1.4583340000   2.1223240000   0.4604670000   1.7476300000   8.2694270000   0.7980250000   2.8921810000   8.1255430000   0.9065730000   4.0609010000   7.8949690000  -0.0129950000  -0.0550700000  -0.0025690000   0.0130380000   0.0551260000   0.0024710000  -0.0255940000  -0.0386620000   0.0012260000   0.0357360000  -0.0004340000   0.0107710000  -0.0101840000   0.0390410000  -0.0118990000
   6.7261155145   6.9878250855  889  5.11E+00  -0.6191290000  -1.3139340000   2.3215910000  -0.3659720000   0.1156700000   1.7605330000   0.1933890000   1.1412210000   8.9932290000   0.7107760000   0.0879990000   8.7641500000   1.1397930000  -1.0145090000   8.4899510000  -0.0059080000  -0.0332640000   0.0130660000   0.0058920000   0.0333400000  -0.0130430000  -0.0226240000   0.0333340000   0.0062160000   0.0041830000   0.0291140000   0.0098280000   0.0184580000  -0.0625240000  -0.0160680000
   6.7264911967   6.9871861942  914  2.03E-01   0.7258960000   0.3844320000   2.5350080000  -0.1798110000  -0.1073380000   1.4747300000   0.1882190000   1.1475380000   8.3384470000   0.2870100000   0.4169650000   9.2470870000   0.4486110000  -0.2610260000  10.1961190000   0.0064000000   0.0034120000   0.0074130000  -0.0063900000  -0.0035580000  -0.0075680000   0.0052500000  -0.0042130000   0.0142410000  -0.0103550000   0.0046740000  -0.0227150000   0.0050950000  -0.0003150000   0.0086280000
   6.7269610974   6.9894172836 1378  5.10E+00   0.5001180000  -0.8101860000   2.7026720000  -0.0050640000   0.0072090000   1.4460610000  -0.5297230000   0.7667160000  10.1961990000   0.0441580000   0.2783350000   9.3253020000   0.4903550000  -0.2729480000   8.4122670000   0.0135650000  -0.0219690000   0.0336550000  -0.0136300000   0.0220390000  -0.0339030000   0.0147990000  -0.0252150000  -0.0393260000   0.0126250000   0.0075040000   0.0040680000  -0.0273590000   0.0176420000   0.0355050000
   6.7265477928   6.9855842959 1463  3.96E+00   1.7248920000  -1.4416170000   3.3185020000   1.5673400000  -0.3137080000   2.3150780000  -3.6397030000   0.5097070000   6.8984260000  -2.8398010000   0.8062840000   7.7181570000  -2.1648200000   1.2302530000   8.5376360000   0.0025570000  -0.0184060000   0.0164480000  -0.0025440000   0.0184350000  -0.0163170000  -0.0140590000   0.0077820000  -0.0032070000   0.0634530000   0.0080130000   0.0507850000  -0.0494060000  -0.0158240000  -0.0477080000
   6.7283788986   6.9859048154 1553  4.14E+00   0.7147630000  -0.9890260000   2.4327330000  -0.0111830000   0.0137830000   1.5768930000  -0.4744570000   1.1013940000   8.4620470000   0.0768170000   0.2437350000   9.0163800000   0.4276070000  -0.6032160000   9.7419260000   0.0098890000  -0.0136460000   0.0116750000  -0.0098040000   0.0135490000  -0.0116310000   0.0036920000  -0.0271560000   0.0320420000   0.0158660000   0.0135900000  -0.0341540000  -0.0196430000   0.0136640000   0.0020690000
   6.7253355126   6.9889103017 1572  7.09E+00  -0.0006260000   1.2571450000   2.7316960000  -0.1569660000   0.3051600000   1.5030930000   0.4285710000   0.4357700000  10.0295430000   0.3237750000  -0.3684380000   9.2495470000   0.1123350000  -1.0747540000   8.3491270000   0.0037930000   0.0230760000   0.0296750000  -0.0037650000  -0.0229150000  -0.0298340000  -0.0187850000  -0.0732590000  -0.0870840000   0.0204530000   0.0440910000   0.0670500000  -0.0016950000   0.0290080000   0.0201940000
   6.7291276440   6.9856769931 1658  5.06E+00  -1.3304040000  -0.3010550000   2.4109770000   0.0176400000   0.0033510000   1.6557100000   1.0870040000   0.3392110000   8.5508780000   0.0045470000   0.2731260000   8.9813180000  -1.0946950000   0.1456580000   9.2871520000  -0.0350770000  -0.0079120000   0.0196660000   0.0349930000   0.0079130000  -0.0196680000  -0.0224100000  -0.0056600000   0.0010180000  -0.0311970000   0.0036910000   0.0222700000   0.0536910000   0.0019680000  -0.0232870000
   6.7293802426   6.9854254053 1837  1.30E+00  -0.7695250000  -0.7424790000   3.2198710000  -0.8815610000  -1.0450360000   1.7265480000   1.9570670000   2.4397880000   9.8835880000   1.5943670000   2.2095490000   8.7860280000   1.2972610000   1.8551240000   7.6963030000   0.0019780000   0.0054420000   0.0271520000  -0.0021090000  -0.0056050000  -0.0274140000   0.0077160000  -0.0056730000   0.0110640000  -0.0093950000   0.0166190000  -0.0018070000   0.0018090000  -0.0107830000  -0.0089940000
   6.7267929656   6.9878159227 1983  1.77E+00  -0.3965480000  -1.2829600000   2.1769050000   0.0033830000   0.0168760000   1.7629390000   0.6830210000  -0.6994890000   8.9044850000   0.0257770000   0.2699890000   8.7083470000  -0.6942860000   1.1810320000   8.6176870000   0.0045720000   0.0148670000  -0.0046870000  -0.0045540000  -0.0148460000   0.0048010000   0.0067850000  -0.0198100000   0.0114620000  -0.0152060000   0.0393650000  -0.0213940000   0.0084020000  -0.0195760000   0.0098190000
   6.7294218012   6.9894930142 2153  3.66E+00   1.3286270000   0.0414050000   2.7852030000   0.5915410000  -0.3985010000   1.6100860000  -0.3886270000   1.1051050000   9.9825590000  -1.0932300000   1.0035280000   8.9895600000  -1.8286940000   0.8168240000   8.0535680000   0.0002700000   0.0001440000   0.0003810000  -0.0001320000  -0.0001400000  -0.0004160000   0.0447390000   0.0021610000   0.0694080000  -0.0101190000   0.0105140000  -0.0324810000  -0.0347590000  -0.0126790000  -0.0368910000
   6.7299070789   6.9876929351 2241  1.08E+01   0.8794680000   0.4190790000   2.5899920000   1.6613690000   1.4680410000   2.5193090000  -2.5856490000  -1.3486610000   7.3001960000  -2.9860160000  -2.4669380000   7.2826020000  -3.5254490000  -3.4699000000   7.4887580000   0.0569300000   0.0763130000  -0.0051870000  -0.0568430000  -0.0764030000   0.0050080000  -0.0070010000   0.0174160000   0.0168200000  -0.0004270000  -0.0570930000  -0.0258290000   0.0073410000   0.0397680000   0.0091890000
   6.7251677667   6.9855331406 2412  6.19E+00   0.0261160000  -0.1830810000   2.2071750000  -1.2745480000   0.0242530000   1.9162190000   1.6681760000   0.4726720000   9.4131190000   2.3670610000   0.2769110000   8.4949620000   2.9186330000  -0.1024640000   7.5018120000  -0.0609420000   0.0097210000  -0.0136520000   0.0607850000  -0.0096620000   0.0136020000  -0.0044210000  -0.0131780000  -0.0105310000  -0.0015940000   0.0351800000   0.0408120000   0.0061710000  -0.0220620000  -0.0302310000
   6.7296892746   6.9860792704 2550  2.22E+00  -0.6922800000   0.6314080000   2.6331280000  -1.4771400000  -0.3717330000   1.8962420000   1.6078520000   0.9210210000   8.0295050000   2.7274070000   0.8808420000   8.4238310000   3.7655030000   0.9221550000   9.0117640000   0.0040260000   0.0051050000   0.0036760000  -0.0039890000  -0.0051550000  -0.0038950000  -0.0216050000   0.0059080000   0.0074380000  -0.0036180000  -0.0121780000  -0.0366660000   0.0251840000   0.0063210000   0.0294460000
   6.7295903817   6.9863334591 2618  3.05E+00  -1.7062440000  -1.7876840000   3.6330660000  -0.3627730000  -2.2711780000   3.7663080000   1.7964470000   4.1577450000   5.4442750000   0.6767200000   4.3425630000   5.0574750000  -0.3851840000   4.7254290000   4.7215370000   0.0091700000  -0.0032420000   0.0009210000  -0.0091440000   0.0033880000  -0.0008940000   0.0395490000   0.0077830000   0.0157610000  -0.0396120000  -0.0229520000  -0.0180050000   0.0000370000   0.0150220000   0.0022170000
   6.7274527148   6.9894435309 2618  3.06E+00  -1.7102470000  -1.7881670000   3.6557910000  -0.3629270000  -2.2718400000   3.7660000000   1.7963890000   4.1601360000   5.4450950000   0.6758810000   4.3434290000   5.0588390000  -0.3834730000   4.7257250000   4.7198010000   0.0083750000  -0.0029480000   0.0006970000  -0.0083500000   0.0030940000  -0.0006700000   0.0400330000   0.0078980000   0.0156060000  -0.0429780000  -0.0222080000  -0.0184670000   0.0029190000   0.0141630000   0.0028340000
   6.7264308365   6.9899303170 2692  8.87E+00  -0.6118570000  -2.3357260000   4.8660510000   0.5533360000  -2.3265250000   3.9883000000  -0.8077000000   4.9544840000   3.5841390000  -0.9816430000   4.3753040000   4.6010860000  -1.1803300000   4.2150610000   5.7379230000  -0.0016230000   0.0000470000   0.0011890000   0.0015910000   0.0001560000  -0.0012580000  -0.0023450000   0.0298540000   0.0108730000  -0.0017490000  -0.0665100000   0.0157160000   0.0041250000   0.0364540000  -0.0265210000
   6.7272412383   6.9870060065 2763  5.40E+00  -0.1830330000  -0.3383190000   2.6636060000  -0.5545720000  -1.3607680000   1.8612440000   0.5043690000   1.8961430000   7.9513530000   1.0393690000   2.7408420000   8.5185420000   1.4965770000   3.5513130000   9.1916810000  -0.0167300000  -0.0460910000  -0.0362600000   0.0167610000   0.0460510000   0.0359960000   0.0231050000   0.0435530000   0.0400410000   0.0050350000  -0.0014730000  -0.0152230000  -0.0281720000  -0.0420400000  -0.0245550000
   6.7276783413   6.9851186078 3105  3.73E+00   1.0310350000  -0.5152450000   2.5785140000  -0.0108960000   0.0088400000   1.5088210000  -0.8885380000   0.2465190000   9.9797190000  -0.0126150000   0.2534330000   9.1801490000   0.8874690000   0.2392130000   8.4320970000   0.0280790000  -0.0141580000   0.0287970000  -0.0282060000   0.0141440000  -0.0289260000  -0.0147850000  -0.0014650000   0.0188750000   0.0212150000   0.0026150000  -0.0303340000  -0.0063030000  -0.0011360000   0.0115880000
   6.7252552666   6.9893473215 3228  4.02E+00   1.4724070000  -0.3343860000   2.8112750000   0.7005140000  -1.0174320000   1.9052700000  -2.0305750000   2.0072700000   7.5835890000  -1.2866010000   2.0773030000   8.4504850000  -0.5948790000   2.2233510000   9.3813560000  -0.0259320000  -0.0229660000  -0.0304220000   0.0260360000   0.0229450000   0.0304760000   0.0399700000   0.0103450000   0.0577160000  -0.0269130000  -0.0142430000  -0.0508900000  -0.0131610000   0.0039180000  -0.0068800000
   6.7266584564   6.9850212795 3256  1.27E+00  -0.0918080000   1.3912650000   3.2303970000  -1.2225280000   2.2790780000   2.9011410000   2.4691830000  -5.0223830000   6.8702490000   2.2115800000  -3.9386130000   6.6266800000   1.9819770000  -2.8031630000   6.4637940000   0.0067260000  -0.0052550000   0.0018710000  -0.0068890000   0.0054210000  -0.0021020000  -0.0137640000   0.0706520000  -0.0090240000   0.0072990000  -0.0544030000  -0.0003030000   0.0066270000  -0.0164150000   0.0095580000
   6.7265463847   6.9859472818 3331  3.85E+00  -0.0274410000  -1.4764960000   4.3396060000  -0.2665510000  -2.6043940000   3.2558540000   0.8176020000   6.0054480000   6.5054750000   0.4947770000   5.0199930000   6.0037410000   0.1439200000   4.0137350000   5.4547950000   0.0064610000   0.0302190000   0.0291920000  -0.0064310000  -0.0305900000  -0.0292490000  -0.0126840000  -0.0342430000  -0.0198930000   0.0246270000   0.0635600000   0.0385550000  -0.0119730000  -0.0289460000  -0.0186040000
   6.7284460988   6.9850867129 3337  8.63E+00  -0.5019210000  -0.1158930000   2.0402930000  -1.7475400000  -0.9299200000   2.6191460000   3.6357850000   1.8740360000   6.0758900000   3.2274750000   1.9962540000   7.2270480000   2.7006210000   1.9666030000   8.2907870000   0.0357010000   0.0233570000  -0.0166290000  -0.0358480000  -0.0233900000   0.0166530000   0.0209520000  -0.0161060000  -0.0793230000  -0.0021330000   0.0252500000   0.0588990000  -0.0186710000  -0.0091110000   0.0204000000
   6.7256712094   6.9864262276 3410  4.48E+00  -0.0281770000  -1.0594740000   2.8741770000  -0.1104530000  -0.3522820000   1.4687140000   0.5738590000   1.6631520000  10.0611550000   0.2012610000   0.8738580000   9.3118970000  -0.1715410000   0.1946520000   8.4334310000   0.0021700000  -0.0184200000   0.0364570000  -0.0021100000   0.0184460000  -0.0367510000  -0.0160280000  -0.0260090000  -0.0409910000   0.0108460000   0.0084880000   0.0366090000   0.0051220000   0.0174950000   0.0046770000
   6.7299604737   6.9877734206 3461  5.71E+00  -0.0228080000   1.0233420000   2.4644470000   0.9736290000   0.1121920000   1.6942560000  -0.8548060000   0.6838310000   8.4143030000  -1.7964570000   0.0548340000   8.8838340000  -2.6577030000  -0.6621110000   9.3010320000  -0.0229260000   0.0209050000   0.0176310000   0.0228610000  -0.0209830000  -0.0178110000   0.0656770000   0.0362680000  -0.0321000000  -0.0380140000  -0.0047290000   0.0192250000  -0.0275980000  -0.0314620000   0.0130560000
   6.7256290278   6.9851998991 3923  4.47E+00   1.2202240000  -0.6826990000   2.1569490000  -0.0170100000   0.0051910000   1.7741180000  -0.4610370000  -0.8630760000   8.6909070000   0.0612830000   0.2475540000   8.7163370000   0.4231040000   1.3820010000   8.7706930000   0.0045580000  -0.0025100000   0.0014480000  -0.0045180000   0.0025620000  -0.0013690000  -0.0443600000  -0.0736100000   0.0012390000   0.0427890000   0.0389510000  -0.0055740000   0.0015310000   0.0346070000   0.0042560000
   6.7293419309   6.9889097464 3989  5.27E+00   0.0960790000  -1.6055320000   3.0012470000   0.2319410000  -0.8153190000   1.7985430000  -1.5713250000   1.9088700000   8.8943320000  -0.3872120000   1.7974540000   8.7865870000   0.6975780000   1.6025130000   8.3393480000   0.0003620000   0.0022370000  -0.0034400000  -0.0004330000  -0.0022790000   0.0033570000  -0.0336690000  -0.0024700000  -0.0185740000   0.0245750000   0.0101030000   0.0455780000   0.0091660000  -0.0075900000  -0.0269210000
