   6.7220793220   6.8631744439    7  1.30E+01   0.9787770000   0.6356090000   1.8817490000  -0.4020960000  -0.3517150000   1.8574810000   1.8849670000   1.0753570000   8.5098000000   0.6879320000   0.8928730000   8.5926040000  -0.4548970000   0.6585430000   8.6456880000   0.0506560000   0.0362370000   0.0009220000  -0.0506730000  -0.0362230000  -0.0008600000   0.0654250000   0.0064510000  -0.0048460000  -0.0781710000  -0.0053810000   0.0058350000   0.0127620000  -0.0010830000  -0.0010500000
   6.7220431237   6.8600263372   62  5.78E+00   1.8888330000   0.3058860000   2.8098300000   1.6099610000   1.6232650000   3.1646060000  -3.0693890000  -3.4907460000   5.2980510000  -3.0741860000  -2.7029970000   6.2011320000  -2.7823640000  -1.9187030000   7.0661320000  -0.0066250000   0.0312310000   0.0084070000   0.0066050000  -0.0312290000  -0.0084610000   0.0172990000  -0.0261130000  -0.0308330000  -0.0450980000  -0.0021200000   0.0003710000   0.0278190000   0.0282310000   0.0305160000
   6.7238602684   6.8645923868  464  1.77E+01   1.9179720000   0.0351160000   3.8882980000   1.8014090000  -0.5809880000   2.2497790000  -3.1741470000   0.6900330000   6.8051030000  -3.3790460000   1.3252590000   7.8237050000  -3.4067270000   1.9021560000   8.8419420000   0.0046660000   0.0241540000   0.0641640000  -0.0043950000  -0.0241280000  -0.0642680000   0.0202750000  -0.0368760000  -0.0528970000  -0.0310040000   0.0409670000   0.0539240000   0.0104570000  -0.0041180000  -0.0009230000
   6.7216093450   6.8611198302  665  2.65E+00   0.0098320000   1.5881930000   2.2609810000  -0.6689360000   0.2734280000   1.8566110000   1.8717620000  -1.1002470000   8.0801820000   1.2275280000  -0.2979970000   8.5965580000   0.5469450000   0.5459980000   9.0527870000   0.0132130000   0.0255820000   0.0079000000  -0.0132240000  -0.0255680000  -0.0078470000  -0.0300660000   0.0374200000   0.0195110000   0.0317530000  -0.0394530000  -0.0161140000  -0.0016760000   0.0020190000  -0.0034510000
   6.7234308557   6.8630225660  977  2.47E+00  -0.5258540000   0.6417260000   2.4295220000  -1.8413450000  -0.0546740000   2.2148000000   3.4586950000   0.1755150000   9.0779930000   3.3067040000   0.3605630000   7.9464930000   3.2882300000   0.4741120000   6.7434780000   0.0173270000   0.0092310000   0.0027800000  -0.0176230000  -0.0092580000  -0.0028780000   0.0048420000   0.0002940000  -0.0339150000  -0.0136290000  -0.0003710000   0.0860640000   0.0090830000   0.0001040000  -0.0520500000
   6.7212817759   6.8631738633 1230  4.30E+00  -0.6675520000  -1.0375130000   2.2768800000   0.0082960000   0.0124340000   1.7326620000   0.0933010000  -0.9122160000   8.5327320000   0.0067130000   0.2478920000   8.8395570000  -0.0977130000   1.4170680000   9.0358500000   0.0264470000   0.0411240000  -0.0213130000  -0.0264550000  -0.0410290000   0.0212920000   0.0024340000  -0.0456240000  -0.0173060000   0.0013410000   0.0143990000   0.0178800000  -0.0037670000   0.0311300000  -0.0005530000
   6.7215235279   6.8618618753 1291  2.74E+00   0.1513940000   0.3717770000   2.6439840000   1.1247550000   0.3492900000   1.6461760000  -2.2442480000  -0.4207030000  10.1114690000  -1.9863550000  -0.4452800000   8.9638990000  -1.8914420000  -0.3252110000   7.7725740000   0.0224890000  -0.0005020000  -0.0231200000  -0.0222840000   0.0005340000   0.0228240000  -0.0118960000   0.0091750000   0.0045040000   0.0195870000  -0.0219230000   0.0350350000  -0.0078950000   0.0127170000  -0.0392440000
   6.7215403764   6.8607685352 1338  5.37E+00   0.2739170000   0.1711050000   2.5214310000  -0.8721600000  -0.3747120000   1.5897140000   2.3662190000   1.0702180000   9.9462420000   1.5580740000   0.9758570000   9.0698980000   0.8026640000   0.7455050000   8.1479320000   0.0297610000   0.0141580000   0.0240470000  -0.0297450000  -0.0141840000  -0.0243680000   0.0328300000  -0.0042640000   0.0299620000   0.0027560000   0.0237210000   0.0188790000  -0.0356020000  -0.0194310000  -0.0485210000
   6.7205656633   6.8639657553 1649  3.74E+00  -1.3268010000   0.8840590000   2.7753420000  -0.3906530000   1.6791200000   2.1985200000   0.4825880000  -3.2522160000   6.8924950000   0.7313710000  -2.8599670000   7.9630390000   1.0029860000  -2.3547720000   8.9760720000   0.0393660000   0.0334860000  -0.0242530000  -0.0393730000  -0.0333270000   0.0242560000   0.0063310000   0.0137170000   0.0162840000  -0.0030890000  -0.0120110000   0.0056580000  -0.0032360000  -0.0018650000  -0.0219450000
   6.7207006463   6.8617703381 1885  1.39E+00   1.2933870000   0.1594900000   2.3131570000  -0.0165420000  -0.0018330000   1.6762860000  -0.3439260000   1.2722980000   9.3077990000   0.0255080000   0.2573630000   8.9124540000   0.3259060000  -0.7787210000   8.4853290000   0.0044240000   0.0005880000   0.0021590000  -0.0044490000  -0.0004640000  -0.0021830000   0.0115800000  -0.0472770000  -0.0192460000   0.0027610000   0.0169470000   0.0067810000  -0.0143150000   0.0302060000   0.0124890000
   6.7221912793   6.8640552317 2298  5.83E+00  -1.2285840000  -0.0606850000   2.1013720000   0.0254270000   0.3384970000   1.7852850000   0.0531730000   0.8329480000   8.6314520000  -0.0066400000  -0.3548420000   8.7050210000  -0.0977730000  -1.5656090000   8.7863710000   0.0552570000   0.0175800000  -0.0138930000  -0.0552480000  -0.0176170000   0.0139610000  -0.0000320000   0.0321560000  -0.0003280000   0.0070770000   0.0400310000  -0.0060420000  -0.0070540000  -0.0721510000   0.0063020000
   6.7211437229   6.8603396697 2690  4.73E+00  -1.4283650000   0.1424760000   3.0100340000  -1.7022450000   1.6534720000   2.7493510000   2.6604100000  -2.6193710000   5.8757410000   3.1399840000  -2.8468580000   6.9302180000   3.5738310000  -2.8226440000   8.0023940000   0.0063110000  -0.0353410000   0.0060770000  -0.0065420000   0.0355460000  -0.0061430000  -0.0016660000   0.0163900000   0.0028470000   0.0186150000  -0.0331320000   0.0299030000  -0.0167190000   0.0165360000  -0.0326830000
   6.7236534137   6.8622810505 2843  1.20E+00  -0.8424060000  -0.9053450000   2.7809100000  -1.4206830000   0.1229080000   1.8849220000   3.4602770000  -0.4807850000   9.0864350000   2.6190400000   0.0161960000   8.4709600000   1.7219270000   0.5995080000   7.9666780000   0.0045340000  -0.0080900000   0.0069470000  -0.0045410000   0.0079560000  -0.0071670000  -0.0310860000   0.0221990000  -0.0120880000   0.0391340000  -0.0314770000   0.0059450000  -0.0080420000   0.0094120000   0.0063630000
   6.7209547390   6.8634737453 2879  4.96E+00   1.7517970000   0.4736910000   2.8224200000   1.2346820000  -0.7428610000   2.0691680000  -2.8336880000   1.4727560000   7.1334230000  -2.1924220000   1.6200410000   8.1422180000  -1.7971440000   1.6789420000   9.2436900000   0.0088650000   0.0207870000   0.0129220000  -0.0087010000  -0.0207880000  -0.0128540000  -0.0386710000  -0.0102280000  -0.0274050000   0.0565010000   0.0159730000   0.0263590000  -0.0179930000  -0.0057440000   0.0009780000
   6.7242582013   6.8648331190 3137  4.19E+00  -0.6371480000  -0.0745760000   2.2684010000   0.5384380000  -1.0314730000   1.8516730000  -1.9248520000   2.6747710000   8.9628000000  -0.9237200000   2.1757780000   8.5984430000  -0.0306650000   1.5356750000   8.1929510000  -0.0301540000   0.0245370000   0.0106560000   0.0300710000  -0.0245240000  -0.0108040000  -0.0092580000  -0.0082560000  -0.0014300000   0.0260570000   0.0104220000  -0.0014640000  -0.0167150000  -0.0021780000   0.0030420000
   6.7238874583   6.8617589969 3940  6.25E+00  -0.8231860000   1.4628380000   2.3192790000  -1.4083450000   0.2458940000   2.2300990000   1.6409890000   0.2382450000   8.3770690000   2.5736480000  -0.1836270000   7.8835700000   3.5124640000  -0.7329420000   7.4221810000  -0.0258120000  -0.0537490000  -0.0039050000   0.0258870000   0.0537480000   0.0039730000   0.0705130000  -0.0406510000  -0.0331970000  -0.0758400000   0.0523480000   0.0318080000   0.0052520000  -0.0116960000   0.0013210000
   6.7224276271   6.8647241830 3968  2.74E+00   1.3852450000   0.3416620000   2.1091340000  -0.0213910000  -0.0036120000   1.7735270000  -1.0125080000  -0.3567690000   8.5571400000   0.0066620000   0.2799030000   8.6883990000   1.0270640000   0.8308330000   8.9313980000   0.0129270000   0.0031850000   0.0031430000  -0.0128910000  -0.0031400000  -0.0030450000  -0.0471330000  -0.0345060000   0.0019860000   0.0290050000   0.0297730000  -0.0141200000   0.0180930000   0.0046870000   0.0120370000
