   6.7245476989   6.5968572380   62  5.50E+00   1.8391900000   1.0063230000   4.4789380000   1.4297880000   2.3530490000   4.2390180000  -3.2296220000  -4.8839290000   4.6789760000  -2.5772260000  -4.0601550000   4.2653680000  -2.0922490000  -3.1955520000   3.6673470000  -0.0036320000   0.0122200000  -0.0021060000   0.0038400000  -0.0119800000   0.0022750000   0.0471300000   0.0793960000  -0.0530260000  -0.0111950000  -0.0424890000   0.0408560000  -0.0361420000  -0.0371460000   0.0120000000
   6.7235733106   6.5954669927  163  5.22E+00   0.6601250000  -1.1379590000   2.0487900000  -0.0098310000   0.0156290000   1.8390410000   0.1347100000   1.3795830000   8.8721220000  -0.0539480000   0.2660920000   8.5852400000  -0.0866990000  -0.8980250000   8.3704660000  -0.0307310000   0.0529420000  -0.0096350000   0.0307130000  -0.0528140000   0.0096650000   0.0073040000  -0.0215480000   0.0011170000  -0.0173450000   0.0356810000  -0.0056420000   0.0100600000  -0.0142620000   0.0044960000
   6.7207000160   6.5999861724  167  8.34E+00  -0.0561750000  -2.0648190000   3.6322800000  -0.6907550000  -1.6915580000   2.4967240000   1.7474170000   4.4546720000   7.2241100000   1.1597570000   3.3959620000   7.3564160000   0.8352990000   2.2618060000   7.5565550000  -0.0280260000   0.0164540000  -0.0501960000   0.0279960000  -0.0164550000   0.0499920000   0.0493980000   0.0572740000  -0.0033100000  -0.0556350000  -0.0212090000  -0.0074020000   0.0062670000  -0.0360640000   0.0109150000
   6.7210810344   6.5969337964  523  5.30E+00   0.2054010000  -1.4438440000   2.5053530000  -0.2257360000  -0.3901550000   1.7735830000  -0.3136780000   0.1279760000   8.3495500000   0.4238780000   0.9469050000   8.7830530000   1.1099140000   1.8883580000   9.0426860000  -0.0189820000   0.0464810000  -0.0323050000   0.0190770000  -0.0464290000   0.0321640000  -0.0116680000  -0.0014120000  -0.0142250000  -0.0041090000  -0.0323800000   0.0173990000   0.0156830000   0.0337410000  -0.0030320000
   6.7204063270   6.5954893964  644  5.37E+00  -0.6665480000  -1.3512890000   2.4333560000  -0.7601400000   0.0673260000   1.7993920000   1.7896350000  -0.7890760000   9.2958190000   1.3578820000   0.1269090000   8.6687770000   1.0293270000   1.1303720000   8.0578440000   0.0021960000  -0.0331680000   0.0148240000  -0.0022060000   0.0329940000  -0.0149010000   0.0189080000  -0.0221290000   0.0201770000  -0.0060990000  -0.0415700000   0.0130100000  -0.0127980000   0.0638720000  -0.0331100000
   6.7233037524   6.5994988739  923  5.30E+00  -0.9490520000  -1.5448910000   2.4086920000  -0.5781720000  -0.3251500000   1.9726020000  -0.1107560000   0.7901020000   8.4603690000   1.0613140000   0.8646570000   8.3547260000   2.2613590000   0.9696890000   8.2655520000   0.0176950000   0.0581320000  -0.0207630000  -0.0176250000  -0.0581180000   0.0208150000  -0.0085680000   0.0014840000   0.0033380000  -0.0498310000  -0.0085150000  -0.0012700000   0.0583290000   0.0070160000  -0.0021200000
   6.7213999103   6.5993458279  923  5.64E+00  -0.9477770000  -1.5437310000   2.4100720000  -0.5786270000  -0.3253990000   1.9717570000  -0.1119610000   0.7910060000   8.4592240000   1.0612330000   0.8642910000   8.3550300000   2.2648140000   0.9702310000   8.2706010000   0.0178430000   0.0588260000  -0.0211420000  -0.0177730000  -0.0588120000   0.0211960000  -0.0104340000   0.0014820000   0.0036790000  -0.0530130000  -0.0090840000  -0.0016840000   0.0633770000   0.0075880000  -0.0020480000
   6.7202504186   6.5954107409 1162  4.83E+00   1.4719650000  -0.3852800000   2.0662150000  -0.0181060000   0.0015970000   1.8164550000   0.0381390000  -0.8870030000   8.3514890000   0.0480970000   0.2679550000   8.6013240000  -0.0765570000   1.3898210000   8.9907260000   0.0354390000  -0.0091640000   0.0059700000  -0.0354240000   0.0092850000  -0.0059080000  -0.0086220000  -0.0118130000   0.0082680000   0.0205330000  -0.0171070000  -0.0287690000  -0.0119250000   0.0287990000   0.0204390000
   6.7240953993   6.5992785012 1539  2.78E-01  -1.1393080000   0.7137830000   2.2408160000   0.0142950000  -0.0100350000   1.7090310000   0.0959620000  -0.7222450000   9.4915410000   0.0054420000   0.2442190000   8.8500910000  -0.0996570000   1.2317320000   8.1894250000  -0.0027210000   0.0016550000   0.0012060000   0.0027280000  -0.0018330000  -0.0013360000  -0.0022610000   0.0157100000  -0.0100640000   0.0055480000  -0.0397920000   0.0248060000  -0.0032930000   0.0242590000  -0.0146120000
   6.7212969202   6.5964363737 1892  5.14E+00  -0.0344710000   1.3344970000   1.9281410000  -0.0017470000  -0.0160940000   1.8388470000  -1.1113210000   0.2873080000   8.9372470000  -0.0185840000   0.2456490000   8.5606360000   1.1361710000   0.2122580000   8.3323800000   0.0014030000  -0.0591230000  -0.0038720000  -0.0015310000   0.0591210000   0.0039560000   0.0399460000  -0.0008020000  -0.0009820000  -0.0423550000   0.0002000000  -0.0114420000   0.0025370000   0.0006040000   0.0123410000
   6.7232960543   6.5969584981 1926  2.34E+00   0.4545130000   0.8162540000   2.5744380000  -0.0076260000  -0.0107160000   1.4818650000  -0.2132520000   0.3936150000  10.4138500000   0.0672590000   0.1968790000   9.2579340000   0.1722100000   0.1483560000   8.0744530000  -0.0012330000  -0.0021920000  -0.0030560000   0.0012270000   0.0022060000   0.0026940000  -0.0232740000   0.0178290000   0.0511000000   0.0318890000  -0.0258200000  -0.0288500000  -0.0086090000   0.0079760000  -0.0218880000
   6.7203422139   6.5974228400 2134  3.64E+00  -0.1706030000   2.0188050000   2.6018690000  -0.1535530000   0.8215340000   1.9567630000   0.7216590000  -2.3777230000   8.2596010000   0.2753760000  -1.2951490000   8.4312610000  -0.1507550000  -0.1924690000   8.4757950000   0.0006940000  -0.0482100000  -0.0259950000  -0.0006650000   0.0481370000   0.0259450000   0.0076060000  -0.0142460000  -0.0095510000  -0.0042700000   0.0013010000   0.0156940000  -0.0033660000   0.0130170000  -0.0060940000
   6.7238065405   6.5991724017 2173  2.03E+00  -1.1147700000   0.8842860000   2.1946460000   0.0158890000  -0.0159090000   1.7330770000   0.3521320000  -0.7574550000   8.2818270000  -0.0207650000   0.2540240000   8.7988490000  -0.3456620000   1.2781740000   9.3204250000  -0.0183240000   0.0146150000   0.0075070000   0.0182740000  -0.0144960000  -0.0075390000   0.0143570000  -0.0301670000  -0.0138250000  -0.0067450000  -0.0037390000  -0.0040790000  -0.0075620000   0.0337870000   0.0179350000
   6.7216629444   6.5989086001 2428  3.49E+00   0.3364240000  -0.7338920000   1.8880000000  -0.0488130000   0.6256740000   1.8752560000  -0.1474920000   0.2947310000   8.4651220000   0.1461510000  -0.8656160000   8.6056780000   0.2603620000  -2.0357730000   8.5913850000  -0.0056620000   0.0200510000  -0.0001720000   0.0057120000  -0.0201360000   0.0001330000  -0.0224400000   0.0436330000  -0.0134700000   0.0333520000  -0.0403450000   0.0222230000  -0.0109630000  -0.0032030000  -0.0087140000
   6.7217146810   6.5998588341 2645  4.14E+00  -0.8480840000   1.2952230000   1.9669390000   0.0074120000  -0.0160330000   1.8758440000   1.1497190000   0.2156110000   8.7208350000   0.0021160000   0.2413390000   8.5508540000  -1.1348940000   0.2893580000   8.3689180000  -0.0214180000   0.0328650000   0.0022950000   0.0214850000  -0.0328720000  -0.0022410000  -0.0304910000   0.0023020000  -0.0042830000  -0.0190110000  -0.0018290000  -0.0043050000   0.0494340000  -0.0004660000   0.0085330000
   6.7220484926   6.5951384118 2802  5.22E-01   0.8610080000  -0.5404060000   2.6144250000  -0.0106200000   0.0096620000   1.4869900000  -0.0674040000   0.3500640000   8.0730930000  -0.0025240000   0.2446240000   9.2343930000   0.0680910000   0.1397630000  10.4047700000   0.0159360000  -0.0100720000   0.0204480000  -0.0158910000   0.0100060000  -0.0208030000   0.0012060000  -0.0013280000   0.0193520000  -0.0020900000   0.0020350000  -0.0278850000   0.0008390000  -0.0006410000   0.0088890000
   6.7207195936   6.5987622069 2975  2.02E+00   0.6267500000   0.2895650000   2.4414320000  -0.1063640000   1.4820690000   1.8645350000   0.3950160000  -3.1985960000   9.4644210000   0.1573570000  -2.4128030000   8.5769800000  -0.0214210000  -1.7225040000   7.6323040000   0.0114040000  -0.0184760000   0.0088400000  -0.0113660000   0.0186030000  -0.0091480000   0.0156120000  -0.0459110000   0.0421740000  -0.0167460000   0.0431500000  -0.0275780000   0.0010960000   0.0026340000  -0.0142870000
   6.7204357360   6.5955005585 3166  8.11E-01   1.3310800000   1.7789740000   3.4568080000   0.5601410000   1.6024470000   2.2403480000  -1.5531490000  -3.7516440000   7.8112130000  -1.0102630000  -2.7102290000   7.8760190000  -0.5697960000  -1.6412110000   7.8708500000  -0.0008210000  -0.0001770000  -0.0013870000   0.0008320000   0.0001720000   0.0011780000  -0.0078760000   0.0002800000  -0.0043700000   0.0312630000   0.0374330000   0.0077730000  -0.0233980000  -0.0377080000  -0.0031950000
   6.7220179175   6.5971713013 3181  4.59E+00  -0.0262550000   1.0648310000   2.1160160000   1.0086560000  -0.0797610000   1.8692770000  -1.4298510000   0.9831310000   9.4998690000  -1.8281160000   0.3381500000   8.5511350000  -2.2336060000  -0.2180430000   7.6130810000  -0.0250670000   0.0277900000   0.0059810000   0.0252000000  -0.0277200000  -0.0060310000   0.0209110000   0.0404820000   0.0528660000  -0.0270640000  -0.0557590000  -0.0715700000   0.0060210000   0.0152080000   0.0187540000
   6.7244966238   6.5961691103 3597  2.83E+00   0.6571450000  -0.8163600000   2.4602480000  -0.0056460000   0.0091410000   1.5774590000  -0.6915250000   0.4494100000  10.0179110000   0.0034640000   0.2047720000   9.0745390000   0.6757180000   0.0903270000   8.1378400000  -0.0202620000   0.0251840000  -0.0270240000   0.0201450000  -0.0252000000   0.0267990000  -0.0239900000   0.0164430000   0.0315600000   0.0453040000  -0.0283920000  -0.0611710000  -0.0211960000   0.0119640000   0.0298370000
   6.7220839136   6.5983180959 3620  6.70E+00   0.8667290000  -0.3403650000   2.4731970000  -0.2547950000  -1.2142140000   1.9028720000   0.8219610000   3.4069470000   9.0080650000   0.4569010000   2.4055540000   8.5951560000   0.0529450000   1.5604130000   7.8815460000   0.0214490000   0.0166700000   0.0107850000  -0.0213800000  -0.0167570000  -0.0111380000  -0.0260410000  -0.0517030000  -0.0481600000   0.0242440000   0.0296950000   0.0609400000   0.0017280000   0.0220960000  -0.0124270000
   6.7210050935   6.5989239799 3680 -3.47E-01  -0.8127990000   0.2778640000   2.3533400000   0.1489460000  -0.5782860000   1.6373480000  -0.7969860000   0.9537930000   7.9858710000  -0.2693250000   1.2948610000   8.9746890000   0.3065040000   1.6324290000   9.9524710000  -0.0053470000   0.0047800000   0.0038900000   0.0054630000  -0.0048150000  -0.0041790000   0.0069490000   0.0027250000   0.0085550000  -0.0198250000  -0.0082340000  -0.0244280000   0.0127610000   0.0055450000   0.0161610000
