   6.7258947782   6.3439380534   58  6.79E+00   0.4567900000   1.5932700000   2.1216770000  -0.3347800000   0.2460630000   1.8814270000   0.1002110000   0.7484800000   8.1904610000   0.6330690000  -0.1854370000   8.6057180000   1.0677360000  -1.2508790000   8.8204730000   0.0212380000   0.0360830000   0.0064070000  -0.0211730000  -0.0361720000  -0.0065390000   0.0180450000  -0.0534810000   0.0067880000  -0.0053650000   0.0491370000   0.0097770000  -0.0127450000   0.0044320000  -0.0164330000
   6.7280929665   6.3423126902  215  6.26E+00   1.6379850000  -0.4770750000   2.1186720000   0.3081540000  -0.8328650000   2.1123200000   0.0999330000   0.7988390000   8.2376050000  -0.5498390000   1.8023760000   8.0587700000  -1.3293660000   2.7253840000   8.0309780000  -0.0418020000  -0.0111470000  -0.0001990000   0.0417380000   0.0112820000   0.0001620000   0.0223180000  -0.0502370000   0.0184190000   0.0231370000   0.0095040000  -0.0264670000  -0.0453910000   0.0405980000   0.0080850000
   6.7260134601   6.3411760930  252  1.16E+01  -1.8599690000  -0.9576680000   3.0354820000  -2.4550090000  -0.4438000000   4.3826300000   5.4671080000   0.7792150000   4.4820350000   4.5073870000   0.9913100000   3.9828570000   3.5273080000   1.4410720000   3.4500770000   0.0140940000  -0.0123270000  -0.0320470000  -0.0143990000   0.0120380000   0.0322100000  -0.1501100000   0.0508280000  -0.0800280000   0.1727440000  -0.0795900000   0.0950320000  -0.0223290000   0.0290510000  -0.0151670000
   6.7280057156   6.3433736978  252  1.15E+01  -1.8592420000  -0.9632740000   3.0223940000  -2.4555570000  -0.4437290000   4.3829400000   5.4681970000   0.7804890000   4.4832770000   4.5065830000   0.9919810000   3.9812010000   3.5295110000   1.4392920000   3.4493540000   0.0153330000  -0.0135130000  -0.0351210000  -0.0156290000   0.0132290000   0.0352800000  -0.1427490000   0.0490460000  -0.0763980000   0.1605140000  -0.0756280000   0.0886830000  -0.0174690000   0.0268660000  -0.0124450000
   6.7262396178   6.3402905936  288  2.85E+00  -0.2860970000  -1.9000920000   3.3298240000  -0.8558900000  -1.2278080000   2.1535080000   1.6503800000   2.6866600000   9.1735300000   1.4864640000   2.5848770000   8.0186810000   1.5262850000   2.3122380000   6.8431350000   0.0025940000  -0.0032080000   0.0054370000  -0.0028170000   0.0029190000  -0.0056430000   0.0123870000  -0.0109230000  -0.0051770000  -0.0272220000   0.0311140000   0.0497600000   0.0150590000  -0.0199030000  -0.0443770000
   6.7260522751   6.3410622578  489  3.27E+00   0.8244110000  -1.1092200000   1.9760410000  -0.0097260000   0.0134910000   1.8766090000  -0.3679040000   1.2643250000   8.9568200000   0.0066750000   0.2572980000   8.5108490000   0.3595280000  -0.7672940000   8.1585750000  -0.0161890000   0.0218020000  -0.0019590000   0.0161500000  -0.0216700000   0.0019610000   0.0071900000  -0.0249460000  -0.0025030000   0.0194800000  -0.0465570000  -0.0313210000  -0.0266300000   0.0713700000   0.0338220000
   6.7283512678   6.3422526985  674  1.13E+00   1.2934430000  -1.1575750000   2.8248550000   0.5687650000  -0.3729610000   1.7402730000  -0.5205620000   1.2193510000   7.7819680000  -1.0701420000   0.9350110000   8.7666780000  -1.5981250000   0.7020020000   9.7687890000   0.0124860000  -0.0135820000   0.0186090000  -0.0124740000   0.0133740000  -0.0189240000  -0.0132570000  -0.0031670000   0.0288390000  -0.0040020000  -0.0073770000  -0.0001590000   0.0172470000   0.0107510000  -0.0283650000
   6.7272207197   6.3400529783  728  1.98E+00   1.3126980000  -0.3090420000   2.4488590000   0.1482110000  -0.1639600000   1.6500830000  -0.7147830000   0.2073360000   7.9201430000  -0.2665420000   0.6134540000   8.9226910000   0.0919690000   0.8581470000   9.9876180000  -0.0141310000   0.0017870000  -0.0097930000   0.0143150000  -0.0017370000   0.0094540000   0.0003060000  -0.0049580000   0.0225130000   0.0217550000   0.0271840000   0.0196430000  -0.0222460000  -0.0222770000  -0.0418170000
   6.7286961082   6.3430071950  739  2.75E+00  -0.4789380000   1.2945340000   1.7788940000   0.0108660000  -0.0125090000   1.9690810000   1.0902770000   0.6802960000   8.1810560000   0.0063030000   0.2234410000   8.4040470000  -1.1191040000  -0.1794450000   8.5651030000   0.0081230000  -0.0217030000   0.0031700000  -0.0081740000   0.0216660000  -0.0031400000   0.0349540000   0.0188590000  -0.0097240000   0.0194330000  -0.0033480000   0.0046600000  -0.0543350000  -0.0154750000   0.0050340000
   6.7298382841   6.3424946213  814  6.49E+00   1.5477510000  -0.3186070000   2.4044490000   0.8161100000  -1.7271200000   2.6569900000  -1.4196240000   3.7154610000   8.2537320000  -1.5274620000   3.3365390000   7.1450920000  -1.6070780000   3.1132150000   5.9625240000   0.0219470000   0.0420460000  -0.0075660000  -0.0217460000  -0.0423340000   0.0075310000   0.0023570000   0.0127260000   0.0040970000  -0.0003230000  -0.0145800000   0.0459940000  -0.0022350000   0.0021420000  -0.0500570000
   6.7287154291   6.3445705134 1094  6.63E+00  -0.6340370000   0.1135940000   1.6004970000   0.6318460000  -0.0497380000   2.0502500000  -2.1080660000  -0.3524390000   8.1667700000  -1.1589870000   0.3824990000   8.3033120000  -0.1375320000   0.9942180000   8.2608690000   0.0558750000  -0.0072050000   0.0198700000  -0.0559080000   0.0072000000  -0.0198990000  -0.0389750000  -0.0405960000  -0.0156830000   0.0101460000   0.0329660000   0.0260030000   0.0288610000   0.0076340000  -0.0102910000
   6.7283301866   6.3405199113 1109  5.14E+00  -2.1542370000  -0.2227350000   2.3587520000  -0.7278450000  -0.9172990000   2.3666670000   0.4383030000   1.4011510000   8.1517410000   1.3590800000   1.9429370000   7.6725920000   2.3122000000   2.4232120000   7.1213460000  -0.0392330000   0.0191240000  -0.0002120000   0.0392580000  -0.0190910000   0.0002280000   0.0071840000  -0.0005120000  -0.0056600000  -0.0450010000  -0.0140130000   0.0294530000   0.0377910000   0.0144920000  -0.0238090000
   6.7268619961   6.3434981936 1119  2.51E+00  -0.5840060000  -0.7381230000   1.7733830000   0.7997940000  -0.4632060000   2.0684290000  -2.2815840000   1.1833820000   7.3631270000  -1.4088480000   1.1634260000   8.1729470000  -0.6183710000   0.9907790000   9.0606980000   0.0059350000   0.0011590000   0.0012240000  -0.0057810000  -0.0011670000  -0.0012130000  -0.0249870000  -0.0083030000  -0.0117300000  -0.0005540000   0.0239820000  -0.0281480000   0.0253880000  -0.0156700000   0.0398670000
   6.7273021234   6.3445279938 1234  2.00E+00  -0.2068940000  -1.8835600000   2.9276350000  -0.1467900000  -0.8855370000   1.8875200000   0.3965340000   2.9155330000   9.0726530000   0.3161300000   1.9384100000   8.4390400000   0.1122850000   0.8582390000   7.9822030000   0.0002200000   0.0037800000  -0.0040620000  -0.0001980000  -0.0037280000   0.0037060000  -0.0090030000  -0.0174190000   0.0051140000   0.0201540000   0.0401100000  -0.0113390000  -0.0111730000  -0.0227430000   0.0065810000
   6.7272503193   6.3421002682 1286  1.26E+01  -2.0012070000   1.4266370000   3.0338610000  -1.7453470000  -0.0982230000   2.5868240000   3.7661280000   1.3737590000   7.3810050000   3.1346350000   0.4242490000   7.2616550000   2.7234850000  -0.6039020000   7.0585200000  -0.0076710000   0.0460310000   0.0135220000   0.0076630000  -0.0458880000  -0.0135150000  -0.0205680000  -0.0657320000  -0.0136520000  -0.0440550000  -0.0406760000  -0.0030580000   0.0646320000   0.1062650000   0.0167040000
   6.7256699495   6.3433988594 1334  4.28E+00   0.6451550000  -1.4165000000   2.0215830000  -0.0036720000   0.0170320000   1.9054440000   1.0612830000  -0.0467700000   8.1584840000  -0.0086490000   0.2357840000   8.5082720000  -1.0770970000   0.5616250000   8.8119610000   0.0170830000  -0.0378160000   0.0030510000  -0.0172160000   0.0378370000  -0.0030760000  -0.0306700000   0.0113600000   0.0086370000  -0.0021780000  -0.0045160000   0.0029830000   0.0329810000  -0.0068650000  -0.0115940000
   6.7280695745   6.3436444509 1404  8.82E+00  -0.0503820000  -0.7785130000   1.7602030000  -0.4600630000  -1.7017780000   2.8378430000   1.7808910000   2.9354910000   7.3730360000   0.8070500000   3.4860810000   6.8929380000  -0.0859000000   3.6833320000   6.1698720000   0.0027280000   0.0061140000  -0.0071650000  -0.0027200000  -0.0062190000   0.0071220000   0.0493480000  -0.0472180000   0.0063090000  -0.0760430000   0.0741160000  -0.0083190000   0.0266880000  -0.0267930000   0.0020530000
   6.7256003324   6.3428085968 1462  8.15E+00   0.6149110000  -0.4946240000   1.7908740000   0.1364150000  -1.7465050000   2.5626740000  -0.4121330000   4.5715610000   7.2574660000  -0.2895520000   3.4087810000   7.1926400000  -0.0905310000   2.3107870000   7.4327970000   0.0103620000   0.0272400000  -0.0167580000  -0.0104000000  -0.0271490000   0.0165880000   0.0077280000  -0.0138540000   0.0225270000   0.0014190000  -0.0736120000  -0.0291490000  -0.0091090000   0.0873750000   0.0067920000
   6.7273113357   6.3416213776 1543  2.98E+00   0.7948230000   1.1767030000   1.9554870000   0.3762350000  -0.2567510000   1.8823750000   0.3741530000   0.8178570000   8.1322850000  -0.7267590000   0.7498690000   8.4945480000  -1.7576600000   0.5150340000   8.9678410000   0.0046660000   0.0161400000   0.0008040000  -0.0048440000  -0.0161470000  -0.0009060000  -0.0302760000  -0.0140410000   0.0215640000  -0.0070700000   0.0186130000  -0.0153680000   0.0375230000  -0.0045660000  -0.0060950000
   6.7260193087   6.3411626471 1698  5.95E-01  -0.0156230000   0.9488030000   1.5072170000  -0.6076140000  -0.2165840000   2.1053440000  -0.0459790000   0.5858860000   8.3704020000   1.1009350000   0.6065470000   8.1310750000   2.2550670000   0.6683520000   7.9172630000  -0.0033060000  -0.0065130000   0.0033650000   0.0033580000   0.0065120000  -0.0032900000   0.0076510000   0.0030050000   0.0017900000  -0.0086570000  -0.0058690000  -0.0048800000   0.0009530000   0.0028640000   0.0030150000
   6.7258004322   6.3408619140 1726  1.11E+00  -0.2762350000  -1.1669760000   2.4276100000   0.0046260000   0.0117840000   1.6273940000   0.1558090000  -0.2761430000   7.9599110000   0.0536420000   0.3026130000   8.9825990000  -0.2017800000   0.7513140000  10.0175310000   0.0001850000   0.0008450000  -0.0007050000  -0.0002180000  -0.0007450000   0.0002820000  -0.0106370000  -0.0083300000   0.0040500000   0.0136080000   0.0306370000   0.0261090000  -0.0029380000  -0.0224070000  -0.0297370000
   6.7262090515   6.3449189485 2463  9.71E+00   1.4645980000  -1.0777380000   2.0673630000  -0.0401200000  -1.1614820000   2.3574690000  -0.4582960000   1.5877270000   8.4212840000  -0.0046540000   2.3535300000   7.6628600000   0.5698870000   3.2017870000   6.9234050000   0.0294580000   0.0016070000  -0.0056760000  -0.0295470000  -0.0017190000   0.0057850000   0.0066500000   0.0052100000   0.0015710000  -0.0687920000  -0.0928490000   0.0675750000   0.0622320000   0.0877510000  -0.0692540000
   6.7289284400   6.3444841291 2605  1.84E+00   1.4230780000   0.1546500000   1.7853480000  -0.0207250000  -0.0016050000   1.9680440000  -0.7474480000   1.1535230000   8.1640130000   0.0293090000   0.2653460000   8.3674170000   0.7392920000  -0.6667700000   8.6144160000   0.0041250000   0.0004450000  -0.0004850000  -0.0040760000  -0.0004850000   0.0005580000  -0.0300990000   0.0272880000  -0.0026900000   0.0092280000   0.0079070000  -0.0098000000   0.0208220000  -0.0351550000   0.0124170000
   6.7250591073   6.3416040940 2635  4.05E+00   0.6217030000   1.4313010000   1.9089200000  -0.0079420000  -0.0176970000   1.9080640000  -0.0355580000  -0.8481500000   8.8697460000  -0.0129510000   0.2524420000   8.4993620000   0.0457760000   1.3445240000   8.1014000000   0.0167750000   0.0385760000  -0.0000160000  -0.0167840000  -0.0387050000  -0.0000080000   0.0030390000   0.0248010000  -0.0094450000  -0.0042180000   0.0002740000   0.0006600000   0.0011880000  -0.0249460000   0.0088090000
   6.7259843326   6.3404711524 2655  5.92E+00   1.3908220000   0.6289560000   1.6881610000  -0.0141660000  -0.0052740000   2.0156630000  -0.0585860000  -0.9495220000   8.2852720000   0.0429610000   0.2534210000   8.2669990000   0.0094550000   1.4336670000   8.3368430000   0.0367110000   0.0165730000  -0.0085190000  -0.0366880000  -0.0165210000   0.0086200000  -0.0126600000  -0.0542690000   0.0076580000   0.0212930000   0.0392320000  -0.0153400000  -0.0086570000   0.0149860000   0.0075810000
   6.7276363174   6.3404747024 2762  5.98E+00   0.5439540000   1.3530220000   2.4557170000  -0.5476600000   0.8952780000   1.8540390000   0.5549000000  -1.5569090000   9.6511140000   1.0190960000  -1.3590350000   8.5941270000   1.3809420000  -1.2916740000   7.4842570000  -0.0657640000  -0.0275050000  -0.0362900000   0.0655830000   0.0276880000   0.0360400000  -0.0044590000  -0.0080400000  -0.0086080000   0.0165080000   0.0184960000  -0.0058940000  -0.0118680000  -0.0106390000   0.0147520000
   6.7275315480   6.3441427297 2893  5.80E-01  -1.1622770000  -0.7946600000   1.9299440000   0.0173150000   0.0051830000   1.9217160000  -1.1300320000   0.3945340000   8.7543460000  -0.0059510000   0.2675950000   8.4716720000   1.1212540000   0.1164370000   8.1680820000   0.0118190000   0.0080320000  -0.0000470000  -0.0119210000  -0.0080100000   0.0000670000   0.0158560000  -0.0032930000  -0.0042030000  -0.0172320000   0.0049270000   0.0041660000   0.0014790000  -0.0016550000   0.0000160000
   6.7291665681   6.3444519244 2918  1.61E+00  -0.2515710000   1.3802740000   1.9200140000   0.0036900000  -0.0122530000   1.8909190000  -0.8692820000  -0.4192060000   8.9092710000   0.0158330000   0.2403920000   8.5465400000   0.8548180000   0.9006500000   8.1113900000   0.0034500000  -0.0189610000  -0.0004030000  -0.0035480000   0.0188800000   0.0003710000   0.0179740000   0.0159080000  -0.0128920000   0.0213590000   0.0124120000  -0.0023690000  -0.0392360000  -0.0282390000   0.0152940000
   6.7250343404   6.3408114619 3033  3.70E+00  -1.2875590000  -0.8046700000   1.9843590000   0.0333830000  -0.4557810000   2.0218160000   0.7254860000   0.3168760000   8.6804570000  -0.0181530000   1.1068780000   8.3058050000  -0.7974600000   1.8668430000   7.8631350000   0.0483530000   0.0127500000   0.0013730000  -0.0482690000  -0.0128300000  -0.0013470000  -0.0385320000   0.0364590000  -0.0218370000   0.0371550000  -0.0310460000   0.0227140000   0.0012940000  -0.0053330000  -0.0009030000
   6.7271989613   6.3404039745 3448  3.35E+00   1.7162980000  -1.1831220000   3.0162470000   1.4125350000   0.0867240000   2.2027650000  -2.2568030000   0.3586850000   9.0098000000  -2.6576800000   0.1629710000   7.9469220000  -2.9107600000  -0.1519330000   6.8344910000   0.0062210000  -0.0257410000   0.0164970000  -0.0059450000   0.0257990000  -0.0165790000  -0.0054250000  -0.0156420000  -0.0433080000  -0.0023560000   0.0254880000   0.0514470000   0.0075040000  -0.0099050000  -0.0080580000
   6.7287321689   6.3428050156 3541  4.84E+00  -0.2918560000  -0.6340680000   1.6004760000   1.0512220000  -0.6214460000   2.2746040000  -3.0433390000   1.6709220000   7.5776610000  -1.9005830000   1.4331760000   7.7984060000  -0.7615700000   1.0844740000   8.1085390000  -0.0175900000  -0.0001300000  -0.0087760000   0.0174770000   0.0001780000   0.0087110000  -0.0292970000   0.0000560000   0.0002630000  -0.0497300000   0.0300620000  -0.0284650000   0.0791390000  -0.0301670000   0.0282680000
   6.7257126882   6.3400591835 3541  4.58E+00  -0.2849010000  -0.6424150000   1.6095170000   1.0515700000  -0.6215800000   2.2742420000  -3.0440970000   1.6730480000   7.5816440000  -1.9018090000   1.4332050000   7.7992360000  -0.7620690000   1.0835200000   8.1051680000  -0.0143420000  -0.0001870000  -0.0070810000   0.0142280000   0.0002350000   0.0070130000  -0.0282720000  -0.0000370000   0.0004670000  -0.0507040000   0.0301180000  -0.0282830000   0.0790900000  -0.0301290000   0.0278840000
