   6.7250570172   6.3196407638  132  5.36E+00   1.3557770000   0.0116090000   1.9310250000  -0.0145920000  -0.0044780000   1.8955140000  -0.4506910000  -0.7380490000   8.1572670000   0.0228120000   0.2541520000   8.5181920000   0.4210260000   1.2565640000   8.8610330000  -0.0470680000  -0.0005210000  -0.0011920000   0.0471450000   0.0006610000   0.0011670000   0.0126250000   0.0396390000   0.0147170000   0.0269400000   0.0444790000   0.0147600000  -0.0396420000  -0.0842570000  -0.0294520000
   6.7287490683   6.3182537423  141  2.05E+00  -1.0134630000  -0.9852030000   1.8504200000   0.0122600000   0.0130530000   1.9868520000   0.1671110000  -0.9219890000   8.2336150000  -0.0287800000   0.2335750000   8.3941990000  -0.1428840000   1.4311990000   8.4266780000   0.0056060000   0.0054760000   0.0007530000  -0.0056300000  -0.0054330000  -0.0007480000   0.0076140000  -0.0126760000  -0.0083830000  -0.0079760000  -0.0384420000   0.0136060000   0.0003870000   0.0510750000  -0.0052280000
   6.7262400246   6.3181026793  296  2.33E+00  -1.1186030000  -0.3849500000   2.4662600000   0.0158890000   0.0012560000   1.5907780000   0.0974710000  -0.0115340000   7.9083410000   0.0547200000   0.1933140000   9.0640800000  -0.1474290000   0.5720690000  10.1883650000  -0.0096960000  -0.0032910000   0.0073440000   0.0096560000   0.0033020000  -0.0077360000  -0.0100410000   0.0118020000   0.0047240000   0.0283280000  -0.0382340000  -0.0487760000  -0.0182470000   0.0264210000   0.0444440000
   6.7267490296   6.3168956839  298  1.54E+01   0.9225920000  -1.9449430000   3.3835910000   0.1587460000  -1.5866130000   2.4189910000  -0.0957560000   3.3612630000   6.3377820000  -0.3038220000   3.1953910000   7.5455650000  -0.5271080000   2.9741080000   8.7047770000  -0.0735650000   0.0344610000  -0.0928700000   0.0735560000  -0.0347460000   0.0928500000   0.0150620000   0.0112470000  -0.0944640000  -0.0039820000   0.0016770000   0.0437040000  -0.0110720000  -0.0126400000   0.0507800000
   6.7291533683   6.3195862052  298  1.53E+01   0.9232970000  -1.9473080000   3.3841530000   0.1587600000  -1.5867650000   2.4190920000  -0.0957050000   3.3650420000   6.3372580000  -0.3033330000   3.1963810000   7.5458050000  -0.5276400000   2.9704980000   8.7045790000  -0.0726990000   0.0342340000  -0.0917370000   0.0726900000  -0.0345180000   0.0917170000   0.0151680000   0.0115460000  -0.0958190000  -0.0037780000   0.0018620000   0.0441600000  -0.0113810000  -0.0131240000   0.0516780000
   6.7297153470   6.3173895014  395  5.11E-01  -1.6893180000   0.1937610000   2.8827350000  -0.8076900000   0.3324270000   1.7379360000   1.6872910000  -0.2389990000   9.9134880000   1.4733930000  -0.3990950000   8.7933060000   1.3468710000  -0.4461530000   7.6253030000   0.0006730000   0.0001410000  -0.0010680000  -0.0009130000  -0.0000610000   0.0006870000  -0.0019460000   0.0017370000  -0.0459970000  -0.0055830000  -0.0097940000   0.0403420000   0.0077690000   0.0079760000   0.0060360000
   6.7283908127   6.3159898424  464  1.13E+01   0.4721290000  -1.6908690000   2.1824670000   1.5917500000  -0.5745580000   2.6348460000  -3.5266770000   0.4505030000   7.5514360000  -2.9046860000   1.3462250000   7.1467820000  -2.2721190000   2.2025780000   6.7881290000  -0.0373590000  -0.0372090000  -0.0150460000   0.0373120000   0.0371420000   0.0150670000   0.0163470000   0.0207860000  -0.0061920000   0.0516390000   0.0732750000  -0.0369860000  -0.0679380000  -0.0939940000   0.0431560000
   6.7271044067   6.3199235873  524  5.02E+00  -1.1663800000  -0.8446780000   2.2020170000   0.0169480000   0.0102310000   1.7772500000   0.9345840000  -0.0952990000   8.0293090000   0.0018190000   0.3009990000   8.7270970000  -0.9471070000   0.5591360000   9.4057310000  -0.0200030000  -0.0143970000   0.0071600000   0.0198190000   0.0144670000  -0.0073340000   0.0643380000  -0.0351350000  -0.0478370000  -0.0290560000   0.0333090000   0.0239460000  -0.0350990000   0.0017550000   0.0240650000
   6.7258580029   6.3179672139  739  2.76E+00  -0.4997940000   1.3541630000   1.7804020000   0.0111990000  -0.0132180000   1.9793340000   1.0955240000   0.6821470000   8.1645920000   0.0038990000   0.2156040000   8.3900270000  -1.1228930000  -0.1756270000   8.5407880000  -0.0028700000   0.0076430000  -0.0011030000   0.0028050000  -0.0076890000   0.0011210000   0.0501980000   0.0265900000  -0.0134620000  -0.0005870000  -0.0143200000   0.0101870000  -0.0495470000  -0.0122250000   0.0032560000
   6.7279801791   6.3184096350  766  4.19E+00  -0.9725130000   1.7716250000   2.5525340000  -0.6568300000   0.3623050000   1.9205510000   0.6350080000   0.1308620000   9.2827970000   1.2374250000  -0.4801280000   8.4948820000   1.7777010000  -1.0038130000   7.5888030000  -0.0083050000   0.0369810000   0.0165930000   0.0081520000  -0.0368700000  -0.0166720000   0.0057710000  -0.0041300000  -0.0199430000  -0.0017930000  -0.0017100000   0.0258660000  -0.0038250000   0.0057280000  -0.0058440000
   6.7260340242   6.3180107423  784  1.74E+00   1.7688710000  -0.6044170000   2.8418580000   0.6809960000  -0.3739900000   1.8463170000  -0.7296370000   1.0462880000   9.6025300000  -1.3113370000   0.9384860000   8.6186480000  -1.7984500000   0.8427470000   7.5286720000   0.0116670000  -0.0024710000   0.0106080000  -0.0113970000   0.0023930000  -0.0108250000  -0.0191310000  -0.0037620000  -0.0493290000   0.0262040000   0.0051340000   0.0835300000  -0.0073430000  -0.0012940000  -0.0339840000
   6.7274657255   6.3162940502  853  7.29E+00  -0.9541900000  -2.0945240000   2.6754880000  -0.1654270000  -0.8542160000   2.1251580000   0.5711910000   2.6879390000   7.3026190000   0.2472060000   1.8218560000   8.0119110000   0.1295340000   1.0302020000   8.9019440000  -0.0199110000  -0.0312720000   0.0139520000   0.0198670000   0.0312610000  -0.0138190000   0.0071530000  -0.0120400000   0.0278900000  -0.0177630000   0.0273730000  -0.0643250000   0.0106530000  -0.0153220000   0.0363020000
   6.7269859972   6.3156239662  887  4.84E+00   0.8783980000  -1.2304350000   2.6851840000  -0.6009250000  -1.3346190000   2.0841840000   1.5331320000   3.2450020000   9.1048520000   1.0902270000   2.7258220000   8.1216810000   0.5942640000   2.1393400000   7.2213270000   0.0431450000   0.0029700000   0.0174280000  -0.0431300000  -0.0031980000  -0.0177550000   0.0127630000   0.0148030000   0.0408090000  -0.0040020000  -0.0047530000  -0.0366940000  -0.0087760000  -0.0098230000  -0.0037880000
   6.7285070223   6.3198488797 1165  1.96E+00  -1.0657080000   0.6002170000   2.2717370000  -2.2734340000   0.0218690000   2.9967810000   4.7957580000   0.0529000000   7.4677150000   4.1604850000   0.2537520000   6.4954410000   3.5022050000   0.2972450000   5.5475950000   0.0207830000   0.0100120000  -0.0125940000  -0.0211430000  -0.0100140000   0.0125030000   0.0022850000  -0.0119560000   0.0071940000  -0.0283560000   0.0245400000  -0.0474950000   0.0264300000  -0.0125810000   0.0403930000
   6.7282831742   6.3150382513 1206  1.07E+01   1.5161990000   0.1267680000   1.7286500000   0.3165980000  -0.2239470000   2.0952280000   0.0336940000  -0.2789030000   8.4224260000  -0.6162840000   0.6217960000   8.0908240000  -1.2477440000   1.6102580000   7.9320280000  -0.0945410000  -0.0276420000   0.0288990000   0.0945180000   0.0276250000  -0.0287360000  -0.0179720000   0.0324610000   0.0035260000   0.0222110000  -0.0467600000  -0.0157310000  -0.0042150000   0.0143160000   0.0120420000
   6.7280264802   6.3166366925 1206  9.41E+00   1.5216990000   0.1468680000   1.7289570000   0.3166080000  -0.2242960000   2.0949900000   0.0349160000  -0.2800690000   8.4232810000  -0.6172070000   0.6225930000   8.0901760000  -1.2486700000   1.6113010000   7.9328310000  -0.0852700000  -0.0262640000   0.0259090000   0.0852440000   0.0262500000  -0.0257460000  -0.0142190000   0.0272610000   0.0054780000   0.0185590000  -0.0417720000  -0.0177330000  -0.0043140000   0.0145250000   0.0120930000
   6.7288562879   6.3182057576 1206  8.04E+00   1.5288790000   0.1674850000   1.7287540000   0.3165970000  -0.2246510000   2.0947580000   0.0361560000  -0.2812690000   8.4241290000  -0.6181610000   0.6234580000   8.0895570000  -1.2495900000   1.6123260000   7.9336190000  -0.0748300000  -0.0242060000   0.0226010000   0.0748020000   0.0241960000  -0.0224400000  -0.0104290000   0.0220180000   0.0074440000   0.0147940000  -0.0366150000  -0.0197590000  -0.0043360000   0.0146070000   0.0121530000
   6.7274773070   6.3164060547 1250  4.60E+00   2.1886560000   0.0112390000   2.8048650000   1.0112690000   0.3541560000   2.0516920000  -0.9368910000   0.3232410000   8.0600780000  -1.8979700000  -0.3743040000   8.1349490000  -2.8267230000  -1.1240280000   8.4108790000  -0.0059160000   0.0016990000  -0.0038110000   0.0058200000  -0.0017920000   0.0036920000   0.0228090000   0.0126860000   0.0114070000   0.0373820000   0.0401690000  -0.0417470000  -0.0600940000  -0.0527620000   0.0304600000
   6.7296433610   6.3192462265 1337  1.44E+00  -0.1765050000  -1.2919110000   2.2429620000   0.0036870000   0.0200490000   1.7413480000   0.3304890000  -0.5696030000   9.5946090000  -0.0375930000   0.2447110000   8.7933510000  -0.3095580000   1.0548390000   7.9674190000   0.0024530000   0.0177400000  -0.0067980000  -0.0024110000  -0.0179090000   0.0066390000   0.0204420000  -0.0326320000   0.0311460000  -0.0207300000   0.0164010000  -0.0146970000   0.0002460000   0.0164000000  -0.0162900000
   6.7267285547   6.3180424316 1384  1.15E+01   0.1431980000  -2.0561920000   2.2382330000   0.3646560000  -0.7172650000   2.2055080000  -0.0947320000   0.7919800000   8.5256980000  -0.5557990000   1.5968560000   7.8431880000  -1.3182360000   2.4086850000   7.4317850000   0.0092520000   0.0558990000  -0.0013490000  -0.0091770000  -0.0558510000   0.0015550000  -0.0461760000   0.0431170000  -0.0148120000   0.0702290000  -0.0464850000  -0.0055520000  -0.0241280000   0.0033190000   0.0201590000
   6.7254533196   6.3184963855 1530  4.87E+00   0.9835830000  -1.1161320000   2.2237430000  -0.0073240000   0.0153600000   1.7625790000  -0.8069750000  -0.1681640000   9.4929900000   0.0220290000   0.1781360000   8.7530620000   0.7650480000   0.7157240000   7.9944590000   0.0254990000  -0.0292100000   0.0118540000  -0.0256440000   0.0290510000  -0.0120580000   0.0082740000   0.0185830000  -0.0130950000  -0.0144390000  -0.0400190000   0.0247320000   0.0063110000   0.0215950000  -0.0114340000
   6.7273145265   6.3152786856 1570  6.74E+00   0.4979290000  -1.2817220000   2.4248070000  -0.0082760000   0.0192970000   1.6820260000  -0.1768970000   0.9324580000   7.9286610000   0.0395640000   0.3010630000   8.9471880000   0.1571570000  -0.4864150000   9.8026890000   0.0136320000  -0.0350360000   0.0199250000  -0.0135690000   0.0348520000  -0.0202510000  -0.0172000000   0.0228980000  -0.0600170000   0.0239200000  -0.0176970000   0.0748560000  -0.0067820000  -0.0050160000  -0.0145130000
   6.7297360904   6.3151403452 1766  4.62E+00   0.3283330000   1.2798130000   1.7344900000  -0.0050140000  -0.0143370000   1.9601460000  -0.6521280000  -0.7313410000   8.2009910000   0.0103150000   0.2417630000   8.3760760000   0.6487400000   1.2284930000   8.6135870000  -0.0143260000  -0.0556290000   0.0097390000   0.0143690000   0.0556820000  -0.0096700000  -0.0173780000  -0.0225860000   0.0011220000  -0.0045800000  -0.0143800000  -0.0148140000   0.0219150000   0.0369130000   0.0136230000
   6.7294257139   6.3195339974 1963  4.26E+00  -0.1802040000   0.3675880000   2.1309410000   0.4255200000  -0.7965910000   1.7842760000  -0.4050490000   1.3686500000   7.6629150000  -0.8077290000   1.7168960000   8.6937720000  -1.1023850000   1.9853660000   9.7665290000   0.0253110000  -0.0486910000  -0.0146140000  -0.0253190000   0.0485610000   0.0141720000  -0.0060060000   0.0066410000   0.0404110000  -0.0180500000   0.0139630000   0.0152240000   0.0240650000  -0.0204740000  -0.0551920000
   6.7260640310   6.3168617203 2168  2.71E+00  -0.5123450000   1.2586670000   1.8253010000   0.0058850000  -0.0149390000   1.9225980000   0.5670900000  -0.7102790000   8.8412880000   0.0365350000   0.2733610000   8.4561260000  -0.5916330000   1.1880490000   8.0949990000   0.0158290000  -0.0388890000   0.0029450000  -0.0157470000   0.0388050000  -0.0029320000  -0.0009730000  -0.0147270000   0.0066510000  -0.0022110000   0.0332580000  -0.0155410000   0.0031010000  -0.0184460000   0.0088780000
   6.7268969731   6.3185688945 2204  8.53E+00   0.0879530000   1.4145040000   1.8292960000  -0.7241010000   1.8040920000   2.8515950000   1.3686740000  -2.0781420000   7.3762900000   1.1953430000  -3.0375320000   6.7490730000   1.3447850000  -4.0531100000   6.2015900000  -0.0316270000   0.0151250000   0.0398220000   0.0315710000  -0.0152800000  -0.0398540000   0.0176130000  -0.0430160000  -0.0174590000  -0.0373470000   0.0182690000  -0.0052040000   0.0197900000   0.0249020000   0.0226950000
   6.7271295389   6.3158380163 2390  4.91E-01  -1.2737270000  -0.6226400000   1.9236990000   0.0157590000   0.0132180000   1.9236800000   0.8262310000  -0.5145380000   8.8062720000  -0.0015980000   0.2320600000   8.4739240000  -0.8234890000   1.0012210000   8.1050490000   0.0070980000   0.0034670000   0.0000010000  -0.0069950000  -0.0035730000  -0.0000160000  -0.0139660000   0.0145320000  -0.0071810000   0.0231170000  -0.0251140000   0.0121100000  -0.0092550000   0.0106890000  -0.0049140000
   6.7250177452   6.3150895141 2393  9.49E+00   0.2853620000   1.8268520000   2.6309200000   1.4939740000   0.7389900000   2.2509600000  -2.6224740000  -1.0878520000   6.6779070000  -2.7778490000  -1.1181240000   7.8433780000  -2.7714520000  -1.1908940000   9.0276920000  -0.0424000000   0.0382900000   0.0133130000   0.0426590000  -0.0381200000  -0.0134720000   0.0090300000  -0.0034710000   0.0043360000  -0.0195450000   0.0076260000  -0.0289130000   0.0102560000  -0.0043250000   0.0247360000
   6.7281244607   6.3190560708 2424  4.20E+00  -1.2436440000  -0.3161390000   2.1227450000   0.0197190000   0.0079370000   1.7755250000  -0.4280970000  -0.5873020000   9.4692370000   0.0024470000   0.2346380000   8.7114900000   0.4061310000   1.0791150000   7.9911290000   0.0584270000   0.0149520000  -0.0160510000  -0.0584980000  -0.0151090000   0.0159440000  -0.0172220000  -0.0284110000   0.0305530000   0.0149100000   0.0188880000  -0.0276920000   0.0023830000   0.0096810000  -0.0027550000
   6.7290732112   6.3152767803 2529  4.59E+00  -1.3101450000  -0.1627290000   2.0662160000   0.0192470000   0.0022030000   1.8300870000  -0.9774910000   0.6036080000   9.1576750000  -0.0190300000   0.1910890000   8.6607790000   0.9781940000  -0.0601320000   8.0718220000   0.0533460000   0.0066300000  -0.0094730000  -0.0535280000  -0.0066130000   0.0093620000   0.0339950000  -0.0024040000  -0.0216690000  -0.0454430000  -0.0064840000   0.0312780000   0.0116300000   0.0088710000  -0.0094990000
   6.7296187189   6.3183958438 2689  1.81E+00   0.6094520000  -0.8371840000   2.2568840000  -0.0241330000   0.3091690000   1.6632390000   0.0816900000   0.4146470000   7.9798680000   0.1086550000  -0.2947610000   8.9458860000  -0.0811300000  -0.9970150000   9.8568710000  -0.0033800000   0.0060820000  -0.0032390000   0.0034020000  -0.0062330000   0.0028780000  -0.0147990000   0.0201760000  -0.0282480000   0.0265330000  -0.0289070000   0.0426480000  -0.0117560000   0.0088820000  -0.0140370000
   6.7251794404   6.3167728419 2948  2.72E+00  -1.4458510000   0.3769450000   1.9863020000   0.0187140000  -0.0073160000   1.8539980000   0.1295810000  -0.7404710000   9.1634410000   0.0339660000   0.2326950000   8.5450650000  -0.1574520000   1.2662520000   8.0385440000  -0.0245130000   0.0063900000   0.0022030000   0.0245530000  -0.0065810000  -0.0022460000  -0.0098260000   0.0355680000  -0.0110490000   0.0126480000  -0.0190280000  -0.0090290000  -0.0028620000  -0.0163490000   0.0201210000
   6.7289199717   6.3179790750 2975  9.26E-01   0.3633750000   1.8976430000   3.0639470000  -0.0477020000   1.1857400000   1.8622790000   0.2966610000  -2.8361570000   9.2994350000   0.0472130000  -1.9456830000   8.5782240000  -0.1167580000  -1.0569820000   7.7684020000   0.0002250000   0.0004080000   0.0004590000  -0.0001800000  -0.0002900000  -0.0009100000   0.0061730000  -0.0038740000  -0.0021170000  -0.0033070000  -0.0387670000   0.0457020000  -0.0029120000   0.0425230000  -0.0431330000
   6.7280429956   6.3165374340 3047  5.48E+00  -1.2821810000   0.2728120000   2.0735090000   0.0136680000  -0.0074220000   1.7817550000   0.1282600000   1.2301110000   9.4077560000   0.0356790000   0.2769510000   8.6712200000  -0.1425260000  -0.7304650000   8.0548290000   0.0540380000  -0.0116400000  -0.0121710000  -0.0540030000   0.0118200000   0.0120540000  -0.0004120000   0.0436620000   0.0439010000   0.0103270000  -0.0121770000  -0.0352770000  -0.0099500000  -0.0316650000  -0.0085070000
   6.7273621578   6.3161278968 3309  8.98E+00  -0.5858290000   0.4566450000   1.9121860000  -1.7979920000  -0.3999740000   2.5103120000   2.1017440000   1.0576620000   7.2601360000   3.2691600000   0.8516800000   7.4113140000   4.4606270000   0.9594610000   7.5198280000   0.0353800000   0.0249580000  -0.0174990000  -0.0354200000  -0.0250920000   0.0172360000  -0.0248350000   0.0243900000  -0.0046920000  -0.0206460000  -0.0474960000   0.0031700000   0.0455220000   0.0232400000   0.0017850000
   6.7251079489   6.3184913837 3620  4.70E+00  -1.3823270000  -1.2967460000   2.7802430000  -0.2058350000  -1.0634600000   2.0960760000   0.8326740000   3.3007640000   8.1598310000   0.4348890000   2.2012320000   8.2290000000  -0.0440650000   1.1273300000   8.0203990000   0.0345010000   0.0068380000  -0.0201360000  -0.0344550000  -0.0068270000   0.0198470000  -0.0078920000  -0.0052880000  -0.0171940000   0.0227950000   0.0247580000   0.0382560000  -0.0149490000  -0.0194810000  -0.0207730000
   6.7272002022   6.3172230662 3951  2.14E+00   1.4430730000   1.1963860000   2.6724100000   0.4727030000   0.6324090000   1.8082520000  -1.2428370000  -1.8122750000   9.3407300000  -0.9156360000  -0.9702180000   8.5882820000  -0.5215100000  -0.0054930000   8.0140500000  -0.0130200000  -0.0075930000  -0.0117020000   0.0130330000   0.0074690000   0.0113830000   0.0032550000   0.0053480000   0.0142020000  -0.0135240000  -0.0283730000  -0.0181180000   0.0102570000   0.0231480000   0.0042350000
