   6.7274114896   6.3035031908   19  2.04E+00  -0.8622790000  -1.5627740000   2.1118040000  -0.3657310000  -0.2385430000   2.0650270000  -0.3513990000   1.3075950000   8.1759520000   0.7004170000   0.7510620000   8.2324420000   1.7064760000   0.1060610000   8.1988760000   0.0069570000   0.0185440000  -0.0006470000  -0.0069180000  -0.0185420000   0.0006590000  -0.0289070000   0.0088980000  -0.0054160000   0.0001400000   0.0162470000   0.0106240000   0.0287270000  -0.0251470000  -0.0052200000
   6.7256613425   6.3045039418  770  8.91E+00   0.0275900000   2.5205360000   4.3986000000  -0.7463370000   1.9728760000   5.7252220000   1.6135910000  -4.5344940000   1.5831010000   1.3360440000  -3.4192900000   1.5278970000   1.1090980000  -2.2228060000   1.4008280000   0.0248470000   0.0177010000  -0.0425340000  -0.0249570000  -0.0175180000   0.0429230000  -0.0062660000   0.0429520000  -0.0065760000   0.0160080000  -0.1169790000   0.0194420000  -0.0096330000   0.0738440000  -0.0132540000
   6.7266835423   6.3045539315 1044  2.76E+00   0.1039020000  -1.2423510000   2.2781180000   0.0029900000   0.0161100000   1.6979430000   0.6642180000   0.5775800000   7.9425350000  -0.0011540000   0.1768360000   8.8525490000  -0.6848300000  -0.0248400000   9.7896120000  -0.0025790000   0.0315810000  -0.0146120000   0.0024240000  -0.0317200000   0.0143450000   0.0165270000   0.0233720000  -0.0202870000  -0.0104800000  -0.0344300000   0.0118260000  -0.0058910000   0.0111970000   0.0087280000
   6.7254704312   6.3036693438 1165  2.93E+00  -2.1182160000  -0.7203290000   3.4205130000  -1.4133610000  -0.4682870000   2.2463340000   1.5452580000   1.4972770000   7.4539610000   2.6416310000   1.1034550000   7.8079520000   3.6637990000   0.7461600000   8.2515910000   0.0167080000   0.0059240000  -0.0279300000  -0.0167340000  -0.0061400000   0.0276380000  -0.0619120000   0.0238380000  -0.0119040000   0.0667330000  -0.0261620000   0.0066900000  -0.0047960000   0.0025390000   0.0055060000
   6.7251342652   6.3031149575 1468  2.78E+00   1.3375800000   0.3670060000   2.0133030000  -0.0181850000  -0.0094160000   1.8705770000   1.0139080000   0.6074940000   8.9793280000  -0.0114130000   0.2306040000   8.6003390000  -0.9987880000  -0.0690310000   8.0966610000  -0.0193700000  -0.0053870000  -0.0020280000   0.0194930000   0.0054090000   0.0019720000  -0.0344780000  -0.0079170000  -0.0219690000  -0.0218050000  -0.0141040000   0.0021050000   0.0561610000   0.0219990000   0.0199200000
   6.7297779225   6.3024301026 1501  8.91E-01   0.6817870000   1.2325260000   2.1980990000  -0.0125150000  -0.0162680000   1.7351390000  -0.7963110000   0.5291340000   7.9648120000  -0.0121470000   0.2320370000   8.8168140000   0.8249770000  -0.0120550000   9.6134370000   0.0089950000   0.0160760000   0.0059230000  -0.0088200000  -0.0161430000  -0.0061680000  -0.0187560000   0.0115650000  -0.0251730000   0.0033370000  -0.0112630000   0.0168270000   0.0152430000  -0.0002340000   0.0085900000
   6.7268598633   6.3036081525 1620  7.03E+00   2.1423170000  -1.1565490000   3.4211860000   1.3788550000  -0.2922530000   2.3265350000  -1.9708780000   1.1405980000   8.6366560000  -2.6318760000   0.7961100000   7.7391540000  -3.0746880000   0.4818860000   6.7199550000   0.0213660000  -0.0241670000   0.0306280000  -0.0212010000   0.0241660000  -0.0306480000   0.0024270000  -0.0042720000  -0.0255230000  -0.0362030000  -0.0117420000  -0.0106160000   0.0336100000   0.0160150000   0.0361600000
   6.7277298285   6.3042963733 2242  4.31E-01   0.9902390000  -0.8886140000   2.3233500000  -0.0097110000   0.0084760000   1.6958150000  -0.2516360000   0.9726130000   9.7444430000   0.0003010000   0.2649370000   8.8771040000   0.2375200000  -0.4701720000   7.9770510000   0.0081340000  -0.0072680000   0.0049800000  -0.0081700000   0.0074190000  -0.0053610000   0.0101560000  -0.0332310000  -0.0402090000  -0.0116360000   0.0428540000   0.0503210000   0.0015160000  -0.0097740000  -0.0097300000
   6.7298449700   6.3045175698 2320  6.16E+00  -0.8854350000   0.9562220000   1.6686880000   0.0152270000  -0.0079700000   1.9993030000  -1.1007940000  -0.2341820000   8.5129740000   0.0116570000   0.2147040000   8.2971260000   1.0717780000   0.7402390000   8.1694590000   0.0362080000  -0.0387630000   0.0133090000  -0.0362280000   0.0387320000  -0.0132100000  -0.0690740000  -0.0222710000   0.0191770000   0.0450910000   0.0045220000  -0.0225780000   0.0240030000   0.0177810000   0.0033020000
   6.7263973769   6.3035643312 2454  1.18E+00  -0.3494760000  -0.8170010000   1.6213760000  -0.9354220000   0.3833150000   2.1916120000   0.8198990000  -0.0198430000   8.6571930000   1.7139530000  -0.4585400000   8.0134170000   2.5871850000  -0.8111540000   7.2807580000  -0.0003970000   0.0007670000   0.0003610000   0.0003030000  -0.0007470000  -0.0003280000  -0.0174250000   0.0133300000   0.0074780000  -0.0047290000  -0.0092610000   0.0156010000   0.0222480000  -0.0040890000  -0.0231110000
   6.7279551588   6.3026640189 2463  2.04E+00   1.3869890000  -1.1292040000   2.1088680000  -0.0213610000  -1.1725470000   2.4004930000  -0.2104310000   1.4139130000   8.1448860000  -0.0218620000   2.4366170000   7.6374700000   0.2461400000   3.3717300000   7.0013750000  -0.0071740000  -0.0002170000   0.0014910000   0.0071610000   0.0002430000  -0.0015040000   0.0123090000   0.0306460000  -0.0258440000  -0.0110050000  -0.0009140000   0.0174470000  -0.0012910000  -0.0297580000   0.0084100000
   6.7266144744   6.3004423348 2600  5.16E+00  -0.0557310000   0.3795470000   1.9746620000   0.4720910000  -0.8604590000   1.8955240000  -0.9482230000   2.7860540000   9.1852410000  -0.9058550000   1.8177070000   8.4905140000  -0.7259770000   0.8105010000   7.8510340000   0.0243190000  -0.0570900000  -0.0037030000  -0.0242760000   0.0571500000   0.0033590000   0.0066690000   0.0283530000   0.0255730000  -0.0220480000   0.0158590000  -0.0033850000   0.0153360000  -0.0442720000  -0.0218440000
   6.7294885540   6.3004253353 2681  1.92E+00  -1.2516320000  -1.2229880000   3.0048020000  -0.2325750000  -1.3760860000   2.0843280000   0.4446850000   3.7160190000   8.8370030000   0.4593990000   2.8150380000   8.1089900000   0.4508360000   1.8079760000   7.4778480000   0.0293680000  -0.0044550000  -0.0266730000  -0.0294660000   0.0043160000   0.0262500000  -0.0011490000  -0.0283010000  -0.0105570000   0.0025880000   0.0486250000   0.0116700000  -0.0013410000  -0.0201850000  -0.0006910000
   6.7284150813   6.3048628788 2814  1.32E+01  -0.5206480000   0.3579820000   2.1207060000  -0.1485320000  -1.2777430000   1.9602800000   0.2675620000   3.2948250000   9.3279040000   0.3544570000   2.5473350000   8.4224910000   0.2409520000   1.8393810000   7.4268270000  -0.0134300000   0.0589110000   0.0056140000   0.0133940000  -0.0590940000  -0.0060880000  -0.0126650000   0.0106030000   0.0048390000   0.0313190000   0.0304350000   0.0610330000  -0.0186180000  -0.0408550000  -0.0653990000
   6.7257701348   6.3018010036 2853  7.77E+00  -1.3431430000  -0.7900660000   1.8449670000   0.0210610000   0.0052230000   1.9411090000   0.5129320000  -0.7896280000   8.1732010000  -0.0154230000   0.2872410000   8.3497770000  -0.5219160000   1.2853610000   8.7492410000  -0.0367590000  -0.0213910000  -0.0025640000   0.0366950000   0.0215440000   0.0026330000   0.0266330000  -0.0560500000   0.0065810000  -0.0168660000   0.0387430000  -0.0295800000  -0.0097040000   0.0171540000   0.0229290000
   6.7294488694   6.3043393369 3300  5.39E+00  -1.3801390000  -0.4309560000   2.2475100000   0.0182290000   0.0063580000   1.7671120000   0.8708470000  -0.1506250000   8.0115570000   0.0104900000   0.1954450000   8.8018410000  -0.8828110000   0.6869790000   9.4151350000  -0.0292930000  -0.0091370000   0.0100360000   0.0291200000   0.0091770000  -0.0102500000   0.0454010000  -0.0104110000  -0.0517260000  -0.0198390000  -0.0110880000   0.0454850000  -0.0253880000   0.0214600000   0.0064540000
   6.7298526748   6.3041006811 3513  6.53E+00  -0.6294650000  -1.1919090000   1.8763210000   0.0079120000   0.0145630000   1.9621790000   1.1897160000   0.2337930000   8.1506330000   0.0097880000   0.2508720000   8.4185420000  -1.1969230000   0.2679170000   8.6129780000   0.0231650000   0.0438620000   0.0031420000  -0.0232310000  -0.0438590000  -0.0031290000   0.0598670000  -0.0007740000  -0.0163600000   0.0213320000  -0.0004450000   0.0063470000  -0.0811330000   0.0012160000   0.0099990000
   6.7293845260   6.3048185279 3821  5.70E+00  -1.3592380000   0.7058740000   2.0904290000   0.0145430000  -0.0047580000   1.7905370000   0.0646990000   1.2030070000   7.9783900000   0.0067890000   0.2013540000   8.6603640000  -0.0567890000  -0.6871970000   9.4474180000  -0.0358380000   0.0184770000   0.0077830000   0.0358120000  -0.0186970000  -0.0079380000   0.0026710000   0.0567200000  -0.0259180000  -0.0006980000  -0.0400970000  -0.0010910000  -0.0019470000  -0.0164030000   0.0271650000
   6.7286924971   6.3032683553 3869  5.31E+00   1.0556100000   0.8191960000   1.9049920000  -0.0094910000  -0.0131570000   1.8888240000   1.0189300000  -0.0569970000   8.1074750000   0.0065670000   0.2910740000   8.5303900000  -1.0429690000   0.5402570000   8.9367180000  -0.0479540000  -0.0374370000  -0.0007380000   0.0478120000   0.0375020000   0.0006900000  -0.0518140000   0.0095490000   0.0212360000   0.0110200000   0.0080810000  -0.0040350000   0.0409360000  -0.0176960000  -0.0171530000
