   6.7323547428   6.8184283565   22  7.66E+00  -1.2638840000   0.6500900000   2.6548890000  -0.1843090000   0.4502000000   1.5585950000   0.3198140000  -0.0063700000  10.0819720000   0.3465130000  -0.5519570000   9.0803310000   0.4201710000  -1.1809700000   8.1513830000  -0.0243380000   0.0045620000   0.0246830000   0.0242870000  -0.0043960000  -0.0247880000   0.0057770000  -0.0446090000  -0.0625410000  -0.0016930000  -0.0179730000  -0.0480320000  -0.0040340000   0.0624160000   0.1106780000
   6.7314553601   6.8170892162   43  8.25E-01  -0.5579570000   0.8034320000   2.5888520000   0.0092950000  -0.0125950000   1.4645890000  -0.5386150000   0.1914670000  10.3062340000  -0.0303010000   0.2635030000   9.2778390000   0.5500940000   0.3106790000   8.2525000000  -0.0071760000   0.0102350000   0.0140000000   0.0070280000  -0.0102420000  -0.0142830000   0.0262560000   0.0012830000  -0.0422970000  -0.0314700000   0.0004390000   0.0407820000   0.0053620000  -0.0017150000   0.0017990000
   6.7313154501   6.8199314787   45  1.53E+00  -1.8325290000   0.1228470000   2.6512750000  -1.1025910000  -1.0923010000   2.2894400000   3.1197100000   2.6556410000   7.4885180000   2.0412640000   2.2097620000   7.7453030000   0.9699850000   1.8206520000   8.0972450000  -0.0018960000   0.0032310000   0.0009430000   0.0020080000  -0.0031980000  -0.0009960000   0.0351330000   0.0179610000  -0.0017690000  -0.0082270000  -0.0118370000  -0.0144160000  -0.0270180000  -0.0061570000   0.0162380000
   6.7305901217   6.8191895856   45  6.90E+00  -0.2487780000  -2.0646240000   2.7823300000  -1.4809800000  -1.1944400000   2.7898100000   2.0421610000   2.4471300000   7.8893230000   2.7118840000   2.3816400000   6.8769680000   3.3340830000   2.5480620000   5.8410710000   0.0176760000  -0.0124690000  -0.0000630000  -0.0176600000   0.0124730000   0.0001760000  -0.0399500000   0.0169580000   0.0566200000   0.0047350000  -0.0403410000   0.0053520000   0.0351990000   0.0233780000  -0.0620850000
   6.7302073493   6.8181261721   83  5.84E+00  -0.1703240000  -0.7474960000   2.7148280000   0.3404060000  -0.3011190000   1.5111300000  -0.7035520000   0.2910390000  10.2680000000  -0.6362930000   0.8609370000   9.2333790000  -0.5081260000   1.3012900000   8.0837340000   0.0147680000   0.0128330000  -0.0348790000  -0.0147410000  -0.0130130000   0.0345990000   0.0019840000  -0.0189430000   0.0152560000  -0.0148410000  -0.0070200000   0.0759010000   0.0128300000   0.0261430000  -0.0908770000
   6.7302690383   6.8185352889  100  3.36E+00  -1.2795170000   0.4467680000   2.0510980000   0.0201310000  -0.0066400000   1.8328400000   1.0987010000  -0.0810020000   8.5651190000   0.0190630000   0.2975620000   8.6532150000  -1.1329370000   0.5503110000   8.6572620000   0.0301680000  -0.0105140000  -0.0050480000  -0.0301280000   0.0105330000   0.0050900000  -0.0602770000   0.0105250000  -0.0001480000   0.0667520000  -0.0020300000   0.0046150000  -0.0065160000  -0.0085150000  -0.0045090000
   6.7326547686   6.8160377370  665  1.06E+00   0.0198130000   1.5004610000   2.2093970000  -0.6665010000   0.2733650000   1.8614730000   1.8592070000  -1.1053020000   8.0403440000   1.2203970000  -0.3004160000   8.5846680000   0.5520630000   0.5587140000   9.0805200000  -0.0012940000  -0.0023180000  -0.0006270000   0.0012780000   0.0023350000   0.0006800000  -0.0138500000   0.0187870000   0.0086910000   0.0354410000  -0.0477760000  -0.0214970000  -0.0215750000   0.0289730000   0.0127540000
   6.7302267039   6.8198400203  851  4.70E+00   0.8549100000  -0.3557720000   2.6865740000  -0.0116690000   0.0075900000   1.4227870000  -0.3061670000   0.2994870000   8.2300100000   0.0667410000   0.2149010000   9.3460840000   0.2604790000   0.2113700000  10.4801030000   0.0225770000  -0.0094680000   0.0327090000  -0.0224530000   0.0094130000  -0.0330410000  -0.0122840000   0.0057090000   0.0045520000   0.0328360000  -0.0115050000   0.0415100000  -0.0206760000   0.0058510000  -0.0457300000
   6.7347577901   6.8190482707  885  3.08E+00   0.7316510000  -1.2250030000   2.1351290000  -0.7182540000  -1.3721950000   2.4095680000   0.8900540000   2.1871460000   8.4835500000   1.3055510000   2.7362880000   7.5513800000   1.6709100000   3.3766610000   6.6803620000   0.0119100000   0.0012100000  -0.0022120000  -0.0118990000  -0.0012020000   0.0023290000   0.0101290000   0.0255310000  -0.0250370000   0.0178530000   0.0097950000  -0.0395060000  -0.0279930000  -0.0353360000   0.0644270000
   6.7324614748   6.8154823625  948  2.10E+01  -1.0202500000  -2.0086360000   5.2664470000  -1.2916450000  -1.9851570000   3.9696840000   1.5499790000   4.7623060000   4.8625340000   2.3506200000   3.7931780000   4.7166950000   3.2004870000   3.1187530000   4.4404840000  -0.0168100000   0.0015150000  -0.0805330000   0.0169400000  -0.0013750000   0.0805630000  -0.0679310000   0.1062950000   0.0049780000   0.1563700000  -0.1990920000  -0.0269100000  -0.0885700000   0.0926580000   0.0219020000
   6.7325866255   6.8198729116 1480  2.46E+00   0.8863070000   1.1097060000   1.9333160000  -0.0075230000  -0.0126750000   1.8483490000   1.0088120000   0.7912250000   8.5439800000   0.0049240000   0.2275120000   8.5494040000  -1.0307790000  -0.2809580000   8.6862980000  -0.0050650000  -0.0063520000  -0.0004480000   0.0050430000   0.0063270000   0.0005770000  -0.0486760000  -0.0219990000   0.0112890000   0.0230810000   0.0042740000  -0.0186050000   0.0256180000   0.0177500000   0.0071860000
   6.7302291633   6.8153826296 1480  2.44E+00   0.8931290000   1.1181030000   1.9356240000  -0.0076010000  -0.0127770000   1.8500260000   1.0082000000   0.7910600000   8.5411720000   0.0039780000   0.2273080000   8.5471200000  -1.0294940000  -0.2806550000   8.6823020000  -0.0017660000  -0.0022090000  -0.0001360000   0.0017420000   0.0021830000   0.0002630000  -0.0481990000  -0.0217630000   0.0112070000   0.0180530000   0.0018120000  -0.0178690000   0.0301700000   0.0199770000   0.0065350000
   6.7332145080   6.8199380643 1595  5.89E+00  -0.6925790000  -1.8176450000   3.3589770000   0.0258820000  -1.3779230000   2.0096390000  -0.1808850000   2.4954660000   9.4213910000  -0.0090290000   2.7520710000   8.2565920000   0.1020360000   3.1224380000   7.1333590000  -0.0201540000  -0.0123600000   0.0378940000   0.0201440000   0.0122150000  -0.0378600000  -0.0113060000  -0.0043070000   0.0552800000   0.0127020000  -0.0106310000  -0.0371150000  -0.0013850000   0.0150830000  -0.0181990000
   6.7335948290   6.8191924811 1736  3.29E+00   1.1635330000  -0.6747560000   2.1121050000  -0.0138980000   0.0093530000   1.8216130000   0.8064360000   1.0888020000   8.6984610000  -0.0426950000   0.3000220000   8.6646710000  -0.7782790000  -0.6305550000   8.5675470000  -0.0279920000   0.0162790000  -0.0068890000   0.0280030000  -0.0162110000   0.0069300000  -0.0154110000  -0.0307380000  -0.0039960000   0.0211060000   0.0568150000   0.0084870000  -0.0057060000  -0.0261440000  -0.0045310000
   6.7302836289   6.8163633976 2237  3.90E+00   0.1509970000  -1.4484960000   2.2280370000  -0.0020130000   0.0190220000   1.8131740000   0.8159520000   1.0773980000   8.4970040000  -0.0083470000   0.2816030000   8.7301970000  -0.8091460000  -0.6048660000   8.7546540000   0.0029490000  -0.0282130000   0.0079830000  -0.0029530000   0.0282270000  -0.0079860000  -0.0073190000  -0.0143070000  -0.0098260000   0.0261360000   0.0425580000   0.0215320000  -0.0188140000  -0.0282660000  -0.0117040000
   6.7311159014   6.8189826093 2246  5.46E+00  -1.0187420000  -0.9414790000   2.2450110000   0.0112090000   0.0125140000   1.7808920000   0.6759870000  -0.7399130000   8.9134220000   0.0092780000   0.2883280000   8.7824930000  -0.6747480000   1.2079570000   8.4591330000  -0.0072800000  -0.0067450000   0.0032920000   0.0072980000   0.0067400000  -0.0032900000   0.0471990000  -0.0802260000  -0.0002730000  -0.0282730000   0.0619970000   0.0183640000  -0.0189440000   0.0182340000  -0.0180930000
   6.7329522644   6.8171801029 2319  2.12E+00  -0.5725640000   1.2731100000   2.0976880000   0.0049180000  -0.0203520000   1.7550920000  -0.5128700000  -0.7942650000   8.5083800000  -0.0005060000   0.2793570000   8.7322830000   0.5247640000   1.2936610000   9.0400050000  -0.0005390000   0.0012560000   0.0003780000   0.0005820000  -0.0011690000  -0.0003130000  -0.0239200000  -0.0553660000  -0.0043190000   0.0145580000   0.0423690000  -0.0066750000   0.0093190000   0.0129100000   0.0109280000
   6.7303460528   6.8166809804 2904  6.00E+00   0.4378200000  -1.2108220000   2.1257400000  -0.0047360000   0.0151500000   1.7718010000  -1.0437410000  -0.2546250000   9.0366270000  -0.0100420000   0.2558160000   8.6790560000   1.0473500000   0.7508810000   8.4664970000  -0.0202550000   0.0560660000  -0.0161430000   0.0201920000  -0.0560780000   0.0162470000  -0.0455150000  -0.0239880000   0.0259250000   0.0242520000   0.0154580000  -0.0320870000   0.0213270000   0.0085410000   0.0060570000
   6.7343040621   6.8166383862 2928  6.29E+00  -1.1087990000   0.4007470000   2.2779860000   0.0132930000  -0.0085860000   1.6479790000  -0.0852470000  -0.8134650000   8.4162150000   0.0303040000   0.2686490000   8.9139370000   0.0659660000   1.3171000000   9.5193920000   0.0514580000  -0.0187300000  -0.0288680000  -0.0514350000   0.0188580000   0.0288590000  -0.0082710000  -0.0371250000  -0.0083950000   0.0109230000  -0.0162820000  -0.0304440000  -0.0026750000   0.0532790000   0.0388480000
   6.7307945223   6.8183174207 2932  4.43E+00   0.2654710000   1.4291700000   2.1115400000  -0.0024180000  -0.0191620000   1.7557770000  -0.8946950000   1.0029460000   8.4377370000   0.0047940000   0.2254720000   8.7286960000   0.8864490000  -0.4788760000   9.1090460000   0.0042580000   0.0228280000   0.0056230000  -0.0041650000  -0.0229150000  -0.0055830000  -0.0584160000   0.0536940000  -0.0119650000   0.0338360000  -0.0373430000  -0.0049880000   0.0244880000  -0.0162640000   0.0169130000
   6.7306097051   6.8158123805 2977  1.09E+01  -0.4692620000   0.1082140000   2.2524770000   0.5923000000  -1.1181130000   1.8279610000  -1.0753540000   2.2292260000   9.8124530000  -1.0899810000   2.2124730000   8.6154880000  -1.0349240000   2.3748680000   7.4499290000  -0.0376810000   0.0434630000   0.0149740000   0.0377330000  -0.0436700000  -0.0151370000   0.0047690000   0.0119990000   0.0426490000  -0.0089820000  -0.0241820000  -0.0434570000   0.0041600000   0.0123900000   0.0009710000
   6.7328947047   6.8156320623 3214  2.08E+00  -1.2667980000  -0.5604210000   2.1381850000   0.0126090000   0.0059310000   1.8151680000  -0.9690810000   0.8880560000   8.5017950000  -0.0296780000   0.2223340000   8.7099960000   1.0082030000  -0.3615990000   8.7607320000   0.0078240000   0.0034480000  -0.0019540000  -0.0078150000  -0.0034790000   0.0019770000   0.0152890000  -0.0008360000  -0.0069330000  -0.0450540000   0.0085800000   0.0148340000   0.0297560000  -0.0077120000  -0.0079240000
   6.7336476811   6.8157660639 3438  1.49E+00  -0.9997120000   0.2203510000   2.7510900000  -0.4179600000  -0.0437540000   1.4738970000   0.5572480000   0.3363270000  10.3981860000   0.7809640000   0.3093540000   9.2444160000   1.0068620000   0.3237490000   8.1289320000   0.0051610000  -0.0023740000  -0.0115270000  -0.0052940000   0.0023530000   0.0113070000   0.0003630000   0.0029830000   0.0027790000   0.0154870000  -0.0049700000  -0.0876870000  -0.0157160000   0.0020080000   0.0851280000
   6.7317333168   6.8153931684 3458  6.83E+00  -0.3730410000  -1.1213810000   2.5597330000   1.0423670000  -0.7911440000   1.9059020000  -1.9782580000   2.7330820000   9.0487300000  -1.8231660000   1.7419140000   8.4770730000  -1.8354320000   0.6687600000   7.9089460000  -0.0400940000  -0.0093570000   0.0184210000   0.0402420000   0.0094310000  -0.0186810000  -0.0061960000  -0.0344070000  -0.0163120000   0.0179200000   0.0893510000   0.0413370000  -0.0118720000  -0.0550170000  -0.0247660000
   6.7348554102   6.8194884047 3681  1.06E+00  -1.3032330000  -0.5110690000   2.3692450000  -0.0919090000  -0.0813330000   1.6777950000   0.7380710000   1.2854230000   8.3071640000   0.1971750000   0.3997080000   8.8713630000  -0.3449640000  -0.4594130000   9.5057450000  -0.0019560000  -0.0007160000   0.0011570000   0.0019090000   0.0006280000  -0.0011190000   0.0056850000   0.0109340000   0.0000350000   0.0131590000   0.0172660000  -0.0272840000  -0.0187970000  -0.0281110000   0.0272120000
   6.7305162969   6.8181816497 3874  2.80E+00   0.5437250000   1.3271840000   1.8845340000   0.0077900000  -0.0608290000   1.8614630000   1.0961880000  -0.0529810000   8.6485040000  -0.0149140000   0.3759750000   8.5240350000  -1.1581550000   0.6785890000   8.5383960000   0.0051010000   0.0132220000   0.0002710000  -0.0051030000  -0.0131980000  -0.0001400000   0.0325210000  -0.0211640000   0.0137920000  -0.0171180000   0.0254270000  -0.0239950000  -0.0154010000  -0.0042860000   0.0100730000
   6.7325595772   6.8198693706 3983  2.47E+00  -0.4972940000   1.3227980000   2.2447340000   0.0087650000  -0.0165400000   1.6914080000   0.8461880000  -0.4164150000   8.4478450000   0.0086980000   0.2507080000   8.8720980000  -0.8651630000   0.9151480000   9.3043680000  -0.0099640000   0.0263360000   0.0109190000   0.0099060000  -0.0262890000  -0.0108850000  -0.0377720000   0.0278770000   0.0200060000   0.0453750000  -0.0315450000  -0.0241100000  -0.0075450000   0.0036210000   0.0040700000
