   6.7392277071   6.3487537204   82  4.10E+00   0.8944000000   0.9826540000   1.6331980000  -0.0111350000  -0.0177420000   2.0284390000  -0.2916720000   1.4368530000   8.2493790000   0.0096670000   0.2481210000   8.2735970000   0.2836740000  -0.9087430000   8.3074420000  -0.0160470000  -0.0177440000   0.0070150000   0.0160590000   0.0177080000  -0.0069450000  -0.0220270000   0.0825470000   0.0003830000   0.0162720000  -0.0535250000  -0.0032160000   0.0057430000  -0.0289860000   0.0027620000
   6.7389640674   6.3454890324  296  4.44E+00  -1.1696850000  -0.4002870000   2.4889780000   0.0164910000   0.0015140000   1.5783490000   0.1012690000  -0.0220280000   7.9232280000   0.0535310000   0.1950580000   9.0892010000  -0.1501250000   0.5809310000  10.2152590000  -0.0261290000  -0.0088400000   0.0199110000   0.0260830000   0.0088530000  -0.0203050000  -0.0084940000   0.0068160000  -0.0187090000   0.0275970000  -0.0353750000  -0.0325060000  -0.0190580000   0.0285460000   0.0516100000
   6.7368092607   6.3469732900  298  6.63E+00   0.9839640000  -1.9944680000   3.4576800000   0.1582010000  -1.5878100000   2.4191430000  -0.0960980000   3.3983710000   6.3379950000  -0.2987130000   3.2050930000   7.5447210000  -0.5317470000   2.9388170000   8.6997690000  -0.0214180000   0.0105050000  -0.0269050000   0.0214110000  -0.0107660000   0.0268960000   0.0143500000   0.0129210000  -0.0974300000  -0.0001070000   0.0050900000   0.0373470000  -0.0142360000  -0.0177500000   0.0600920000
   6.7360801747   6.3459599385  301  6.80E+00   1.9647490000  -1.4615250000   5.8128890000   0.8911970000  -1.8567540000   4.7385280000  -1.6816110000   3.9357390000   4.4240580000  -1.6175450000   3.6308280000   3.2419190000  -1.6787450000   3.3914490000   2.1118490000   0.0270610000   0.0099570000   0.0270510000  -0.0270790000  -0.0098920000  -0.0271770000  -0.0122170000   0.0234230000   0.0722210000   0.0188100000  -0.0351250000  -0.1058060000  -0.0065750000   0.0116360000   0.0337110000
   6.7366728127   6.3472013107  617  3.89E+00  -0.2088950000   1.1899940000   2.3915870000  -0.2432130000   0.0431620000   1.6035950000   0.4837360000   0.3551360000  10.1574440000   0.4131220000   0.1570070000   9.0194670000   0.4339620000  -0.0758600000   7.9134470000  -0.0008430000  -0.0274830000  -0.0189950000   0.0007730000   0.0275670000   0.0186360000   0.0047300000  -0.0093180000  -0.0350520000  -0.0099780000  -0.0097150000  -0.0725870000   0.0053180000   0.0189500000   0.1079980000
   6.7368909139   6.3461152123  814  6.66E+00   1.5531580000  -0.3171080000   2.3964220000   0.8161380000  -1.7273640000   2.6572060000  -1.4182590000   3.7115790000   8.2544260000  -1.5269710000   3.3383520000   7.1436440000  -1.6092950000   3.1168610000   5.9623440000   0.0225140000   0.0428780000  -0.0079550000  -0.0223150000  -0.0431620000   0.0079230000   0.0022930000   0.0126090000   0.0047340000  -0.0001750000  -0.0146730000   0.0432160000  -0.0023170000   0.0023480000  -0.0479170000
   6.7351699825   6.3486888256 1119  2.75E+00  -0.5713120000  -0.7374390000   1.7659710000   0.8000050000  -0.4634040000   2.0682000000  -2.2859260000   1.1840830000   7.3661870000  -1.4089760000   1.1639850000   8.1726410000  -0.6157860000   0.9906050000   9.0594800000   0.0110330000   0.0021850000   0.0023910000  -0.0108810000  -0.0021920000  -0.0023770000  -0.0262240000  -0.0082720000  -0.0125310000  -0.0005960000   0.0242410000  -0.0288330000   0.0266690000  -0.0159630000   0.0413500000
   6.7384118426   6.3465901874 1127  5.15E+00   1.1844030000  -1.0852390000   2.4156750000   0.9300640000   0.4173240000   1.9173890000  -1.7678230000   0.1612670000   9.4201760000  -1.7387310000  -0.4692660000   8.4557130000  -1.6465010000  -1.1371630000   7.5052410000   0.0075550000  -0.0442440000   0.0146040000  -0.0073930000   0.0444320000  -0.0148180000   0.0053600000  -0.0263950000  -0.0346560000  -0.0070970000   0.0142770000   0.0107790000   0.0015750000   0.0119290000   0.0240900000
   6.7393931688   6.3466469114 1181  8.22E+00  -2.2862330000   0.8598920000   2.7261010000  -1.1846110000  -0.2476820000   2.3416780000   3.1488760000   1.0619250000   7.1528270000   2.2362970000   0.7030530000   7.7202520000   1.2326150000   0.2807760000   8.1861350000  -0.0331040000   0.0333170000   0.0115410000   0.0331860000  -0.0332710000  -0.0116200000  -0.0791330000  -0.0332300000   0.0391790000   0.0913510000   0.0403970000  -0.0364130000  -0.0122990000  -0.0072140000  -0.0026870000
   6.7380502558   6.3462808718 1234  2.38E+00  -0.1759270000  -1.8752410000   2.8989230000  -0.1468720000  -0.8839240000   1.8903330000   0.3944170000   2.9126430000   9.0572480000   0.3178360000   1.9324860000   8.4359560000   0.1115810000   0.8569970000   7.9876830000   0.0004060000   0.0141120000  -0.0144740000  -0.0003810000  -0.0140560000   0.0141260000  -0.0102610000  -0.0253880000   0.0001010000   0.0198410000   0.0358910000  -0.0114660000  -0.0096050000  -0.0105590000   0.0117110000
   6.7399371958   6.3497775915 1824  2.16E+01  -0.9317500000  -2.6130400000   3.6227000000  -0.6356800000  -1.2841380000   2.5570130000   0.3169990000   2.1012780000   7.8438870000   1.2325250000   2.5703430000   7.3476440000   1.9911910000   3.2347800000   6.6428670000  -0.0112610000  -0.0506650000   0.0406590000   0.0113080000   0.0506450000  -0.0406030000   0.0464620000   0.0424290000  -0.0430550000  -0.0830100000  -0.0965220000   0.0985800000   0.0365020000   0.0541130000  -0.0555810000
   6.7364343589   6.3489574292 1824  2.14E+01  -0.9380830000  -2.6042370000   3.6234100000  -0.6356940000  -1.2843690000   2.5569950000   0.3168640000   2.1007780000   7.8430780000   1.2325180000   2.5712750000   7.3492810000   1.9918010000   3.2351810000   6.6424940000  -0.0114340000  -0.0500200000   0.0404440000   0.0114790000   0.0499990000  -0.0403880000   0.0471230000   0.0426730000  -0.0434970000  -0.0846530000  -0.0973630000   0.1002380000   0.0374850000   0.0547120000  -0.0567980000
   6.7358853570   6.3470017516 1824  1.30E+01   0.2959760000  -1.3095380000   1.6933470000  -0.9023450000  -1.4990970000   2.8461210000   2.3070920000   3.0856890000   5.8400620000   1.6320770000   2.9002380000   6.7790890000   0.9555940000   2.9941490000   7.7511880000   0.0423070000   0.0066720000  -0.0407080000  -0.0423270000  -0.0066630000   0.0408590000  -0.0073990000   0.0175800000   0.0143360000   0.0171400000  -0.0383080000  -0.0317940000  -0.0097210000   0.0207190000   0.0173070000
   6.7398855941   6.3478439581 1824  1.41E+01   0.3073800000  -1.3172870000   1.6875000000  -0.9025050000  -1.4989740000   2.8463440000   2.3076030000   3.0860380000   5.8410050000   1.6324040000   2.8998040000   6.7753790000   0.9549190000   2.9939990000   7.7522830000   0.0435400000   0.0065200000  -0.0417090000  -0.0435520000  -0.0065040000   0.0418580000  -0.0111120000   0.0165810000   0.0199380000   0.0249010000  -0.0379170000  -0.0438530000  -0.0137760000   0.0213200000   0.0237660000
   6.7351363742   6.3456709525 1865  2.21E+00  -0.7733200000  -1.2651230000   2.7467700000   0.2466440000  -2.1939440000   2.9446710000  -0.8449870000   5.0676720000   7.3752420000  -0.4173550000   4.2365420000   6.6154950000  -0.0247870000   3.4764430000   5.7802620000   0.0236320000  -0.0216390000   0.0045580000  -0.0236940000   0.0212820000  -0.0046750000  -0.0221960000   0.0436290000   0.0315820000   0.0125960000  -0.0264010000  -0.0030580000   0.0096620000  -0.0168710000  -0.0284060000
   6.7358176662   6.3492179804 2009  8.66E+00  -0.6250550000  -2.0299200000   3.6013740000  -1.1863230000  -1.1803130000   2.3123870000   2.2802850000   1.7495190000   6.7521260000   2.2235150000   2.4798870000   7.7145880000   2.0146960000   3.0991700000   8.6822330000   0.0185290000  -0.0282700000   0.0427230000  -0.0188420000   0.0280890000  -0.0429480000  -0.0060290000  -0.0369530000  -0.0393230000   0.0143030000   0.0477740000   0.0450970000  -0.0079610000  -0.0106410000  -0.0055500000
   6.7384710932   6.3473669360 2390  2.71E+00  -1.2145640000  -0.5954760000   1.9124700000   0.0150450000   0.0127830000   1.9118430000   0.8165070000  -0.5117770000   8.8302750000  -0.0122290000   0.2289920000   8.4913480000  -0.8059440000   1.0012210000   8.1277930000   0.0416890000   0.0205930000  -0.0000140000  -0.0416030000  -0.0206900000   0.0000190000  -0.0157780000   0.0185630000  -0.0081050000  -0.0019620000  -0.0060140000   0.0010360000   0.0176540000  -0.0124530000   0.0070650000
   6.7376934468   6.3485868371 2605  1.84E+00   1.4337620000   0.1557790000   1.7825770000  -0.0208540000  -0.0016220000   1.9663760000  -0.7475680000   1.1522280000   8.1667850000   0.0278590000   0.2654420000   8.3710460000   0.7404700000  -0.6655320000   8.6174280000   0.0086920000   0.0009400000  -0.0010620000  -0.0086450000  -0.0009780000   0.0011350000  -0.0281030000   0.0252440000  -0.0023510000   0.0065100000   0.0104650000  -0.0101820000   0.0215470000  -0.0356710000   0.0124610000
   6.7362937823   6.3451250268 2904  1.32E+00  -0.0032910000  -1.7907800000   2.5782850000   0.4469940000  -0.5461050000   1.9153930000  -1.2101330000   1.8718010000   7.5428500000  -0.8395650000   1.3127750000   8.4982720000  -0.3917990000   0.6705800000   9.3503390000  -0.0033780000  -0.0094240000   0.0050140000   0.0034850000   0.0092520000  -0.0051020000   0.0120380000  -0.0156550000   0.0123840000  -0.0034910000   0.0013760000   0.0208900000  -0.0086540000   0.0144510000  -0.0331860000
   6.7358329315   6.3486684342 2918  1.57E+00  -0.2535920000   1.3904450000   1.9183240000   0.0037090000  -0.0123940000   1.8892250000  -0.8673840000  -0.4198210000   8.9123220000   0.0161510000   0.2417020000   8.5499960000   0.8527100000   0.9003450000   8.1143110000   0.0024320000  -0.0133980000  -0.0002850000  -0.0025280000   0.0133180000   0.0002530000   0.0185490000   0.0162200000  -0.0132660000   0.0248810000   0.0155290000  -0.0040550000  -0.0433340000  -0.0316700000   0.0173530000
   6.7382467607   6.3489532760 3093  4.15E+00   0.7522410000   0.7117860000   2.0322740000   0.0131080000  -0.4407440000   1.8219080000   0.4344180000   0.0853040000   8.1349880000   0.0025310000   1.0363220000   8.7208150000  -0.5491790000   1.9807460000   9.0924260000  -0.0200640000  -0.0312230000  -0.0057420000   0.0199960000   0.0313430000   0.0054780000   0.0026000000  -0.0236570000  -0.0268260000  -0.0127180000   0.0551090000   0.0530890000   0.0101860000  -0.0315720000  -0.0260000000
   6.7398909019   6.3466905256 3111  4.87E+00   1.1501900000  -1.1453940000   2.6039870000   0.2784970000  -0.2026500000   1.7176700000  -1.4097910000   0.6766280000   9.5811930000  -0.4901970000   0.7174090000   8.8701840000   0.3144300000   0.5567340000   8.0186640000   0.0207780000  -0.0225230000   0.0210290000  -0.0208760000   0.0224720000  -0.0213920000   0.0109920000  -0.0129000000  -0.0237830000  -0.0048730000   0.0268330000   0.0339220000  -0.0060210000  -0.0138830000  -0.0097760000
   6.7367963759   6.3488653318 3111  5.13E+00   1.1515110000  -1.1463320000   2.6101450000   0.2787200000  -0.2028340000   1.7161940000  -1.4091720000   0.6769350000   9.5858740000  -0.4891620000   0.7188010000   8.8722450000   0.3118380000   0.5563590000   8.0194170000   0.0215100000  -0.0233040000   0.0219350000  -0.0216060000   0.0232540000  -0.0222940000   0.0078250000  -0.0131920000  -0.0214820000   0.0000380000   0.0270160000   0.0299680000  -0.0077680000  -0.0137730000  -0.0081260000
   6.7381085310   6.3489898222 3130  2.32E+00  -0.3191830000   0.1556400000   1.7704110000   1.0832290000  -0.4098470000   2.0495180000  -1.4464240000   1.2153410000   9.2678060000  -1.9994350000   1.0144390000   8.2388980000  -2.4424080000   0.7478640000   7.2011450000  -0.0281680000   0.0113770000  -0.0056740000   0.0283830000  -0.0113850000   0.0055440000   0.0157610000  -0.0011160000   0.0161780000  -0.0353880000  -0.0025950000  -0.0474230000   0.0194120000   0.0037180000   0.0313760000
   6.7372762570   6.3461205673 3196  6.47E+00  -0.0657260000   1.5429770000   1.7792120000   0.0058330000  -0.0159930000   1.9878810000   1.1901360000   0.3051010000   8.2142420000  -0.0112420000   0.2635910000   8.3936730000  -1.2066890000   0.1673580000   8.4457910000  -0.0018690000   0.0404480000  -0.0053970000   0.0018060000  -0.0404440000   0.0054030000   0.0672740000  -0.0007930000  -0.0156780000  -0.0196990000   0.0077450000   0.0195990000  -0.0475120000  -0.0069570000  -0.0039270000
   6.7353316953   6.3459935288 3388  4.50E+00  -0.4457690000   0.1107840000   2.1298860000   0.2747850000  -1.0128650000   1.8763740000  -0.3913690000   2.0773830000   9.7152400000  -0.4419340000   2.1504580000   8.5489520000  -0.6211350000   2.0474600000   7.3630280000   0.0296100000  -0.0462120000  -0.0105300000  -0.0295060000   0.0459580000   0.0101690000  -0.0083760000  -0.0106690000  -0.0058470000   0.0228320000   0.0247370000   0.0467970000  -0.0145610000  -0.0138140000  -0.0405880000
   6.7354259583   6.3492360420 3448  2.72E+00   1.7173100000  -1.1715510000   3.0044970000   1.4131530000   0.0866630000   2.2028310000  -2.2492600000   0.3626660000   9.0068600000  -2.6597430000   0.1604140000   7.9474960000  -2.9199030000  -0.1544180000   6.8374080000   0.0053220000  -0.0217600000   0.0138720000  -0.0050510000   0.0218180000  -0.0139500000  -0.0046700000  -0.0149440000  -0.0407480000  -0.0034420000   0.0240720000   0.0480680000   0.0078420000  -0.0091850000  -0.0072420000
   6.7388276001   6.3476233773 3719  2.73E+00  -1.4993620000   0.6781040000   2.5639660000  -0.3836500000   0.0099360000   1.6764980000   1.1068390000  -0.3697680000   9.8449060000   0.7194000000   0.2371050000   8.9117540000   0.3636160000   0.7871020000   7.9318900000  -0.0289510000   0.0172850000   0.0228880000   0.0289090000  -0.0174160000  -0.0232360000   0.0058470000  -0.0094790000   0.0063930000  -0.0071830000   0.0115410000  -0.0021260000   0.0013780000  -0.0019300000  -0.0039190000
   6.7380347644   6.3477293002 3851  5.32E+00  -0.5909700000  -1.6250420000   2.6537320000  -0.4300240000  -0.3151390000   1.7863480000   0.0479530000   1.0164080000   9.6031750000   0.8532900000   0.8945370000   8.7337770000   1.4963590000   0.6760040000   7.7529510000  -0.0043350000  -0.0348570000   0.0230340000   0.0041380000   0.0348140000  -0.0232460000  -0.0311100000  -0.0026100000   0.0166080000   0.0258050000   0.0132970000   0.0116330000   0.0055010000  -0.0106440000  -0.0280290000
   6.7388977933   6.3470396900 3856  4.25E+00  -2.2324910000  -0.2574140000   2.5328630000  -0.8242660000  -0.7522690000   2.2922530000   2.3022060000   2.1499180000   6.9919760000   1.5496810000   1.6331170000   7.7801300000   0.7916910000   1.0850130000   8.5610550000  -0.0212180000   0.0074700000   0.0036510000   0.0212020000  -0.0074780000  -0.0035880000   0.0357990000   0.0231750000  -0.0363260000   0.0106920000   0.0118890000  -0.0124160000  -0.0464740000  -0.0350550000   0.0486790000
