   6.7340113822   6.6811332807  167  4.81E+00   0.0865000000  -2.2001980000   3.7640090000  -0.6848620000  -1.6722730000   2.4993530000   1.6733040000   4.3914200000   7.0584380000   1.1863920000   3.3712210000   7.3829090000   0.8509940000   2.2558480000   7.6809120000   0.0197840000  -0.0135740000   0.0323650000  -0.0198010000   0.0135670000  -0.0325850000   0.0121040000  -0.0001630000  -0.0029150000  -0.0101440000   0.0439680000  -0.0068890000  -0.0019430000  -0.0437980000   0.0100230000
   6.7349926403   6.6814358156  197  4.05E+00   1.3939060000   0.5900190000   1.9763540000  -0.0166240000  -0.0050820000   1.8889240000  -0.1869500000  -0.8916870000   8.5090830000  -0.0165840000   0.2569830000   8.5535670000   0.1946040000   1.3746510000   8.5127130000   0.0273140000   0.0115250000   0.0017160000  -0.0273220000  -0.0114940000  -0.0016700000   0.0077170000   0.0296790000  -0.0036470000   0.0044670000   0.0527490000   0.0057020000  -0.0121750000  -0.0824580000  -0.0021010000
   6.7305776321   6.6829889397  216  5.74E+00   0.4479230000   0.4959520000   2.3639830000   0.2114090000   1.8277090000   2.2022290000   0.2142600000  -3.4737280000   8.8470200000  -0.4631950000  -3.1479840000   7.9489870000  -0.9505890000  -2.6346860000   7.0394940000  -0.0091930000   0.0520680000  -0.0063730000   0.0093200000  -0.0519020000   0.0061990000   0.0060350000   0.0169160000  -0.0105490000  -0.0431550000  -0.0047520000  -0.0337330000   0.0369930000  -0.0123300000   0.0444570000
   6.7316941619   6.6845700553  332  3.28E+00  -1.0359300000  -0.8461610000   2.5845080000  -1.1165590000  -2.1735910000   3.3465500000   1.4321790000   3.2815760000   6.2497490000   2.0256960000   4.2186990000   5.7922090000   2.6887750000   5.1478870000   5.5269390000   0.0015580000   0.0255730000  -0.0147510000  -0.0015970000  -0.0256830000   0.0145110000  -0.0129120000  -0.0275740000   0.0269700000   0.0094570000   0.0293610000  -0.0395740000   0.0034940000  -0.0016760000   0.0128440000
   6.7301530181   6.6815199007  618  1.47E+01  -2.0424590000  -0.8428730000   3.1723120000  -1.4017730000   0.1490300000   2.1026590000   3.2160100000  -0.9599450000   8.4722270000   2.5082620000  -0.0154120000   8.0611980000   2.0305280000   0.9680020000   7.7763970000  -0.0181200000  -0.0281380000   0.0303740000   0.0181830000   0.0280670000  -0.0302990000   0.0724850000  -0.0742840000   0.0420780000  -0.1284160000   0.1554150000  -0.0754460000   0.0558690000  -0.0810600000   0.0332940000
   6.7316574328   6.6832914725  734  1.73E+01   2.1159520000  -1.3275960000   3.4255020000   0.9298160000  -1.0567400000   2.2388350000  -1.1819450000   2.9685580000   7.1382050000  -1.6773540000   2.0953440000   7.8083690000  -2.3359110000   1.5074120000   8.6041710000   0.0436160000  -0.0099840000   0.0437350000  -0.0436960000   0.0098790000  -0.0436150000   0.0074660000   0.0507450000  -0.0157080000   0.0145760000  -0.0584580000  -0.0067030000  -0.0219620000   0.0078180000   0.0222910000
   6.7342870025   6.6824115923  796  4.38E+00  -0.1533810000  -1.0745360000   2.5511920000  -0.1605200000  -0.0529080000   1.5959740000   1.0203760000   0.1201750000   8.1709380000   0.3763070000   0.4288550000   9.0941170000  -0.4915340000   0.5774890000   9.8719150000  -0.0001920000   0.0213940000  -0.0200730000   0.0000640000  -0.0213710000   0.0198530000  -0.0297440000  -0.0041800000   0.0121150000   0.0409280000   0.0160800000   0.0017740000  -0.0110560000  -0.0119240000  -0.0136680000
   6.7305603108   6.6802604717  832  6.39E+00  -1.5083320000   0.1646850000   2.1716800000  -0.3282940000  -0.8839310000   2.0480340000   1.1997680000   2.6147760000   7.5298180000   0.6716850000   1.8877020000   8.3018660000   0.0306100000   1.0599950000   8.8739880000  -0.0320290000   0.0284440000   0.0033620000   0.0320010000  -0.0285010000  -0.0033640000  -0.0003820000   0.0030780000  -0.0207850000   0.0231920000   0.0234220000   0.0183140000  -0.0227820000  -0.0264420000   0.0024740000
   6.7343035474   6.6820217847 1035  7.67E+00  -1.9916110000   0.3425310000   2.5248770000  -0.8337460000  -0.6443650000   2.1417440000   0.5494540000   1.1194410000   8.6308400000   1.5812680000   1.4601060000   8.1227700000   2.5529000000   1.6686710000   7.4171500000  -0.0291290000   0.0248390000   0.0096510000   0.0290920000  -0.0248400000  -0.0096500000  -0.0408330000  -0.0197600000   0.0083400000  -0.0120610000   0.0149770000   0.0423530000   0.0529310000   0.0047840000  -0.0506930000
   6.7342097712   6.6812394175 1154  8.74E-01   0.6881690000  -1.3039920000   2.9738450000   0.0205390000  -0.9839540000   1.7346610000  -0.0495240000   1.1457640000   8.0669870000  -0.0007570000   2.0713650000   8.7602020000  -0.0958450000   2.9832050000   9.5072730000  -0.0023360000   0.0011140000  -0.0044820000   0.0023760000  -0.0011240000   0.0041980000  -0.0082030000   0.0312790000   0.0289940000   0.0190610000  -0.0411180000  -0.0415060000  -0.0108970000   0.0098500000   0.0127950000
   6.7323409308   6.6841619536 1278  5.49E+00  -0.9579640000  -1.1256750000   3.3788690000  -1.9911810000  -0.7658670000   2.4719070000   4.3449250000   2.0409980000   8.3639600000   3.6465290000   1.6679620000   7.4185040000   2.9224320000   1.2903900000   6.5100050000  -0.0121150000   0.0041240000  -0.0106120000   0.0118510000  -0.0042510000   0.0104360000   0.0555490000   0.0301240000   0.0787390000  -0.0086680000  -0.0060970000  -0.0230880000  -0.0466170000  -0.0239000000  -0.0554750000
   6.7320425328   6.6806086663 1339  1.07E+01  -0.2943650000  -0.6807200000   2.5430230000   0.5367820000  -1.9491400000   2.4544780000  -1.3764720000   4.6763260000   8.0742740000  -0.9867450000   3.7029630000   7.6050710000  -0.5450560000   3.0089200000   6.7993370000  -0.0137710000   0.0208920000   0.0013640000   0.0137630000  -0.0211910000  -0.0015990000   0.0285590000  -0.0380410000  -0.0563830000  -0.0038800000  -0.0306950000   0.0303110000  -0.0246710000   0.0690360000   0.0263060000
   6.7321119729   6.6810172971 1425  4.70E+00   0.4956610000  -1.5028230000   2.0384730000  -0.1270630000  -0.0583900000   1.9132580000   0.7700060000  -0.6276730000   8.5136660000   0.2390420000   0.3902780000   8.4938310000  -0.3461010000   1.4086600000   8.4275330000   0.0164340000  -0.0381120000   0.0033240000  -0.0164210000   0.0381190000  -0.0032700000  -0.0295440000   0.0496400000  -0.0028250000   0.0324430000  -0.0483770000   0.0045360000  -0.0029120000  -0.0012710000  -0.0017650000
   6.7345156961   6.6836078498 1463  2.33E+00   1.4517630000  -1.5218740000   3.0653860000   1.5511530000  -0.3093850000   2.3193700000  -3.4084970000   0.4288890000   6.7383560000  -2.8122880000   0.8483450000   7.7079750000  -2.3186300000   1.2629600000   8.6998640000   0.0009520000   0.0113280000  -0.0069240000  -0.0008220000  -0.0112810000   0.0070030000  -0.0373870000  -0.0211990000  -0.0466120000   0.0352470000   0.0140770000   0.0274370000   0.0020100000   0.0070750000   0.0190960000
   6.7307044039   6.6848305000 1876  4.60E+00  -1.1342520000  -1.5268740000   3.0341220000   0.0082260000  -1.3485630000   2.0740270000   0.1738380000   2.4063020000   9.2480110000  -0.0747920000   2.6957950000   8.1672490000  -0.0873090000   3.0888980000   7.0727040000  -0.0149900000  -0.0023830000   0.0126300000   0.0149660000   0.0021780000  -0.0126120000   0.0036530000   0.0245880000  -0.0616820000  -0.0218150000  -0.0208960000   0.0265170000   0.0181870000  -0.0034870000   0.0351480000
   6.7309715540   6.6824180708 2061  2.96E+00   0.5698430000   0.6454040000   2.6548570000   0.4210510000  -0.1015360000   1.4909100000  -0.6714950000   0.5395060000   8.0521690000  -0.7376750000   0.4844490000   9.2556500000  -0.9134710000   0.2509230000  10.3876070000  -0.0035940000  -0.0182770000  -0.0286310000   0.0037000000   0.0182430000   0.0282270000  -0.0047070000  -0.0090210000  -0.0485420000   0.0106770000   0.0191110000   0.0587160000  -0.0060760000  -0.0100570000  -0.0097690000
   6.7301935680   6.6826299014 2209  4.69E+00   1.3393290000   0.6687040000   2.5514820000   0.2840150000   0.2285920000   1.6649270000  -0.9698100000  -1.1696390000   9.4832340000  -0.5287410000  -0.1434610000   8.9660130000  -0.1360900000   0.7812320000   8.3114030000  -0.0025370000  -0.0010920000  -0.0021850000   0.0025290000   0.0009910000   0.0020430000  -0.0354080000  -0.0815810000   0.0314190000   0.0238710000   0.0533030000  -0.0012710000   0.0115450000   0.0283790000  -0.0300060000
   6.7305416514   6.6823901456 2209  4.48E+00   1.3497510000   0.6684830000   2.5572000000   0.2840800000   0.2287740000   1.6639900000  -0.9688400000  -1.1675580000   9.4862650000  -0.5290190000  -0.1429680000   8.9690610000  -0.1378290000   0.7778870000   8.3104030000   0.0013360000   0.0005170000   0.0010650000  -0.0013430000  -0.0006180000  -0.0012090000  -0.0344880000  -0.0796260000   0.0301200000   0.0237560000   0.0533460000  -0.0007490000   0.0107390000   0.0263810000  -0.0292260000
   6.7309418547   6.6821875354 2209  4.32E+00   1.3601470000   0.6682510000   2.5628980000   0.2841440000   0.2289560000   1.6630530000  -0.9678280000  -1.1653770000   9.4892580000  -0.5293360000  -0.1425640000   8.9721110000  -0.1395800000   0.7745090000   8.3094400000   0.0049970000   0.0020050000   0.0041220000  -0.0050030000  -0.0021060000  -0.0042700000  -0.0334610000  -0.0774210000   0.0286930000   0.0235110000   0.0530820000  -0.0000860000   0.0099580000   0.0244410000  -0.0284590000
   6.7314262382   6.6820187359 2209  4.22E+00   1.3704440000   0.6679800000   2.5685140000   0.2842100000   0.2291380000   1.6621170000  -0.9667740000  -1.1631010000   9.4922160000  -0.5296920000  -0.1422480000   8.9751600000  -0.1413440000   0.7711020000   8.3085110000   0.0084260000   0.0033690000   0.0069720000  -0.0084320000  -0.0034700000  -0.0071230000  -0.0323280000  -0.0749610000   0.0271340000   0.0231310000   0.0525000000   0.0007280000   0.0092030000   0.0225630000  -0.0277100000
   6.7320239273   6.6818825892 2209  4.18E+00   1.3805750000   0.6676430000   2.5739940000   0.2842780000   0.2293220000   1.6611840000  -0.9656800000  -1.1607310000   9.4951400000  -0.5300860000  -0.1420180000   8.9782090000  -0.1431200000   0.7676660000   8.3076170000   0.0116140000   0.0046070000   0.0096090000  -0.0116190000  -0.0047090000  -0.0097630000  -0.0310850000  -0.0722420000   0.0254400000   0.0226160000   0.0515970000   0.0016960000   0.0084750000   0.0207480000  -0.0269820000
   6.7327616536   6.6817804261 2209  4.18E+00   1.3904780000   0.6672150000   2.5792840000   0.2843480000   0.2295060000   1.6602520000  -0.9645470000  -1.1582720000   9.4980320000  -0.5305170000  -0.1418740000   8.9812550000  -0.1449060000   0.7642040000   8.3067570000   0.0145540000   0.0057220000   0.0120290000  -0.0145580000  -0.0058250000  -0.0121870000  -0.0297330000  -0.0692630000   0.0236100000   0.0219640000   0.0503700000   0.0028230000   0.0077740000   0.0189960000  -0.0262760000
   6.7336612739   6.6817075366 2209  4.21E+00   1.4000940000   0.6666750000   2.5843370000   0.2844230000   0.2296920000   1.6593240000  -0.9633780000  -1.1557270000   9.5008950000  -0.5309850000  -0.1418130000   8.9842960000  -0.1467010000   0.7607190000   8.3059290000   0.0172470000   0.0067180000   0.0142350000  -0.0172500000  -0.0068210000  -0.0143960000  -0.0282710000  -0.0660200000   0.0216410000   0.0211750000   0.0488160000   0.0041120000   0.0071000000   0.0173070000  -0.0255910000
   6.7347417420   6.6816650777 2209  4.29E+00   1.4093710000   0.6660020000   2.5891100000   0.2845010000   0.2298790000   1.6583990000  -0.9621730000  -1.1531010000   9.5037320000  -0.5314870000  -0.1418330000   8.9873300000  -0.1485050000   0.7572130000   8.3051330000   0.0196980000   0.0075990000   0.0162310000  -0.0197010000  -0.0077030000  -0.0163960000  -0.0266990000  -0.0625120000   0.0195300000   0.0202490000   0.0469370000   0.0055650000   0.0064530000   0.0156790000  -0.0249300000
   6.7333150878   6.6802680085 2381  2.37E+00   0.9272600000   0.4391040000   2.5414300000   0.8842760000  -0.7062850000   1.7996030000  -2.4962840000   1.9169630000   9.3319180000  -1.6329250000   1.5082010000   8.6765760000  -0.7525910000   1.1382050000   8.0080250000  -0.0016130000  -0.0428220000  -0.0278320000   0.0015910000   0.0427770000   0.0275250000   0.0235950000  -0.0078420000  -0.0176020000  -0.0061050000  -0.0028970000   0.0032910000  -0.0174680000   0.0107840000   0.0146180000
   6.7305412718   6.6844178726 2997  1.75E+01   0.9529100000   0.4953250000   2.6499210000  -0.1138300000   0.3713800000   1.5300690000   0.2397880000  -0.9506880000   8.0728920000   0.2622990000  -0.5929230000   9.2559000000   0.0717600000   0.1975060000  10.1714360000   0.0240240000   0.0028460000   0.0250870000  -0.0240060000  -0.0027180000  -0.0254020000  -0.0135490000   0.0018560000  -0.0879140000   0.0365470000  -0.0717540000   0.0507470000  -0.0230170000   0.0697700000   0.0374820000
   6.7305671522   6.6805979580 3124  3.66E+00   1.2708680000  -0.9250910000   2.9407580000   0.2227270000  -0.9621190000   1.7873080000  -0.6552680000   2.2945540000   7.5539010000  -0.4589370000   2.0688010000   8.7152640000  -0.1926280000   1.7034140000   9.7932450000   0.0248770000   0.0008120000   0.0273090000  -0.0247830000  -0.0010290000  -0.0274710000  -0.0018270000  -0.0011820000  -0.0390080000  -0.0010610000   0.0079010000   0.0504210000   0.0027930000  -0.0065020000  -0.0112510000
   6.7348517065   6.6845390890 3124  3.96E+00   1.2816260000  -0.9185040000   2.9386690000   0.2227350000  -0.9628090000   1.7864810000  -0.6546250000   2.2978320000   7.5554950000  -0.4624180000   2.0705480000   8.7163940000  -0.1913780000   1.7018570000   9.7950660000   0.0261660000   0.0010280000   0.0284050000  -0.0260740000  -0.0012430000  -0.0285640000  -0.0009870000  -0.0014190000  -0.0378930000  -0.0035870000   0.0097890000   0.0445350000   0.0044830000  -0.0081560000  -0.0064820000
   6.7338825540   6.6825465364 3149  6.05E+00  -0.2225450000  -2.0837590000   2.8669550000  -0.1933230000  -0.8392620000   1.9300110000   0.1523900000   1.0709740000   9.3029950000   0.3640720000   1.7656190000   8.3608920000   0.5538270000   2.6140220000   7.6021380000  -0.0006840000  -0.0292760000   0.0221380000   0.0006830000   0.0292490000  -0.0220070000  -0.0048460000  -0.0002420000   0.0287270000   0.0140060000   0.0238310000  -0.0739330000  -0.0091590000  -0.0235610000   0.0450760000
   6.7301532132   6.6805640127 3212  5.77E+00  -1.1929510000   0.9473590000   2.2096300000  -0.0105470000   0.3919180000   1.8435310000  -0.3433330000   0.6068960000   8.5123370000   0.1047670000  -0.4550640000   8.6628540000   0.3925140000  -1.5946290000   8.6394270000   0.0498910000  -0.0234460000  -0.0154580000  -0.0498420000   0.0234030000   0.0154400000   0.0008180000  -0.0338540000  -0.0066170000   0.0114860000   0.0345940000   0.0175610000  -0.0123520000  -0.0006980000  -0.0109260000
   6.7339319100   6.6837565196 3276  7.79E+00   1.6163980000  -0.8438690000   2.5298570000   0.4673000000  -0.1433300000   1.7999200000  -0.8092080000   1.6267210000   9.0545780000  -0.8818480000   0.5094080000   8.6350390000  -0.9644380000  -0.5524640000   8.3156960000   0.0217340000  -0.0132240000   0.0138340000  -0.0217420000   0.0133010000  -0.0137690000   0.0006640000   0.0297680000   0.0179990000  -0.0104750000  -0.1748750000  -0.0692800000   0.0098190000   0.1450300000   0.0512160000
   6.7313305322   6.6830359651 3277  1.07E+01   0.8297640000  -2.3196670000   3.8531500000   0.2268690000  -1.5877460000   2.5440240000  -0.4056890000   2.4207700000   8.2015290000  -0.4747830000   3.2776230000   7.3573350000  -0.4232110000   3.8821350000   6.3283030000   0.0186040000  -0.0225870000   0.0403860000  -0.0186120000   0.0225410000  -0.0404100000   0.0098330000  -0.0469800000   0.0213890000  -0.0183360000   0.0463400000   0.0149430000   0.0085110000   0.0006860000  -0.0363070000
   6.7303523910   6.6815244997 3432  3.21E-01   1.3455700000   0.1253320000   2.6776950000   0.3924880000  -0.3099010000   1.5919560000  -0.9199870000   0.3059900000  10.0955030000  -0.7466520000   0.8050100000   9.0383780000  -0.5644620000   1.3171910000   8.0012920000   0.0137590000   0.0062110000   0.0155630000  -0.0137040000  -0.0063760000  -0.0157800000  -0.0018500000  -0.0057550000   0.0159950000   0.0031680000   0.0091030000  -0.0277980000  -0.0013720000  -0.0031830000   0.0120200000
   6.7310219749   6.6817141673 3479  1.13E+01   0.0893470000   1.1935270000   2.1000790000  -0.6733310000   0.1893130000   1.8142020000   0.4617610000   0.2752520000   9.4459330000   1.1934930000  -0.0725020000   8.6181070000   1.9994370000  -0.5538220000   7.8928010000  -0.0659680000  -0.0867880000  -0.0246880000   0.0658190000   0.0868790000   0.0247160000   0.0256110000  -0.0187930000  -0.0153740000  -0.0397840000   0.0331730000   0.0145950000   0.0143220000  -0.0144710000   0.0007510000
   6.7310418028   6.6808543170 3850  5.23E+00   0.5529530000   0.0575440000   2.4211730000   0.2454130000  -1.1765190000   1.8106110000  -0.0428620000   2.7141940000   9.7567480000  -0.4508900000   2.3997490000   8.6512050000  -0.8791480000   2.0441950000   7.5548410000  -0.0047860000  -0.0194780000  -0.0097000000   0.0049330000   0.0193320000   0.0094550000   0.0265360000   0.0193260000   0.0756490000   0.0052630000   0.0076180000   0.0009900000  -0.0319460000  -0.0267980000  -0.0763950000
   6.7305389881   6.6811418601 3897  4.96E+00  -2.6493380000   0.6514960000   3.5222180000  -1.6641670000  -0.0177640000   2.6294520000   2.3615610000   0.8448050000   7.9046030000   3.0297100000   0.2734170000   7.1146580000   3.8422190000  -0.3147130000   6.4016120000  -0.0094320000   0.0064280000   0.0085990000   0.0095120000  -0.0064120000  -0.0084970000  -0.0005040000   0.0073540000   0.0166600000  -0.0657080000   0.0347190000   0.0278630000   0.0661320000  -0.0420900000  -0.0446240000
   6.7342077643   6.6817605949 3942  9.89E+00   0.1640170000  -0.7220590000   2.4075140000  -0.3648690000   0.1377630000   1.5725270000   0.1943660000   0.2616160000  10.1138700000   0.6421390000   0.0959290000   9.0747360000   1.1354950000  -0.2884910000   8.0696910000  -0.0386430000   0.0627650000  -0.0610420000   0.0384690000  -0.0626800000   0.0607670000   0.0285670000  -0.0248780000  -0.0557640000  -0.0335480000   0.0415720000   0.0548590000   0.0051560000  -0.0167790000   0.0011810000
