   6.7423406820   6.1228682456   93  6.40E+00   2.2578400000  -1.6406580000   5.0831530000   1.9506140000  -0.7477350000   4.0796090000  -3.7072080000   1.2836230000   5.5658750000  -3.6453720000   1.5540630000   4.4467540000  -3.4403120000   2.0751610000   3.4023420000  -0.0094580000   0.0274550000  -0.0308670000   0.0093810000  -0.0275210000   0.0308880000   0.0114460000   0.0301840000  -0.0440510000  -0.0211130000  -0.0515850000   0.0449700000   0.0097440000   0.0214660000  -0.0009400000
   6.7428959401   6.1228041647  356  4.01E+00  -0.0406840000  -0.3442210000   1.9205400000  -1.4506010000   0.1160000000   2.1330000000   1.9401840000   0.5213260000   7.2150290000   2.6262230000   0.0948080000   8.0980400000   3.3355360000  -0.4624680000   8.9332720000   0.0169360000  -0.0055700000  -0.0026310000  -0.0171130000   0.0054650000   0.0022960000  -0.0206330000   0.0071790000  -0.0304190000  -0.0334710000   0.0415570000  -0.0291500000   0.0542820000  -0.0486320000   0.0599040000
   6.7409817138   6.1210648308  376  1.16E+00  -1.2642900000   0.6748400000   1.5889740000  -0.5056400000  -0.4233720000   2.1932070000  -0.0301620000   0.6124620000   8.4727500000   0.9282100000   1.0048660000   7.9548880000   1.9383000000   1.3927680000   7.5032190000  -0.0024950000   0.0036060000  -0.0019640000   0.0024380000  -0.0036120000   0.0020780000   0.0327770000   0.0117820000  -0.0097010000  -0.0290050000  -0.0088620000  -0.0001850000  -0.0037150000  -0.0029130000   0.0097710000
   6.7439856468   6.1228866876  665  2.95E+00  -1.3516810000   0.3536460000   1.7646490000   0.0167850000  -0.0053590000   2.0049360000  -0.9466390000  -0.4322520000   8.0364630000   0.0261350000   0.2190810000   8.3650170000   0.9283520000   0.9599490000   8.5608260000   0.0088440000  -0.0023040000   0.0015230000  -0.0087050000   0.0023780000  -0.0016010000  -0.0559790000  -0.0293910000  -0.0234740000   0.0442870000   0.0111160000   0.0269940000   0.0115540000   0.0182020000  -0.0034420000
   6.7448299446   6.1244883295  836  4.14E+00   0.3593890000   1.4892490000   2.0465960000  -0.0034690000  -0.0184650000   1.8325670000   0.7944220000   0.6561900000   7.8672640000   0.0343620000   0.2893870000   8.6758810000  -0.8255370000  -0.1873670000   9.3397480000   0.0089110000   0.0371760000   0.0052120000  -0.0090620000  -0.0372380000  -0.0054710000  -0.0173280000  -0.0124560000   0.0039990000   0.0384680000   0.0277630000  -0.0059810000  -0.0209900000  -0.0152440000   0.0022410000
   6.7413407780   6.1215640824 1454  2.43E+00   1.2095960000  -1.8573500000   2.3260480000   0.9380470000  -1.8265550000   3.8316630000  -1.6818880000   3.7060270000   3.8267820000  -1.7393920000   3.5953040000   4.9751440000  -1.7733990000   3.5219430000   6.1567840000   0.0050970000  -0.0005960000  -0.0282060000  -0.0051330000   0.0006420000   0.0282650000  -0.0011630000   0.0001740000   0.0425630000   0.0006460000  -0.0030600000  -0.0598370000   0.0005540000   0.0028400000   0.0172160000
   6.7442612797   6.1205186713 1571  4.51E+00   1.0600920000  -0.7966020000   1.8064230000  -0.0135980000   0.0080780000   1.9566140000  -0.1935870000   1.3274310000   7.9305290000  -0.0032670000   0.2481180000   8.3838760000   0.1971650000  -0.8161710000   8.8913020000  -0.0494000000   0.0370010000   0.0069500000   0.0494190000  -0.0371430000  -0.0069510000  -0.0027420000   0.0196740000  -0.0026730000  -0.0044890000   0.0147550000  -0.0184440000   0.0072110000  -0.0342860000   0.0211170000
   6.7402084806   6.1246362270 1714  7.16E+00   1.1095180000   1.3306210000   2.3784060000   1.3179440000  -0.0264300000   2.1171890000  -2.4757190000   0.1590880000   6.9218610000  -2.3700010000   0.3683930000   8.0702840000  -2.3971670000   0.3001950000   9.2973970000   0.0045100000  -0.0289970000  -0.0055880000  -0.0042380000   0.0290590000   0.0054600000  -0.0083410000  -0.0151120000   0.0155150000   0.0182090000   0.0363380000  -0.1024730000  -0.0101400000  -0.0212890000   0.0870850000
   6.7439159086   6.1209115719 1824  6.48E+00  -1.7153260000  -2.0094540000   3.7447000000  -0.8661320000  -1.4999660000   2.7490450000   2.1057060000   2.8576430000   5.8546820000   1.5434910000   3.0013870000   6.8675170000   1.1693460000   3.1946960000   8.0257660000   0.0156840000   0.0094600000  -0.0183390000  -0.0157830000  -0.0094590000   0.0184260000   0.0050750000   0.0059780000   0.0220310000   0.0097110000  -0.0231820000  -0.1126560000  -0.0146870000   0.0172030000   0.0905370000
   6.7448211251   6.1241468162 1923  5.41E+00  -0.2246100000  -1.2448280000   1.8168880000  -0.2585450000   0.2618550000   1.9402340000   0.1915630000   0.8152390000   9.0554060000   0.4598380000  -0.2176300000   8.4478010000   0.7686280000  -1.1935290000   7.7995810000   0.0005020000  -0.0227270000  -0.0019110000  -0.0005780000   0.0228770000   0.0018110000  -0.0174280000   0.0786550000   0.0431740000  -0.0012340000  -0.0299060000  -0.0083480000   0.0187380000  -0.0488990000  -0.0347250000
   6.7429187883   6.1216504897 1930  3.09E+00   1.4517940000  -0.1513360000   2.2681360000  -0.0156830000   0.0039330000   1.7093210000  -0.1543850000   0.7205400000   7.7873010000  -0.0119730000   0.2541350000   8.8377580000   0.1502320000  -0.2337520000   9.8997550000   0.0388140000  -0.0041460000   0.0147060000  -0.0387480000   0.0039990000  -0.0150590000   0.0056670000  -0.0160200000   0.0362100000  -0.0085850000   0.0222630000  -0.0473480000   0.0028510000  -0.0060960000   0.0114910000
   6.7406543862   6.1217624190 2200  2.65E+00   1.3724630000  -0.0604580000   1.8111310000  -0.0186470000   0.0003050000   1.9479800000   1.0773130000  -0.0123760000   7.9708270000   0.0087920000   0.2569290000   8.4047710000  -1.0772550000   0.5094610000   8.8781430000  -0.0288680000   0.0012580000   0.0027940000   0.0287300000  -0.0012220000  -0.0028360000   0.0162280000  -0.0052560000  -0.0028350000   0.0420960000  -0.0071240000  -0.0253000000  -0.0581860000   0.0123450000   0.0281770000
   6.7422512328   6.1209840817 2201  5.19E+00  -1.4194030000   2.1330280000   2.5380860000  -0.1297600000   1.2590280000   2.4378290000   0.0298300000  -1.0625880000   8.0991960000   0.2468620000  -2.1076390000   7.5078200000   0.5223320000  -3.0898200000   6.9308860000  -0.0309440000   0.0209580000   0.0023860000   0.0309500000  -0.0210680000  -0.0024250000  -0.0091220000   0.0641390000   0.0370610000   0.0055430000  -0.0670730000  -0.0389070000   0.0035730000   0.0030440000   0.0018850000
   6.7414834674   6.1200623731 2398  4.47E+00   0.4920440000   1.4567670000   1.9476670000  -0.0025580000  -0.0192380000   1.8513210000   0.8893440000   0.4096500000   7.8908350000  -0.0300700000   0.2637650000   8.5621770000  -0.8849950000   0.0843130000   9.3141100000   0.0117190000   0.0351130000   0.0022510000  -0.0119330000  -0.0351410000  -0.0024340000  -0.0466850000  -0.0106920000   0.0459410000   0.0069250000   0.0058500000  -0.0216340000   0.0399750000   0.0048690000  -0.0241240000
   6.7436177111   6.1207067480 2695  4.75E+00   1.3633150000  -0.1381260000   2.0887260000  -0.0181000000   0.0078120000   1.7998950000   0.0214250000   1.0178320000   7.8365620000  -0.1016830000   0.2085610000   8.6621550000   0.0594150000  -0.5170330000   9.5412710000  -0.0172500000   0.0017700000  -0.0036470000   0.0172150000  -0.0020030000   0.0033750000   0.0169330000  -0.0211950000   0.0345130000  -0.0304660000  -0.0193410000   0.0028910000   0.0135680000   0.0407700000  -0.0371310000
   6.7406309142   6.1212387128 2796  3.45E+00  -1.5129540000   1.3609540000   2.4884200000  -0.6639970000   0.3768020000   1.9861930000   0.2495280000   0.1331210000   8.0339740000   1.2020500000  -0.5142140000   8.3662260000   2.2595820000  -1.0270100000   8.6104120000   0.0198120000  -0.0229710000  -0.0117760000  -0.0197340000   0.0228800000   0.0115250000  -0.0242580000   0.0287860000  -0.0140660000  -0.0239830000  -0.0163220000   0.0092020000   0.0481630000  -0.0123730000   0.0051160000
   6.7410388946   6.1223624725 3137  4.85E+00   0.1813240000   1.3407280000   1.7395700000  -0.0046500000  -0.0179840000   1.9882180000  -0.5548730000  -0.7608130000   8.7090380000   0.0031850000   0.2774050000   8.3938330000   0.5642840000   1.2455880000   7.9516920000  -0.0043130000  -0.0314900000   0.0057310000   0.0042490000   0.0313900000  -0.0057930000  -0.0349680000  -0.0692070000   0.0138060000   0.0112470000   0.0323710000   0.0101680000   0.0237840000   0.0369350000  -0.0239120000
   6.7409922579   6.1246266407 3838  2.43E+00   0.3760460000  -0.5255410000   1.2748630000   0.6303750000   0.5871440000   2.2694550000  -1.3351290000  -1.9158460000   7.5023210000  -1.1223120000  -0.8197590000   7.8406330000  -0.9942950000   0.3196820000   8.1984070000  -0.0039330000  -0.0172180000  -0.0153990000   0.0039270000   0.0171670000   0.0154670000  -0.0032730000   0.0153720000   0.0066570000   0.0045000000  -0.0586310000  -0.0223200000  -0.0012220000   0.0433100000   0.0155950000
   6.7413490016   6.1229242693 3985  1.35E+01   0.7881490000  -0.7198980000   1.7939320000  -0.2575040000  -1.2346840000   2.3260210000  -0.1695560000   1.5424000000   7.7822350000   0.4635600000   2.5043780000   7.7053170000   1.0579460000   3.4769160000   7.7048680000  -0.1009920000  -0.0496670000   0.0514040000   0.1011010000   0.0497520000  -0.0515700000   0.0252010000   0.0445920000   0.0042470000   0.0173460000   0.0190780000  -0.0106870000  -0.0426560000  -0.0637550000   0.0066060000
