   6.7402800390   6.7207984367  261  3.98E+00  -1.3803310000   0.8381400000   1.9868400000  -0.0251990000   0.3097790000   1.8828400000  -0.1617660000  -1.4512770000   8.5421400000   0.0747750000  -0.3353690000   8.4627120000   0.3184490000   0.7907920000   8.5775890000  -0.0016260000   0.0006150000   0.0001670000   0.0016280000  -0.0006860000  -0.0000160000   0.0156030000   0.0713070000   0.0109250000  -0.0070710000  -0.0294270000  -0.0229710000  -0.0085350000  -0.0418090000   0.0118950000
   6.7435036472   6.7212634596  348  5.97E+00  -0.8945830000   0.5877010000   2.3862900000   0.0097710000  -0.0112550000   1.5810390000   0.5887960000   0.8712920000   9.8975900000   0.0743460000   0.2383150000   9.0506690000  -0.6370480000  -0.3433330000   8.2628600000   0.0412230000  -0.0272410000  -0.0367340000  -0.0410860000   0.0273490000   0.0365330000  -0.0092540000   0.0065800000   0.0087330000   0.0525390000   0.0158640000   0.0207290000  -0.0434210000  -0.0225520000  -0.0292610000
   6.7425578612   6.7244278366  770  2.37E+00  -0.0538720000   2.4830320000   4.3441920000  -0.6398470000   2.0787330000   5.6717300000   2.2505340000  -3.6764940000   1.1878190000   1.1913790000  -3.5771410000   1.6635690000   0.0540490000  -3.4886200000   1.9648420000   0.0081830000   0.0055990000  -0.0184350000  -0.0080390000  -0.0055480000   0.0184600000  -0.0224200000   0.0002130000  -0.0044340000   0.0295070000   0.0017600000   0.0164960000  -0.0072310000  -0.0020240000  -0.0120870000
   6.7420480370   6.7201688367  872  3.09E+00  -1.6397220000  -0.5345100000   2.9530400000  -0.7913570000  -1.6444920000   2.3874330000   0.6845020000   2.3330550000   7.5991150000   1.4619490000   3.2576480000   7.5849280000   2.2735580000   4.1557820000   7.5986280000  -0.0119160000   0.0155900000   0.0078700000   0.0119380000  -0.0156220000  -0.0080920000  -0.0343910000  -0.0442570000   0.0034860000  -0.0123230000  -0.0039440000  -0.0059570000   0.0466930000   0.0482340000   0.0026930000
   6.7446433530   6.7206598183 1564  4.42E+00   1.3228310000  -1.5673110000   2.6177430000  -0.1211230000  -1.1216260000   2.2139020000   1.0641460000   2.9625260000   7.4799260000   0.1839490000   2.3652670000   7.9775930000  -0.6806600000   1.6499650000   8.3108250000   0.0353360000  -0.0109090000   0.0098950000  -0.0353430000   0.0109100000  -0.0098930000  -0.0029060000  -0.0099650000  -0.0078070000  -0.0069310000   0.0099910000   0.0212510000   0.0098450000  -0.0000270000  -0.0134460000
   6.7427188515   6.7203290264 1989  4.33E+00   2.0625680000   1.2102980000   2.8465910000   1.2510950000   0.0298120000   2.2497020000  -3.3225290000   0.0060760000   7.2407480000  -2.3131350000   0.0984280000   7.8547070000  -1.3192290000   0.3825730000   8.4490420000   0.0182820000   0.0266130000   0.0134590000  -0.0183370000  -0.0266560000  -0.0134210000  -0.0168720000   0.0105680000  -0.0094560000  -0.0053510000  -0.0293400000  -0.0048890000   0.0222780000   0.0188160000   0.0143070000
   6.7417722459   6.7229292154 2021  6.61E+00  -0.5340220000  -1.1370360000   2.2354970000  -1.5561750000  -1.5384800000   3.1131020000   2.4355010000   3.5056970000   7.3336370000   2.8396280000   3.0077560000   6.3453240000   3.2383640000   2.6792460000   5.2157100000  -0.0183300000  -0.0072140000   0.0156870000   0.0181790000   0.0071500000  -0.0155820000  -0.0044220000   0.0155330000   0.0033660000  -0.0273010000  -0.0004850000   0.0918630000   0.0318750000  -0.0149840000  -0.0953340000
   6.7429298156   6.7200311653 2133  4.49E+00  -2.2106810000   0.0694190000   3.4175970000  -1.6316870000  -1.1110660000   2.7001880000   1.8425380000   2.5005190000   7.1773560000   3.0107940000   2.2836000000   7.0646100000   4.1855900000   2.0174240000   6.8197460000  -0.0068920000   0.0139990000   0.0084860000   0.0069130000  -0.0140820000  -0.0085750000  -0.0338870000   0.0045030000  -0.0030040000  -0.0516660000   0.0171540000   0.0276170000   0.0855310000  -0.0215740000  -0.0245240000
   6.7425698828   6.7209252148 2354  2.17E+00   1.1395140000   0.9642880000   5.9224220000   2.2716440000   0.9684360000   5.1127960000  -3.1033780000  -1.6426130000   2.0366950000  -4.1511810000  -1.5770540000   2.6039320000  -5.1972800000  -1.3831800000   3.1020570000   0.0271480000   0.0001050000  -0.0193980000  -0.0271370000  -0.0000370000   0.0195650000   0.0236370000   0.0059280000  -0.0186730000  -0.0205150000  -0.0143770000   0.0219230000  -0.0031330000   0.0083820000  -0.0034160000
   6.7400034021   6.7213337196 2522  1.86E+00  -0.7021090000   0.9703820000   2.7061460000  -1.1142530000  -0.0933560000   1.7234930000   1.1925900000   0.6281660000   7.9951920000   2.0167620000   0.3662340000   8.8437670000   2.9025190000   0.1896830000   9.5889780000   0.0056070000   0.0145360000   0.0132840000  -0.0056690000  -0.0146020000  -0.0136510000  -0.0337310000   0.0174240000  -0.0438850000   0.0297960000  -0.0225720000   0.0501690000   0.0039970000   0.0052130000  -0.0059170000
   6.7414886297   6.7222765215 2529  2.53E+00   1.0078560000   0.3390970000   2.7612080000   0.9238520000   1.4654020000   2.0068450000  -2.2562900000  -3.1425410000   9.0195220000  -1.7217680000  -2.4115430000   8.2776200000  -1.1286250000  -1.6993880000   7.5710560000  -0.0034420000   0.0466040000  -0.0313060000   0.0035130000  -0.0464960000   0.0309970000   0.0063220000   0.0019080000  -0.0006860000   0.0020010000   0.0142150000  -0.0169790000  -0.0083940000  -0.0162300000   0.0179740000
   6.7430495106   6.7230810032 2529  2.66E+00   1.0135600000   0.3386210000   2.7596660000   0.9238980000   1.4655580000   2.0069250000  -2.2547810000  -3.1395630000   9.0229560000  -1.7228630000  -2.4112050000   8.2750230000  -1.1299010000  -1.7033660000   7.5692670000  -0.0036780000   0.0466380000  -0.0312420000   0.0037460000  -0.0465310000   0.0309380000   0.0058720000   0.0009140000   0.0006540000   0.0056060000   0.0192410000  -0.0227710000  -0.0115470000  -0.0202620000   0.0224210000
   6.7438164418   6.7238601518 2529  2.75E+00   1.0193370000   0.3372260000   2.7587400000   0.9239430000   1.4657250000   2.0069980000  -2.2532790000  -3.1365860000   9.0263890000  -1.7239670000  -2.4108990000   8.2724640000  -1.1311630000  -1.7073190000   7.5674500000  -0.0038540000   0.0459770000  -0.0307160000   0.0039210000  -0.0458730000   0.0304180000   0.0054380000  -0.0000570000   0.0019940000   0.0091820000   0.0241830000  -0.0285430000  -0.0146870000  -0.0242300000   0.0268480000
   6.7438212360   6.7246054628 2529  2.80E+00   1.0251900000   0.3349260000   2.7584180000   0.9239870000   1.4659030000   2.0070630000  -2.2517840000  -3.1336090000   9.0298190000  -1.7250860000  -2.4106320000   8.2699530000  -1.1324060000  -1.7112410000   7.5655990000  -0.0039630000   0.0446430000  -0.0297460000   0.0040280000  -0.0445400000   0.0294520000   0.0050350000  -0.0009890000   0.0033150000   0.0126850000   0.0289890000  -0.0342420000  -0.0177840000  -0.0281020000   0.0312210000
   6.7428295824   6.7208186455 2590  7.80E+00  -1.1501850000  -1.0261870000   2.0482860000   0.0109660000   0.0126840000   1.8689720000  -0.8724640000   0.9724400000   8.5979680000   0.0363410000   0.2765560000   8.5568010000   0.8628780000  -0.4910700000   8.5165190000  -0.0291060000  -0.0260410000   0.0045220000   0.0291230000   0.0260690000  -0.0044400000   0.0496010000  -0.0485890000  -0.0010460000   0.0366020000  -0.0198430000  -0.0044610000  -0.0862200000   0.0684040000   0.0054250000
   6.7433204409   6.7221775344 2590  2.06E+00   0.8234360000   1.0894560000   2.7394670000   0.4490370000   0.4241100000   1.5909230000  -0.7963090000   0.0140590000  10.0748880000  -0.8711060000  -0.5432690000   9.0588900000  -0.8442320000  -1.1053010000   8.0077780000  -0.0112620000  -0.0199900000  -0.0346520000   0.0113350000   0.0201750000   0.0344420000   0.0051530000  -0.0108280000  -0.0208250000  -0.0120510000   0.0232030000   0.0436720000   0.0068250000  -0.0125590000  -0.0226380000
   6.7426103494   6.7249848817 2827  4.18E+00  -0.5337450000   1.3634210000   2.0519580000   0.0054160000  -0.0202770000   1.7882800000  -0.5242330000   1.2780940000   8.9713040000   0.0657190000   0.3065440000   8.6841860000   0.4814760000  -0.8051750000   8.4503160000  -0.0076900000   0.0197880000   0.0038260000   0.0076880000  -0.0196910000  -0.0037700000  -0.0089640000  -0.0117510000   0.0034130000   0.0015580000   0.0689950000   0.0019190000   0.0074080000  -0.0573420000  -0.0053890000
   6.7401355990   6.7223758357 2932  6.75E-01  -0.5743220000   0.6240060000   2.0034810000   0.4130650000  -0.4042310000   1.7623860000  -1.8247520000   0.9991060000   9.1680070000  -0.7390920000   0.9772420000   8.7323370000   0.3528200000   0.9344690000   8.3498430000   0.0026570000  -0.0028070000  -0.0006330000  -0.0027810000   0.0028000000   0.0006050000   0.0099010000  -0.0015250000   0.0007320000   0.0255230000   0.0013410000  -0.0185840000  -0.0353000000   0.0001920000   0.0178800000
   6.7412643176   6.7231657491 3342  1.54E+00   0.6086000000   0.5165740000   2.5890450000  -0.1212870000   0.1542650000   1.4510440000   0.4042940000  -0.0390970000   8.1508450000   0.1533780000   0.0025520000   9.2952510000   0.0479590000  -0.0781280000  10.4624510000  -0.0149900000  -0.0074160000  -0.0234910000   0.0149260000   0.0074570000   0.0231470000   0.0073670000  -0.0078990000   0.0146940000  -0.0170160000   0.0161460000  -0.0170790000   0.0097120000  -0.0082880000   0.0027290000
   6.7403681160   6.7205830083 3392  2.20E+00   0.1525430000  -1.4059460000   2.0634590000   0.0010110000   0.0179250000   1.8300790000   0.8606960000  -0.5208590000   8.4736390000   0.0330760000   0.2896740000   8.5859710000  -0.9001870000   0.9901310000   8.8122330000  -0.0001830000   0.0016210000  -0.0002470000   0.0001590000  -0.0015530000   0.0003400000  -0.0241720000   0.0096280000   0.0113880000   0.0473940000  -0.0146290000  -0.0241260000  -0.0231980000   0.0049330000   0.0126460000
   6.7446272493   6.7247142429 3549  3.59E+00   0.2411250000  -1.4827210000   1.9818480000  -0.0037410000   0.0193380000   1.8897650000  -0.0005440000   1.4236390000   8.5115300000  -0.0660210000   0.2370500000   8.4962970000   0.0535990000  -0.9170800000   8.5487150000   0.0043200000  -0.0265480000   0.0016530000  -0.0043610000   0.0265590000  -0.0015550000   0.0134210000   0.0213670000   0.0061160000  -0.0227990000  -0.0520960000  -0.0108360000   0.0094200000   0.0307180000   0.0046220000
   6.7410628839   6.7217802553 3777  1.51E+00   0.3685540000   1.5989990000   3.3110600000   0.6784100000   1.3494620000   1.8347710000  -1.1101080000  -1.6674600000   7.5690290000  -1.2531370000  -2.2711230000   8.5868730000  -1.3605290000  -2.7802260000   9.6141320000  -0.0056730000   0.0047180000   0.0271720000   0.0058110000  -0.0045100000  -0.0275100000   0.0046350000   0.0170040000  -0.0173990000  -0.0109050000  -0.0415260000   0.0534440000   0.0061320000   0.0243140000  -0.0357060000
