   6.7448581804   6.6305501025  225  8.33E+00  -0.8905010000  -2.1068760000   2.9730580000  -0.5818790000  -0.9061930000   2.1125050000   0.9472740000   1.1550390000   8.8998320000   1.1417320000   1.8627680000   8.0332030000   1.1577790000   2.7927530000   7.3331930000  -0.0044280000  -0.0173590000   0.0125230000   0.0044920000   0.0173060000  -0.0123850000   0.0027820000   0.0777460000  -0.0593310000   0.0111930000  -0.0642080000   0.0208900000  -0.0140380000  -0.0134850000   0.0383030000
   6.7448250833   6.6348991272  371  5.39E+00   1.3054540000   0.2167420000   2.0615120000  -0.0128960000  -0.0030450000   1.8375890000  -1.0881840000  -0.0823910000   8.3842940000  -0.0314230000   0.2622870000   8.6723630000   1.0939340000   0.5747210000   8.7993370000  -0.0567740000  -0.0094590000  -0.0096220000   0.0567900000   0.0094730000   0.0096300000   0.0586930000   0.0153270000   0.0046400000  -0.0572910000  -0.0113540000   0.0063000000  -0.0014180000  -0.0039880000  -0.0109480000
   6.7440039041   6.6303188940  607  3.27E+00   1.8991580000  -1.3965550000   3.4481610000   1.0818990000  -1.0652550000   2.3781090000  -1.0485000000   1.6809340000   8.0244330000  -2.0304540000   2.2027400000   7.5815390000  -2.9501630000   2.7612800000   7.1912280000  -0.0216770000   0.0087750000  -0.0284320000   0.0215720000  -0.0087460000   0.0283080000   0.0293780000  -0.0104870000   0.0166370000  -0.0803870000   0.0363160000  -0.0407650000   0.0511140000  -0.0258570000   0.0242520000
   6.7424541071   6.6327966725 1133  4.00E+00  -0.7213990000  -1.3621010000   2.0276270000   0.0077670000   0.0124730000   1.8986920000   0.9675370000   0.9006850000   8.5370970000  -0.0125890000   0.2686800000   8.5313820000  -0.9514260000  -0.3911830000   8.4493410000  -0.0175110000  -0.0330270000   0.0031050000   0.0175280000   0.0330520000  -0.0030660000  -0.0146990000  -0.0132940000  -0.0042610000  -0.0315520000  -0.0152610000   0.0044230000   0.0462340000   0.0285310000  -0.0002010000
   6.7427843887   6.6343087198 1264  3.43E+00   1.3192320000  -1.1422360000   3.4009960000   0.8930000000  -1.0962920000   1.9210050000  -2.2939300000   2.6714440000   9.3448600000  -1.6878210000   2.2598360000   8.3858410000  -0.9820050000   1.8668940000   7.5528730000   0.0088460000  -0.0010220000   0.0305130000  -0.0088050000   0.0008620000  -0.0307640000  -0.0212000000   0.0199870000   0.0517000000   0.0337690000  -0.0320830000  -0.0825860000  -0.0126090000   0.0122560000   0.0311360000
   6.7412709456   6.6317688909 1312  3.55E+00  -0.0530440000   1.3077890000   2.0919130000   0.0052980000  -0.0181790000   1.7482710000   1.0280040000   0.0510790000   8.3003420000  -0.0088780000   0.2495210000   8.7494540000  -1.0444570000   0.4576790000   9.2695800000   0.0019720000  -0.0454910000  -0.0117620000  -0.0020850000   0.0455070000   0.0117840000  -0.0537960000   0.0109640000   0.0300550000   0.0553530000  -0.0119490000  -0.0368080000  -0.0014440000   0.0009690000   0.0067300000
   6.7404934524   6.6326680090 1779  3.04E+00   0.4586840000  -0.0270390000   2.3884720000  -0.2320250000  -1.1171680000   1.7825180000   0.0824660000   2.1521320000   7.5449010000   0.4388980000   2.2822790000   8.7210000000   0.7179420000   2.4033540000   9.8566600000  -0.0067930000  -0.0108460000  -0.0061110000   0.0068460000   0.0106000000   0.0057760000  -0.0305170000  -0.0092430000  -0.0870270000   0.0316740000   0.0085150000   0.0765800000  -0.0012100000   0.0009740000   0.0107820000
   6.7420511253   6.6336155588 1797  7.97E+00   2.0752660000  -0.2485790000   2.6900190000   0.9298270000  -0.1587510000   2.0206000000  -2.8796340000   0.4023590000   8.1671180000  -1.7370980000   0.5498280000   8.1930800000  -0.5908650000   0.6810630000   8.4227140000  -0.0675430000   0.0052900000  -0.0394840000   0.0673850000  -0.0052960000   0.0394890000   0.0477000000   0.0051360000   0.0163550000  -0.0408280000  -0.0034620000  -0.0310880000  -0.0067140000  -0.0016670000   0.0147270000
   6.7426050994   6.6323333875 2176  7.12E+00  -0.5958470000   0.8636320000   2.6225580000   0.2024170000   0.1402760000   1.4714600000  -0.5283920000   0.0704700000  10.4289170000  -0.2544270000  -0.0834760000   9.2895770000  -0.2539930000  -0.0751110000   8.0845640000  -0.0209160000   0.0189800000   0.0299840000   0.0209380000  -0.0189360000  -0.0303970000  -0.0203230000   0.0119360000   0.0093530000   0.0374770000  -0.0222960000   0.0343720000  -0.0171760000   0.0103160000  -0.0433120000
   6.7444754485   6.6325802523 2271  1.40E+01  -0.3611930000  -1.4943520000   3.0090070000   1.0476410000  -1.3498400000   2.1375600000  -1.5390270000   1.9604750000   7.2700140000  -1.7855600000   2.7789250000   8.0287910000  -2.3299840000   3.4766440000   8.8389220000  -0.0487740000  -0.0050770000   0.0300860000   0.0489030000   0.0049540000  -0.0303310000  -0.0378450000   0.0470540000   0.0555280000   0.0741060000  -0.0585120000  -0.0821730000  -0.0363910000   0.0115810000   0.0268900000
   6.7429371369   6.6348046437 2515  4.11E+00   0.9566830000  -1.7551810000   5.0208940000   0.2716960000  -2.5058470000   3.9694270000  -0.6040980000   5.7715780000   3.8963140000  -0.4766350000   4.8246060000   4.6756350000  -0.4552850000   3.9196760000   5.4542790000   0.0016860000   0.0017680000   0.0025150000  -0.0016400000  -0.0019080000  -0.0026570000  -0.0157020000   0.0758580000  -0.0600490000   0.0210400000  -0.0518460000   0.0360870000  -0.0053850000  -0.0238720000   0.0241040000
   6.7448881764   6.6302640325 2516  6.68E+00   2.0463930000  -0.5284440000   2.4233710000   0.7431080000   0.3269270000   2.0440090000  -1.9686010000  -1.3211790000   7.8655880000  -1.3791390000  -0.3402120000   8.2305920000  -0.8362760000   0.6647920000   8.5959700000   0.0385760000  -0.0253230000   0.0112640000  -0.0385880000   0.0253330000  -0.0111830000  -0.0265690000  -0.0375470000  -0.0131650000   0.0093070000  -0.0016420000  -0.0018540000   0.0172750000   0.0391780000   0.0149390000
   6.7425912516   6.6314647448 3175  2.51E+00  -1.6116410000  -0.2661060000   2.4889930000  -0.4447240000  -0.7378670000   1.9141190000   0.1879640000   1.1387640000   9.3089120000   0.8495940000   1.5901460000   8.4855910000   1.4968450000   2.0570480000   7.6057870000   0.0324860000  -0.0131670000  -0.0159880000  -0.0326110000   0.0130460000   0.0159860000   0.0282830000   0.0211360000  -0.0392540000  -0.0370390000  -0.0294480000   0.0541860000   0.0088810000   0.0084330000  -0.0149300000
   6.7443912000   6.6336967611 3224  2.19E+00   0.2744210000  -0.4951520000   1.6982940000   0.5194750000   0.8250000000   2.0148890000  -0.5564840000  -0.3420250000   8.9586030000  -0.9500650000  -1.2234910000   8.2904840000  -1.3419780000  -2.1408840000   7.6491110000   0.0073590000   0.0396000000   0.0094890000  -0.0073290000  -0.0395210000  -0.0094170000   0.0000730000  -0.0021750000   0.0029970000   0.0061510000   0.0189170000   0.0035130000  -0.0062540000  -0.0168210000  -0.0065820000
   6.7436094809   6.6331037188 3295  2.45E+00  -0.6473420000   1.1935020000   1.8125850000   0.0029300000  -0.0136520000   1.9278940000  -1.1175830000   0.5588760000   8.4405530000   0.0036030000   0.2505960000   8.4581450000   1.1410290000  -0.0663370000   8.4685710000   0.0206490000  -0.0383210000   0.0036830000  -0.0206520000   0.0383220000  -0.0036060000   0.0235450000  -0.0067500000   0.0012800000  -0.0332080000   0.0097060000  -0.0023720000   0.0096660000  -0.0029580000   0.0010160000
   6.7436644096   6.6331105727 3479  3.18E+00   0.1176050000   1.2918910000   2.1132470000  -0.6720720000   0.1873550000   1.8162850000   0.4571730000   0.2722540000   9.4748660000   1.1950540000  -0.0814600000   8.6270800000   1.9947840000  -0.5405200000   7.8458980000  -0.0197290000  -0.0275140000  -0.0073880000   0.0195670000   0.0276040000   0.0073830000  -0.0031530000  -0.0030520000   0.0128680000  -0.0361670000   0.0297610000   0.0158330000   0.0394820000  -0.0267990000  -0.0286960000
   6.7413077209   6.6329341757 3545  1.96E+00  -1.4223710000   0.4325460000   2.8070880000  -0.6159160000   0.0419890000   1.5993360000   1.4511350000   0.1115340000   7.9015800000   1.1413510000   0.2264210000   9.0384660000   0.8577080000   0.1692090000  10.1501400000  -0.0108160000   0.0052150000   0.0160250000   0.0105910000  -0.0051820000  -0.0162850000   0.0042620000  -0.0126230000  -0.0063620000  -0.0185540000   0.0220110000   0.0571950000   0.0145170000  -0.0094210000  -0.0505730000
   6.7427721871   6.6303710765 3606  9.68E+00  -0.2297190000  -0.2055990000   1.6544620000  -1.1154410000  -1.1117370000   2.4452020000   1.4826320000   1.4115630000   7.9990110000   1.9225580000   2.3437190000   7.5139550000   2.6593730000   3.0819240000   7.0453160000   0.0096500000   0.0099170000  -0.0085790000  -0.0096530000  -0.0097960000   0.0085830000   0.0620750000   0.0630580000  -0.0380650000  -0.0329200000   0.0064550000   0.0013940000  -0.0291530000  -0.0696340000   0.0366670000
   6.7440171038   6.6349104806 3799  5.54E+00  -1.3249290000  -0.2916100000   1.9104680000   0.0158750000   0.0072220000   1.8902890000  -0.0713380000  -0.8926900000   8.6774460000   0.0088180000   0.2514090000   8.4989440000   0.0689100000   1.3739340000   8.3826940000   0.0440420000   0.0098200000  -0.0006290000  -0.0440310000  -0.0098180000   0.0007410000   0.0010100000   0.0337570000   0.0006720000   0.0058730000   0.0691970000  -0.0175220000  -0.0068940000  -0.1029560000   0.0167370000
