   6.7419352920   6.0880257386   63  2.05E+00   0.2070940000  -1.2823960000   2.2940090000  -0.7010410000  -0.2718580000   1.8289090000   0.9326240000   1.1348680000   7.5224420000   1.2416620000   0.7432720000   8.6406640000   1.6233850000   0.4333530000   9.7136880000  -0.0055050000   0.0060440000  -0.0028780000   0.0053990000  -0.0062970000   0.0024680000  -0.0144220000   0.0294590000  -0.0697390000   0.0037610000  -0.0287120000   0.0541570000   0.0107660000  -0.0004940000   0.0159920000
   6.7419189415   6.0850301454  305  5.67E+00   1.2860430000  -0.0453720000   1.6439320000   0.1403800000  -0.9727070000   2.2754270000   0.0208140000   1.2325250000   8.6364760000  -0.3198050000   2.0211970000   7.8571450000  -0.5628500000   2.7986380000   6.9987750000   0.0338110000   0.0273250000  -0.0186350000  -0.0337740000  -0.0275030000   0.0186560000  -0.0017990000   0.0188530000  -0.0233310000  -0.0025370000  -0.0254300000   0.0341410000   0.0042990000   0.0067550000  -0.0108310000
   6.7441293438   6.0883072131  323  4.71E+00   0.6211990000   0.7334430000   1.7864250000   0.2346000000  -0.7886220000   1.9556820000  -0.7272690000   1.9640400000   7.3003190000  -0.4549130000   1.6047210000   8.3868900000  -0.1420180000   1.4113400000   9.5251670000   0.0103190000   0.0404450000  -0.0045720000  -0.0101950000  -0.0406980000   0.0043580000   0.0023750000   0.0110280000   0.0057840000  -0.0152220000  -0.0150710000  -0.0466240000   0.0127240000   0.0042960000   0.0410540000
   6.7445107476   6.0875115094  423  8.21E+00   1.1078420000   0.6595620000   1.5894760000  -0.2839960000   0.1189350000   2.0811600000   0.1704460000   1.1207520000   8.0684500000   0.4909870000   0.0489070000   8.2779000000   0.8095200000  -1.1053400000   8.2245910000   0.0356360000   0.0138450000  -0.0125840000  -0.0356460000  -0.0138310000   0.0125380000   0.0230040000  -0.0827980000  -0.0018870000  -0.0309360000   0.1174560000   0.0202370000   0.0079410000  -0.0346720000  -0.0183030000
   6.7427205912   6.0856179494  548  6.73E+00   1.0579800000   1.6805860000   2.0188910000  -0.0617060000   0.8940010000   2.1903320000   0.1712750000  -0.2167620000   8.1691840000   0.1440070000  -1.4205530000   7.9359740000  -0.0378650000  -2.5999000000   7.8082540000  -0.0338130000  -0.0237770000   0.0051650000   0.0338370000   0.0236140000  -0.0052050000  -0.0067410000   0.0799050000   0.0229010000   0.0225780000  -0.0332620000  -0.0245150000  -0.0158600000  -0.0464800000   0.0016550000
   6.7433839233   6.0865920603  688  5.18E+00  -1.4824680000   0.5797550000   2.2956670000  -0.6843230000  -0.7599870000   1.9661810000   0.5823520000   1.5593680000   7.4491300000   1.3168260000   1.6498850000   8.3365280000   1.9401870000   1.6487770000   9.3296420000  -0.0226950000   0.0380240000   0.0092390000   0.0226810000  -0.0382010000  -0.0096450000   0.0222770000  -0.0020840000   0.0450830000  -0.0118270000   0.0085390000  -0.0481240000  -0.0104360000  -0.0062780000   0.0034470000
   6.7428363065   6.0858802516  754  8.06E+00   0.1933940000   0.5337000000   1.3685010000  -0.3634000000  -0.7259500000   2.1353580000   0.3786650000   2.6484270000   8.2767350000   0.5996370000   1.5615910000   8.0201360000   0.9739160000   0.4589140000   7.9530570000   0.0145690000   0.0330470000  -0.0200430000  -0.0146730000  -0.0328640000   0.0199910000   0.0278080000  -0.0801650000  -0.0034810000  -0.0297530000   0.0516160000  -0.0145870000   0.0020490000   0.0283670000   0.0181200000
   6.7437754211   6.0862909642 1025  7.13E+00  -0.7333640000  -1.9370970000   2.9927980000  -0.1495360000  -0.9058780000   1.9630520000  -0.4897620000   1.6782170000   7.4630190000   0.2558960000   1.9568160000   8.4091910000   1.0906890000   2.1867030000   9.2329100000  -0.0147450000  -0.0261780000   0.0259900000   0.0148840000   0.0259340000  -0.0263630000  -0.0509820000  -0.0225520000  -0.0757280000   0.0141810000   0.0165120000   0.0510430000   0.0366630000   0.0062820000   0.0250580000
   6.7417323107   6.0851854805 1607  3.20E+00  -0.4569870000   1.1761430000   1.7297020000  -0.0825830000  -0.3274340000   1.9475680000   1.1526800000   0.7735580000   7.8034560000   0.1585270000   0.8358940000   8.4346500000  -0.8304550000   0.8477950000   9.0302680000  -0.0092450000   0.0369430000  -0.0053500000   0.0090240000  -0.0369680000   0.0052050000   0.0023200000  -0.0033060000  -0.0014240000  -0.0351280000   0.0070900000   0.0228360000   0.0330290000  -0.0037590000  -0.0212680000
   6.7430132725   6.0889220269 1607  2.92E+00  -0.4599130000   1.1698100000   1.7307090000  -0.0825830000  -0.3276910000   1.9459230000   1.1522770000   0.7734910000   7.8057430000   0.1591970000   0.8388940000   8.4370810000  -0.8303690000   0.8472940000   9.0343110000  -0.0090050000   0.0355550000  -0.0051060000   0.0087860000  -0.0355780000   0.0049640000   0.0012980000  -0.0036970000  -0.0007520000  -0.0317190000   0.0077890000   0.0207250000   0.0306390000  -0.0040680000  -0.0198300000
   6.7436908242   6.0868388626 1784  4.54E+00   1.7962300000  -0.3535550000   2.6358360000   0.4807610000  -1.0057350000   1.9987750000  -1.6046550000   2.5164960000   9.1812830000  -0.8979300000   2.0860060000   8.3162770000  -0.2354770000   1.6503820000   7.4284760000   0.0383990000   0.0189710000   0.0184560000  -0.0383860000  -0.0191670000  -0.0188800000  -0.0295980000   0.0162230000   0.0318640000   0.0179330000  -0.0069150000  -0.0122030000   0.0116510000  -0.0091120000  -0.0192370000
   6.7429666245   6.0893724554 1897  4.71E+00  -2.3745670000  -0.4895960000   3.7191100000  -1.6981030000   0.0810470000   2.4786580000   3.1364810000  -0.0276540000   8.5535880000   3.2220680000   0.1166990000   7.4309400000   3.0750650000   0.2537970000   6.2558900000  -0.0119490000  -0.0100370000   0.0217980000   0.0115320000   0.0099880000  -0.0219230000  -0.0098290000   0.0101570000  -0.0862180000   0.0271290000  -0.0116370000   0.1053940000  -0.0168830000   0.0015290000  -0.0190510000
   6.7408168133   6.0886083872 1904  5.18E+00   0.0504550000  -2.0005000000   2.3778030000   0.1870410000  -0.4668420000   1.9972540000   0.4547650000   0.7191420000   9.0417660000  -0.3429410000   1.1287300000   8.3353000000  -1.1346280000   1.5787590000   7.5775640000  -0.0037170000  -0.0421620000   0.0104850000   0.0039010000   0.0419990000  -0.0105690000  -0.0462540000   0.0270300000  -0.0440590000   0.0526160000  -0.0342300000   0.0521250000  -0.0065460000   0.0073640000  -0.0079820000
   6.7403553742   6.0866481811 2199  7.11E+00  -1.8833470000   0.2780940000   2.0552270000  -0.5918300000   0.5098690000   2.1609940000   1.6725650000  -1.5367850000   7.4270180000   1.1194300000  -0.6737610000   8.0142280000   0.5614820000   0.1663170000   8.6359060000   0.0881420000   0.0158240000   0.0072390000  -0.0881830000  -0.0157410000  -0.0071630000   0.0055850000  -0.0101150000  -0.0017800000   0.0034710000  -0.0019760000  -0.0117440000  -0.0090160000   0.0120080000   0.0134480000
   6.7417507501   6.0889996815 2276  4.21E+00   0.2161690000  -1.2611880000   1.6280780000  -0.0048630000   0.0222310000   2.0616940000   0.2235150000  -0.8697910000   8.4473160000   0.0430890000   0.2331940000   8.1998410000  -0.2451940000   1.3508400000   7.9991140000  -0.0073990000   0.0429920000   0.0145550000   0.0074480000  -0.0430910000  -0.0144860000  -0.0179200000   0.0632700000  -0.0092450000   0.0222900000  -0.0514170000   0.0015910000  -0.0044190000  -0.0117550000   0.0075850000
   6.7444567186   6.0887573515 2322  6.03E+00   1.1232510000  -1.2771620000   1.9196450000   0.0446460000  -0.1215140000   1.9987590000  -1.2067550000   0.6741360000   7.9041720000  -0.0969340000   0.5477190000   8.2968430000   0.9857790000   0.2897020000   8.7653790000   0.0291710000  -0.0312330000  -0.0021020000  -0.0290560000   0.0312480000   0.0021230000  -0.0177910000  -0.0058080000   0.0006120000  -0.0306360000   0.0254310000  -0.0279100000   0.0483130000  -0.0196380000   0.0272780000
   6.7449141133   6.0887048640 2343  4.20E+00  -0.4824220000  -1.1885750000   6.7735630000  -1.0523320000  -1.3646960000   5.4962180000   1.9532740000   3.2531950000   2.9051290000   1.8344470000   2.7908710000   1.8450750000   1.9556120000   2.2298910000   0.8347670000  -0.0092520000  -0.0028840000  -0.0206660000   0.0091950000   0.0028500000   0.0205460000   0.0147220000  -0.0195010000  -0.0288110000  -0.0291720000   0.0101740000  -0.0022270000   0.0145080000   0.0093610000   0.0311580000
   6.7428712504   6.0895854183 2441  3.58E+00  -0.5412700000  -1.4318030000   1.8964070000   0.0050410000   0.0141760000   1.9880500000  -0.3105320000  -0.8182130000   8.7218480000   0.0097440000   0.2859760000   8.3934780000   0.3121410000   1.3106120000   7.9301030000  -0.0120200000  -0.0318150000  -0.0019860000   0.0119990000   0.0317450000   0.0019480000  -0.0102980000  -0.0366520000   0.0018170000   0.0168540000   0.0600710000  -0.0030220000  -0.0065360000  -0.0233490000   0.0012440000
   6.7415558349   6.0871215134 2547  5.51E+00   0.2478860000  -2.3395100000   2.9009480000   0.4250100000  -1.1038330000   2.3299880000  -0.8341130000   2.9322100000   6.7092590000  -0.8740090000   2.2759620000   7.6850200000  -0.6479870000   1.7071150000   8.7035240000   0.0058980000   0.0413340000  -0.0190330000  -0.0059250000  -0.0414760000   0.0190830000   0.0169680000   0.0047670000   0.0073590000  -0.0379210000  -0.0016010000  -0.0277190000   0.0209800000  -0.0030250000   0.0203110000
   6.7434272785   6.0887078756 2584  4.91E+00   1.3085430000  -0.4192700000   1.8129000000  -0.0156070000  -0.0009980000   1.9964930000  -0.2585850000  -0.8208840000   8.0248520000   0.0668130000   0.2272390000   8.4094100000   0.2039300000   1.3693720000   8.5782350000  -0.0264730000   0.0083900000   0.0036790000   0.0265480000  -0.0082760000  -0.0037740000  -0.0039320000   0.0386590000  -0.0021350000   0.0214250000  -0.0139150000   0.0215420000  -0.0175680000  -0.0248590000  -0.0193100000
   6.7443600216   6.0887848533 2707  6.21E+00   0.2424050000   0.0987410000   1.7632940000   0.0904750000   1.4318460000   2.1170180000  -0.4287070000  -1.4359920000   7.4629750000  -0.1576160000  -2.4028660000   8.0137610000   0.0799020000  -3.2297170000   8.8383240000  -0.0039250000   0.0346270000   0.0091510000   0.0040200000  -0.0346180000  -0.0094830000   0.0144130000  -0.0515350000   0.0557360000  -0.0164020000   0.0568710000  -0.0901600000   0.0018950000  -0.0053450000   0.0347560000
   6.7433289810   6.0865550838 2731  3.37E+00  -1.3024350000  -1.5347910000   2.0622980000  -0.0797710000  -0.8982220000   2.3519290000   0.2685400000   0.8610750000   8.1682600000   0.2495960000   1.9029620000   7.6520690000   0.0245370000   2.9806900000   7.2125190000   0.0204090000   0.0106200000   0.0048250000  -0.0203500000  -0.0105600000  -0.0047430000  -0.0142390000   0.0274700000  -0.0054100000   0.0304750000  -0.0426260000   0.0036450000  -0.0162940000   0.0150960000   0.0016830000
   6.7426484195   6.0851343884 2867  1.42E+00  -0.1392960000   1.3969910000   1.7655070000  -0.0002550000  -0.0171220000   1.9590620000   0.7459910000   1.0408520000   7.9048730000  -0.0098560000   0.2759120000   8.4130430000  -0.7285440000  -0.5628080000   8.8854110000   0.0009220000  -0.0096240000   0.0012940000  -0.0010470000   0.0095130000  -0.0013740000   0.0190230000   0.0126190000  -0.0114750000   0.0080660000   0.0259390000  -0.0064160000  -0.0269630000  -0.0384470000   0.0179710000
   6.7432855926   6.0878115776 3147  4.19E-01   1.2044340000   0.2823300000   2.0550370000   0.2849970000  -0.8141520000   1.9656780000  -0.3889220000   0.7043410000   7.8224230000  -0.5639100000   1.7233920000   8.4007600000  -0.6869780000   2.7378760000   8.9258000000  -0.0063070000  -0.0074900000  -0.0006730000   0.0063460000   0.0075610000   0.0002600000   0.0047280000  -0.0086230000  -0.0065370000  -0.0133930000   0.0512510000   0.0321120000   0.0086260000  -0.0426980000  -0.0251620000
   6.7444997059   6.0894795405 3311  3.24E+00   0.9168330000   1.0899770000   2.0810660000   0.6942210000  -0.3211190000   1.9051300000  -0.8695510000   1.0894480000   9.5556190000  -1.2671260000   0.9109200000   8.4596660000  -1.7040920000   0.4494710000   7.4491400000  -0.0010310000  -0.0068830000  -0.0008800000   0.0013120000   0.0069470000   0.0006150000   0.0000150000  -0.0169560000   0.0134840000   0.0115880000   0.0439720000  -0.0009540000  -0.0118840000  -0.0270800000  -0.0122650000
   6.7409552728   6.0852660894 3522  1.19E+00  -1.3337220000   0.8515250000   2.3462650000  -0.2288970000   0.2234360000   1.7478410000   0.6291520000  -0.6818160000   7.7039080000   0.4214240000  -0.1871720000   8.7712980000   0.2816850000   0.3404590000   9.8357380000   0.0201300000  -0.0114190000  -0.0109590000  -0.0202640000   0.0115910000   0.0106270000   0.0102460000  -0.0122330000  -0.0281130000  -0.0091270000  -0.0091400000  -0.0107800000  -0.0009850000   0.0212010000   0.0392260000
   6.7431745600   6.0883369940 3522  1.73E+00  -1.3232200000   0.8501380000   2.3440260000  -0.2292170000   0.2236790000   1.7466820000   0.6305530000  -0.6852020000   7.7050860000   0.4214280000  -0.1883850000   8.7742730000   0.2812160000   0.3436300000   9.8382560000   0.0246130000  -0.0140700000  -0.0134950000  -0.0247470000   0.0142420000   0.0131620000   0.0110980000  -0.0140920000  -0.0324120000  -0.0096430000  -0.0088010000  -0.0088250000  -0.0013210000   0.0227200000   0.0415700000
   6.7400213023   6.0893583509 3719  2.66E+00  -1.9352890000   0.4578100000   2.8767450000  -0.8089660000   0.2627950000   1.8216440000   1.2662280000   0.0986600000   7.5441360000   1.5298500000  -0.2772040000   8.6108930000   1.7474200000  -0.5441930000   9.7139160000  -0.0261780000   0.0045050000   0.0243590000   0.0259520000  -0.0045580000  -0.0247950000   0.0055900000  -0.0036790000   0.0369690000   0.0047550000  -0.0126110000  -0.0041200000  -0.0101190000   0.0163430000  -0.0324120000
   6.7448776449   6.0880798614 3853  1.13E+01   1.4653640000   0.7622300000   1.7567810000   0.3489690000   0.1062350000   2.1415980000  -0.2860310000   1.1922840000   8.0982740000  -0.7768970000   0.0544410000   8.0785430000  -0.9659110000  -1.1240650000   8.0320400000  -0.0509360000  -0.0299340000   0.0175230000   0.0508530000   0.0298830000  -0.0175340000   0.0537000000   0.0838980000   0.0016060000  -0.0645130000  -0.0460850000   0.0000290000   0.0108960000  -0.0377620000  -0.0016240000
   6.7428678731   6.0861983347 3919  4.25E+00   1.4090880000  -0.2542500000   2.2149650000   0.0318750000  -0.8743560000   1.9555800000  -0.1197500000   2.1586480000   7.2300190000  -0.1328320000   1.8834900000   8.4213180000  -0.0284990000   1.4978620000   9.5431260000   0.0264740000   0.0118340000   0.0049120000  -0.0264350000  -0.0121570000  -0.0052220000   0.0072990000   0.0112160000  -0.0739450000  -0.0171830000   0.0070370000   0.0434650000   0.0098440000  -0.0179310000   0.0307890000
