   6.7570987883   6.6588608402   86  3.42E+00   0.9684930000   0.9103280000   2.1238790000  -0.0107780000  -0.0159900000   1.7837410000   0.3136280000   1.3733130000   8.9881080000  -0.0270530000   0.2440740000   8.7739450000  -0.3005080000  -0.8463600000   8.3842690000  -0.0242620000  -0.0229350000  -0.0084130000   0.0242730000   0.0230050000   0.0083880000   0.0159100000   0.0417250000  -0.0022090000  -0.0139990000  -0.0204890000   0.0198700000  -0.0019210000  -0.0213060000  -0.0176360000
   6.7584513888   6.6564458200  142  2.84E+00  -1.9857850000   1.0088690000   3.8367140000  -1.7956440000   0.7789850000   2.4039610000   3.4618920000  -1.3853440000   8.6731980000   3.2181500000  -1.1752390000   7.5549660000   3.2152530000  -0.9987390000   6.4088180000  -0.0005780000   0.0006520000   0.0040920000   0.0003590000  -0.0006060000  -0.0040560000   0.0122830000   0.0021670000  -0.0270000000  -0.0309890000   0.0069760000  -0.0125010000   0.0189250000  -0.0091890000   0.0394640000
   6.7574807878   6.6592925154  556  3.89E+00   0.0104540000   1.3368490000   1.8762950000  -0.3916250000   0.0329270000   1.9284300000   1.4416040000  -0.7439460000   8.3767960000   0.7111250000   0.1678910000   8.4949160000  -0.0202320000   1.0569130000   8.4980340000  -0.0149770000  -0.0485960000   0.0019580000   0.0149830000   0.0485930000  -0.0019220000  -0.0034760000   0.0028830000  -0.0061490000  -0.0286140000   0.0375830000   0.0129400000   0.0320830000  -0.0404630000  -0.0068270000
   6.7572509599   6.6571653991  624  7.30E+00  -0.8578970000  -0.7140440000   2.6658190000   0.3979920000  -1.0683680000   1.7691720000  -0.2080800000   1.6204360000   7.8289460000  -0.6674020000   2.3058790000   8.7076910000  -1.2245210000   2.7168970000   9.6317860000  -0.0340770000   0.0095640000   0.0241650000   0.0340190000  -0.0096780000  -0.0245540000   0.0083000000  -0.0396020000  -0.0236590000  -0.0203390000   0.0715360000   0.0516190000   0.0120970000  -0.0318210000  -0.0275710000
   6.7573701746   6.6567722795  814  1.82E+00   1.1355310000  -0.5410940000   5.7132300000   0.6876850000  -1.9557190000   5.9244960000  -1.7517570000   4.8327740000   0.6976690000  -1.2470980000   3.8301590000   1.1440640000  -0.8180580000   2.7810420000   1.4963530000   0.0054580000   0.0171190000  -0.0024670000  -0.0053960000  -0.0172630000   0.0027290000  -0.0297690000   0.0475650000  -0.0281150000   0.0269630000  -0.0270360000   0.0283090000   0.0027440000  -0.0203840000  -0.0004560000
   6.7598769176   6.6590573505  814  1.49E+00   1.1337310000  -0.5559590000   5.7041710000   0.6876360000  -1.9553530000   5.9247220000  -1.7510780000   4.8335070000   0.7018420000  -1.2469020000   3.8285670000   1.1429810000  -0.8185280000   2.7806120000   1.4924370000   0.0039520000   0.0122810000  -0.0018480000  -0.0038920000  -0.0124230000   0.0021070000  -0.0295670000   0.0474510000  -0.0275540000   0.0281130000  -0.0303320000   0.0287510000   0.0013930000  -0.0169770000  -0.0014560000
   6.7598951980   6.6554008341 1226  8.38E+00   0.5217700000  -1.8296910000   2.9963120000   1.3830790000  -0.9978780000   2.3599270000  -2.6068810000   2.3921480000   6.4687350000  -2.5147320000   2.0532940000   7.6221380000  -2.4456220000   1.8530480000   8.8357210000   0.0366660000   0.0353860000  -0.0270440000  -0.0365890000  -0.0354940000   0.0271090000  -0.0062730000   0.0236080000  -0.0479770000   0.0025590000  -0.0161020000  -0.0477320000   0.0036370000  -0.0073970000   0.0956440000
   6.7559045314   6.6554631904 1270  2.13E+00   1.0710980000  -0.4081570000   2.5261480000  -0.0174350000   0.0067100000   1.5308670000   0.6534230000   0.1950790000  10.1654620000  -0.0104260000   0.2292870000   9.1643870000  -0.6260050000   0.3126740000   8.1513820000   0.0209020000  -0.0079620000   0.0190210000  -0.0207700000   0.0079230000  -0.0192400000   0.0310600000   0.0015100000   0.0423550000  -0.0213930000  -0.0062090000  -0.0226580000  -0.0097990000   0.0047380000  -0.0194790000
   6.7562684348   6.6589974434 1572  6.64E+00   0.6471810000  -0.8678680000   1.9562790000  -0.1407300000   0.2350990000   1.8062940000   0.1264440000  -1.3359980000   8.9526040000   0.2510980000  -0.1450350000   8.6620820000   0.3471210000   1.0130860000   8.4016700000  -0.0301140000   0.0421480000  -0.0056920000   0.0301120000  -0.0421950000   0.0057490000  -0.0108600000  -0.0906810000   0.0243870000   0.0096840000   0.0596930000  -0.0200980000   0.0011770000   0.0310360000  -0.0043460000
   6.7579162882   6.6589719111 1636  6.24E+00  -0.6466030000   1.0662120000   2.6791660000  -0.4570960000   0.3015490000   1.5713290000   1.0750150000  -0.6687460000   7.9785960000   0.9525120000  -0.3028960000   9.1008330000   0.5335230000   0.0106210000  10.1742380000   0.0076710000  -0.0310330000  -0.0450820000  -0.0077710000   0.0311630000   0.0448410000  -0.0169670000  -0.0078580000  -0.0144170000   0.0470680000   0.0026530000  -0.0116670000  -0.0300010000   0.0050750000   0.0263240000
   6.7560774513   6.6552936607 1812  5.32E+00  -0.5002040000   1.0010950000   2.5524880000  -0.7894700000  -0.1696960000   1.6082390000   1.4912080000   0.2210800000   7.8483300000   1.4267320000   0.5220390000   9.0101970000   1.4120710000   0.8591310000  10.1961890000   0.0054520000   0.0223210000   0.0179000000  -0.0056080000  -0.0222790000  -0.0181380000   0.0058850000  -0.0105060000  -0.0451430000  -0.0073570000  -0.0180980000  -0.0499640000   0.0016280000   0.0285630000   0.0953450000
   6.7576972006   6.6581953944 1931  1.74E+00  -1.2467850000  -0.3460610000   2.3470590000   0.0149850000   0.0039010000   1.6240440000  -0.7665340000  -0.2057380000   8.2328900000   0.0367590000   0.2882000000   8.9513530000   0.7426500000   0.6793780000   9.7898120000  -0.0143310000  -0.0039690000   0.0081290000   0.0144730000   0.0040540000  -0.0083190000  -0.0144430000  -0.0116910000   0.0028390000   0.0328170000   0.0251060000   0.0030400000  -0.0185160000  -0.0135010000  -0.0056890000
   6.7575099860   6.6576147338 2062  7.63E+00   1.5605530000  -0.8897110000   2.4322750000   0.8355510000   0.4328530000   1.9505220000  -2.2399310000  -1.1626260000   7.6355630000  -1.5775670000  -0.4910630000   8.4036420000  -0.8470570000   0.1132210000   9.1624220000   0.0196740000  -0.0358400000   0.0130810000  -0.0196020000   0.0359180000  -0.0130480000  -0.0352520000  -0.0426670000  -0.0435780000  -0.0106320000   0.0111910000  -0.0008450000   0.0458120000   0.0313970000   0.0443890000
   6.7566277220   6.6566074412 2067  4.47E+00  -0.5160410000   1.3704900000   2.1730530000   0.3501480000   0.3851270000   1.8260040000  -0.6402080000   0.5761940000   9.1064290000  -0.6542570000  -0.4868280000   8.6679190000  -0.5848560000  -1.5328210000   8.1313720000   0.0363360000  -0.0413140000  -0.0145310000  -0.0363440000   0.0414270000   0.0145320000   0.0051340000  -0.0460000000  -0.0252880000  -0.0107120000   0.0436180000   0.0297830000   0.0055860000   0.0022690000  -0.0044950000
   6.7580054856   6.6566347917 3175  3.78E+00  -1.5873750000  -0.2523770000   2.4645070000  -0.4464120000  -0.7400820000   1.9110200000   0.1843370000   1.1379840000   9.3064140000   0.8609190000   1.5850360000   8.4894890000   1.4988750000   2.0718590000   7.6223800000   0.0468020000  -0.0200370000  -0.0226860000  -0.0469120000   0.0199220000   0.0226940000   0.0247230000   0.0209560000  -0.0354900000  -0.0256980000  -0.0266750000   0.0417500000   0.0010850000   0.0058350000  -0.0062680000
   6.7597558903   6.6568888574 3650  4.80E+00   0.9404850000  -1.1862230000   2.0316540000  -0.0126030000   0.0189850000   1.8556590000  -0.6098360000   1.1922700000   8.3810620000  -0.0278010000   0.2195930000   8.5723270000   0.6343980000  -0.6895230000   8.7893040000   0.0206530000  -0.0261270000   0.0038590000  -0.0206560000   0.0260920000  -0.0037750000   0.0358090000  -0.0448450000   0.0132690000  -0.0033900000  -0.0128220000  -0.0040090000  -0.0324170000   0.0577020000  -0.0093450000
   6.7575051799   6.6599593903 3758  1.72E+00   0.4393860000  -2.0018300000   3.6091230000   0.6252320000  -1.4686100000   2.2211590000  -1.0031000000   2.8622540000   9.0289930000  -1.1953610000   2.9707350000   7.8828890000  -1.2497890000   3.0560180000   6.7341510000  -0.0022350000  -0.0064710000   0.0167790000   0.0022960000   0.0062900000  -0.0167890000   0.0068560000   0.0004070000  -0.0164100000  -0.0186360000   0.0038610000  -0.0343370000   0.0117180000  -0.0040880000   0.0507570000
   6.7577960083   6.6576003303 3928  7.47E+00  -0.1529180000  -1.3972660000   2.5792220000   0.7359460000  -0.5730690000   1.8867490000  -0.2073340000   1.1538370000   8.2469110000  -1.2893040000   1.4044550000   8.6229620000  -2.4906500000   1.4295910000   8.6956700000   0.0196280000   0.0182090000  -0.0153280000  -0.0196740000  -0.0182290000   0.0151790000  -0.0217370000  -0.0112730000  -0.0138740000   0.0686470000   0.0251160000   0.0309700000  -0.0468630000  -0.0138230000  -0.0169460000
