   6.7588382579   6.0797230319  215  5.03E+00  -0.9511110000  -0.7736290000   1.5589310000   0.0116440000   0.0125010000   2.0946770000  -0.3555470000   1.3554640000   8.0128400000  -0.0555170000   0.2386900000   8.1812430000   0.3989980000  -0.8606640000   8.2871800000   0.0423960000   0.0346250000   0.0236100000  -0.0424270000  -0.0346450000  -0.0235730000   0.0131870000  -0.0107250000  -0.0006230000  -0.0350050000   0.0382360000   0.0003420000   0.0218490000  -0.0274910000   0.0002440000
   6.7551358818   6.0780387174  288  4.28E+00  -2.0330680000  -0.5683130000   2.7187390000  -1.6203560000  -1.6555340000   3.6899340000   2.5862420000   2.6936830000   4.2656070000   2.9135470000   3.2633360000   5.2645840000   3.4471140000   3.8481650000   6.1837620000  -0.0065710000   0.0170960000  -0.0152860000   0.0063050000  -0.0172890000   0.0154100000   0.0041240000  -0.0138870000  -0.0326350000  -0.0453650000  -0.0191480000  -0.0132390000   0.0415070000   0.0332280000   0.0457500000
   6.7564024500   6.0786271023  425  3.80E+00   1.4039720000  -1.4572960000   2.5306490000   0.6710070000  -0.2207590000   1.9891780000  -0.1770590000   0.7693970000   7.9263560000  -1.2231000000   0.6960210000   8.3710850000  -2.3443920000   0.5901170000   8.6968170000   0.0145330000  -0.0245740000   0.0107120000  -0.0146280000   0.0245020000  -0.0109370000  -0.0812080000  -0.0072420000   0.0252850000   0.0785430000   0.0087330000  -0.0146990000   0.0027600000  -0.0014190000  -0.0103620000
   6.7582064493   6.0782224375  606  3.80E+00  -1.8462500000  -1.0470340000   3.0119630000  -0.8384690000  -0.6087500000   1.9797640000   1.4549200000   1.6138420000   7.1513440000   1.5076600000   1.3769790000   8.3550710000   1.7171260000   1.1463520000   9.5005390000  -0.0143600000  -0.0062820000   0.0146370000   0.0141150000   0.0060110000  -0.0149110000   0.0062960000   0.0165940000  -0.0801860000  -0.0205570000  -0.0107650000   0.0534410000   0.0145060000  -0.0055580000   0.0270190000
   6.7576107741   6.0787784326  856  3.97E+00   0.0533490000   1.5818730000   1.7012430000  -0.1686590000   0.2693780000   2.0402070000  -0.1126570000   0.7154250000   8.7007440000   0.2897810000  -0.2496570000   8.2016200000   0.7340840000  -1.2853380000   7.8470530000  -0.0073250000  -0.0432630000   0.0112200000   0.0072630000   0.0433960000  -0.0111310000   0.0143580000  -0.0323690000  -0.0031770000  -0.0192940000   0.0419700000  -0.0071160000   0.0049970000  -0.0097330000   0.0102040000
   6.7565363137   6.0785813859  873  4.40E+00   2.2914470000   0.8756110000   4.3756890000   2.1298660000   0.5091770000   3.0261370000  -4.8856850000  -1.3256870000   6.4371340000  -3.9851450000  -0.5937910000   6.3995550000  -2.9041170000  -0.1390040000   6.3709880000  -0.0026500000  -0.0062290000  -0.0230340000   0.0030030000   0.0062460000   0.0227080000   0.0375360000   0.0004000000  -0.0001850000  -0.0317580000   0.0269500000  -0.0016830000  -0.0061310000  -0.0273670000   0.0021940000
   6.7579881631   6.0752051216 1324  1.43E+00  -0.3215440000  -2.6099620000   3.1628780000  -0.4802610000  -1.2977510000   2.6060300000   0.3951220000   2.1241220000   8.1359620000   0.8632430000   2.6774950000   7.2013780000   1.3756430000   3.1992880000   6.2447630000  -0.0010670000   0.0088180000  -0.0037110000   0.0009990000  -0.0088800000   0.0037920000  -0.0044440000  -0.0098020000   0.0141570000  -0.0195220000  -0.0108220000   0.0249890000   0.0240340000   0.0206860000  -0.0392270000
   6.7587271458   6.0760778737 1412  4.69E+00  -1.2371680000   0.3590980000   2.1274290000   0.0131130000  -0.0068480000   1.7769080000  -0.3116570000  -0.4592820000   7.8274080000  -0.0231860000   0.2187980000   8.7747560000   0.3415180000   0.9942820000   9.5782600000   0.0583040000  -0.0170220000  -0.0164210000  -0.0582550000   0.0171820000   0.0160150000  -0.0042940000  -0.0153910000  -0.0367830000  -0.0019980000   0.0060480000   0.0425440000   0.0062420000   0.0091820000  -0.0053540000
   6.7571204540   6.0770169426 1595  7.26E+00   1.5304960000  -1.0192880000   2.5044030000   0.0000950000  -1.1799590000   2.1468950000   0.2138320000   3.5532270000   8.3307120000  -0.0181350000   2.3893140000   8.1295120000  -0.2971190000   1.2980180000   7.6877820000   0.0408620000   0.0042960000   0.0094800000  -0.0407680000  -0.0043350000  -0.0098400000   0.0074070000   0.0554970000  -0.0046240000   0.0080330000  -0.0111670000   0.0371270000  -0.0155340000  -0.0442910000  -0.0321440000
   6.7586734620   6.0751476074 1678  1.18E+00  -0.7284870000  -0.7906560000   2.1388850000   0.6586570000  -0.6767790000   1.9243920000  -1.2864960000   1.3396040000   9.6267190000  -1.1640110000   1.5535690000   8.4630130000  -1.0832820000   1.6116230000   7.2756800000   0.0232950000   0.0018480000  -0.0036820000  -0.0231550000  -0.0020980000   0.0033150000  -0.0058670000  -0.0150560000   0.0294370000   0.0070160000   0.0228500000  -0.0037100000  -0.0012890000  -0.0075440000  -0.0253600000
   6.7584457287   6.0774826091 1703  4.90E+00   1.1112050000  -0.6561870000   2.1841460000  -0.0149300000   0.0070360000   1.7564270000  -0.4564070000  -0.3340200000   7.8082510000   0.0256840000   0.2019790000   8.7994150000   0.4416820000   0.8762720000   9.6776190000  -0.0361610000   0.0213480000  -0.0138240000   0.0363170000  -0.0212430000   0.0133990000  -0.0340050000  -0.0253630000  -0.0661070000   0.0297070000   0.0043220000   0.0558030000   0.0041430000   0.0209370000   0.0107290000
   6.7577995935   6.0755802249 1755  1.65E+00  -0.9812740000   1.1185750000   1.9451070000   0.0102670000  -0.0152480000   1.8743830000   0.9243360000   0.6342380000   9.2043660000   0.0032700000   0.2353720000   8.5722090000  -0.9162460000  -0.1175780000   7.8780300000  -0.0140510000   0.0161310000   0.0009610000   0.0142460000  -0.0160580000  -0.0012010000   0.0211070000   0.0118260000   0.0113910000   0.0163710000  -0.0001130000   0.0189250000  -0.0376720000  -0.0117850000  -0.0300760000
   6.7550965193   6.0769359242 1757  1.99E+00   0.8403550000   1.1949770000   1.9998070000  -0.0147490000  -0.0121470000   1.8507620000  -0.6357410000   0.8311250000   7.8367800000  -0.0159070000   0.2781510000   8.6373950000   0.6683990000  -0.3668800000   9.3112030000   0.0079210000   0.0111070000   0.0013350000  -0.0077730000  -0.0112290000  -0.0015940000   0.0322890000  -0.0314070000   0.0286830000  -0.0143700000   0.0168240000   0.0025690000  -0.0180670000   0.0147050000  -0.0309930000
   6.7566607277   6.0784879323 1832  1.57E+01  -1.8670410000  -0.5638450000   2.8139730000  -0.5864420000  -1.6152090000   2.4218020000   1.2114640000   3.9846020000   8.3756300000   1.1896540000   3.1139630000   7.5871070000   0.9419300000   2.4677070000   6.6575890000  -0.0474000000   0.0387800000   0.0144160000   0.0472360000  -0.0391180000  -0.0147210000  -0.0162890000   0.0105300000  -0.0151980000   0.0220840000  -0.0536680000  -0.0131580000  -0.0056310000   0.0434760000   0.0286620000
   6.7566860448   6.0777943972 2063  1.52E+00  -1.1716670000  -0.3142220000   1.9112080000   0.2419890000  -0.7466960000   2.0101340000   0.2353270000   0.6893980000   7.9158240000  -0.4088440000   1.6248240000   8.3385720000  -1.0631440000   2.5275050000   8.6661230000  -0.0111950000   0.0034510000  -0.0008070000   0.0110730000  -0.0033820000   0.0004830000   0.0294480000  -0.0450790000  -0.0235850000  -0.0386760000   0.0606190000   0.0342300000   0.0093500000  -0.0156080000  -0.0103200000
   6.7580559946   6.0782892713 2131  3.09E+00  -0.3998820000   1.2451630000   2.1235290000   0.0060490000  -0.0117200000   1.7490690000  -0.6483530000   0.0028040000   9.7525220000   0.0338580000   0.2583240000   8.7950610000   0.6179170000   0.4710300000   7.7771840000   0.0134910000  -0.0418990000  -0.0125520000  -0.0136420000   0.0418490000   0.0121810000  -0.0362540000  -0.0139450000   0.0397010000   0.0270650000   0.0110420000  -0.0117270000   0.0093410000   0.0029530000  -0.0276030000
   6.7587391576   6.0776468401 2131  2.59E+00   0.4692820000  -0.4748330000   2.0297250000   0.3963220000   0.8750150000   1.8317590000  -0.9761720000  -1.6383190000   9.7074860000  -0.7484530000  -1.3449900000   8.6206660000  -0.4708610000  -1.0044470000   7.5460750000  -0.0026750000   0.0497590000  -0.0074180000   0.0027310000  -0.0496320000   0.0069040000   0.0137590000   0.0164640000  -0.0474040000  -0.0084240000  -0.0088020000   0.0112870000  -0.0053910000  -0.0077890000   0.0366320000
   6.7588341297   6.0797995700 2201  4.43E+00   1.4595130000  -0.5168850000   2.0354870000  -0.0178830000   0.0072720000   1.8428020000  -0.4116020000  -0.5099270000   9.3867740000   0.0504870000   0.2147950000   8.6052000000   0.3710570000   1.0326050000   7.8228840000   0.0393250000  -0.0140120000   0.0051050000  -0.0393770000   0.0137830000  -0.0053430000   0.0000750000   0.0218050000  -0.0159680000   0.0111360000  -0.0246360000   0.0106350000  -0.0111580000   0.0030600000   0.0055710000
   6.7591378448   6.0766283116 2254  2.49E+00  -0.9131590000  -0.2893440000   1.8641510000  -1.7485250000   0.6507120000   2.6031500000   3.4668480000  -1.6671420000   8.1084570000   3.1269860000  -0.9562980000   7.2417290000   2.9758290000  -0.1588770000   6.3381810000   0.0010680000  -0.0013210000  -0.0010380000  -0.0014630000   0.0012160000   0.0008660000   0.0117040000   0.0055330000  -0.0023240000  -0.0172210000  -0.0486690000   0.0465860000   0.0059120000   0.0432410000  -0.0440890000
   6.7569318078   6.0795323519 2386  3.93E+00  -0.7030870000   0.5781950000   1.5801180000   0.1860420000  -0.5543190000   2.0305370000  -0.3900330000   0.3533630000   9.0498090000  -0.4150120000   1.2779070000   8.2945460000  -0.1832560000   2.1069660000   7.4841500000  -0.0127890000   0.0162320000  -0.0064950000   0.0127310000  -0.0164310000   0.0063950000   0.0169630000  -0.0300620000   0.0170760000  -0.0346340000   0.0305090000  -0.0102100000   0.0177300000  -0.0002480000  -0.0067660000
   6.7591825151   6.0750758295 2406  6.80E+00  -0.5681620000  -1.2946500000   1.6474600000  -0.9123020000   0.1070110000   2.2958520000   0.8250050000   0.7910030000   8.2543050000   1.7271100000   0.1130600000   7.8471880000   2.4705130000  -0.6410770000   7.2861900000   0.0092590000  -0.0377800000  -0.0174980000  -0.0093000000   0.0378230000   0.0174610000  -0.0408000000   0.0193940000   0.0063510000   0.0253150000   0.0098020000   0.0198410000   0.0155250000  -0.0292390000  -0.0261540000
   6.7550337576   6.0780045864 2444  1.03E+01  -1.3545200000  -1.5810060000   2.7389690000  -0.2350400000  -2.0309520000   3.2650270000   0.8159140000   4.9069770000   5.3452100000   0.5158840000   3.9962840000   6.0594970000   0.0559980000   3.0233790000   6.6282360000   0.0765420000  -0.0307660000   0.0359200000  -0.0764830000   0.0306350000  -0.0361830000   0.0011670000   0.0281980000  -0.0325220000   0.0325830000   0.0263730000   0.0094670000  -0.0338090000  -0.0544400000   0.0233180000
   6.7557093648   6.0776379260 2607  4.35E+00  -0.1916760000  -1.5112990000   1.6473810000   0.1220470000  -0.0424820000   2.1222090000   0.4783530000   1.2934500000   8.0404870000  -0.2081930000   0.3705040000   8.1356900000  -0.9195190000  -0.5765300000   8.1506560000  -0.0081520000  -0.0382050000  -0.0123680000   0.0081730000   0.0382270000   0.0123860000  -0.0263060000  -0.0345040000  -0.0005050000   0.0361650000   0.0467650000   0.0040900000  -0.0098790000  -0.0122840000  -0.0036030000
   6.7594431860   6.0752097134 2900  5.89E+00  -1.9843990000  -1.3619690000   3.3954570000  -1.8577510000  -0.0063680000   2.5937180000   3.0952330000   0.1029010000   6.1099920000   3.3380060000   0.2541920000   7.2360430000   3.8020230000   0.5115680000   8.2915440000  -0.0034500000  -0.0362160000   0.0214360000   0.0030820000   0.0362060000  -0.0214860000   0.0241680000   0.0119600000   0.0297860000  -0.0428790000  -0.0212050000  -0.0330940000   0.0190790000   0.0092550000   0.0033570000
   6.7594863361   6.0774355696 2946  1.60E+00   0.7866350000  -1.5045390000   2.0819420000  -0.1588180000  -0.4741630000   2.0153310000   0.0560010000   0.2994210000   9.0603480000   0.2500180000   1.1439090000   8.2777810000   0.4999250000   1.9924010000   7.5305230000  -0.0192340000   0.0209280000  -0.0013210000   0.0191740000  -0.0211010000   0.0013140000   0.0064370000   0.0114600000  -0.0066700000  -0.0021500000   0.0156840000  -0.0223130000  -0.0042270000  -0.0269720000   0.0289900000
   6.7566570685   6.0754949798 3021  3.22E+00  -0.3775320000  -1.4943210000   1.8607600000  -0.6011530000  -0.1515820000   2.0838860000   2.0640770000   0.3557820000   7.5199480000   1.0830940000   0.5401400000   8.1361050000   0.1489370000   0.7775940000   8.8488360000  -0.0067350000   0.0403190000   0.0067110000   0.0065950000  -0.0403040000  -0.0066500000   0.0001680000   0.0042110000   0.0099380000   0.0291870000  -0.0159480000  -0.0418130000  -0.0292150000   0.0117210000   0.0318130000
   6.7595397656   6.0751411248 3277  8.31E+00  -0.3106900000  -0.5253790000   1.6486070000   0.2483900000  -1.7086600000   2.6047550000  -0.5213030000   2.1642120000   7.2216560000  -0.4333770000   3.3745360000   7.1682980000  -0.3743090000   4.5567710000   7.2856780000  -0.0174930000   0.0370950000  -0.0299820000   0.0175590000  -0.0371280000   0.0296360000  -0.0063500000  -0.0620340000   0.0142850000   0.0063830000   0.0309460000  -0.0275000000  -0.0000990000   0.0311210000   0.0135610000
   6.7554691183   6.0757846134 3495  2.87E+00  -1.3012270000   0.4519450000   1.7912980000   0.0154920000  -0.0046660000   1.9474270000  -0.7700950000   0.9944780000   7.8887840000   0.0026580000   0.2624130000   8.4170300000   0.7727100000  -0.5089700000   8.9549930000   0.0254540000  -0.0088320000   0.0029780000  -0.0253410000   0.0087200000  -0.0030530000  -0.0173850000   0.0141390000  -0.0093080000  -0.0272700000   0.0329760000  -0.0233020000   0.0445420000  -0.0470030000   0.0326840000
   6.7582409837   6.0774371533 3717  2.63E+00  -1.2722040000  -0.5738710000   1.8078810000   0.2365030000  -0.3063320000   1.9787630000  -0.2390280000   1.7453000000   7.6796330000  -0.4111260000   0.8135970000   8.3658760000  -0.5533440000  -0.1023370000   9.0449990000  -0.0315010000  -0.0056230000  -0.0035470000   0.0314820000   0.0054000000   0.0034740000  -0.0003600000  -0.0113880000   0.0111570000  -0.0081050000  -0.0308300000   0.0190490000   0.0084830000   0.0424420000  -0.0301330000
   6.7581042310   6.0774642193 3724  3.79E+00  -0.5530470000   0.0442490000   1.2410990000   0.2729330000  -0.7086700000   2.2696620000  -0.7959610000   2.5038230000   7.3167330000  -0.4408940000   1.5466830000   7.8291250000  -0.2013120000   0.5592440000   8.3937250000  -0.0136300000   0.0124160000  -0.0169960000   0.0136560000  -0.0123980000   0.0170920000   0.0141160000  -0.0632600000   0.0385080000   0.0010120000   0.0384670000  -0.0287870000  -0.0151550000   0.0247760000  -0.0098170000
