   6.7673668533   6.7735750209  124  4.10E+00   0.4582460000  -1.2408620000   2.1719650000  -0.0059810000   0.0176650000   1.7703090000  -0.8764890000  -0.5177460000   9.0264050000   0.0556400000   0.2163390000   8.7683070000   0.8357160000   1.0329710000   8.4142550000  -0.0093870000   0.0254320000  -0.0080880000   0.0093720000  -0.0254790000   0.0081190000  -0.0582260000  -0.0337020000   0.0089480000   0.0562470000   0.0171300000   0.0003860000   0.0019930000   0.0166180000  -0.0093660000
   6.7666170379   6.7706128266  430  7.72E+00  -0.1204610000   0.7561920000   2.5147500000   0.8112210000  -0.0591650000   1.5411510000  -1.6958100000   0.1810020000  10.3300920000  -1.4270720000   0.3069900000   9.1388040000  -1.2767410000   0.5240600000   7.9553120000  -0.0241640000   0.0211760000   0.0251490000   0.0242770000  -0.0212240000  -0.0254530000  -0.0262390000  -0.0044580000   0.0887580000   0.0249430000  -0.0118430000  -0.0280580000   0.0011830000   0.0163490000  -0.0603960000
   6.7688572377   6.7711398969  463  4.25E+00  -1.6744650000  -0.2577430000   2.5957170000  -0.5836800000  -0.7047840000   1.9261710000   0.1531230000   1.4286720000   9.1224440000   1.1192530000   1.5711400000   8.4836500000   2.0271920000   1.6156540000   7.7267960000   0.0465990000  -0.0191050000  -0.0285940000  -0.0467000000   0.0190850000   0.0285980000   0.0089690000  -0.0043950000  -0.0153080000  -0.0130030000   0.0100880000   0.0279830000   0.0041350000  -0.0056730000  -0.0126780000
   6.7664666960   6.7720172690  610  5.88E+00  -1.1026360000  -1.8875830000   3.2497160000   0.2129850000  -1.6742650000   2.5342640000  -0.7857180000   3.8328640000   6.3466570000  -0.2832150000   3.4318650000   7.3505810000   0.0040950000   2.7591280000   8.2750060000  -0.0200450000  -0.0032670000   0.0109130000   0.0201140000   0.0032010000  -0.0108980000  -0.0227220000  -0.0101030000  -0.0211810000   0.0367430000   0.0277480000   0.0252790000  -0.0140910000  -0.0175800000  -0.0041130000
   6.7660453406   6.7724738327  653  3.70E+00  -0.7729470000  -0.1606640000   2.5544740000   0.0075110000   0.0024600000   1.4654360000  -0.1384360000  -0.2352520000   8.2321630000  -0.0124590000   0.2687880000   9.2639150000   0.1589770000   0.7189870000  10.3349570000   0.0361180000   0.0075790000  -0.0505100000  -0.0361140000  -0.0074910000   0.0502360000   0.0079890000   0.0154460000   0.0438640000  -0.0111110000  -0.0117060000  -0.0465340000   0.0031170000  -0.0038290000   0.0029440000
   6.7658617921   6.7734716556 1352  5.51E+00  -0.0469610000   0.8390010000   1.5713960000   0.6043820000  -0.5319620000   2.0229280000  -2.1530860000   1.5202940000   7.8594110000  -1.0645910000   1.2038510000   8.2503330000  -0.0632020000   0.8675410000   8.7462930000  -0.0176490000   0.0371940000  -0.0122190000   0.0176930000  -0.0371800000   0.0123390000  -0.0407720000   0.0091820000  -0.0044050000   0.0581020000  -0.0120570000   0.0022270000  -0.0173750000   0.0028620000   0.0020580000
   6.7698228618   6.7749692424 1606  3.48E+00   1.9080440000   0.9361080000   2.8617560000   0.9918880000   0.1229770000   1.9808390000  -2.6290680000  -0.5884560000   7.6626300000  -1.8934590000   0.0331650000   8.3902070000  -1.0234580000   0.5780780000   8.9669730000   0.0132010000   0.0117340000   0.0127100000  -0.0131460000  -0.0116800000  -0.0126970000  -0.0231040000  -0.0307480000  -0.0383550000   0.0105930000   0.0325740000   0.0436580000   0.0124550000  -0.0018800000  -0.0053160000
   6.7680014004   6.7747143901 2529  3.81E+00   0.1242580000   1.8071500000   3.6138910000   1.4909320000   2.0546720000   2.8953100000  -3.2784320000  -4.3429890000   7.2257900000  -2.7458510000  -3.5249350000   6.6366690000  -2.1141710000  -2.6985690000   6.1057130000  -0.0332620000  -0.0058940000   0.0174440000   0.0334370000   0.0061990000  -0.0176340000   0.0402760000   0.0513360000  -0.0322900000  -0.0338760000  -0.0339410000   0.0164760000  -0.0065750000  -0.0177000000   0.0160040000
   6.7657557913   6.7730885529 2529  2.25E+00   0.3405490000   1.7073820000   3.6084930000   1.4894250000   2.0567270000   2.9012670000  -3.2568500000  -4.2934420000   7.3378010000  -2.7720550000  -3.4876100000   6.6249820000  -2.1221840000  -2.7801170000   5.9730660000   0.0267430000   0.0082240000  -0.0164770000  -0.0266040000  -0.0079590000   0.0163540000   0.0075640000  -0.0128390000   0.0094980000   0.0008440000   0.0412320000  -0.0333190000  -0.0085460000  -0.0286590000   0.0239450000
   6.7695389581   6.7716369017 2529  2.47E+00   0.3497680000   1.7045260000   3.6071560000   1.4893480000   2.0567880000   2.9014740000  -3.2563990000  -4.2918050000   7.3413630000  -2.7733600000  -3.4878270000   6.6257980000  -2.1218500000  -2.7817140000   5.9679400000   0.0306510000   0.0095670000  -0.0189940000  -0.0305090000  -0.0092980000   0.0188700000   0.0077700000  -0.0126670000   0.0092040000  -0.0034100000   0.0366570000  -0.0289640000  -0.0045010000  -0.0242590000   0.0198850000
   6.7694879795   6.7721262320 2700  6.63E+00  -0.2062720000  -1.8626910000   2.4052910000  -0.5988030000  -0.5626300000   2.0480190000   2.2281340000   0.8838710000   8.0440120000   1.0844740000   1.3160980000   8.2409780000  -0.0386800000   1.7430800000   8.3908620000  -0.0072690000   0.0240540000  -0.0065890000   0.0072490000  -0.0240270000   0.0066430000   0.0942630000  -0.0349530000  -0.0172550000  -0.0336040000   0.0112690000   0.0103270000  -0.0606400000   0.0236570000   0.0068740000
   6.7680527224   6.7701966445 2926  6.13E+00  -0.4833070000   0.6580490000   2.0825880000   0.1646000000  -0.5014670000   1.7441010000   0.6375420000   0.5229750000   8.4196090000  -0.2168530000   1.2060790000   8.8231520000  -1.2663550000   1.7222890000   9.1163990000   0.0223210000  -0.0399440000  -0.0116600000  -0.0223720000   0.0400050000   0.0116070000  -0.0280360000   0.0018430000   0.0017030000   0.0815260000  -0.0113790000  -0.0068320000  -0.0534400000   0.0094760000   0.0051820000
   6.7671571583   6.7710116441 3108  5.83E+00   0.4886480000  -0.0825390000   2.2783090000  -0.4621360000   0.6068490000   1.6284140000   1.0800640000  -1.7806940000   9.6690740000   0.9045330000  -0.8293350000   8.9912630000   0.5181360000   0.0653940000   8.3061750000  -0.0482920000   0.0349890000  -0.0330630000   0.0483250000  -0.0350880000   0.0328490000  -0.0113190000  -0.0144960000   0.0077850000   0.0320850000   0.0007210000   0.0046590000  -0.0207990000   0.0138740000  -0.0122290000
   6.7655314998   6.7745319937 3771  6.26E+00   0.9802310000  -0.7433860000   1.9936960000  -0.5312290000  -1.1813360000   2.1967190000   0.5423630000   1.3559830000   8.3857170000   0.9442500000   2.4148000000   7.9767540000   1.3401210000   3.4656230000   7.5307950000   0.0416330000   0.0120870000  -0.0055670000  -0.0416120000  -0.0120200000   0.0055680000  -0.0177110000  -0.0460470000   0.0169760000  -0.0018270000  -0.0064300000   0.0064620000   0.0195180000   0.0524100000  -0.0234390000
   6.7652910311   6.7719909273 3824  2.11E+00   0.0675880000  -1.3394950000   2.3502910000  -0.0005840000   0.0160930000   1.6741580000   0.2822150000  -0.7466490000   8.3971120000   0.0220200000   0.2417900000   8.9280280000  -0.3000900000   1.2568320000   9.3926120000   0.0010810000  -0.0216640000   0.0107620000  -0.0011090000   0.0217730000  -0.0108520000  -0.0163060000   0.0470080000   0.0211160000   0.0131050000  -0.0248140000  -0.0059380000   0.0032290000  -0.0223030000  -0.0150890000
