   6.7635437869   6.3679603121  141  5.81E+00  -0.9534240000  -0.9260070000   1.8416240000   0.0115060000   0.0123210000   1.9682390000   0.1691920000  -0.9049210000   8.2678200000  -0.0296400000   0.2253860000   8.4421120000  -0.1443360000   1.4202050000   8.4500170000   0.0433930000   0.0422110000   0.0057040000  -0.0434160000  -0.0421940000  -0.0057010000   0.0006850000   0.0317480000  -0.0051050000  -0.0023920000  -0.0753930000   0.0143580000   0.0017290000   0.0436280000  -0.0092570000
   6.7622271162   6.3696538514  296  5.90E+00  -1.1943670000  -0.4069720000   2.4938990000   0.0167670000   0.0016540000   1.5678840000   0.1049380000  -0.0313620000   7.9368420000   0.0507400000   0.1988260000   9.1128440000  -0.1515210000   0.5871600000  10.2358540000  -0.0320880000  -0.0108130000   0.0243760000   0.0320370000   0.0108290000  -0.0247820000  -0.0067350000   0.0017090000  -0.0400630000   0.0248340000  -0.0290440000  -0.0089610000  -0.0180480000   0.0273190000   0.0494300000
   6.7638769705   6.3668726785  508  2.50E+00  -0.8514840000   0.3024310000   2.2219070000   0.5962050000   0.2796320000   1.6580230000  -1.5857700000  -0.1087210000   9.9766290000  -1.0188770000  -0.2964860000   8.9571360000  -0.5733090000  -0.3966370000   7.8799170000  -0.0331470000   0.0005450000   0.0127980000   0.0331490000  -0.0004730000  -0.0131770000  -0.0148220000   0.0079860000   0.0087310000   0.0284640000  -0.0148550000  -0.0194960000  -0.0136440000   0.0067960000   0.0111430000
   6.7645677658   6.3666402842  524  7.99E+00  -1.2103240000  -0.8746370000   2.2038350000   0.0174100000   0.0106250000   1.7618350000   0.9456910000  -0.0896500000   8.0596400000  -0.0021770000   0.2943790000   8.7561750000  -0.9547510000   0.5583740000   9.4304450000  -0.0323110000  -0.0232440000   0.0116140000   0.0321300000   0.0233100000  -0.0117800000   0.0728170000  -0.0358810000  -0.0529270000  -0.0351040000   0.0318860000   0.0272640000  -0.0375310000   0.0039300000   0.0258290000
   6.7625478113   6.3686337935  816  1.64E+00  -0.5079100000  -1.2619030000   1.7473740000   0.0081230000   0.0181660000   2.0026980000  -0.8330050000  -0.5981760000   8.4176600000  -0.0183100000   0.2636160000   8.3173920000   0.8381810000   1.0767310000   8.2276430000   0.0097000000   0.0240560000   0.0048060000  -0.0097160000  -0.0240480000  -0.0047360000  -0.0164730000  -0.0230980000   0.0044100000   0.0005680000   0.0133670000  -0.0052020000   0.0159220000   0.0097230000   0.0007220000
   6.7613117778   6.3675779018 1119  3.38E+00   1.8791300000  -0.2304980000   3.0928550000   0.9904210000  -0.5818810000   1.8618010000  -2.1938230000   1.4059370000   9.6664540000  -1.8325740000   1.2383390000   8.5500620000  -1.4952650000   1.2727020000   7.4230900000   0.0210570000   0.0082430000   0.0289930000  -0.0208560000  -0.0084210000  -0.0292810000  -0.0079980000   0.0161000000   0.0190360000   0.0108230000  -0.0295060000  -0.0216610000  -0.0030270000   0.0135830000   0.0029140000
   6.7619762228   6.3699482352 1329  1.90E+00  -1.0854580000  -0.2616650000   2.3697090000   0.0140940000   0.0075270000   1.6067970000   0.1552920000  -0.1628780000  10.1115040000   0.0110010000   0.2451980000   9.0229180000  -0.1655540000   0.6453760000   7.9421830000   0.0412050000   0.0100490000  -0.0286860000  -0.0411860000  -0.0101770000   0.0283310000  -0.0025830000   0.0006640000  -0.0021280000   0.0013820000   0.0073000000  -0.0203350000   0.0011810000  -0.0078370000   0.0228180000
   6.7639539572   6.3684157114 1620  7.81E+00   0.5028960000   0.6739710000   1.9171990000   1.8434440000   0.0449020000   2.4922970000  -4.1859050000  -0.6449250000   7.8112570000  -3.3707390000   0.1483090000   7.4371360000  -2.5219830000   0.9545490000   7.0389780000  -0.0372220000   0.0174280000  -0.0160450000   0.0373570000  -0.0176020000   0.0157940000  -0.0324370000  -0.0323040000   0.0146250000  -0.0331990000  -0.0300210000   0.0159700000   0.0655010000   0.0624980000  -0.0303440000
   6.7648267559   6.3671070190 1726  1.96E+00  -0.2671840000  -1.1253460000   2.3890960000   0.0044910000   0.0113090000   1.6192480000   0.1566170000  -0.2847420000   7.9776490000   0.0585310000   0.3032630000   8.9933270000  -0.2061520000   0.7591780000  10.0348490000   0.0055860000   0.0234290000  -0.0159810000  -0.0056130000  -0.0233260000   0.0155920000  -0.0115160000  -0.0072230000   0.0067420000   0.0197950000   0.0212810000   0.0034090000  -0.0082510000  -0.0141610000  -0.0097610000
   6.7632561151   6.3697856656 1951  2.27E+00   0.6310570000  -1.3411170000   1.8676480000  -0.0101460000   0.0143590000   1.9586980000  -1.1016510000  -0.1679480000   8.2316200000  -0.0101560000   0.2793220000   8.4025280000   1.1201880000   0.6587180000   8.5619420000   0.0082970000  -0.0175190000  -0.0011600000  -0.0082490000   0.0175600000   0.0012070000  -0.0271770000  -0.0159510000  -0.0037580000  -0.0222780000   0.0039990000  -0.0034500000   0.0494070000   0.0119110000   0.0071620000
   6.7634633764   6.3665892729 2244  4.74E+00   2.0887870000  -0.6485510000   3.8351420000   1.7261220000  -0.6197570000   2.3804790000  -4.1457870000   1.4264640000   8.2530510000  -3.2450230000   1.3321810000   7.4918630000  -2.1704570000   1.3972240000   6.9937120000   0.0045220000  -0.0004180000   0.0177750000  -0.0043530000   0.0002150000  -0.0180790000   0.0026940000   0.0115240000   0.0248260000  -0.0200860000  -0.0229150000  -0.0399770000   0.0172230000   0.0115930000   0.0154540000
   6.7638909540   6.3695784820 2250  2.55E+00  -1.4449950000   0.2511000000   2.0345550000   0.0539620000  -0.0252040000   1.8084050000  -0.6409300000  -0.5522760000   8.1179890000  -0.0689560000   0.2880280000   8.6568940000   0.5142340000   1.1337800000   9.2247070000  -0.0310290000   0.0057580000   0.0046660000   0.0311130000  -0.0056300000  -0.0047460000   0.0271910000   0.0391350000   0.0288040000  -0.0264100000  -0.0372370000  -0.0299930000  -0.0008650000  -0.0020260000   0.0012680000
   6.7617285463   6.3688140291 2251  1.15E+01  -0.3223980000  -1.8998530000   2.2529020000   0.6574370000  -1.0660610000   2.4419680000  -0.3206760000   2.9835190000   7.3917120000  -1.2301510000   2.2886560000   7.4829450000  -2.0189410000   1.4299300000   7.6543400000   0.0788360000   0.0670820000   0.0151970000  -0.0788280000  -0.0669900000  -0.0152050000  -0.0381930000  -0.0463980000   0.0114260000   0.0285720000   0.0554310000  -0.0181410000   0.0096130000  -0.0091250000   0.0067230000
   6.7627959371   6.3680939492 2444  3.66E+00   0.2742910000   1.3238880000   1.9462610000  -0.0029320000  -0.0155940000   1.8181760000  -0.7925510000  -0.4362840000   8.1231060000   0.0373570000   0.2194450000   8.6140550000   0.7618680000   0.9536950000   9.2085150000  -0.0090690000  -0.0439680000  -0.0041670000   0.0091930000   0.0440380000   0.0041590000   0.0071280000   0.0161850000   0.0169130000  -0.0163750000  -0.0376080000  -0.0377550000   0.0091230000   0.0213530000   0.0208510000
   6.7648679529   6.3683255495 2463  7.40E+00  -1.3926880000  -1.7846230000   2.5961400000   0.0036800000  -1.1576040000   2.3702510000  -0.3403430000   1.5118460000   8.2636340000   0.0019080000   2.4526870000   7.6817810000   0.4082750000   3.2283930000   6.9696970000  -0.0304450000  -0.0136530000   0.0049200000   0.0304350000   0.0136740000  -0.0049470000   0.0188060000   0.0255030000  -0.0322250000   0.0155830000   0.0620190000  -0.0278840000  -0.0343800000  -0.0875430000   0.0601370000
   6.7600239726   6.3688551791 2482  3.42E+00   0.4042130000  -2.0621340000   3.3921250000   0.6044540000  -1.2021940000   2.0780610000  -0.5083800000   1.5865740000   7.6947050000  -1.0862910000   2.4944400000   8.1580410000  -1.7204050000   3.3625050000   8.5902170000  -0.0054200000  -0.0233400000   0.0354590000   0.0054170000   0.0232280000  -0.0358250000  -0.0104710000   0.0080430000   0.0045530000  -0.0013610000   0.0162270000   0.0083520000   0.0118350000  -0.0241590000  -0.0125390000
   6.7630197708   6.3652922929 2747  7.60E+00  -0.7149720000  -0.9449190000   2.2991490000   0.7037060000  -0.4541840000   1.7769800000  -1.3692470000   0.9004360000   9.8413480000  -1.1641970000   1.0899430000   8.7331190000  -1.2262310000   1.2968620000   7.5844000000  -0.0395070000  -0.0137530000   0.0144590000   0.0396730000   0.0135360000  -0.0147770000  -0.0074250000   0.0130380000  -0.0706070000   0.0262330000  -0.0099490000   0.0452800000  -0.0189750000  -0.0028720000   0.0256440000
   6.7636185783   6.3679811174 2747  7.43E+00  -0.7165010000  -0.9365620000   2.2981080000   0.7042620000  -0.4546110000   1.7759010000  -1.3676080000   0.9015640000   9.8447730000  -1.1657260000   1.0899470000   8.7353430000  -1.2294040000   1.2973340000   7.5847570000  -0.0394220000  -0.0134610000   0.0144070000   0.0395890000   0.0132430000  -0.0147260000  -0.0076300000   0.0128410000  -0.0693270000   0.0263850000  -0.0105890000   0.0481020000  -0.0189230000  -0.0020340000   0.0215440000
   6.7626276431   6.3672452775 2779  3.40E+00  -0.6437430000   1.2470520000   1.7325700000   0.0082340000  -0.0163690000   1.9679340000  -0.1634770000  -0.9256710000   8.5939530000  -0.0444400000   0.2568340000   8.3954100000   0.1962750000   1.4237240000   8.1673360000   0.0028250000  -0.0055110000   0.0010210000  -0.0028640000   0.0054330000  -0.0009910000   0.0013730000  -0.0550750000   0.0085620000  -0.0210030000  -0.0061700000   0.0036410000   0.0196680000   0.0613240000  -0.0122330000
   6.7629807772   6.3654541023 2918  2.16E+00  -0.2619670000   1.4327220000   1.9115990000   0.0037910000  -0.0129770000   1.8824480000  -0.8600280000  -0.4224850000   8.9246960000   0.0169610000   0.2466360000   8.5639150000   0.8448660000   0.8995560000   8.1257550000  -0.0012840000   0.0068470000   0.0001320000   0.0011940000  -0.0069200000  -0.0001600000   0.0210390000   0.0176190000  -0.0148310000   0.0370390000   0.0265440000  -0.0100110000  -0.0579890000  -0.0440900000   0.0248700000
   6.7618625054   6.3665409097 3075  5.04E+00  -0.4965940000   1.4324830000   1.7343840000   0.0024790000  -0.0133490000   1.9955150000  -0.8457010000   1.0818230000   8.2095340000  -0.0182430000   0.2065600000   8.3669610000   0.8783030000  -0.5727950000   8.4352500000  -0.0112230000   0.0325360000  -0.0058980000   0.0112550000  -0.0325990000   0.0059110000  -0.0404030000   0.0525630000  -0.0120770000   0.0133050000  -0.0380470000   0.0143020000   0.0270660000  -0.0144530000  -0.0022370000
   6.7629220857   6.3666590803 3455  5.01E+00  -1.6944880000  -1.4304020000   3.1413400000  -0.3120200000  -1.6916990000   2.5622720000   0.2762780000   2.2430720000   7.5327680000   0.5206680000   3.4063320000   7.3170080000   0.9979220000   4.4263570000   6.9810480000  -0.0236100000   0.0044630000   0.0098130000   0.0235730000  -0.0044920000  -0.0100970000   0.0055310000  -0.0526980000   0.0021450000  -0.0207750000   0.0601940000   0.0056450000   0.0152800000  -0.0074670000  -0.0075060000
   6.7636333284   6.3661258991 3522  2.02E+00  -1.2498000000   1.0542900000   2.4911780000  -0.2402000000   0.2332260000   1.6808390000   0.6726080000  -0.8125120000   7.8937910000   0.4542210000  -0.2354440000   8.9083140000   0.2647680000   0.4457240000   9.8684930000  -0.0195310000   0.0159020000   0.0156310000   0.0194270000  -0.0157510000  -0.0158570000   0.0059170000  -0.0039700000  -0.0191660000  -0.0020900000  -0.0226170000  -0.0061770000  -0.0037230000   0.0264360000   0.0255690000
   6.7646293577   6.3676958570 3851  5.76E+00  -0.6117060000  -1.6353480000   2.6414760000  -0.4311750000  -0.3157490000   1.7805700000   0.0463890000   1.0283690000   9.6129240000   0.8560170000   0.8938160000   8.7414210000   1.5029330000   0.6682770000   7.7670940000  -0.0050070000  -0.0362420000   0.0236010000   0.0048190000   0.0362040000  -0.0237990000  -0.0374370000  -0.0008170000   0.0240500000   0.0331780000   0.0108400000   0.0016310000   0.0044470000  -0.0099840000  -0.0254830000
