   6.7739371576   6.3144109244   19  1.46E+00  -1.1858560000  -0.6560900000   2.2853370000   0.0161290000   0.0100950000   1.6743170000  -0.6441460000   0.2959420000   9.8659560000  -0.0160150000   0.2824190000   8.8911600000   0.6503290000   0.1706400000   7.9547470000  -0.0161050000  -0.0088930000   0.0081290000   0.0159290000   0.0089000000  -0.0083940000   0.0192290000  -0.0074000000  -0.0221280000   0.0055800000   0.0097140000  -0.0213070000  -0.0246330000  -0.0023210000   0.0437010000
   6.7718632262   6.3122026941   19  1.64E+00  -0.8781350000  -1.6117060000   2.0736530000  -0.3652610000  -0.2379530000   2.0660730000  -0.3525980000   1.3102060000   8.1854640000   0.6966150000   0.7482040000   8.2225650000   1.7091770000   0.1057280000   8.1939610000  -0.0018680000  -0.0050080000   0.0000370000   0.0019010000   0.0050150000  -0.0000120000  -0.0283780000   0.0096270000  -0.0034400000  -0.0067490000   0.0184360000   0.0071050000   0.0350930000  -0.0280700000  -0.0036900000
   6.7712485195   6.3148928443   31  2.27E+00   0.5816200000  -1.0902450000   2.3804220000  -0.0105980000   0.0112320000   1.6427570000   0.2065880000   0.8976030000   9.9528600000  -0.0282610000   0.2382210000   8.9920050000  -0.1690840000  -0.3761660000   7.9437630000  -0.0004280000   0.0008540000  -0.0006900000   0.0004790000  -0.0007550000   0.0002720000   0.0120720000   0.0214930000   0.0229640000  -0.0087530000   0.0134560000   0.0446710000  -0.0033700000  -0.0350470000  -0.0672170000
   6.7717140941   6.3127419150  134  4.08E+00   0.2358240000   1.1133890000   2.0351410000  -0.5923650000  -0.0270700000   1.8027020000   0.6554910000   0.9443500000   9.5691280000   1.1652980000   0.2789770000   8.6906610000   1.4132770000  -0.4010550000   7.7766660000  -0.0072980000  -0.0099910000  -0.0020610000   0.0072000000   0.0101100000   0.0018870000  -0.0422220000   0.0328910000   0.0431060000   0.0626700000  -0.0439050000  -0.0585030000  -0.0203490000   0.0108950000   0.0155710000
   6.7712749727   6.3141987969  230  2.27E+00  -0.4849920000  -1.1234670000   1.8792760000   0.5954200000  -0.2583160000   1.9738820000  -1.9865730000   0.5764970000   7.6752420000  -1.0680760000   0.7029300000   8.3734620000  -0.1547420000   0.9443680000   9.0635750000   0.0282890000   0.0226190000   0.0024570000  -0.0281270000  -0.0226380000  -0.0024660000   0.0249580000   0.0118510000   0.0208840000  -0.0161280000  -0.0177430000  -0.0148610000  -0.0089910000   0.0059110000  -0.0060140000
   6.7727228268   6.3143811253  274  2.15E+00   0.8427220000  -1.5818700000   2.5571690000  -0.2040250000  -0.7555400000   1.9482650000  -0.3985590000   1.3313930000   9.2459590000   0.3996830000   1.7003040000   8.4648610000   1.0643760000   1.9528790000   7.5094730000   0.0037000000  -0.0029880000   0.0021470000  -0.0038340000   0.0028060000  -0.0023000000  -0.0104440000  -0.0081100000  -0.0088670000   0.0070510000   0.0104600000   0.0358340000   0.0035270000  -0.0021690000  -0.0268140000
   6.7742786454   6.3148242369  366  6.45E+00  -0.3192840000  -1.3735420000   2.7537580000  -1.2354310000  -0.6896110000   2.0244470000   1.7904810000   1.2899320000   7.2015380000   2.2453570000   1.6518100000   8.2456350000   2.7140950000   1.6883530000   9.3256100000  -0.0390230000   0.0290310000  -0.0311230000   0.0387950000  -0.0291960000   0.0307470000  -0.0072860000  -0.0276510000  -0.0168960000   0.0045150000   0.0486810000   0.0101710000   0.0030000000  -0.0208650000   0.0071010000
   6.7732757371   6.3120085025  481  2.91E+00   0.1409450000   0.7349930000   1.6598760000  -0.4324380000  -0.5691260000   1.9435470000   1.8104080000   1.0998880000   8.9840290000   0.7756850000   1.2005910000   8.3872520000  -0.2418940000   1.4825560000   7.9097640000  -0.0002770000  -0.0007250000   0.0001630000   0.0004160000   0.0006320000  -0.0001990000   0.0338080000   0.0089440000   0.0274540000  -0.0663670000  -0.0126090000  -0.0516630000   0.0324200000   0.0037570000   0.0242450000
   6.7727797131   6.3141409413 1291  4.35E+00  -0.1445890000   1.0623270000   2.1171340000   0.9716020000   0.2636010000   1.8983780000  -2.0819080000  -0.4765710000   7.3752930000  -1.8099000000  -0.3279130000   8.5330920000  -1.4027110000   0.0269950000   9.6057890000   0.0279070000  -0.0199030000  -0.0055200000  -0.0276730000   0.0199800000   0.0052880000  -0.0009840000   0.0075590000  -0.0387580000  -0.0230570000  -0.0337910000   0.0017240000   0.0238070000   0.0261550000   0.0372660000
   6.7710916003   6.3110653531 1561  8.72E-01   1.0341570000   0.8622960000   2.2634920000  -0.0087400000  -0.0116740000   1.6734450000  -0.6627990000   0.1727670000   9.8539070000   0.0241740000   0.2441750000   8.9302410000   0.6231470000   0.3355830000   7.9431880000   0.0085700000   0.0072050000   0.0047450000  -0.0086930000  -0.0072280000  -0.0051130000   0.0191510000   0.0041180000  -0.0384330000   0.0087310000  -0.0023090000   0.0059620000  -0.0277590000  -0.0017850000   0.0328390000
   6.7722337284   6.3128407572 1594  2.27E+00  -1.1746860000  -1.7162370000   3.6187520000  -0.2709620000  -1.7658470000   2.3805260000   0.7631720000   4.5219850000   8.1357310000   0.4888360000   3.4688030000   7.6450660000   0.2971210000   2.4888690000   7.0094170000  -0.0175860000   0.0008690000   0.0239550000   0.0175230000  -0.0011430000  -0.0242690000   0.0136630000   0.0373610000   0.0064050000  -0.0170140000  -0.0327670000   0.0082190000   0.0034140000  -0.0043200000  -0.0143110000
   6.7722768621   6.3142137900 1641  5.57E+00  -0.9192110000  -1.2198580000   2.1256780000   0.0164850000   0.0150220000   1.8362250000  -0.3485850000   1.2454620000   9.0946930000   0.0442860000   0.2582660000   8.6640690000   0.2909180000  -0.7498360000   8.0979320000  -0.0244940000  -0.0322690000   0.0075140000   0.0244480000   0.0324410000  -0.0077030000   0.0097890000  -0.0518980000  -0.0308130000  -0.0002070000   0.0559560000   0.0401110000  -0.0095360000  -0.0042310000  -0.0091090000
   6.7745712533   6.3106656844 1729  5.65E+00   1.2978710000  -1.3962430000   3.3975100000   1.2176750000  -0.8591950000   2.0747670000  -1.5718660000   1.6286940000   7.1593880000  -2.3166100000   1.8673800000   8.1069800000  -2.8521930000   2.0361390000   9.1799800000  -0.0006140000   0.0043830000  -0.0110720000   0.0007830000  -0.0046170000   0.0107280000   0.0598780000  -0.0188280000  -0.0546720000  -0.0415400000   0.0133770000  -0.0114710000  -0.0185060000   0.0056860000   0.0664860000
   6.7708169465   6.3112907344 1879  5.73E+00  -1.0150630000   0.8316940000   2.0726860000   0.0082440000  -0.0089170000   1.7830570000  -0.8090100000  -0.3006100000   8.0344090000  -0.0391760000   0.2977430000   8.7514960000   0.8612010000   0.7568990000   9.3614610000   0.0438220000  -0.0359370000  -0.0124340000  -0.0436850000   0.0360660000   0.0122090000  -0.0264130000  -0.0351560000  -0.0364990000   0.0072940000   0.0378370000   0.0351170000   0.0189830000  -0.0028100000   0.0016070000
   6.7745230091   6.3128598176 1999  5.62E+00  -1.7718020000  -1.1387930000   2.8192820000  -1.0700320000  -0.2396250000   2.0906640000   0.8511950000   0.9058390000   7.9939680000   1.9906610000   0.6763180000   8.1525180000   3.1100520000   0.5426200000   8.2682530000   0.0309300000   0.0395760000  -0.0321380000  -0.0308300000  -0.0396860000   0.0319070000   0.0127060000   0.0047700000   0.0006010000   0.0759620000  -0.0223030000   0.0111880000  -0.0887680000   0.0176430000  -0.0115580000
   6.7745454454   6.3132217875 2160  1.46E+00  -0.3840250000  -1.6898640000   2.7535410000   0.2529610000  -0.8073090000   1.8503300000  -0.4086820000   2.7011680000   9.2287480000  -0.4927230000   1.7512730000   8.5880270000  -0.4605850000   0.8101930000   7.9109660000   0.0091050000   0.0125890000  -0.0130150000  -0.0090730000  -0.0125920000   0.0126250000   0.0046010000  -0.0428280000  -0.0316300000  -0.0118690000   0.0097540000   0.0098300000   0.0072360000   0.0330760000   0.0221900000
   6.7728502844   6.3137070040 2164  4.47E+00   0.4760010000  -1.2579280000   1.8413250000  -0.0024890000   0.0166860000   1.9589040000   0.6987130000   1.1970060000   8.5875650000  -0.0182330000   0.2624120000   8.4227990000  -0.7025830000  -0.7104030000   8.1914080000  -0.0175540000   0.0468110000   0.0043080000   0.0176180000  -0.0467110000  -0.0043190000   0.0205780000   0.0222110000   0.0014620000   0.0121090000   0.0290190000   0.0124370000  -0.0327510000  -0.0513300000  -0.0138880000
   6.7731254460   6.3127297575 2251  1.01E+01  -0.5603790000  -1.9709500000   2.1605520000   0.6515000000  -1.0497390000   2.4559100000  -0.3367120000   3.0344350000   7.3673730000  -1.1019380000   2.1839990000   7.4820500000  -2.0545110000   1.3805470000   7.6155390000  -0.0270190000  -0.0205720000  -0.0066320000   0.0271300000   0.0206910000   0.0066750000  -0.0399950000  -0.0286750000   0.0062650000   0.1335220000   0.0942250000  -0.0203720000  -0.0936380000  -0.0656680000   0.0140640000
   6.7720014273   6.3112717387 2397  5.21E+00   1.0626730000   1.0923680000   2.0404420000  -0.0140810000  -0.0159260000   1.7878150000   0.1634570000   1.2098040000   9.3638030000   0.0781440000   0.2389310000   8.6859180000  -0.2187520000  -0.6907780000   8.0595640000   0.0266300000   0.0274310000   0.0062730000  -0.0265570000  -0.0272900000  -0.0063500000  -0.0130450000   0.0178090000   0.0148350000   0.0183230000  -0.0490680000  -0.0393160000  -0.0053510000   0.0311180000   0.0245580000
   6.7707778834   6.3102059648 2583  4.41E+00   0.0660290000  -1.3323020000   2.4393530000   0.0029690000   0.0175340000   1.6154690000  -0.2098990000   0.6563240000  10.0861890000   0.0683880000   0.2583730000   9.0206280000   0.1395700000  -0.1662400000   7.9215190000   0.0016970000  -0.0364700000   0.0221020000  -0.0017110000   0.0365130000  -0.0225450000  -0.0125210000  -0.0035890000  -0.0067640000   0.0261680000   0.0060580000   0.0095510000  -0.0136350000  -0.0025110000  -0.0023440000
   6.7700903959   6.3132884473 2689  3.90E+00   0.5615210000  -0.8204550000   2.2046460000  -0.0237400000   0.3075400000   1.6697010000   0.0941530000   0.4334350000   7.9806330000   0.1081720000  -0.2957290000   8.9391290000  -0.0921730000  -1.0079980000   9.8321960000  -0.0177200000   0.0341170000  -0.0162660000   0.0177370000  -0.0342740000   0.0158930000  -0.0143800000   0.0261190000  -0.0349710000   0.0238530000  -0.0426910000   0.0587560000  -0.0094890000   0.0167300000  -0.0234120000
   6.7746221947   6.3108315118 3018  3.91E+00   0.7918320000   1.2408360000   1.6956710000  -0.0098730000  -0.0130660000   1.9730560000   0.7857780000  -0.6547650000   8.2005560000  -0.0106190000   0.2439410000   8.3483230000  -0.7783850000   1.1463910000   8.5728290000   0.0124170000   0.0194430000  -0.0042720000  -0.0124840000  -0.0193810000   0.0043390000   0.0413780000  -0.0447070000  -0.0014830000  -0.0066950000   0.0018970000  -0.0146020000  -0.0346160000   0.0427480000   0.0160180000
   6.7737778302   6.3106270881 3549  2.45E+00   1.6116560000   0.3514310000   2.3914090000   0.4277360000  -0.1561500000   1.7646290000  -1.2537530000  -0.0517060000   7.8462160000  -0.8229940000   0.5840590000   8.7082460000  -0.3661830000   1.0586390000   9.6540750000  -0.0086130000  -0.0036670000  -0.0045820000   0.0087860000   0.0037900000   0.0043940000   0.0205070000   0.0164160000   0.0466320000  -0.0033970000   0.0151630000  -0.0138800000  -0.0172830000  -0.0317020000  -0.0325640000
   6.7706157972   6.3103691945 3700  1.50E+00  -1.8763500000  -1.3193300000   2.8988050000  -0.7451260000  -0.6893330000   2.1421840000   2.4834050000   1.9286430000   7.9540040000   1.3952250000   1.5428190000   8.0897720000   0.3087630000   1.1266600000   8.0930030000  -0.0139360000  -0.0077690000   0.0092670000   0.0140240000   0.0077660000  -0.0094120000  -0.0235040000  -0.0103120000  -0.0055150000  -0.0036270000   0.0017430000   0.0133780000   0.0270430000   0.0085720000  -0.0077180000
   6.7747430017   6.3108481858 3933  1.98E+00  -0.1911830000  -1.3657790000   1.9497350000   0.0050980000   0.0174190000   1.8875150000   1.0710650000   0.0303060000   8.1076720000   0.0000790000   0.3031100000   8.5129180000  -1.0845410000   0.4288780000   8.9533570000   0.0041000000   0.0290950000  -0.0013040000  -0.0042440000  -0.0290410000   0.0012800000  -0.0004820000  -0.0096060000   0.0040230000   0.0058250000   0.0186290000  -0.0090200000  -0.0051980000  -0.0090780000   0.0050210000
