   6.7774981298   6.0675165829   63  4.97E+00  -0.0884410000  -1.3414250000   1.9570610000  -0.0006130000   0.0131540000   1.8711550000  -0.9160840000   0.0715780000   7.8689260000  -0.0007060000   0.3243360000   8.5260810000   0.9252470000   0.3914330000   9.2634680000   0.0035660000   0.0544910000  -0.0034790000  -0.0033770000  -0.0544390000   0.0033200000   0.0368680000  -0.0025510000   0.0336370000  -0.0503640000   0.0142310000  -0.0498030000   0.0133080000  -0.0117330000   0.0163240000
   6.7771343001   6.0656971392  300  6.43E+00  -0.8675970000   0.6099200000   2.1073400000   0.0234520000  -0.3255530000   1.7086900000  -0.2152580000   0.8343110000  10.0465520000  -0.0450110000   0.7943510000   8.8318390000   0.1865870000   0.8445130000   7.6582290000   0.0399530000  -0.0419930000  -0.0179760000  -0.0400330000   0.0418820000   0.0175570000  -0.0090430000   0.0079150000   0.0912880000  -0.0022220000  -0.0147510000  -0.0552600000   0.0113450000   0.0069480000  -0.0356090000
   6.7799061800   6.0667686645  371  2.16E+00  -0.0873540000   1.5420930000   2.3251910000   0.1448670000   0.2484610000   1.7126760000  -0.0567740000   0.1124030000   9.9630990000  -0.2285120000  -0.2931150000   8.8504660000  -0.4896820000  -0.5427200000   7.6940690000   0.0003360000  -0.0016790000  -0.0008950000  -0.0002250000   0.0018290000   0.0004600000   0.0012600000   0.0241470000   0.0395620000   0.0164510000  -0.0209950000   0.0167080000  -0.0178220000  -0.0033020000  -0.0558350000
   6.7799026180   6.0661468405  636  6.05E+00   1.6531960000   0.0434360000   2.3337040000   0.4196780000  -0.2017550000   1.8350690000  -0.1750960000   0.7680800000   9.6383070000  -0.8233100000   0.5840250000   8.6219280000  -1.4069760000   0.4860470000   7.5786220000  -0.0546680000  -0.0108820000  -0.0221300000   0.0548940000   0.0108440000   0.0218940000   0.0450000000   0.0166580000   0.0642180000  -0.0268620000  -0.0180370000  -0.0261700000  -0.0183640000   0.0014180000  -0.0378110000
   6.7773612102   6.0675266754  688  5.44E+00  -0.1578700000  -2.0800380000   2.3192330000  -0.5715670000  -0.6039830000   2.1725560000  -0.1172630000   1.0300550000   7.9982240000   1.0392380000   1.4322640000   7.9905020000   2.2016010000   1.7299090000   8.0081340000   0.0085280000  -0.0303190000   0.0030060000  -0.0083780000   0.0303530000  -0.0031330000  -0.0743150000  -0.0311890000   0.0036250000   0.0250400000   0.0241470000  -0.0064350000   0.0491250000   0.0070080000   0.0029360000
   6.7755052757   6.0676394029  870  1.34E+00   0.2643280000   1.4477690000   2.2199410000   0.8822380000   0.2573180000   1.8979670000  -1.4377440000  -0.2190400000   9.6700230000  -1.6300550000  -0.2585950000   8.4974490000  -1.7613420000  -0.2754830000   7.3333930000   0.0186030000  -0.0357070000  -0.0097270000  -0.0183420000   0.0357860000   0.0094070000   0.0084160000   0.0023540000   0.0295640000  -0.0127070000  -0.0037250000  -0.0402700000   0.0040290000   0.0012920000   0.0110260000
   6.7772778701   6.0674429779 1031  2.46E+00   1.4242330000   0.1261090000   2.2502700000  -0.0201300000   0.0017660000   1.6903960000   0.2475860000   0.3529770000   9.9986950000   0.0261550000   0.2356700000   8.8808710000  -0.2564170000   0.1410150000   7.7516370000   0.0331970000   0.0028570000   0.0127500000  -0.0330670000  -0.0028530000  -0.0132500000  -0.0154720000  -0.0042100000  -0.0561630000   0.0145570000   0.0007170000   0.0335470000   0.0007850000   0.0034890000   0.0231160000
   6.7759008952   6.0682294454 1066  5.16E+00  -0.7802570000  -1.2793440000   2.1989250000   0.0082080000   0.0204200000   1.7655770000   0.5659760000   0.6745010000   7.7726130000  -0.0330820000   0.2757140000   8.7515090000  -0.5329760000  -0.2151840000   9.7025940000  -0.0211930000  -0.0348930000   0.0115930000   0.0210220000   0.0347540000  -0.0119420000   0.0367980000   0.0153290000  -0.0498120000  -0.0342100000  -0.0016630000   0.0355410000  -0.0024160000  -0.0135280000   0.0146200000
   6.7760783577   6.0677652097 1836  7.07E+00   2.0617550000   0.0259810000   2.7115170000   0.8740060000  -0.6781310000   2.0500570000  -1.9157240000   1.2129810000   7.0957360000  -1.5868250000   1.3875540000   8.2567150000  -1.3879480000   1.8181810000   9.2978510000   0.0226050000   0.0133290000   0.0125360000  -0.0222210000  -0.0134910000  -0.0128040000  -0.0250430000   0.0093990000  -0.0601900000   0.0439910000  -0.0033640000   0.1233610000  -0.0193310000  -0.0058720000  -0.0629020000
   6.7799286224   6.0681753913 1948  3.54E+00  -1.6389800000  -0.3174360000   2.0955860000  -0.0900510000  -0.5813520000   1.9437610000  -0.2423720000   1.8617120000   7.4963270000   0.2120490000   1.3048100000   8.4129780000   0.6361840000   0.7698600000   9.3496310000  -0.0410260000   0.0069330000   0.0039740000   0.0411000000  -0.0071960000  -0.0041710000   0.0080330000  -0.0099850000   0.0237240000   0.0047670000  -0.0051200000  -0.0017220000  -0.0128740000   0.0153660000  -0.0218050000
   6.7778944522   6.0676320635 2086  2.50E+00  -0.9484900000   1.0391800000   2.1614190000   0.0103650000  -0.0153420000   1.6987360000   0.1276600000   0.6584180000   9.9872530000  -0.0074810000   0.3056970000   8.8334770000  -0.1140490000  -0.1890800000   7.7626040000  -0.0115970000   0.0127960000   0.0055290000   0.0116050000  -0.0126640000  -0.0059170000   0.0093340000   0.0115490000   0.0704960000  -0.0096040000   0.0036830000  -0.0621640000   0.0002630000  -0.0153640000  -0.0079440000
   6.7783249061   6.0685522453 2134  2.17E+00   0.7078640000   1.8553360000   2.4464810000  -0.1786590000   0.8715820000   1.9203620000   0.8099810000  -2.1967200000   9.1345220000   0.3681590000  -1.3747920000   8.3959820000  -0.2386890000  -0.5533370000   7.8189490000  -0.0089290000  -0.0099630000  -0.0053740000   0.0090720000   0.0099270000   0.0050520000  -0.0008500000  -0.0185820000   0.0275330000   0.0064750000   0.0260730000  -0.0445200000  -0.0057680000  -0.0074540000   0.0173080000
   6.7789844596   6.0667541495 2134  2.36E+00   0.7060280000   1.8459180000   2.4411850000  -0.1787140000   0.8719590000   1.9202300000   0.8098400000  -2.1942260000   9.1379380000   0.3674160000  -1.3744030000   8.3968130000  -0.2376030000  -0.5574120000   7.8159010000  -0.0122790000  -0.0135720000  -0.0073040000   0.0124210000   0.0135360000   0.0069840000  -0.0005610000  -0.0189830000   0.0278150000   0.0040060000   0.0293950000  -0.0467860000  -0.0035870000  -0.0103760000   0.0192910000
   6.7782297618   6.0665435020 2317  3.21E+00  -0.8868520000  -0.9678220000   2.1391630000   0.0141580000   0.0138530000   1.7721700000   0.1025250000  -0.4741920000   9.6823900000  -0.0440280000   0.2793520000   8.7481420000  -0.0843070000   0.9439470000   7.7661820000   0.0258120000   0.0280840000  -0.0105460000  -0.0258190000  -0.0282650000   0.0102480000   0.0137580000  -0.0434740000   0.0451860000  -0.0194120000   0.0372610000  -0.0272720000   0.0056600000   0.0063940000  -0.0176160000
   6.7796335953   6.0672132707 2531  2.14E+00   0.9671990000   0.4138890000   1.9605400000  -0.1841810000  -0.4476870000   1.7846420000   0.5600640000   0.4144200000   7.7440000000   0.2590580000   1.0776400000   8.6703390000   0.1043710000   1.6740550000   9.7119450000  -0.0020350000  -0.0014840000  -0.0003830000   0.0019290000   0.0015440000   0.0000060000   0.0100660000  -0.0061370000   0.0057670000  -0.0110240000  -0.0201070000  -0.0655160000   0.0010640000   0.0261840000   0.0601250000
   6.7761562554   6.0688729023 2720  8.88E+00  -0.9148380000  -2.0089290000   2.3748590000  -0.0220200000  -0.8840480000   2.2611140000   0.0402960000   1.0477730000   8.5833990000   0.1578100000   1.8616950000   7.8323300000   0.0088450000   2.7840530000   7.0959150000   0.0040250000   0.0050410000  -0.0004740000  -0.0039510000  -0.0052300000   0.0005700000  -0.0048810000   0.1155420000  -0.0964390000   0.0259730000  -0.1303710000   0.0978800000  -0.0211670000   0.0150180000  -0.0015370000
   6.7767363074   6.0674143330 2738  5.93E+00   0.1431730000  -2.2309380000   2.6417010000   0.2444220000  -0.7354700000   2.1049040000  -0.0440440000   0.5356770000   8.0306520000  -0.3966610000   1.6451940000   8.1741810000  -0.8879070000   2.7306280000   8.1553700000  -0.0028540000  -0.0421530000   0.0150770000   0.0028380000   0.0422360000  -0.0152830000  -0.0114050000   0.0062400000  -0.0077230000   0.0321610000  -0.0308950000   0.0180600000  -0.0207400000   0.0245720000  -0.0101310000
   6.7799221780   6.0686687564 2938  2.69E+00  -2.0181820000   0.0864080000   2.4108480000  -0.7000700000  -0.2600710000   1.9971170000   2.3593980000   0.5634100000   8.7837450000   1.3205510000   0.7069380000   8.2789950000   0.2727400000   0.8869820000   7.8764580000   0.0137180000  -0.0036090000  -0.0043570000  -0.0135820000   0.0035210000   0.0041410000  -0.0229690000   0.0059540000  -0.0025550000  -0.0586450000   0.0050770000  -0.0383600000   0.0814770000  -0.0109430000   0.0411310000
   6.7751732743   6.0656429885 3238  4.20E+00   1.9910550000  -0.7191820000   2.5862330000   0.8164100000  -0.2582830000   2.0631630000  -0.9248680000   1.2135390000   9.0491600000  -1.5353720000   0.7534720000   8.1807460000  -2.1253240000   0.2437450000   7.3439010000  -0.0434460000   0.0170840000  -0.0193350000   0.0436550000  -0.0170160000   0.0192620000  -0.0191430000  -0.0188360000  -0.0257180000  -0.0186040000  -0.0098090000  -0.0309240000   0.0375380000   0.0285760000   0.0567150000
   6.7790324765   6.0690796956 3275  6.91E+00  -0.0551160000  -1.3435320000   2.2725810000  -0.3522220000   0.1145640000   1.7225200000   1.1997770000  -0.1717140000   9.8299080000   0.5447510000   0.1011400000   8.8686680000   0.1538370000   0.2959460000   7.7677440000   0.0081870000  -0.0401870000   0.0150540000  -0.0081860000   0.0401020000  -0.0155030000   0.0353170000  -0.0126260000   0.0186210000  -0.0492890000   0.0159890000  -0.0028460000   0.0139700000  -0.0032790000  -0.0153270000
   6.7755892885   6.0656503907 3277  6.16E-01  -0.3789640000   0.1561230000   7.0334770000  -0.6228450000  -0.9723240000   6.1384540000   1.3629110000   1.3052540000  -0.2034970000   1.1550100000   1.9976570000   0.6959470000   0.9045440000   2.7289720000   1.5821830000   0.0004620000   0.0021840000   0.0017980000  -0.0004610000  -0.0024240000  -0.0017930000  -0.0099040000   0.0271090000   0.0295220000   0.0113720000  -0.0280510000  -0.0236980000  -0.0014690000   0.0011820000  -0.0058290000
   6.7798292020   6.0662601782 3487  3.97E+00  -1.5483150000  -1.3104080000   3.1735700000  -1.2646060000  -0.3823380000   2.0579750000   1.8952320000   0.9682380000   7.0570630000   2.3338820000   1.0505920000   8.2054990000   2.7660310000   0.9228050000   9.3063170000  -0.0020940000  -0.0066380000   0.0078420000   0.0017650000   0.0064630000  -0.0082350000  -0.0294440000  -0.0169060000  -0.0800650000   0.0172280000   0.0325740000   0.0503860000   0.0125450000  -0.0154920000   0.0300730000
   6.7765323612   6.0660119126 3933  5.12E+00  -1.2337300000   0.0317220000   1.3553280000  -0.0891820000   0.3212240000   2.1595390000   0.0365000000   0.7873280000   8.2063110000   0.1922730000  -0.3113630000   7.9712330000   0.3422850000  -1.4721830000   7.9402560000   0.0101370000   0.0025710000   0.0071140000  -0.0101310000  -0.0025370000  -0.0069190000   0.0124970000  -0.0953380000  -0.0024570000  -0.0097190000   0.0810920000  -0.0153820000  -0.0027840000   0.0142120000   0.0176450000
