   6.7716225772   6.8333319521   45  2.58E+00  -1.8746700000   0.1333590000   2.6331750000  -1.1012360000  -1.0918070000   2.2893010000   3.1119130000   2.6644120000   7.4683190000   2.0480260000   2.1779440000   7.7602600000   0.9685910000   1.8326380000   8.1080520000  -0.0075340000   0.0119950000   0.0033540000   0.0076420000  -0.0119750000  -0.0033820000   0.0465200000   0.0303520000  -0.0088620000  -0.0287160000  -0.0338170000  -0.0013550000  -0.0179110000   0.0034450000   0.0102460000
   6.7721945971   6.8344932620  324  1.56E+00   0.3659100000  -0.0925810000   1.8340520000  -0.2740160000  -1.2981750000   2.1541070000  -0.4754980000   3.2868010000   8.1605290000   0.5077180000   2.6219860000   8.0367640000   1.4398020000   1.9217930000   7.9338070000  -0.0124860000  -0.0234660000   0.0062540000   0.0124220000   0.0235240000  -0.0062430000  -0.0301740000   0.0164970000   0.0055690000   0.0399740000  -0.0200280000  -0.0089340000  -0.0097360000   0.0034730000   0.0033540000
   6.7715552048   6.8304304995  462  2.68E+00  -2.2185930000  -0.2289300000   2.9592660000  -1.0764530000  -0.9623650000   2.2746850000   1.4620360000   1.5038330000   8.7213040000   1.9849080000   1.9748100000   7.7891800000   2.5637490000   2.5220680000   6.8858060000  -0.0191930000   0.0123360000   0.0115610000   0.0191760000  -0.0123670000  -0.0114440000   0.0082960000   0.0090280000  -0.0051130000  -0.0353320000  -0.0359200000   0.0375820000   0.0270540000   0.0269230000  -0.0325860000
   6.7713083822   6.8327890605  762  5.77E+00   1.4357820000  -1.3558990000   3.0348800000   0.4213840000  -0.9109240000   1.9061010000  -1.7460760000   2.6578920000   8.5075700000  -0.7984090000   1.9551550000   8.5025970000   0.1504870000   1.1968540000   8.4000130000   0.0272220000  -0.0119600000   0.0302270000  -0.0273050000   0.0119810000  -0.0303820000  -0.0128950000   0.0065370000  -0.0050580000  -0.0410000000   0.0393560000   0.0153230000   0.0539780000  -0.0459140000  -0.0101100000
   6.7740204184   6.8322992273  762  6.07E+00   1.4414180000  -1.3536720000   3.0361250000   0.4216490000  -0.9116060000   1.9051440000  -1.7478080000   2.6585270000   8.5124370000  -0.7983080000   1.9569190000   8.5052170000   0.1504650000   1.1981630000   8.3978820000   0.0279160000  -0.0121200000   0.0308940000  -0.0279980000   0.0121400000  -0.0310500000  -0.0142310000   0.0073220000  -0.0051500000  -0.0402050000   0.0392100000   0.0158930000   0.0545180000  -0.0465520000  -0.0105870000
   6.7708848252   6.8315095658  903  5.31E+00   1.6259680000   0.8648300000   2.8825240000   0.9569070000  -0.0744140000   1.7888920000  -1.1157970000   0.6597720000   9.6277720000  -1.7814550000   0.3258920000   8.7086630000  -2.4283400000   0.1004100000   7.7200860000   0.0186880000   0.0261890000   0.0305140000  -0.0185310000  -0.0261760000  -0.0305400000   0.0116920000   0.0120240000   0.0114070000   0.0121920000  -0.0101000000   0.0286940000  -0.0240410000  -0.0019370000  -0.0400750000
   6.7728284799   6.8310460372 1179  2.64E+00   1.2427600000   0.0140710000   2.0345570000  -0.2699720000  -0.1490790000   1.7720910000  -0.5585230000   0.9446890000   9.0871820000   0.4701910000   0.5337200000   8.7430820000   1.4755610000   0.0859710000   8.3721710000   0.0320890000   0.0034800000   0.0055620000  -0.0321760000  -0.0034360000  -0.0055500000   0.0256030000  -0.0133760000  -0.0100010000   0.0027790000   0.0038880000   0.0004050000  -0.0282960000   0.0094430000   0.0095840000
   6.7710878540   6.8331573091 1253  3.54E+00  -0.2693160000  -0.6276800000   2.6176200000   0.0063330000   0.0083800000   1.4385030000   0.3261450000  -0.0699210000   8.2637230000  -0.0426500000   0.1994570000   9.3341740000  -0.3087860000   0.6055590000  10.3811850000   0.0098990000   0.0229320000  -0.0426270000  -0.0099920000  -0.0229140000   0.0423150000  -0.0023270000   0.0170950000   0.0287130000  -0.0146810000  -0.0121940000   0.0109890000   0.0171010000  -0.0049190000  -0.0393900000
   6.7731378222   6.8345340076 1457  6.06E+00   1.4183740000  -0.4639140000   2.1576310000  -0.0191200000   0.0061160000   1.7665380000   1.0939580000   0.0270300000   8.9785360000   0.0061780000   0.2347390000   8.7449660000  -1.0924690000   0.4831080000   8.4993870000   0.0347400000  -0.0113590000   0.0095040000  -0.0346900000   0.0113440000  -0.0094390000  -0.0948210000   0.0211530000  -0.0199180000   0.0450700000  -0.0129300000   0.0079220000   0.0497010000  -0.0082070000   0.0119320000
   6.7715721206   6.8348356683 2355  2.50E+00   0.7790750000   1.2470450000   2.0275020000  -0.0077680000  -0.0144350000   1.8388660000  -1.1178380000   0.5752650000   8.5571230000  -0.0044060000   0.2732790000   8.6827350000   1.1108540000  -0.0992150000   8.6144860000   0.0095220000   0.0152840000   0.0023000000  -0.0095370000  -0.0152680000  -0.0022900000   0.0306240000  -0.0131690000  -0.0086780000  -0.0302020000   0.0178800000   0.0206790000  -0.0004080000  -0.0047270000  -0.0120100000
   6.7745141378   6.8307281767 2431  4.81E+00  -1.1564870000  -0.2050500000   2.3220550000   0.0147060000   0.0023830000   1.6570180000  -0.9956360000   0.5731400000   9.4218160000   0.0309620000   0.2628280000   8.9752570000   0.9718100000  -0.0817510000   8.4198370000   0.0453970000   0.0080570000  -0.0257770000  -0.0454860000  -0.0080200000   0.0257410000   0.0208090000  -0.0106710000  -0.0188850000   0.0404640000  -0.0070390000  -0.0071560000  -0.0611850000   0.0176740000   0.0260770000
   6.7742502498   6.8332460815 2554  7.02E+00  -1.9923510000   0.1929730000   3.9255950000  -2.0347310000   0.5819950000   2.4167330000   3.2762210000  -0.1318810000   6.6567120000   3.6412250000  -0.8527320000   7.5394280000   4.2777940000  -1.4590850000   8.3675840000   0.0009350000  -0.0092460000   0.0357140000  -0.0011560000   0.0091640000  -0.0357660000   0.0077020000   0.0261880000  -0.0261970000  -0.0531800000  -0.0051300000  -0.0086620000   0.0456990000  -0.0209760000   0.0349120000
   6.7725629669   6.8348718692 2554  7.41E+00  -1.9927300000   0.1849340000   3.9293720000  -2.0353040000   0.5822770000   2.4163070000   3.2793510000  -0.1338100000   6.6538930000   3.6414510000  -0.8522520000   7.5415540000   4.2773770000  -1.4584180000   8.3706930000   0.0009780000  -0.0098120000   0.0372190000  -0.0012010000   0.0097310000  -0.0372700000   0.0072370000   0.0272080000  -0.0280900000  -0.0529990000  -0.0057790000  -0.0068970000   0.0459850000  -0.0213480000   0.0350390000
   6.7713092870   6.8323112611 2606  7.19E+00  -0.6496570000   1.1173430000   2.6600400000  -0.0739370000   0.2665450000   1.4790630000  -0.1442250000   0.3894000000   8.3099080000   0.0786740000  -0.3559960000   9.2288630000   0.4953590000  -0.8360640000  10.2088210000  -0.0141570000   0.0209030000   0.0288860000   0.0141670000  -0.0210080000  -0.0292020000   0.0058510000   0.0400610000  -0.0223690000  -0.0136110000  -0.0628700000   0.0298420000   0.0077500000   0.0229140000  -0.0071570000
   6.7701987864   6.8336081443 2722  1.80E-01  -0.1184060000  -1.3825430000   3.2388910000   1.1228910000  -2.1083610000   2.8770850000  -1.8039170000   3.2678890000   5.9148360000  -2.0700750000   4.1144630000   6.6753870000  -2.2426150000   4.9478420000   7.5022460000  -0.0100400000   0.0057810000   0.0028870000   0.0101740000  -0.0060400000  -0.0030010000   0.0020680000   0.0112390000   0.0147340000  -0.0047190000  -0.0269810000  -0.0355410000   0.0025170000   0.0160020000   0.0209200000
   6.7740050820   6.8323589649 2961  1.83E+00   0.1327030000  -1.2274380000   2.3768890000  -0.0041490000   0.0125060000   1.6175000000   0.9683710000   0.3746610000   9.6585950000   0.0195620000   0.3225030000   8.9702210000  -0.9706940000   0.0857810000   8.3807500000   0.0003060000  -0.0023320000   0.0014270000  -0.0001580000   0.0023740000  -0.0014840000  -0.0061580000  -0.0125030000   0.0049240000   0.0057810000   0.0239530000  -0.0150720000   0.0002290000  -0.0114920000   0.0102050000
   6.7718509790   6.8332402212 2977  1.98E+00   0.2752980000   1.0772460000   2.5442170000  -0.0020560000  -0.0161940000   1.4795260000  -0.3808320000   0.8131210000  10.2045170000  -0.0110680000   0.2555490000   9.2599280000   0.3820670000  -0.3042810000   8.2958760000   0.0062000000   0.0246090000   0.0238380000  -0.0062760000  -0.0244860000  -0.0240810000   0.0111380000  -0.0145940000  -0.0252550000  -0.0151990000   0.0183600000   0.0311460000   0.0041370000  -0.0038880000  -0.0056480000
   6.7706398079   6.8300975617 2977  1.22E+01  -0.4612580000   0.1676650000   2.2028110000   0.5932000000  -1.1203720000   1.8261710000  -1.0750170000   2.2221950000   9.8127540000  -1.0729470000   2.2241500000   8.6245140000  -1.0530500000   2.3806660000   7.4549210000  -0.0391060000   0.0477120000   0.0138680000   0.0391710000  -0.0479200000  -0.0140400000   0.0009930000   0.0099540000   0.0282750000  -0.0019540000  -0.0211750000  -0.0246690000   0.0008960000   0.0114280000  -0.0034350000
   6.7713084164   6.8302505482 3002  3.02E+00  -0.2310020000  -0.1437870000   2.4793290000   1.0742020000  -0.0959910000   1.6327670000  -1.2812720000   0.4940290000   8.0168050000  -1.9251810000   0.4446790000   9.0088070000  -2.6237730000   0.3482850000   9.9108640000  -0.0303650000  -0.0011390000   0.0195470000   0.0304250000   0.0010800000  -0.0199180000  -0.0003820000  -0.0027930000  -0.0105870000  -0.0307790000   0.0012640000   0.0621020000   0.0311020000   0.0015880000  -0.0511440000
   6.7732168711   6.8327491222 3038  3.81E+00   1.9302880000   1.2290820000   2.9911070000   1.4974030000  -0.0726900000   2.3383000000  -3.4822060000  -0.2639570000   7.0130590000  -2.8366610000   0.3817250000   7.7276300000  -1.9883280000   0.9506670000   8.3205390000   0.0071730000   0.0216250000   0.0108400000  -0.0071890000  -0.0216190000  -0.0108610000   0.0328310000   0.0142950000   0.0142090000  -0.0487260000  -0.0108110000  -0.0086560000   0.0159100000  -0.0034910000  -0.0055320000
   6.7709899417   6.8304555635 3277  4.99E+00  -0.5071280000  -1.0517160000   5.4777090000  -0.3207540000  -2.3986040000   5.4690090000   0.8974460000   5.4242290000   1.1101150000   0.6733070000   4.6069940000   1.9518220000   0.2309750000   3.8504630000   2.7671800000   0.0075400000  -0.0546530000  -0.0003070000  -0.0075140000   0.0543500000   0.0003880000  -0.0061430000   0.0296820000  -0.0282000000   0.0317380000  -0.0131030000   0.0072780000  -0.0256200000  -0.0162770000   0.0208410000
   6.7745508064   6.8327446525 3309  3.51E+00  -2.2025060000   0.2076280000   4.7549950000  -2.4847800000  -0.0433530000   3.4348050000   4.9099260000   0.4220510000   6.7594290000   4.5088660000   0.2983360000   5.6735790000   4.2536450000   0.2451000000   4.5287990000  -0.0093490000  -0.0083300000  -0.0437500000   0.0092910000   0.0083260000   0.0438920000   0.0033230000   0.0025660000  -0.0239930000  -0.0167910000  -0.0078290000   0.0194580000   0.0135260000   0.0052670000   0.0043930000
   6.7728763256   6.8313951299 3317  1.92E+00  -1.7826230000  -1.0403390000   3.3228560000  -0.8039390000  -1.9905140000   2.9646050000   1.6720290000   3.9104210000   5.3555270000   1.5081890000   3.9212440000   6.5516490000   1.3231590000   3.8402430000   7.7120600000   0.0155620000  -0.0151350000  -0.0056670000  -0.0156280000   0.0150350000   0.0057520000   0.0064850000  -0.0047280000  -0.0536040000  -0.0037210000   0.0105340000   0.0446460000  -0.0026980000  -0.0057060000   0.0088730000
   6.7748467776   6.8346774826 3317  2.48E+00  -1.7685270000  -1.0428530000   3.3106380000  -0.8041570000  -1.9905260000   2.9649440000   1.6738020000   3.9135090000   5.3555310000   1.5081190000   3.9220230000   6.5528820000   1.3216360000   3.8367910000   7.7102030000   0.0215000000  -0.0211560000  -0.0076770000  -0.0215670000   0.0210530000   0.0077630000   0.0068300000  -0.0047670000  -0.0556800000  -0.0047800000   0.0104250000   0.0514340000  -0.0019820000  -0.0055550000   0.0041600000
   6.7732958675   6.8329804978 3442  2.32E+00   0.7005540000   1.2686470000   2.1896620000   0.5732080000  -0.0941370000   1.8164920000  -0.1392960000   0.8931710000   9.1247980000  -1.0602700000   0.3843270000   8.6700180000  -1.9716400000  -0.1037950000   8.1578860000  -0.0015880000  -0.0170920000  -0.0046480000   0.0016520000   0.0171200000   0.0046940000  -0.0496650000  -0.0261440000  -0.0279750000   0.0104560000   0.0037720000   0.0088530000   0.0391440000   0.0223440000   0.0190760000
   6.7712638840   6.8316846718 3464  3.27E+00  -1.1404150000  -0.7909480000   2.1986420000   0.0176250000   0.0103070000   1.7642900000  -1.0734170000   0.7707750000   8.9362020000   0.0008710000   0.2162810000   8.7965940000   1.0565900000  -0.2471060000   8.5116010000  -0.0066330000  -0.0045880000   0.0025110000   0.0066050000   0.0045900000  -0.0024910000  -0.0619450000   0.0368370000   0.0005130000   0.0405650000  -0.0324000000   0.0127020000   0.0214080000  -0.0044390000  -0.0132340000
   6.7745951682   6.8345875758 3474  7.68E+00  -1.8407490000  -0.6512840000   2.6047090000  -0.5095400000  -0.2027660000   1.8743940000   2.0490310000   0.4068440000   8.1826170000   0.9928990000   0.5850970000   8.6327220000  -0.1336590000   0.8952950000   8.8127340000  -0.0360620000  -0.0121710000   0.0197980000   0.0360670000   0.0121370000  -0.0198120000  -0.0344560000   0.0144040000  -0.0048980000   0.0423570000  -0.0246710000   0.0219740000  -0.0079070000   0.0103010000  -0.0170630000
   6.7738246880   6.8303241059 3479  2.64E+00   0.6761580000   0.1707300000   2.1674920000  -0.7443690000   0.2303040000   1.7226000000   0.5045580000   0.5506640000   8.4301240000   1.2951290000  -0.1797570000   8.9038660000   2.1981520000  -0.8889970000   9.1473240000   0.0141690000  -0.0006200000   0.0044150000  -0.0141310000   0.0005350000  -0.0045450000   0.0117610000  -0.0021330000  -0.0117050000  -0.0155860000  -0.0023170000   0.0277900000   0.0037880000   0.0045360000  -0.0159550000
   6.7734490762   6.8307743384 3514  6.04E+00   0.9257830000  -1.1735600000   2.1587880000  -0.0081470000   0.0119510000   1.7730150000  -0.4335850000   1.3608580000   8.9267500000   0.0633100000   0.2694940000   8.7202930000   0.3684170000  -0.8612410000   8.5372750000   0.0219300000  -0.0278060000   0.0090650000  -0.0219190000   0.0278780000  -0.0090200000  -0.0390950000   0.0587900000   0.0139420000   0.0452460000  -0.0375090000  -0.0136720000  -0.0061610000  -0.0213530000  -0.0003150000
   6.7714283804   6.8300568776 3848  4.34E+00  -1.1157140000   0.3819370000   2.3052110000   0.0137550000  -0.0050600000   1.6355490000  -0.9549950000   0.5835730000   9.5452400000   0.0326210000   0.3045550000   8.9781100000   0.9321020000  -0.1233230000   8.4025520000   0.0399820000  -0.0136840000  -0.0236970000  -0.0400720000   0.0137470000   0.0236770000   0.0012970000  -0.0127210000  -0.0040300000   0.0483250000   0.0026090000  -0.0247850000  -0.0495320000   0.0100490000   0.0288350000
