   6.7810060660   6.0349785830  312  4.78E+00  -0.7981990000  -0.7931900000   1.9568720000   0.7350230000  -0.6509740000   2.0014180000  -1.6035840000   1.3702040000   7.1847300000  -1.4125360000   1.4300600000   8.3335320000  -0.9566210000   1.5450270000   9.4416530000  -0.0316080000  -0.0029860000  -0.0009980000   0.0317970000   0.0027990000   0.0007020000   0.0201510000   0.0054110000   0.0214240000  -0.0549600000  -0.0134080000  -0.0619680000   0.0346190000   0.0081840000   0.0408390000
   6.7849935634   6.0304518425  442  1.77E+00   0.6751640000  -1.2219480000   2.0348250000  -0.0085450000   0.0166310000   1.8039070000   0.0039080000  -0.4585430000   9.6241440000   0.0272130000   0.1907870000   8.6394050000  -0.0242010000   0.9969240000   7.7541280000  -0.0047580000   0.0085640000  -0.0016140000   0.0047820000  -0.0088150000   0.0013350000  -0.0049300000   0.0026910000   0.0175730000   0.0111290000  -0.0360510000   0.0001260000  -0.0062240000   0.0336120000  -0.0174200000
   6.7828523573   6.0333294396  530  2.26E+00   1.3039000000   0.9109290000   2.1734970000   0.0660300000   0.4188430000   1.8319800000   0.0320070000   0.3712770000   7.8650260000  -0.1240250000  -0.5264360000   8.6466800000  -0.3508240000  -1.4376040000   9.3588430000  -0.0397850000  -0.0158480000  -0.0110600000   0.0397900000   0.0157030000   0.0106580000   0.0008220000   0.0294390000  -0.0285950000   0.0061430000  -0.0179670000   0.0246000000  -0.0069700000  -0.0113260000   0.0043970000
   6.7828867118   6.0304719920  534  1.80E+01   0.8987860000  -1.9479750000   2.1646130000   1.5497620000  -0.9615200000   3.2465110000  -3.6457640000   1.2866840000   5.6582590000  -2.9395390000   2.1187480000   6.0034380000  -1.9440450000   2.7352430000   6.4859320000  -0.0191630000  -0.0289700000  -0.0317970000   0.0191170000   0.0288650000   0.0316510000   0.0538570000   0.0315660000   0.0270000000  -0.1598120000  -0.0751530000  -0.0795270000   0.1060020000   0.0436930000   0.0526720000
   6.7830308448   6.0308704933  544  5.69E+00  -0.5558080000   1.3840230000   1.6015440000   0.0050150000  -0.0148650000   2.0679990000  -1.1326380000   0.1963660000   8.3840680000   0.0042470000   0.2489800000   8.2654410000   1.1394190000   0.2914410000   7.9832930000  -0.0148040000   0.0368930000  -0.0122890000   0.0146820000  -0.0369010000   0.0122450000   0.0657210000   0.0023010000  -0.0174980000  -0.0492690000  -0.0009530000   0.0234660000  -0.0163310000  -0.0013410000  -0.0059240000
   6.7847534068   6.0336463803  580  8.12E+00  -0.7302990000  -0.0005070000   1.8975820000  -0.6580450000  -1.2766380000   2.2705860000   1.9605030000   3.3072300000   8.3029260000   1.1334350000   2.6036080000   7.8790500000   0.5210840000   1.8017970000   7.3240780000   0.0041710000  -0.0736700000   0.0214560000  -0.0042010000   0.0735320000  -0.0218680000  -0.0007230000  -0.0211320000  -0.0177340000  -0.0472370000  -0.0140680000  -0.0028280000   0.0479900000   0.0353370000   0.0209730000
   6.7838596944   6.0321829737  694  1.31E+00  -0.8406090000   0.4861860000   1.9562010000   0.1858330000  -0.5287640000   1.7983910000  -0.1169170000   0.6235460000   7.7117450000  -0.2784770000   1.2057100000   8.6783320000  -0.5491680000   1.7691500000   9.6698080000   0.0006710000  -0.0006570000  -0.0001800000  -0.0006840000   0.0006680000  -0.0002480000  -0.0193060000   0.0399950000   0.0720750000   0.0256340000  -0.0354150000  -0.0681040000  -0.0063160000  -0.0045920000  -0.0035430000
   6.7813156088   6.0321863905  731  6.20E-01  -1.8542980000  -1.3347170000   3.4171480000  -2.2113130000  -0.0077510000   3.0715890000   4.7950560000   0.2367830000   7.2499150000   4.0552210000   0.2758940000   6.3274330000   3.3213670000   0.3665780000   5.4457420000  -0.0047870000   0.0175060000  -0.0045660000   0.0043900000  -0.0175900000   0.0044980000   0.0108880000   0.0030540000   0.0154960000  -0.0465350000  -0.0025930000  -0.0595180000   0.0360440000  -0.0003770000   0.0440910000
   6.7833054559   6.0335341583 1481  3.72E+00  -1.2817030000  -0.6567900000   1.9267600000  -0.6596890000   0.7989390000   2.0555090000   0.7655470000  -0.1767650000   7.8365330000   1.2191250000  -1.1929350000   8.2094060000   1.6946580000  -2.1887470000   8.6147840000  -0.0172500000  -0.0404580000  -0.0035840000   0.0172420000   0.0403290000   0.0033170000   0.0043400000  -0.0041090000   0.0060370000  -0.0077400000   0.0066800000  -0.0100620000   0.0034080000  -0.0024420000   0.0042910000
   6.7822593125   6.0328149763 2007  1.04E+01  -1.5390700000  -2.4250120000   3.2279320000  -0.7168490000  -1.2749630000   2.7228670000   1.9305790000   3.0024080000   6.0530440000   1.3379080000   2.4942430000   6.9052910000   0.7421430000   2.3331100000   7.9623460000  -0.0103970000  -0.0145520000   0.0064000000   0.0104740000   0.0146360000  -0.0062130000  -0.0232300000   0.0034920000   0.0484570000   0.0537940000  -0.0187880000  -0.1178600000  -0.0306410000   0.0152120000   0.0692160000
   6.7804207067   6.0317327973 2012  6.31E+00   1.2444800000  -0.5224640000   2.2739080000   0.0331040000  -0.1952450000   1.7426840000   0.3016980000   1.1544750000   9.7805020000  -0.1218650000   0.5397380000   8.8297400000  -0.4539460000   0.1360410000   7.7455860000  -0.0469910000   0.0127070000  -0.0207000000   0.0471160000  -0.0126970000   0.0202620000   0.0263670000   0.0429090000   0.0400150000  -0.0191600000  -0.0402520000   0.0066830000  -0.0073340000  -0.0026670000  -0.0462600000
   6.7822686019   6.0313340463 2147  4.72E+00   1.7773930000   0.2744380000   2.5700290000   0.7518670000  -0.7444230000   1.9619660000  -1.1891530000   1.4435570000   7.2366390000  -1.5018220000   1.5889060000   8.3595100000  -1.5504210000   1.7518700000   9.5286440000   0.0257870000   0.0255150000   0.0151550000  -0.0255930000  -0.0257200000  -0.0155690000   0.0143050000   0.0030190000   0.0139260000  -0.0314970000  -0.0056610000  -0.0280970000   0.0169990000   0.0028460000   0.0145860000
   6.7828748504   6.0340478334 2167  6.92E+00   1.0269400000  -1.0096280000   1.4955250000  -0.0146330000   0.0137110000   2.1040060000  -0.6669670000   1.2165890000   8.2792480000   0.0476470000   0.2880590000   8.0806890000   0.6395770000  -0.7500300000   8.0536650000   0.0279920000  -0.0274990000  -0.0163880000  -0.0280050000   0.0276050000   0.0164950000  -0.0213580000   0.0111510000   0.0157640000   0.0132700000   0.0229770000  -0.0275700000   0.0081010000  -0.0342340000   0.0116990000
   6.7831388556   6.0337580658 2187  5.10E+00  -2.0994050000  -1.2525320000   3.0350170000  -0.9065170000  -0.6775690000   2.1759350000   1.2404760000   1.5537160000   9.0635630000   1.6465420000   1.4982220000   7.9758880000   2.1831090000   1.4721060000   6.8917960000  -0.0316660000  -0.0152430000   0.0228090000   0.0313570000   0.0151120000  -0.0228820000   0.0147380000   0.0012140000  -0.0160670000  -0.0470290000  -0.0026090000   0.0612930000   0.0325990000   0.0015260000  -0.0451530000
   6.7848633470   6.0302433323 2796  1.03E+00  -1.3633850000   1.5974290000   2.4677180000  -0.6775910000   0.3805700000   1.9722630000   0.2661400000   0.0181030000   7.9171620000   1.2695350000  -0.4533650000   8.3750310000   2.2507770000  -0.9913950000   8.7914910000  -0.0054620000   0.0097090000   0.0038730000   0.0055560000  -0.0097380000  -0.0042150000  -0.0353750000   0.0120440000  -0.0161910000   0.0035010000   0.0100560000   0.0044340000   0.0317820000  -0.0220720000   0.0120990000
   6.7825246669   6.0327226997 2802  4.42E+00   1.3052940000  -1.2695570000   2.4844450000   0.1920220000  -0.5725900000   1.8752350000  -0.2927660000   1.7104830000   7.4381750000  -0.2991250000   1.3538930000   8.5297730000  -0.5239250000   0.9004670000   9.6378400000  -0.0022570000   0.0013830000  -0.0012510000   0.0023230000  -0.0015920000   0.0010490000  -0.0146600000  -0.0230840000   0.0568140000   0.0410510000   0.0540990000  -0.1188690000  -0.0264570000  -0.0308070000   0.0622570000
   6.7849679372   6.0310915517 3031  2.91E+00  -0.7779840000   1.7531310000   2.2362590000  -0.7496090000   0.3668530000   2.0518240000   0.6129880000   0.3625000000   7.9269730000   1.4066210000  -0.4110810000   8.2843560000   2.1238120000  -1.3088370000   8.4669840000   0.0005990000  -0.0289490000  -0.0039090000  -0.0005510000   0.0288590000   0.0036190000   0.0152750000  -0.0286370000  -0.0013100000   0.0054350000   0.0181580000   0.0172400000  -0.0207590000   0.0105690000  -0.0156400000
   6.7836430751   6.0346701964 3128  3.52E+00  -0.8099070000   0.7386510000   1.3659110000   0.0095650000  -0.0107690000   2.1439790000   1.1514630000   0.5059240000   8.0470580000   0.0014880000   0.2440940000   8.0826710000  -1.1493220000   0.0057560000   8.0928940000   0.0349420000  -0.0319550000   0.0331670000  -0.0349530000   0.0319500000  -0.0331140000   0.0085170000   0.0035360000  -0.0002420000  -0.0076670000  -0.0049510000   0.0002090000  -0.0008390000   0.0014200000  -0.0000200000
   6.7841912580   6.0322046537 3132  8.34E-01  -1.2866090000  -0.4975960000   1.7577360000   0.0145700000   0.0071400000   1.9915940000   0.9875880000  -0.2360990000   8.7589170000   0.0018570000   0.2656090000   8.3745800000  -0.9806880000   0.7200740000   7.8982580000   0.0182120000   0.0070440000   0.0032420000  -0.0180500000  -0.0071270000  -0.0033470000  -0.0042280000  -0.0007820000  -0.0067940000   0.0127020000  -0.0002550000   0.0151500000  -0.0086360000   0.0011200000  -0.0082510000
   6.7806361186   6.0314155341 3204  3.35E+00   1.1363550000  -0.9916960000   1.8860560000  -0.0170390000   0.0129230000   1.9379900000  -0.9767470000   0.4741870000   7.8746700000   0.0136910000   0.2937450000   8.4483950000   0.9799740000  -0.0090880000   8.9867250000   0.0217500000  -0.0189040000  -0.0009500000  -0.0215600000   0.0188760000   0.0008320000   0.0328770000  -0.0151930000   0.0196990000   0.0192820000   0.0083530000   0.0102330000  -0.0523490000   0.0068680000  -0.0298140000
   6.7843111708   6.0349726736 3224  2.53E+00   0.2191970000  -0.7307680000   1.6601160000   0.4458150000   0.5919440000   1.9685400000  -0.4485680000  -0.2578740000   9.3488530000  -0.8259700000  -0.7789790000   8.3632630000  -1.1716970000  -1.3799470000   7.4381100000   0.0071000000   0.0413740000   0.0095950000  -0.0069580000  -0.0411630000  -0.0097360000   0.0032200000  -0.0040100000   0.0079870000  -0.0176340000  -0.0120270000  -0.0477500000   0.0142710000   0.0158270000   0.0399040000
   6.7802040945   6.0305963915 3720  7.17E-01   1.3327370000   0.2351550000   2.1484950000  -0.0164940000   0.0004700000   1.7425000000   0.5193760000   0.0568190000   9.8263950000  -0.0379220000   0.2524290000   8.7886880000  -0.4924990000   0.4241940000   7.7393300000  -0.0118520000  -0.0020810000  -0.0036250000   0.0119860000   0.0020200000   0.0032700000   0.0229450000  -0.0072490000   0.0300150000  -0.0449720000   0.0145840000  -0.0664990000   0.0218940000  -0.0072730000   0.0368400000
   6.7812503452   6.0305231840 3752  5.97E+00   1.0504080000  -0.6481380000   1.4580850000   1.5173430000   0.0339290000   2.7747900000  -2.0053330000   0.6175100000   7.7526660000  -2.8150190000   0.2152530000   6.9624820000  -3.5256000000  -0.2200400000   6.0719760000  -0.0107030000  -0.0156750000  -0.0302820000   0.0107520000   0.0156950000   0.0302930000   0.0374460000   0.0145280000   0.0274160000   0.0010080000   0.0135220000   0.0308080000  -0.0385030000  -0.0280690000  -0.0582350000
   6.7843556294   6.0337117330 3752  5.91E+00   1.0587230000  -0.6453860000   1.4618350000   1.5173070000   0.0339750000   2.7749520000  -2.0020820000   0.6181080000   7.7491850000  -2.8158850000   0.2163460000   6.9638630000  -3.5285470000  -0.2218640000   6.0733730000  -0.0100100000  -0.0148700000  -0.0287640000   0.0100610000   0.0148910000   0.0287740000   0.0372030000   0.0140720000   0.0264740000   0.0029220000   0.0153470000   0.0340570000  -0.0401760000  -0.0294410000  -0.0605410000
   6.7807452600   6.0312668991 3766  1.60E+00   0.7445720000   1.1214370000   1.6075890000  -0.0102370000  -0.0190680000   2.0555370000  -0.6248090000  -0.7005110000   8.0165870000  -0.0013090000   0.2394990000   8.2892320000   0.6300070000   1.2329700000   8.3947710000  -0.0037770000  -0.0057080000   0.0022560000   0.0038150000   0.0057540000  -0.0022940000   0.0172690000   0.0289330000  -0.0022980000  -0.0225030000  -0.0400030000   0.0115880000   0.0051960000   0.0110260000  -0.0092510000
