   6.7801451040   6.3890351647   62  3.52E+00  -0.1731060000   1.1265310000   2.0982590000   1.0752690000   0.5639190000   1.9768630000  -1.2480350000   0.0628520000   7.9073740000  -1.9315430000  -0.8087300000   8.3538990000  -2.6612120000  -1.6553910000   8.8174470000   0.0404480000  -0.0182590000  -0.0039840000  -0.0404370000   0.0181640000   0.0037410000   0.0168020000   0.0267740000  -0.0104370000   0.0248630000   0.0170280000  -0.0154850000  -0.0416750000  -0.0437070000   0.0261650000
   6.7824689983   6.3884248597   62  3.73E+00  -0.1635800000   1.1341310000   2.0987600000   1.0753220000   0.5639570000   1.9768110000  -1.2507920000   0.0603080000   7.9053440000  -1.9298380000  -0.8097170000   8.3520530000  -2.6605990000  -1.6527730000   8.8210900000   0.0436500000  -0.0201190000  -0.0043460000  -0.0436390000   0.0200240000   0.0041080000   0.0129190000   0.0224980000  -0.0078860000   0.0290790000   0.0209010000  -0.0186100000  -0.0420100000  -0.0433030000   0.0267340000
   6.7846732276   6.3878392611   62  3.93E+00  -0.1549130000   1.1421270000   2.0993470000   1.0753860000   0.5639900000   1.9767580000  -1.2535650000   0.0577360000   7.9033240000  -1.9281810000  -0.8107390000   8.3502370000  -2.6599350000  -1.6501020000   8.8246990000   0.0462410000  -0.0217590000  -0.0046560000  -0.0462300000   0.0216640000   0.0044230000   0.0090050000   0.0181430000  -0.0052800000   0.0332210000   0.0247230000  -0.0217200000  -0.0422360000  -0.0427710000   0.0272340000
   6.7808185373   6.3870090916  191  7.47E+00  -0.3794150000   1.6556820000   2.0852950000   0.1633000000   0.2310700000   1.7935360000  -0.1109640000  -1.1197380000   8.0300400000  -0.2743950000  -0.1640220000   8.6165390000  -0.4747060000   0.6722080000   9.4140160000  -0.0122690000   0.0322490000   0.0066740000   0.0122560000  -0.0321160000  -0.0066280000  -0.0171810000   0.0747090000   0.0692610000   0.0175630000  -0.0555550000  -0.0764450000  -0.0003680000  -0.0192880000   0.0071380000
   6.7846133532   6.3865890949  296  6.14E+00  -1.1984560000  -0.4072600000   2.4877840000   0.0167950000   0.0016940000   1.5610280000   0.1075560000  -0.0376420000   7.9468510000   0.0480480000   0.2023210000   9.1289900000  -0.1520010000   0.5906320000  10.2483520000  -0.0327850000  -0.0110180000   0.0248400000   0.0327310000   0.0110370000  -0.0252550000  -0.0054100000  -0.0017450000  -0.0528590000   0.0221430000  -0.0235030000   0.0086180000  -0.0166800000   0.0252290000   0.0446550000
   6.7845635224   6.3853477696  356  5.29E+00  -0.2100910000  -0.3572810000   2.0707750000  -1.4909250000   0.1127820000   2.0702050000   2.0684870000   0.5001150000   7.3572860000   2.7257660000   0.0224030000   8.1754360000   3.3445690000  -0.3700100000   9.0370650000  -0.0485310000   0.0177550000  -0.0001030000   0.0483560000  -0.0178940000  -0.0002380000   0.0302970000  -0.0165940000   0.0452750000   0.0250140000  -0.0231330000   0.0242390000  -0.0551370000   0.0398670000  -0.0691730000
   6.7808708314   6.3886770950  524  8.00E+00  -1.2142140000  -0.8766990000   2.1990240000   0.0174190000   0.0106580000   1.7550550000   0.9483140000  -0.0859800000   8.0748090000  -0.0024690000   0.2900450000   8.7679350000  -0.9569550000   0.5579220000   9.4406070000  -0.0331890000  -0.0238590000   0.0119470000   0.0330110000   0.0239210000  -0.0121040000   0.0714420000  -0.0339770000  -0.0513850000  -0.0319450000   0.0286990000   0.0244240000  -0.0393190000   0.0052160000   0.0271170000
   6.7816588886   6.3857196954  626  9.17E+00  -1.5791560000  -0.1008720000   2.8380460000  -1.4226370000  -1.4479350000   2.6411590000   2.8310120000   3.3047070000   8.2280170000   2.7573360000   2.9113080000   7.0939250000   2.3035470000   2.4351510000   6.0783980000   0.0053440000  -0.0467760000  -0.0068780000  -0.0056090000   0.0465260000   0.0067030000  -0.0200300000   0.0097490000   0.0493160000   0.0599120000   0.0131030000  -0.0176110000  -0.0396170000  -0.0226020000  -0.0315300000
   6.7802989008   6.3877766646  674  1.13E+00   1.2407060000  -1.1024130000   2.7451030000   0.5754580000  -0.3771110000   1.7246790000  -0.5510770000   1.2223420000   7.8054980000  -1.0789930000   0.9315280000   8.7828620000  -1.5910730000   0.7188760000   9.8160170000  -0.0085960000   0.0093170000  -0.0132410000   0.0086020000  -0.0095000000   0.0129780000  -0.0269570000  -0.0091190000   0.0569860000   0.0237610000   0.0027200000  -0.0567430000   0.0031900000   0.0065820000   0.0000190000
   6.7814118893   6.3853381173  856  7.23E+00  -0.0012090000   1.6235230000   1.9613530000  -0.1737840000   0.2734580000   1.9566710000  -0.0988640000   0.7939030000   8.6918820000   0.3026060000  -0.2812670000   8.4626620000   0.7396950000  -1.3630840000   8.0607540000  -0.0068630000  -0.0536000000  -0.0001600000   0.0068120000   0.0537030000   0.0001480000   0.0030400000  -0.0029580000  -0.0095530000  -0.0365000000   0.0810240000   0.0468270000   0.0335110000  -0.0781700000  -0.0372620000
   6.7805486348   6.3882386265 1324  4.28E+00  -0.7027120000  -0.7411180000   2.0749660000  -0.5560260000  -2.0432550000   2.9209390000   1.2415390000   5.1101630000   6.5067740000   1.0829460000   3.9744300000   6.6082730000   0.7666960000   2.8451240000   6.8150050000  -0.0034890000   0.0310480000  -0.0202270000   0.0034660000  -0.0311600000   0.0199180000  -0.0168030000  -0.0436220000   0.0114460000   0.0320810000   0.0596220000  -0.0228550000  -0.0152560000  -0.0158880000   0.0117190000
   6.7817924886   6.3894405258 1451  4.11E+00  -1.4334450000  -0.5594560000   2.3194390000  -0.3219130000   0.0127490000   1.7960740000   0.5875600000   1.2455300000   9.2621340000   0.6275060000   0.2175440000   8.7336000000   0.6393940000  -0.7495860000   8.0666150000   0.0477530000   0.0246290000  -0.0225290000  -0.0478100000  -0.0244680000   0.0223450000  -0.0005860000  -0.0275810000  -0.0252820000   0.0023070000   0.0171330000   0.0289780000  -0.0016650000   0.0102870000  -0.0035110000
   6.7844273842   6.3875121056 1590  2.03E+00   1.4475020000  -0.1436950000   2.5186060000   0.3418190000   0.4954890000   1.6522720000  -0.9142880000  -1.2421800000   9.8981670000  -0.6535640000  -0.6582140000   8.9489440000  -0.3934070000  -0.0415660000   7.9745600000   0.0233940000  -0.0135410000   0.0181900000  -0.0233340000   0.0134640000  -0.0186120000   0.0129870000   0.0315690000  -0.0490540000  -0.0137530000  -0.0362900000   0.0533850000   0.0007060000   0.0047970000  -0.0039090000
   6.7834028766   6.3852698648 1590  1.57E+00   1.4386000000  -0.1392850000   2.5183640000   0.3420530000   0.4956450000   1.6518510000  -0.9141230000  -1.2410090000   9.9022450000  -0.6527380000  -0.6567710000   8.9505540000  -0.3948040000  -0.0448780000   7.9713880000   0.0216050000  -0.0125260000   0.0169330000  -0.0215440000   0.0124520000  -0.0173540000   0.0115430000   0.0283590000  -0.0446690000  -0.0125770000  -0.0338150000   0.0509670000   0.0009720000   0.0055310000  -0.0058760000
   6.7812478487   6.3889742650 1824  5.17E+00  -1.7145830000  -2.1025950000   3.9295830000  -0.8824690000  -1.4796120000   2.8741320000   2.4433880000   3.1103830000   5.8219470000   1.6301530000   3.0944370000   6.7204470000   0.8481500000   2.7763150000   7.5325390000  -0.0064960000  -0.0048510000   0.0082320000   0.0064170000   0.0048380000  -0.0082350000   0.0384890000  -0.0173290000  -0.0442970000  -0.0469420000   0.0331050000   0.0553680000   0.0085310000  -0.0157630000  -0.0110680000
   6.7827059547   6.3888923822 2087  5.05E+00  -1.0721720000  -1.8618960000   2.5956340000   0.2825970000  -1.2128800000   2.3083460000  -0.3411830000   1.7405330000   8.6878020000  -0.5132850000   2.5075540000   7.7532160000  -0.6173030000   3.2394500000   6.8011050000  -0.0252330000  -0.0120850000   0.0053810000   0.0252390000   0.0120150000  -0.0053240000   0.0148060000  -0.0509870000   0.0603520000  -0.0136530000   0.0184600000  -0.0169890000  -0.0011580000   0.0325970000  -0.0434210000
   6.7825989239   6.3863233183 2153  3.68E+00   0.1406470000   1.4355720000   1.6903030000  -0.0005230000  -0.0188020000   1.9838080000  -1.1748530000   0.5225350000   8.2378490000  -0.0030960000   0.2081690000   8.3593710000   1.1709300000   0.0123230000   8.4738790000   0.0014370000   0.0146810000  -0.0029550000  -0.0013730000  -0.0147200000   0.0030080000  -0.0698650000   0.0254610000  -0.0061210000   0.0292880000  -0.0253700000   0.0013450000   0.0405130000  -0.0000510000   0.0047220000
   6.7833247812   6.3877647613 2424  1.04E+00  -1.3109830000  -0.3366650000   2.1186990000   0.0204410000   0.0080230000   1.7531990000  -0.4311500000  -0.5647480000   9.5041650000   0.0086430000   0.2068630000   8.7501890000   0.4051670000   1.0782740000   8.0389040000   0.0144080000   0.0036860000  -0.0039510000  -0.0144850000  -0.0038740000   0.0038210000   0.0029230000   0.0164750000  -0.0062750000  -0.0089460000  -0.0421700000   0.0173630000   0.0061010000   0.0258840000  -0.0109590000
   6.7839153329   6.3894910891 2444  2.24E+00   0.2814650000   1.3576380000   1.9435820000  -0.0030100000  -0.0160120000   1.8113820000  -0.7984710000  -0.4431170000   8.1367610000   0.0392400000   0.2208390000   8.6271830000   0.7663140000   0.9594420000   9.2191050000  -0.0046500000  -0.0226010000  -0.0021390000   0.0047750000   0.0226730000   0.0021260000  -0.0070300000   0.0046820000   0.0082410000  -0.0060230000  -0.0297210000  -0.0318020000   0.0129280000   0.0249680000   0.0235730000
   6.7823360544   6.3892168696 2630 -1.46E-01  -0.8609730000  -0.9550660000   2.5213610000   0.4096880000  -1.1867090000   1.9514360000  -0.2524630000   2.1791480000   7.3416730000  -0.7177610000   2.4178820000   8.4037750000  -1.2005550000   2.6803180000   9.4460370000   0.0194370000  -0.0036130000  -0.0087940000  -0.0194830000   0.0033620000   0.0085100000   0.0039660000  -0.0001190000  -0.0114340000   0.0020970000  -0.0039980000   0.0021100000  -0.0060160000   0.0043680000   0.0096070000
   6.7833956607   6.3873501340 2746  7.06E+00   0.1999630000  -2.6467940000   3.9867930000   0.0307630000  -1.8538190000   2.8526140000  -0.0999900000   3.9176790000   5.5859190000   0.0110090000   3.5646800000   6.7064150000  -0.0745130000   3.5191840000   7.8829670000  -0.0038690000   0.0182480000  -0.0259520000   0.0039080000  -0.0182580000   0.0261170000  -0.0130470000   0.0213690000   0.0080400000   0.0264570000  -0.0430190000  -0.0136200000  -0.0134490000   0.0216600000   0.0054150000
   6.7800298893   6.3895452636 2805  6.48E+00   1.0486170000  -1.0460210000   2.3842450000  -0.4481520000  -0.9704400000   1.9518930000   0.8566770000   1.7409900000   9.4990970000   0.7254550000   2.0591950000   8.4027170000   0.7708450000   2.3133670000   7.2957630000   0.0356410000  -0.0018670000   0.0102660000  -0.0357160000   0.0016250000  -0.0104140000   0.0071850000   0.0115820000  -0.0564260000  -0.0174620000   0.0135510000  -0.0354110000   0.0103520000  -0.0248910000   0.0919840000
   6.7840280040   6.3855701647 2829  3.34E+00  -0.6176010000  -1.1244820000   2.5746110000  -0.9861290000   0.0158490000   1.7418750000   2.3368610000   0.0863760000   9.8608610000   1.8155310000   0.2473680000   8.7569190000   1.2641070000   0.4072920000   7.7049880000   0.0005500000  -0.0018140000   0.0012080000  -0.0006470000   0.0017290000  -0.0015370000   0.0389150000  -0.0124980000   0.0887180000  -0.0176690000   0.0065850000  -0.0544190000  -0.0211480000   0.0059980000  -0.0339700000
   6.7804083561   6.3853435775 2829  3.37E+00  -0.6206140000  -1.1089700000   2.5771830000  -0.9863640000   0.0157090000   1.7416070000   2.3337020000   0.0879580000   9.8635110000   1.8176960000   0.2463250000   8.7571310000   1.2670010000   0.4062160000   7.7033570000  -0.0007550000   0.0022070000  -0.0017580000   0.0006560000  -0.0022920000   0.0014260000   0.0381080000  -0.0121100000   0.0886100000  -0.0157630000   0.0058050000  -0.0525840000  -0.0222450000   0.0063900000  -0.0356950000
   6.7806901499   6.3885664761 2853  3.04E+00  -1.2144080000  -0.7091470000   1.8179630000   0.0192490000   0.0044710000   1.9053750000   0.4993450000  -0.7553550000   8.2304010000  -0.0022710000   0.2781390000   8.4159740000  -0.5172610000   1.2565800000   8.8225090000   0.0111580000   0.0064810000   0.0008200000  -0.0112000000  -0.0063610000  -0.0007170000  -0.0129600000   0.0212640000   0.0213960000   0.0141920000  -0.0182700000  -0.0380170000  -0.0011910000  -0.0031140000   0.0165180000
   6.7807067915   6.3892869230 2872  4.35E+00  -0.5873830000  -1.3008510000   2.4153200000   0.8563430000  -0.9990420000   2.1038610000  -1.8925210000   2.0788360000   6.9817090000  -1.5661110000   2.1753160000   8.1543390000  -1.1715820000   2.0472470000   9.2386820000  -0.0202980000  -0.0043320000   0.0043260000   0.0205340000   0.0041010000  -0.0045310000  -0.0139470000  -0.0182040000  -0.0668530000   0.0170390000   0.0298090000   0.0926130000  -0.0033270000  -0.0113730000  -0.0255560000
   6.7839079443   6.3858479484 3389  1.74E+00   1.4469490000  -1.5991410000   2.8222220000   0.8228050000  -0.4695800000   2.0052830000  -0.7967010000   1.3226310000   9.1886410000  -1.5021640000   1.1522590000   8.2769390000  -2.2760800000   0.9459930000   7.4064050000   0.0114190000  -0.0205910000   0.0149340000  -0.0112220000   0.0205900000  -0.0149430000  -0.0144750000  -0.0044670000  -0.0090190000   0.0262070000   0.0080580000   0.0120560000  -0.0119280000  -0.0035910000  -0.0030280000
   6.7807438433   6.3893388240 3533  5.77E+00  -1.2661940000   1.2790220000   2.6818990000  -0.5323010000   0.2577220000   1.6957320000   1.4202180000  -0.9148360000   9.7034080000   1.0127860000  -0.2370040000   8.8856400000   0.5577040000   0.4127190000   7.9895000000  -0.0212370000   0.0294920000   0.0283290000   0.0211820000  -0.0295830000  -0.0287710000  -0.0290380000   0.0410820000  -0.0568980000   0.0429190000  -0.0547280000   0.0823640000  -0.0138260000   0.0137380000  -0.0250240000
   6.7828000416   6.3879816158 3590  4.99E+00   1.0304240000  -0.4236840000   1.6540610000  -0.2418690000  -0.0076820000   2.0087030000   1.2810560000  -0.4925190000   8.2707740000   0.4278950000   0.3078990000   8.3703190000  -0.4592450000   1.0141140000   8.3106860000  -0.0348600000   0.0114080000   0.0097110000   0.0348410000  -0.0113650000  -0.0097100000  -0.0104990000   0.0007400000  -0.0092190000  -0.0561210000   0.0610540000   0.0149350000   0.0666400000  -0.0618360000  -0.0057170000
   6.7833287486   6.3872541743 3641  3.98E+00   0.2760680000   2.0047600000   3.1480180000   0.5340580000   1.3274920000   1.9815690000  -0.6769130000  -2.1383510000   7.2082790000  -0.9590630000  -2.1672960000   8.3520500000  -1.2877300000  -2.3031170000   9.4282870000   0.0085520000  -0.0223420000  -0.0386620000  -0.0084940000   0.0226790000   0.0384170000  -0.0049740000  -0.0091280000   0.0016450000  -0.0165960000   0.0064660000   0.0849400000   0.0215130000   0.0023250000  -0.0863400000
   6.7811687489   6.3895879875 3670  6.14E+00   0.3394760000   1.2474970000   2.0592190000  -0.0019580000  -0.0200470000   1.7468140000   0.7530730000  -0.3764650000   8.0816170000  -0.0318170000   0.2641610000   8.7584310000  -0.7407950000   0.8873570000   9.4909030000  -0.0158960000  -0.0588360000  -0.0145130000   0.0157440000   0.0589540000   0.0143610000   0.0494550000  -0.0378980000  -0.0338800000  -0.0283930000   0.0166370000   0.0042310000  -0.0209100000   0.0211420000   0.0298010000
   6.7826775048   6.3869840945 3773  2.62E+00   0.5753450000  -1.3319650000   1.9195990000  -0.0084190000   0.0118280000   1.9476200000  -0.1226680000   1.4137310000   8.5074270000   0.0507370000   0.2525030000   8.4937120000   0.0903780000  -0.8907610000   8.2697350000   0.0019600000  -0.0044830000  -0.0001100000  -0.0019360000   0.0045470000   0.0000700000  -0.0082280000  -0.0057320000  -0.0134750000   0.0183270000  -0.0196790000   0.0217780000  -0.0101220000   0.0253470000  -0.0082630000
   6.7803682889   6.3889382358 3982  3.54E+00   1.3089330000  -0.0227980000   2.0520020000  -0.0163720000   0.0047800000   1.7843540000  -0.2916380000  -0.6744790000   9.3727390000  -0.0158170000   0.2334750000   8.6967560000   0.3028100000   1.1644490000   8.0590510000  -0.0592530000   0.0011910000  -0.0119810000   0.0591990000  -0.0013710000   0.0118750000   0.0069420000   0.0149900000  -0.0065960000  -0.0072690000  -0.0093320000  -0.0027990000   0.0003810000  -0.0054780000   0.0095020000
