   6.7827827352   6.5803950705   44  1.69E+01  -0.2362390000  -0.1044890000   1.5921660000   0.3482930000  -1.0499580000   2.2085650000   0.3597040000   1.8130080000   8.4921680000  -0.5790750000   2.2286300000   7.9518170000  -1.6495710000   2.4519690000   7.4092040000   0.0619590000  -0.1001760000   0.0653080000  -0.0618290000   0.1001690000  -0.0652790000  -0.0294610000  -0.0021680000  -0.0114280000   0.0967070000   0.0010850000   0.0399630000  -0.0673770000   0.0010890000  -0.0285640000
   6.7808914436   6.5821126662   87  4.60E+00   0.2729750000   1.1500510000   2.2719320000  -0.0033580000  -0.0143800000   1.6437460000   0.5465280000  -0.4039610000   9.7621410000  -0.0575350000   0.2477580000   8.9843920000  -0.5037620000   0.9050020000   8.1420950000  -0.0124530000  -0.0525890000  -0.0284170000   0.0125240000   0.0524760000   0.0282340000   0.0155880000  -0.0047870000   0.0024210000  -0.0412960000   0.0264170000  -0.0278220000   0.0256360000  -0.0215160000   0.0255850000
   6.7846977477   6.5807913562  333  2.00E+00   0.7618370000  -1.2080360000   2.0725900000  -0.0098220000   0.0154120000   1.8273980000  -0.9753830000  -0.2862870000   8.9710590000  -0.0382300000   0.3028400000   8.6383550000   1.0051400000   0.7457540000   8.2883010000   0.0029480000  -0.0047300000   0.0009510000  -0.0030810000   0.0046970000  -0.0009530000   0.0380810000   0.0095470000  -0.0111810000  -0.0570420000  -0.0047710000   0.0146300000   0.0190930000  -0.0047430000  -0.0034470000
   6.7837909039   6.5813979590  339  4.56E+00  -0.7585110000  -1.2992960000   2.0899450000   0.0093900000   0.0159930000   1.7863420000   1.0269310000  -0.1156860000   9.1947090000   0.0090080000   0.2183150000   8.6571050000  -1.0328000000   0.6414600000   8.2545280000  -0.0174350000  -0.0299370000   0.0069300000   0.0175620000   0.0298800000  -0.0069000000   0.0353100000  -0.0066360000   0.0283440000  -0.0051450000  -0.0105260000  -0.0269550000  -0.0302930000   0.0172210000  -0.0014190000
   6.7825906569   6.5845642276  368  5.26E+00  -1.3843810000  -0.6397250000   1.9506740000   0.0156650000   0.0059330000   1.8789620000  -0.8746330000  -0.4722130000   8.3855150000  -0.0073990000   0.2878910000   8.5269180000   0.8891760000   0.9544410000   8.7076620000  -0.0295590000  -0.0136190000   0.0014980000   0.0296330000   0.0137070000  -0.0014560000   0.0286300000   0.0160660000   0.0090510000   0.0456310000   0.0478450000   0.0022290000  -0.0743340000  -0.0640000000  -0.0113210000
   6.7817910660   6.5814012349  856  1.05E+01  -0.0168800000   1.8191000000   2.1490610000  -0.1770030000   0.2736820000   1.9069360000  -0.0684800000   0.7732870000   8.6753650000   0.3331420000  -0.3257470000   8.5732190000   0.7034500000  -1.3225190000   8.2308420000   0.0041160000   0.0396200000   0.0061980000  -0.0041040000  -0.0396580000  -0.0062290000   0.0033160000  -0.0077170000  -0.0188010000   0.0452760000  -0.1245550000  -0.0063860000  -0.0486030000   0.1323100000   0.0252190000
   6.7808626647   6.5820850504  874  7.01E+00  -0.6082570000  -0.1667520000   2.1128440000  -1.6667340000   0.6103710000   2.3017100000   3.0188440000  -1.0216230000   6.6267300000   3.0893240000  -0.8430320000   7.7564810000   3.0244060000  -0.6956770000   8.9232860000  -0.0646780000   0.0474670000   0.0114970000   0.0644790000  -0.0473690000  -0.0115690000  -0.0043380000   0.0074980000   0.0678740000   0.0138430000  -0.0056120000  -0.0737400000  -0.0093060000  -0.0019840000   0.0059370000
   6.7812175445   6.5843083287  977  5.27E+00  -1.5406240000  -0.8791730000   3.3487160000  -1.7868230000  -0.0524330000   2.2041030000   3.8993410000  -0.1178230000   8.8444370000   3.3226370000   0.4240670000   7.8913110000   2.6272570000   0.8044010000   7.0139730000  -0.0017840000   0.0058000000  -0.0081220000   0.0016180000  -0.0059020000   0.0079570000   0.0399480000  -0.0525030000   0.0810980000  -0.0253060000   0.0565300000  -0.0750830000  -0.0144760000  -0.0039250000  -0.0058510000
   6.7813495084   6.5825057836 1007  7.06E+00   0.2714960000  -1.5512790000   2.6135270000   0.1965580000  -0.2761130000   1.6692970000   0.5009190000   1.0553160000   8.1085550000  -0.3641700000   0.8437150000   8.9259460000  -1.2263000000   0.4756910000   9.6904280000   0.0020420000  -0.0354420000   0.0261930000  -0.0021630000   0.0353540000  -0.0263660000   0.0407640000   0.0015550000  -0.0397180000   0.0044010000   0.0264810000   0.0022410000  -0.0450450000  -0.0279480000   0.0376500000
   6.7803649391   6.5834240024 1312  2.99E+00  -1.3816400000   0.3179620000   2.5010580000  -0.6812660000  -0.6975430000   1.8153170000   1.7460940000   1.3035850000   7.5984720000   1.2551090000   1.5960990000   8.6155710000   0.8011560000   1.6495640000   9.7113350000   0.0107770000  -0.0156960000  -0.0106110000  -0.0109700000   0.0156740000   0.0104830000  -0.0064000000  -0.0098230000   0.0267050000   0.0112690000   0.0248190000  -0.0501490000  -0.0046760000  -0.0149740000   0.0235720000
   6.7841110796   6.5806951098 1362  9.23E-01  -1.3440690000  -0.3285150000   2.1677540000   0.0153670000   0.0004510000   1.7326910000   0.1727460000  -0.7928420000   8.2635000000   0.0013370000   0.2573750000   8.7912560000  -0.1658140000   1.3057480000   9.3480710000  -0.0043410000  -0.0010100000   0.0013860000   0.0043130000   0.0011480000  -0.0014430000   0.0037970000  -0.0211340000  -0.0071160000   0.0022290000  -0.0184390000  -0.0163490000  -0.0059980000   0.0394340000   0.0235210000
   6.7843156687   6.5809972543 1404  8.34E+00  -0.7577620000  -0.4955370000   1.6151890000  -1.6534340000  -0.5929620000   2.7273150000   2.3191900000   1.8164950000   7.8703220000   2.9635090000   1.2352580000   7.0173580000   3.7615100000   0.9364960000   6.1403290000  -0.0070190000  -0.0007630000   0.0087040000   0.0070250000   0.0007690000  -0.0085680000  -0.0266100000   0.0481850000   0.0467730000  -0.0308540000  -0.0462300000   0.0061500000   0.0574590000  -0.0019620000  -0.0530590000
   6.7817476397   6.5832382028 1512  1.13E+01   0.0855680000   0.0168270000   1.7532880000  -1.3473360000   0.4376090000   2.1772950000   1.5560560000   0.3095630000   8.0843200000   2.4717480000  -0.5403130000   8.0768820000   3.3119450000  -1.4028620000   7.8691820000   0.0325030000  -0.0095600000  -0.0096200000  -0.0324840000   0.0094870000   0.0094850000  -0.0843430000   0.0746460000  -0.0080110000   0.0309300000  -0.0155140000   0.0315630000   0.0533940000  -0.0590590000  -0.0234170000
   6.7801843685   6.5801318065 1512  1.09E+01   0.0770410000   0.0094690000   1.7562190000  -1.3473370000   0.4377830000   2.1773060000   1.5561660000   0.3087630000   8.0807930000   2.4708520000  -0.5396380000   8.0759540000   3.3130490000  -1.4029760000   7.8731660000   0.0307570000  -0.0092640000  -0.0090940000  -0.0307380000   0.0091910000   0.0089610000  -0.0828740000   0.0732590000  -0.0081420000   0.0282660000  -0.0130250000   0.0314730000   0.0545890000  -0.0601620000  -0.0231970000
   6.7827664593   6.5846810396 1521  5.96E+00  -0.7827620000  -1.3052710000   2.1468640000   0.0087800000   0.0171010000   1.7940230000  -0.6393060000   1.1536430000   8.2474160000   0.0568350000   0.2836230000   8.6872320000   0.6021030000  -0.6820550000   9.1372570000  -0.0212090000  -0.0354820000   0.0094870000   0.0213000000   0.0354080000  -0.0094820000  -0.0315030000   0.0226100000  -0.0120330000   0.0220830000   0.0155080000  -0.0046040000   0.0093280000  -0.0380440000   0.0166330000
   6.7836434516   6.5824228670 1531  4.98E+00  -1.2649770000  -0.9357510000   2.3939470000   0.1675510000  -0.6440600000   1.7899510000   0.4901160000   1.2623130000   9.5588250000  -0.2452010000   1.4653960000   8.6559250000  -1.0631390000   1.6008390000   7.8541180000  -0.0384970000  -0.0078820000   0.0162010000   0.0386370000   0.0077970000  -0.0162840000   0.0011230000  -0.0063080000   0.0160270000  -0.0292350000   0.0160220000  -0.0577200000   0.0279720000  -0.0096290000   0.0417760000
   6.7822898866   6.5812120630 1636  3.86E+00  -0.7144570000  -1.2419930000   2.1812240000   0.0133660000   0.0145130000   1.7507840000   0.9755680000  -0.2312700000   8.2566360000  -0.0363210000   0.2244580000   8.7682650000  -0.9700430000   0.7562150000   9.2809860000  -0.0114320000  -0.0196460000   0.0067430000   0.0112750000   0.0196980000  -0.0068060000   0.0666280000  -0.0235360000  -0.0296210000  -0.0435650000   0.0035280000   0.0138660000  -0.0229060000   0.0199560000   0.0158180000
   6.7841880425   6.5803476868 1653  2.13E+00  -0.8055600000  -0.0934270000   2.0602340000   0.5281500000  -0.2648290000   1.7268730000  -1.5812230000   0.2599190000   7.9378440000  -0.8997700000   0.7412080000   8.7922260000  -0.3302830000   1.1998390000   9.7088300000   0.0361930000  -0.0046390000  -0.0091080000  -0.0360000000   0.0046910000   0.0089370000  -0.0242170000  -0.0130190000  -0.0151290000   0.0311880000   0.0142920000   0.0107180000  -0.0071640000  -0.0013240000   0.0045820000
   6.7800074050   6.5840396005 1693  1.28E+00   1.3050390000   0.4959410000   2.2299960000  -0.0166180000  -0.0059200000   1.6963630000   0.8262370000  -0.2272890000   9.5351020000   0.0011980000   0.2397620000   8.8785200000  -0.8263620000   0.7332950000   8.1884700000   0.0197630000   0.0074630000   0.0079690000  -0.0196150000  -0.0075570000  -0.0080810000  -0.0288450000   0.0180020000  -0.0243170000   0.0380790000  -0.0251500000   0.0323370000  -0.0093820000   0.0072420000  -0.0079080000
   6.7814805967   6.5818496172 1747  1.46E+01   2.3019470000   0.8494650000   5.2807950000   2.4412830000  -0.1251940000   4.2284420000  -5.0144880000   0.7298550000   5.2936420000  -4.3852050000   0.4321410000   4.2337430000  -4.0309470000   0.2051430000   3.0787200000   0.0005390000  -0.0042130000  -0.0045280000  -0.0006250000   0.0042210000   0.0046240000  -0.0793490000   0.0343280000   0.1054990000   0.0687030000  -0.0215680000  -0.0185670000   0.0107320000  -0.0127680000  -0.0870280000
   6.7834093934   6.5823579088 1802  3.99E+00  -1.4044690000  -0.8924500000   3.0108110000  -0.6265880000  -0.5279860000   1.6822670000   1.2665410000   1.3428920000   7.7025090000   1.2161730000   1.2448650000   8.8911820000   1.0382980000   1.1033840000  10.0327660000  -0.0210360000  -0.0098850000   0.0357630000   0.0208660000   0.0097150000  -0.0360250000  -0.0065110000  -0.0000180000  -0.0284060000   0.0123910000   0.0009500000   0.0470350000  -0.0057110000  -0.0007620000  -0.0183670000
   6.7842925697   6.5828514853 1910  1.10E+01   0.5765660000  -1.2569960000   2.0921990000   0.3885340000   0.2928720000   1.7567830000  -0.4248630000   0.5593910000   9.5667080000  -0.7108440000  -0.1570600000   8.6617760000  -1.0182670000  -1.1372960000   8.0265090000   0.0054330000  -0.0444880000   0.0095870000  -0.0053540000   0.0446760000  -0.0096280000   0.0037370000  -0.0034580000   0.0338070000   0.0089980000   0.0553140000  -0.0293100000  -0.0128140000  -0.0520440000  -0.0044550000
   6.7819754481   6.5804532102 2145  3.01E+00   0.4497680000  -0.9217100000   2.5393590000  -0.5370970000  -0.5781190000   1.6654290000   0.8261650000   1.3307600000  10.0836680000   0.9255050000   1.3634430000   8.9070070000   1.1331200000   1.2787200000   7.7535230000  -0.0385920000   0.0133740000  -0.0342360000   0.0384510000  -0.0135080000   0.0339580000   0.0059740000  -0.0079390000   0.0159140000  -0.0125150000   0.0148570000  -0.0232400000   0.0066820000  -0.0067850000   0.0076040000
   6.7802629064   6.5814410717 2291  3.79E+00   1.0614170000   1.2626490000   2.4913920000   0.2948150000   0.2215190000   1.6862720000  -0.7205130000  -1.1368400000   9.5184910000  -0.6158510000  -0.1344560000   8.9106470000  -0.3564180000   0.7395760000   8.2148920000   0.0133240000   0.0180640000   0.0139130000  -0.0133310000  -0.0181670000  -0.0140960000   0.0111270000  -0.0079460000  -0.0063770000  -0.0072540000   0.0668320000  -0.0283860000  -0.0038660000  -0.0587830000   0.0349470000
   6.7839171246   6.5812901429 2681  7.34E+00  -1.4031000000  -1.1244540000   2.6404430000  -0.1935040000  -1.2033900000   2.1005230000   0.1979060000   3.0233670000   7.1299070000   0.3868080000   2.4432820000   8.1257890000   0.5665220000   1.9110110000   9.1144060000   0.0735280000  -0.0048390000  -0.0327960000  -0.0735140000   0.0046420000   0.0328170000   0.0031620000  -0.0064260000   0.0200120000   0.0100340000  -0.0347540000   0.0493650000  -0.0132100000   0.0413770000  -0.0693980000
   6.7829414394   6.5814512431 2897  4.85E+00  -1.5512540000   0.2365090000   2.6304450000  -0.7297020000  -0.4101070000   1.7680820000   1.8831160000   0.9042660000   7.6639370000   1.3608860000   0.9581870000   8.7137760000   0.8373160000   1.0973740000   9.7998990000   0.0352760000  -0.0278040000  -0.0370620000  -0.0354420000   0.0277590000   0.0369860000   0.0002670000   0.0054500000   0.0044300000   0.0284920000  -0.0182750000  -0.0667610000  -0.0285920000   0.0128690000   0.0624080000
   6.7828547342   6.5833893985 3177  3.20E+00  -0.1948040000   0.2048390000   1.4681290000  -0.9162220000  -0.6606680000   2.2426460000   0.6511220000   1.4208240000   8.4773650000   1.6497760000   1.4570930000   7.8741030000   2.6985040000   1.4596470000   7.3199520000  -0.0262170000  -0.0314330000   0.0281510000   0.0261880000   0.0314670000  -0.0280510000   0.0153140000  -0.0014170000  -0.0027090000  -0.0348470000   0.0030860000   0.0063190000   0.0195620000  -0.0017030000  -0.0037090000
   6.7811795785   6.5820607261 3275  4.15E+00  -0.5663780000  -1.2479510000   2.0185470000   0.0070960000   0.0174460000   1.8512640000   0.2559230000  -0.8461870000   8.3716740000  -0.0289460000   0.2396600000   8.6126790000  -0.2339490000   1.3454420000   8.7911740000   0.0118290000   0.0261530000  -0.0034610000  -0.0118710000  -0.0260560000   0.0034660000  -0.0096140000   0.0619830000   0.0103080000  -0.0112180000   0.0154820000   0.0061920000   0.0208750000  -0.0775620000  -0.0165050000
   6.7826377721   6.5838094684 3301  6.74E+00   0.7428850000  -1.1039190000   2.0154370000  -0.0073990000   0.0117070000   1.8868260000  -0.3356880000   1.3823460000   8.5811730000  -0.0385250000   0.2458260000   8.6163280000   0.3547570000  -0.8681300000   8.4015230000  -0.0343340000   0.0510620000  -0.0059120000   0.0342970000  -0.0510010000   0.0058630000   0.0062640000   0.0008710000  -0.0148440000  -0.0248470000   0.0330490000   0.0361560000   0.0186200000  -0.0339820000  -0.0212630000
   6.7835409558   6.5802484525 3330  2.69E+00   1.0167470000  -0.8165750000   2.3715980000  -0.0150660000   0.0071050000   1.6526080000   0.6980700000   0.8916110000   9.6678730000  -0.0631650000   0.2810100000   8.9780740000  -0.6394640000  -0.3989280000   8.1905690000   0.0136440000  -0.0108390000   0.0094450000  -0.0135480000   0.0109380000  -0.0096240000   0.0347100000   0.0144830000   0.0157510000  -0.0352550000   0.0023860000   0.0034680000   0.0004490000  -0.0169690000  -0.0190400000
   6.7825339691   6.5831368774 3446  5.06E+00  -0.0684050000   1.3696930000   2.3587220000   0.0038940000  -0.0195990000   1.6098270000  -0.2204650000   1.0496000000   9.8501970000   0.0686060000   0.2548540000   9.0476030000   0.1538210000  -0.5416590000   8.1705180000  -0.0019300000   0.0371460000   0.0199710000   0.0019250000  -0.0369870000  -0.0201860000  -0.0095630000  -0.0111000000  -0.0154350000   0.0219800000   0.0215590000   0.0300960000  -0.0124120000  -0.0106170000  -0.0144460000
   6.7849200862   6.5848407401 3797  6.19E+00   1.7867940000  -0.6553970000   2.4781860000   0.3684920000  -1.2337370000   2.1973680000  -0.7632080000   3.1852510000   6.9462550000  -0.7180630000   2.4927510000   7.9417010000  -0.6506550000   1.8339980000   8.9628110000   0.0332130000   0.0135190000   0.0066030000  -0.0332010000  -0.0136320000  -0.0065410000  -0.0016230000   0.0406980000  -0.0519590000  -0.0035570000  -0.0023340000  -0.0129660000   0.0051690000  -0.0382510000   0.0648630000
   6.7841474026   6.5841075940 3940  5.48E+00  -0.6789570000  -0.9700650000   2.0037530000  -1.5344770000   0.3408310000   2.2915260000   3.2330250000  -0.6114310000   6.7316380000   2.8233260000  -0.3106270000   7.7764310000   2.3538390000  -0.1087860000   8.8611370000   0.0240170000  -0.0368600000  -0.0081020000  -0.0241290000   0.0369110000   0.0081300000  -0.0119550000   0.0002590000   0.0272490000   0.0315130000  -0.0008160000  -0.0677550000  -0.0194460000   0.0005070000   0.0404770000
