   6.7860885435   6.3297134704  230  3.12E+00  -0.4847230000  -1.0916640000   1.8615460000   0.5967790000  -0.2592320000   1.9714980000  -1.9961940000   0.5761370000   7.6849840000  -1.0764490000   0.7082660000   8.3777650000  -0.1456390000   0.9432920000   9.0636270000   0.0382020000   0.0293750000   0.0038660000  -0.0380580000  -0.0293910000  -0.0038670000   0.0274520000   0.0111950000   0.0217700000  -0.0343500000  -0.0198950000  -0.0268130000   0.0067540000   0.0087150000   0.0050440000
   6.7870566566   6.3257785904  321  5.50E+00  -0.1842180000   1.5829630000   1.8762180000   0.0588830000   0.2222800000   1.9509280000  -0.0613930000  -1.3458140000   8.0780880000  -0.1107820000  -0.2098760000   8.4217870000  -0.1379120000   0.9811900000   8.7392840000   0.0067180000  -0.0376160000   0.0020900000  -0.0067230000   0.0376410000  -0.0020500000   0.0024060000  -0.0246900000  -0.0083660000  -0.0015830000  -0.0673680000  -0.0151740000  -0.0008170000   0.0920330000   0.0235010000
   6.7857918691   6.3257140820  599  5.11E+00  -0.9610400000  -1.1973790000   2.0913720000   0.0092350000   0.0125540000   1.7976720000  -0.2644590000  -0.7277480000   8.0739530000  -0.0320630000   0.2894690000   8.6467710000   0.3029560000   1.2108570000   9.3263670000  -0.0256690000  -0.0319830000   0.0077040000   0.0256910000   0.0321580000  -0.0078450000   0.0015270000  -0.0267790000  -0.0033130000  -0.0175000000   0.0059120000  -0.0233710000   0.0159500000   0.0206920000   0.0268250000
   6.7858692525   6.3263270965  689  6.47E+00   1.4862040000  -1.1664300000   2.0407680000   0.0463430000  -1.5022520000   2.6489600000   0.2831800000   2.3395490000   8.0437160000  -0.1738670000   2.9864500000   7.1442740000  -0.4777400000   3.6823100000   6.2361690000   0.0416990000   0.0097260000  -0.0176010000  -0.0417200000  -0.0097230000   0.0176880000   0.0247680000  -0.0179840000   0.0307720000  -0.0299130000   0.0044330000  -0.0190850000   0.0051660000   0.0135470000  -0.0117750000
   6.7886661767   6.3291567885  690  4.97E+00  -1.8316300000  -1.9529790000   3.8849610000  -0.2899130000  -2.2119770000   3.7879490000   0.5672310000   3.6570260000   5.9966440000   0.6128790000   4.2820180000   4.9963460000   0.5359770000   4.9863500000   4.0911080000  -0.0382130000   0.0064340000   0.0023650000   0.0382220000  -0.0064380000  -0.0025630000  -0.0082570000   0.0067480000   0.0082020000   0.0131830000   0.0186560000  -0.0557090000  -0.0049350000  -0.0254000000   0.0477040000
   6.7871266196   6.3263824386 1064  3.71E+00   1.6557210000  -1.2268630000   2.7730970000   0.4250550000  -0.9745110000   2.0776340000  -0.2380970000   1.8090420000   9.1194870000  -0.8304280000   2.0542570000   8.1692440000  -1.3656490000   2.2807490000   7.1981590000  -0.0074990000   0.0015230000  -0.0042200000   0.0076250000  -0.0016550000   0.0041980000  -0.0290510000   0.0127390000  -0.0543070000  -0.0235070000   0.0084200000  -0.0337040000   0.0524320000  -0.0210280000   0.0880330000
   6.7876193682   6.3294610029 1116  1.48E+01   1.6531280000  -1.6309930000   3.6711870000   0.7272550000  -1.5860220000   2.4364060000  -1.0996170000   4.1478760000   8.0575800000  -1.3296940000   3.0669510000   7.5575570000  -1.6384270000   2.2611910000   6.8708820000   0.0197360000  -0.0009550000   0.0262830000  -0.0195800000   0.0008780000  -0.0263410000   0.0024570000   0.0615470000   0.0052630000  -0.0469250000  -0.2162370000  -0.1058030000   0.0443120000   0.1547660000   0.1005970000
   6.7862825090   6.3289564282 1116  1.58E+01   1.7081520000  -1.6659090000   3.8153370000   0.7270530000  -1.5887620000   2.4315550000  -1.1181510000   4.1460260000   8.0535220000  -1.3153010000   3.1043640000   7.5778970000  -1.6331560000   2.2508400000   6.8748150000   0.0361280000  -0.0028510000   0.0508500000  -0.0358830000   0.0027080000  -0.0510010000  -0.0151860000  -0.0164510000  -0.0309470000   0.0069660000  -0.0470570000   0.0072680000   0.0079750000   0.0636500000   0.0238310000
   6.7884825770   6.3281712944 1116  1.60E+01   1.7084590000  -1.6685170000   3.8214160000   0.7270900000  -1.5889940000   2.4312250000  -1.1196250000   4.1457570000   8.0533200000  -1.3139620000   3.1086910000   7.5799730000  -1.6328910000   2.2491830000   6.8747190000   0.0364090000  -0.0029620000   0.0514610000  -0.0361540000   0.0028120000  -0.0516240000  -0.0171520000  -0.0266510000  -0.0355370000   0.0126690000  -0.0268830000   0.0198310000   0.0042270000   0.0536850000   0.0158700000
   6.7888044713   6.3278248591 1116  1.09E+01   1.4038680000  -1.8201120000   3.7944790000   0.7331280000  -1.6021020000   2.4172690000  -1.1608350000   4.2476160000   8.1300460000  -1.3432360000   3.1608800000   7.5000160000  -1.5806720000   2.1831600000   6.9294180000   0.0146790000  -0.0047610000   0.0300400000  -0.0145330000   0.0047070000  -0.0301580000   0.0157840000   0.1196200000   0.0693110000  -0.0182870000  -0.1514350000  -0.0880510000   0.0023560000   0.0318690000   0.0188580000
   6.7872218778   6.3278598155 1116  1.12E+01   1.4079580000  -1.8250750000   3.8114480000   0.7331140000  -1.6023020000   2.4168060000  -1.1615270000   4.2478000000   8.1307480000  -1.3442160000   3.1642100000   7.4991240000  -1.5794290000   2.1817870000   6.9306320000   0.0166740000  -0.0054940000   0.0343520000  -0.0165240000   0.0054380000  -0.0344750000   0.0157720000   0.1177430000   0.0690230000  -0.0173260000  -0.1449170000  -0.0854010000   0.0014040000   0.0272310000   0.0165010000
   6.7860934963   6.3278595948 1116  1.16E+01   1.4117190000  -1.8299290000   3.8277410000   0.7331030000  -1.6025040000   2.4163510000  -1.1622380000   4.2478370000   8.1313650000  -1.3451670000   3.1677810000   7.4983730000  -1.5781880000   2.1803820000   6.9318260000   0.0183790000  -0.0061500000   0.0381130000  -0.0182260000   0.0060900000  -0.0382410000   0.0156920000   0.1154570000   0.0684860000  -0.0162040000  -0.1374640000  -0.0822410000   0.0003580000   0.0220670000   0.0138840000
   6.7854185826   6.3278264632 1116  1.19E+01   1.4151190000  -1.8346620000   3.8432830000   0.7330970000  -1.6027070000   2.4159050000  -1.1629680000   4.2477310000   8.1318960000  -1.3460920000   3.1715780000   7.4977570000  -1.5769480000   2.1789480000   6.9330020000   0.0198280000  -0.0067350000   0.0413770000  -0.0196700000   0.0066710000  -0.0415120000   0.0155420000   0.1127590000   0.0676960000  -0.0149380000  -0.1291360000  -0.0786100000  -0.0007620000   0.0164420000   0.0110490000
   6.7851938331   6.3277667202 1116  1.22E+01   1.4181290000  -1.8392630000   3.8580110000   0.7330960000  -1.6029110000   2.4154700000  -1.1637180000   4.2474850000   8.1323440000  -1.3469920000   3.1755890000   7.4972720000  -1.5757060000   2.1774950000   6.9341640000   0.0210510000  -0.0072550000   0.0442030000  -0.0208890000   0.0071870000  -0.0443450000   0.0153210000   0.1096440000   0.0666450000  -0.0135480000  -0.1199960000  -0.0745430000  -0.0019350000   0.0104210000   0.0080390000
   6.7854097431   6.3276881076 1116  1.25E+01   1.4207240000  -1.8437210000   3.8718680000   0.7331000000  -1.6031180000   2.4150460000  -1.1644870000   4.2471030000   8.1327090000  -1.3478700000   3.1797980000   7.4969100000  -1.5744620000   2.1760280000   6.9353170000   0.0220780000  -0.0077180000   0.0466410000  -0.0219100000   0.0076450000  -0.0467910000   0.0150250000   0.1061080000   0.0653280000  -0.0120500000  -0.1101080000  -0.0700770000  -0.0031430000   0.0040730000   0.0048980000
   6.7860531552   6.3275964555 1116  1.28E+01   1.4228840000  -1.8480270000   3.8848080000   0.7331100000  -1.6033260000   2.4146330000  -1.1652750000   4.2465900000   8.1329930000  -1.3487280000   3.1841880000   7.4966630000  -1.5732140000   2.1745570000   6.9364630000   0.0229350000  -0.0081310000   0.0487400000  -0.0227610000   0.0080520000  -0.0488980000   0.0146550000   0.1021460000   0.0637380000  -0.0104610000  -0.0995380000  -0.0652480000  -0.0043680000  -0.0025300000   0.0016670000
   6.7871151951   6.3274976954 1116  1.31E+01   1.4245930000  -1.8521730000   3.8967870000   0.7331250000  -1.6035360000   2.4142330000  -1.1660800000   4.2459500000   8.1331980000  -1.3495690000   3.1887440000   7.4965250000  -1.5719600000   2.1730880000   6.9376080000   0.0236440000  -0.0084970000   0.0505420000  -0.0234640000   0.0084130000  -0.0507080000   0.0142080000   0.0977550000   0.0618680000  -0.0087970000  -0.0883520000  -0.0600900000  -0.0055900000  -0.0093180000  -0.0016120000
   6.7885741747   6.3274002911 1116  1.33E+01   1.4258360000  -1.8561510000   3.9077720000   0.7331460000  -1.6037480000   2.4138450000  -1.1669040000   4.2451880000   8.1333260000  -1.3503950000   3.1934450000   7.4964850000  -1.5707000000   2.1716310000   6.9387540000   0.0242240000  -0.0088240000   0.0520840000  -0.0240390000   0.0087330000  -0.0522600000   0.0136810000   0.0929290000   0.0597130000  -0.0070720000  -0.0766150000  -0.0546360000  -0.0067950000  -0.0162240000  -0.0049010000
   6.7888070920   6.3253094219 1165  1.45E+00  -1.1311850000   0.5710810000   2.2535930000  -2.2726580000   0.0229080000   2.9978960000   4.7800870000   0.0618240000   7.4774320000   4.1657350000   0.2600670000   6.4884260000   3.5141860000   0.2802300000   5.5387150000   0.0048530000   0.0023840000  -0.0032720000  -0.0051980000  -0.0023810000   0.0031890000   0.0027760000  -0.0139500000   0.0108850000  -0.0314520000   0.0272160000  -0.0579350000   0.0290210000  -0.0132690000   0.0471330000
   6.7867855361   6.3292506293 1243  2.43E+00   0.0833520000  -1.4426500000   2.1862700000   0.0028880000   0.0183680000   1.7553850000   0.7766360000  -0.2860080000   8.0297840000  -0.0086610000   0.2847750000   8.7488910000  -0.7898080000   0.7590570000   9.4990880000   0.0013930000  -0.0260320000   0.0076140000  -0.0015610000   0.0261260000  -0.0078410000   0.0349980000  -0.0308420000  -0.0278920000  -0.0215620000   0.0282590000   0.0126920000  -0.0132680000   0.0024890000   0.0154260000
   6.7892187004   6.3299908977 1252  6.86E+00   1.3673060000  -0.3321920000   1.8952500000   0.2499100000  -1.0335600000   2.2122210000  -0.2900320000   0.9614760000   8.1952870000  -0.4637190000   2.1463100000   7.9448670000  -0.6961100000   3.2977500000   7.6739470000  -0.0470510000  -0.0294950000   0.0133560000   0.0470430000   0.0296040000  -0.0134310000   0.0078410000  -0.0780170000   0.0166260000   0.0067820000   0.0234220000  -0.0031080000  -0.0146160000   0.0544880000  -0.0134430000
   6.7850177285   6.3291598729 1261  2.80E+00  -0.9127200000  -1.4524400000   3.1189050000  -0.9167750000  -2.4055710000   4.1203150000   2.0548340000   5.7731130000   4.5909420000   1.7101400000   4.6609120000   4.4545690000   1.2974680000   3.5211450000   4.2918670000  -0.0001760000  -0.0272970000   0.0285120000  -0.0000130000   0.0268270000  -0.0285420000  -0.0020620000   0.0045520000  -0.0007990000   0.0303230000   0.0641970000   0.0119950000  -0.0280720000  -0.0682780000  -0.0111660000
   6.7860713410   6.3267484895 1455  1.33E+00  -0.7315450000  -0.9906080000   2.4527610000   0.0073120000   0.0130320000   1.5805200000  -0.0201100000   0.0851510000   7.9067980000   0.0204150000   0.3100500000   9.0704350000   0.0143550000   0.3670920000  10.2372220000  -0.0125750000  -0.0170760000   0.0146780000   0.0125600000   0.0170770000  -0.0151440000  -0.0034340000  -0.0133370000  -0.0103290000   0.0064590000   0.0247770000   0.0189010000  -0.0030100000  -0.0114410000  -0.0081060000
   6.7895083359   6.3252654134 1462  5.79E+00   0.6362730000  -0.5753240000   1.7852170000   0.1364930000  -1.7476590000   2.5626450000  -0.4147040000   4.5752320000   7.2781190000  -0.2880930000   3.4186530000   7.1973440000  -0.0907890000   2.3105540000   7.4091110000   0.0053390000   0.0126350000  -0.0083540000  -0.0053740000  -0.0125610000   0.0081550000   0.0081870000  -0.0226150000   0.0207190000  -0.0003340000  -0.0553380000  -0.0301750000  -0.0078180000   0.0778790000   0.0096540000
   6.7862285580   6.3268140853 1505  2.15E+00  -0.7865410000  -1.5729400000   2.3607250000   0.3451070000  -0.6113960000   1.9241940000  -0.7988070000   2.5157490000   8.7453190000  -0.6379310000   1.3918640000   8.4632450000  -0.3962940000   0.2796200000   8.1439200000  -0.0247900000  -0.0210290000   0.0094990000   0.0247640000   0.0211440000  -0.0097200000   0.0061060000  -0.0051680000  -0.0033090000  -0.0130610000   0.0123180000   0.0065320000   0.0069810000  -0.0072650000  -0.0030020000
   6.7890838908   6.3260209042 1957  5.43E-01  -0.6091300000   1.3770680000   2.4594900000  -0.3063110000   0.1709670000   1.6277950000   0.7926910000   0.2691920000  10.0883590000   0.6136290000  -0.0992320000   8.9723280000   0.3148260000  -0.4476340000   7.8927820000  -0.0034810000   0.0139150000   0.0094900000   0.0034780000  -0.0137820000  -0.0098300000  -0.0034060000   0.0099020000   0.0290580000   0.0091840000  -0.0129730000  -0.0390210000  -0.0057750000   0.0029370000   0.0103020000
   6.7895926726   6.3287800229 2130  6.12E+00   1.3577620000  -0.7126630000   2.1258870000  -0.0196410000   0.0070740000   1.8299660000  -0.2479730000   1.2998520000   9.0839630000  -0.0009980000   0.2262130000   8.7115420000   0.2612730000  -0.7724230000   8.1042730000   0.0371090000  -0.0193530000   0.0079090000  -0.0371410000   0.0195100000  -0.0081210000   0.0057310000  -0.0156680000  -0.0218780000  -0.0135020000   0.0366760000   0.0514780000   0.0078030000  -0.0211650000  -0.0293880000
   6.7872752455   6.3284186981 2397  4.43E+00   1.0494980000   1.0792990000   2.0328800000  -0.0139060000  -0.0157310000   1.7827790000   0.1657020000   1.2092250000   9.3688980000   0.0745460000   0.2370260000   8.6967490000  -0.2183360000  -0.6889180000   8.0719690000   0.0231300000   0.0238380000   0.0054640000  -0.0230600000  -0.0237020000  -0.0055370000  -0.0127570000   0.0153640000   0.0125500000   0.0150380000  -0.0552900000  -0.0424090000  -0.0023510000   0.0397900000   0.0299320000
   6.7892462081   6.3257070100 2821  1.24E+00   0.5037360000   1.3630880000   1.7956030000  -0.0047770000  -0.0190240000   1.9059870000   0.9095650000  -0.3735590000   8.9087730000   0.0164920000   0.2483710000   8.4749640000  -0.9298250000   0.8839110000   8.0982050000   0.0033760000   0.0090770000  -0.0007200000  -0.0032330000  -0.0091710000   0.0007150000  -0.0047900000   0.0018590000   0.0037820000   0.0406710000  -0.0245540000   0.0037980000  -0.0360240000   0.0227890000  -0.0075750000
   6.7899737610   6.3299158325 3077  2.80E+00   1.4158190000  -1.5438950000   2.5136930000   0.7912030000  -0.2146060000   2.0293720000  -2.6391670000   0.4931940000   8.3386200000  -1.4622890000   0.6413580000   8.2621630000  -0.3037570000   0.8820780000   8.1666500000   0.0135110000  -0.0288380000   0.0104960000  -0.0136330000   0.0287770000  -0.0105730000  -0.0285300000   0.0024900000   0.0014100000   0.0099630000  -0.0127460000  -0.0001430000   0.0186890000   0.0103170000  -0.0011900000
   6.7878775307   6.3299974812 3178  1.72E+00  -1.4286780000  -0.8107780000   2.3709810000  -0.0897680000  -0.5557120000   1.8751530000  -0.3391640000   0.6512930000   9.3651340000   0.2333980000   1.3230700000   8.5966920000   0.7022880000   1.8695990000   7.6681990000   0.0016280000   0.0002840000  -0.0006100000  -0.0017200000  -0.0004510000   0.0004830000  -0.0018440000  -0.0022940000  -0.0170280000   0.0116150000   0.0137210000   0.0206000000  -0.0096790000  -0.0112610000  -0.0034440000
   6.7864964460   6.3261186975 3479  1.08E+01  -1.7105220000   0.6521240000   1.8636670000  -0.4873640000   0.1317220000   2.0568090000   1.8938090000  -0.6279600000   8.1922030000   0.9129220000  -0.0064700000   8.0878400000  -0.0373550000   0.6215530000   8.3478610000   0.0614900000  -0.0261640000   0.0096870000  -0.0613690000   0.0261160000  -0.0094910000  -0.0230150000   0.0166220000   0.0249620000  -0.0022130000  -0.0021440000  -0.0470900000   0.0251060000  -0.0144300000   0.0219320000
   6.7859507089   6.3299180416 3617  3.29E+00   0.5278300000  -1.8797790000   3.1858360000   0.6361600000  -0.9649210000   1.9019190000  -0.7414640000   1.8815340000   7.3853220000  -1.1669430000   2.0362310000   8.4623630000  -1.5929080000   2.2150300000   9.5638420000  -0.0028880000  -0.0245280000   0.0342670000   0.0029340000   0.0242890000  -0.0345280000  -0.0055240000   0.0043600000   0.0159730000   0.0191740000  -0.0115650000  -0.0527060000  -0.0136960000   0.0074440000   0.0369940000
   6.7863946803   6.3294565099 3933  3.74E+00  -0.1874480000  -1.3344840000   1.9423160000   0.0050120000   0.0170250000   1.8807820000   1.0748170000   0.0328920000   8.1191540000   0.0060960000   0.3024420000   8.5254890000  -1.0926150000   0.4267900000   8.9665330000   0.0070420000   0.0496210000  -0.0022530000  -0.0071690000  -0.0495700000   0.0022410000  -0.0039610000  -0.0086260000   0.0047970000   0.0313660000   0.0149130000  -0.0181630000  -0.0272780000  -0.0063380000   0.0133790000
   6.7856375499   6.3260511733 3951  4.05E+00   1.3495810000   1.3015700000   2.6167180000   0.4726540000   0.6288790000   1.8118440000  -1.2678940000  -1.8328250000   9.2964230000  -0.9068660000  -0.9627880000   8.6022010000  -0.4969010000   0.0204840000   8.0334790000  -0.0318600000  -0.0244610000  -0.0293470000   0.0318700000   0.0243370000   0.0290060000   0.0038910000   0.0092190000   0.0064230000  -0.0231640000  -0.0556620000   0.0071990000   0.0192620000   0.0465660000  -0.0132810000
   6.7885899909   6.3253954174 3994  2.37E+00  -1.2227500000  -0.0744540000   2.3969350000   0.0177200000  -0.0009070000   1.5828370000  -0.2376860000   0.2315400000   7.8987980000   0.0041630000   0.3285830000   9.0615580000   0.2230980000   0.2186860000  10.2438320000  -0.0110260000  -0.0006570000   0.0070990000   0.0110490000   0.0006570000  -0.0075100000  -0.0068020000  -0.0143830000  -0.0233510000  -0.0025030000   0.0319600000  -0.0351570000   0.0092830000  -0.0175770000   0.0589180000
