   6.7814554496   6.2540336185   45  9.38E-01  -1.8594070000   0.0651780000   2.8238400000  -1.2979860000  -1.2070660000   2.4438000000   1.3745250000   1.9798150000   7.1143900000   2.3823820000   2.4270570000   7.5584880000   3.4366360000   2.9101520000   7.8298280000   0.0022970000  -0.0053310000  -0.0016750000  -0.0024000000   0.0051420000   0.0013390000  -0.0139860000  -0.0047620000  -0.0170820000  -0.0177030000  -0.0106260000   0.0204070000   0.0317920000   0.0155770000  -0.0029900000
   6.7814724464   6.2510422186  178  2.63E+00  -0.0329240000   0.9106950000   2.0960280000  -0.3070290000  -0.4190290000   1.7291390000   1.0049410000   0.6352840000   7.7493290000   0.5919460000   0.9742570000   8.8483510000   0.0861370000   1.3563760000   9.8416370000  -0.0048630000  -0.0233450000  -0.0065410000   0.0046760000   0.0233270000   0.0061300000   0.0192200000  -0.0171770000  -0.0688860000  -0.0070010000   0.0096000000   0.0620740000  -0.0120320000   0.0075950000   0.0072230000
   6.7821484111   6.2508202994  481  4.55E+00   0.2560080000   0.8043460000   1.6032490000  -0.4264760000  -0.5608700000   1.9693790000   1.7962620000   1.0865930000   8.9098730000   0.7802580000   1.1916520000   8.3540040000  -0.2682030000   1.4569590000   7.8834360000   0.0172890000   0.0344740000  -0.0092500000  -0.0171130000  -0.0345910000   0.0091490000  -0.0224080000   0.0131590000  -0.0045530000   0.0249840000  -0.0246030000  -0.0027860000  -0.0027520000   0.0115610000   0.0074400000
   6.7818963123   6.2545894207  481  4.43E+00   0.2513630000   0.8046540000   1.6054680000  -0.4268530000  -0.5614110000   1.9678730000   1.7971100000   1.0874880000   8.9143240000   0.7797950000   1.1919190000   8.3556460000  -0.2665270000   1.4585470000   7.8851320000   0.0169880000   0.0341090000  -0.0090530000  -0.0168150000  -0.0342240000   0.0089570000  -0.0181470000   0.0128480000  -0.0021940000   0.0180710000  -0.0237920000  -0.0064100000  -0.0000970000   0.0110590000   0.0087000000
   6.7807589611   6.2510855400  561  1.31E+00   0.9120400000  -0.8840440000   2.3274890000  -0.0124190000   0.0084820000   1.6506850000  -0.2811760000  -0.1389500000   7.8942500000   0.0048520000   0.3057460000   8.9411190000   0.2820960000   0.6104360000  10.0043170000  -0.0005250000   0.0005610000  -0.0005270000   0.0006350000  -0.0004800000   0.0000800000   0.0028180000  -0.0044510000   0.0166650000   0.0148790000   0.0333470000   0.0479590000  -0.0178070000  -0.0289770000  -0.0641770000
   6.7807684265   6.2545878950  689  2.37E+00  -0.5330260000  -2.2025170000   4.4078560000   0.2006350000  -2.2641120000   3.2445450000  -0.3645040000   5.1622450000   6.8900780000  -0.3556860000   4.3759560000   6.0421950000  -0.3369200000   3.6867080000   5.0935030000   0.0229960000  -0.0019990000  -0.0364260000  -0.0229670000   0.0016100000   0.0364690000   0.0009360000  -0.0163380000  -0.0322840000  -0.0013530000   0.0006940000   0.0287750000   0.0003880000   0.0160330000   0.0034660000
   6.7817606865   6.2504586147  689  2.52E+00   0.2417970000  -2.1338320000   4.9607880000   0.2257280000  -2.3710850000   3.4470800000  -0.3145580000   3.6897900000   4.8761070000  -0.3668660000   4.5862910000   5.6403130000  -0.5526110000   5.5311840000   6.3628230000   0.0003190000   0.0044840000   0.0290670000  -0.0002740000  -0.0048360000  -0.0290290000  -0.0080370000   0.0000320000  -0.0063330000   0.0243320000  -0.0445780000  -0.0229800000  -0.0163400000   0.0448970000   0.0292760000
   6.7818844580   6.2534746678 1278  4.21E+00  -2.1339530000   0.1841740000   3.5978610000  -1.7209230000  -0.7175620000   2.4277200000   2.5613140000   1.1698450000   6.5757420000   3.2684740000   1.5596880000   7.4599460000   3.7142020000   1.9190520000   8.4740000000  -0.0081610000   0.0175340000   0.0227130000   0.0077790000  -0.0176550000  -0.0230100000  -0.0320980000  -0.0104580000  -0.0105210000   0.0566970000   0.0182830000   0.0183330000  -0.0242180000  -0.0077040000  -0.0075150000
   6.7808801904   6.2516910253 1789  2.30E+00  -0.5189380000  -1.3739920000   2.0587580000   0.0064120000   0.0169890000   1.8047440000   0.5523540000  -0.4733610000   9.4282900000   0.0185220000   0.2101240000   8.6300630000  -0.5655880000   1.0050150000   7.9513090000  -0.0075000000  -0.0199890000   0.0036630000   0.0076220000   0.0198070000  -0.0037810000   0.0016450000   0.0009260000   0.0152750000   0.0182230000  -0.0308810000  -0.0050420000  -0.0199900000   0.0301370000  -0.0101150000
   6.7802404902   6.2503073862 1904  5.12E+00  -0.0663310000  -1.8000340000   2.3452890000   0.1951250000  -0.4814670000   1.9656890000   0.5009510000   0.7126250000   9.0116010000  -0.4153040000   1.1706730000   8.4300880000  -1.1595060000   1.6141990000   7.6962650000   0.0056970000   0.0286640000  -0.0082390000  -0.0056250000  -0.0287530000   0.0081970000   0.0099730000   0.0005790000  -0.0118930000  -0.0826140000   0.0357990000  -0.0377660000   0.0725690000  -0.0362890000   0.0496990000
   6.7827140524   6.2531408734 2057  9.09E+00   0.3739680000  -0.7319300000   2.0203460000   1.2887670000   0.4935550000   2.0421820000  -2.0831760000  -0.9608580000   7.1034520000  -2.2512550000  -0.6628250000   8.2740360000  -2.6867950000  -0.2727070000   9.3600080000  -0.0169480000  -0.0227670000  -0.0005020000   0.0172030000   0.0229000000   0.0002460000  -0.0054330000  -0.0125830000  -0.0702160000   0.0529480000  -0.0223040000  -0.0087220000  -0.0477700000   0.0347540000   0.0791940000
   6.7804740201   6.2506022104 2116  6.37E+00  -0.7346830000  -0.1282380000   1.6770030000   0.2657180000   1.0305230000   2.0446300000  -0.3071080000  -0.4339640000   8.0941900000  -0.5094390000  -1.6073730000   8.2903420000  -0.5912270000  -2.8103160000   8.3664350000  -0.0259600000  -0.0300940000  -0.0095380000   0.0259390000   0.0300050000   0.0093660000   0.0157490000   0.0500020000  -0.0138400000  -0.0184750000   0.0117820000   0.0163060000   0.0027470000  -0.0616960000  -0.0022930000
   6.7810330834   6.2515036240 2561  5.89E+00  -0.8220080000  -1.0238860000   1.7571850000   0.0157490000   0.0154020000   2.0143800000   0.5949110000   1.2645760000   8.1123660000  -0.0045310000   0.2395870000   8.3691270000  -0.6183760000  -0.7691720000   8.4351370000   0.0340270000   0.0422100000   0.0104620000  -0.0340570000  -0.0422720000  -0.0104880000   0.0306330000   0.0548490000  -0.0232530000  -0.0209500000  -0.0413260000   0.0324660000  -0.0096530000  -0.0134610000  -0.0091880000
   6.7809820840   6.2533008215 2690  4.61E+00   0.1896000000   0.4264340000   1.9149830000  -1.1974660000   0.8152610000   2.0656310000   2.8296630000  -1.9237980000   8.9005520000   2.1014060000  -1.3411040000   8.1761750000   1.5613140000  -0.4802400000   7.5259040000  -0.0026120000   0.0007000000   0.0001930000   0.0024710000  -0.0007540000  -0.0005930000   0.0187300000   0.0120160000   0.0117010000  -0.0125210000  -0.0588540000   0.0047290000  -0.0060680000   0.0468930000  -0.0160300000
   6.7844742862   6.2510585405 2883  3.06E+00   0.9427640000  -1.5907460000   2.6204690000   1.9975850000  -0.9806580000   3.3449350000  -2.6173850000   1.9295020000   6.3959600000  -3.6620160000   2.1610150000   5.8990940000  -4.6693760000   2.1337690000   5.3062890000   0.0136450000   0.0078890000   0.0093340000  -0.0135470000  -0.0079940000  -0.0095630000   0.0002760000  -0.0165270000  -0.0060430000  -0.0142820000   0.0336090000   0.0054940000   0.0139080000  -0.0169780000   0.0007790000
   6.7829890519   6.2542507563 2904  6.16E+00  -0.1970640000  -1.8754990000   2.5334910000   0.4442480000  -0.5387780000   1.9306360000  -1.1633550000   1.8419330000   7.4861270000  -0.8390460000   1.3208440000   8.4816160000  -0.4130400000   0.6631380000   9.3462630000  -0.0187060000  -0.0390600000   0.0176040000   0.0188140000   0.0388770000  -0.0177310000   0.0117050000  -0.0168020000   0.0080660000  -0.0124140000   0.0164100000   0.0132980000   0.0006010000   0.0005750000  -0.0212370000
   6.7817755142   6.2525935905 3291  5.31E+00   0.0645780000  -1.3737910000   2.3815020000  -0.0048740000   0.0169180000   1.6321050000  -0.4053390000   0.1769280000   7.8698090000   0.0418060000   0.3014880000   8.9530620000   0.3942280000   0.2864790000  10.1091820000   0.0019010000  -0.0373710000   0.0200320000  -0.0017870000   0.0373500000  -0.0203880000  -0.0076880000  -0.0087910000   0.0019360000  -0.0040010000   0.0179790000  -0.0633010000   0.0115750000  -0.0091670000   0.0617210000
   6.7848615419   6.2549169718 3306  1.48E+00  -1.2887530000  -1.3132030000   2.8681380000  -1.0758130000  -2.2230010000   3.9164160000   2.8350690000   5.0436930000   5.1385750000   1.9729410000   4.3036310000   4.8294830000   1.1379170000   3.5982030000   4.4969070000   0.0039150000  -0.0169100000   0.0193600000  -0.0039690000   0.0165540000  -0.0193760000   0.0053550000   0.0056900000  -0.0004270000  -0.0605690000  -0.0540750000  -0.0191230000   0.0552680000   0.0487400000   0.0195670000
   6.7817276987   6.2515012888 3742  5.68E+00   1.2934550000  -0.3596390000   1.8885030000  -0.0154030000   0.0021600000   1.9052630000  -0.3716430000   1.3234080000   8.8871850000  -0.0581950000   0.2182410000   8.5089960000   0.4107670000  -0.7876950000   8.0920050000  -0.0542200000   0.0150010000   0.0006720000   0.0541450000  -0.0148930000  -0.0007260000  -0.0058930000   0.0594240000   0.0169100000  -0.0108450000  -0.0492880000  -0.0095800000   0.0168130000  -0.0102440000  -0.0072760000
   6.7846143045   6.2510715937 3809  5.77E+00  -0.5086530000   1.0504710000   2.0450570000   0.5077020000   0.0234880000   1.7417350000  -1.3670300000  -0.2969920000   9.7071010000  -0.9982560000   0.1726850000   8.7548090000  -0.3871180000   0.6715470000   7.8943940000  -0.0066140000   0.0066190000   0.0018660000   0.0065370000  -0.0067570000  -0.0022840000   0.0572440000   0.0511360000  -0.0914090000  -0.0584110000  -0.0391270000   0.0577920000   0.0012440000  -0.0118700000   0.0340350000
