   6.7872339279   6.3376667348   19  3.27E+00  -1.2213940000  -0.6755960000   2.2918900000   0.0165320000   0.0103230000   1.6655240000  -0.6391210000   0.2918080000   9.8866940000  -0.0168670000   0.2886510000   8.9014200000   0.6461680000   0.1701860000   7.9698100000  -0.0271630000  -0.0150170000   0.0136910000   0.0269940000   0.0150280000  -0.0139350000   0.0137850000  -0.0083380000  -0.0125970000   0.0171040000   0.0104630000  -0.0407410000  -0.0307210000  -0.0021360000   0.0535820000
   6.7882782460   6.3360476394   58  1.38E+01   0.4797890000   1.6993400000   2.0784070000  -0.3332690000   0.2442220000   1.8926890000   0.0977230000   0.7556220000   8.1933410000   0.6348920000  -0.2027110000   8.5929190000   1.0598630000  -1.2425400000   8.7736820000   0.0289520000   0.0517400000   0.0065590000  -0.0288760000  -0.0518590000  -0.0067340000   0.0034070000  -0.0271840000  -0.0058480000   0.0363000000  -0.0433170000   0.0350420000  -0.0397840000   0.0706200000  -0.0290180000
   6.7882322656   6.3356380724  407  2.42E+00   0.8915620000  -1.9014590000   3.1133010000   0.4029250000  -0.9945390000   1.9991260000  -0.4321450000   1.0290120000   7.9445620000  -0.8094000000   2.0815310000   8.3404050000  -1.0287160000   3.1828340000   8.6152500000   0.0079400000  -0.0147350000   0.0179630000  -0.0079370000   0.0147240000  -0.0183280000   0.0139150000  -0.0055690000  -0.0100450000  -0.0313580000   0.0359620000   0.0266580000   0.0174390000  -0.0303810000  -0.0162480000
   6.7862426362   6.3370058240  464  1.60E+01   0.3352450000  -1.6692940000   2.3844590000   1.7023790000  -0.5780760000   2.4934010000  -3.0964030000   2.0239470000   8.3984460000  -3.0977330000   1.3364120000   7.4077530000  -3.1013560000   0.6527100000   6.4388970000  -0.0533030000  -0.0426390000  -0.0043160000   0.0535730000   0.0426380000   0.0042080000  -0.0004500000   0.0332800000   0.0490840000   0.0016920000  -0.0223040000  -0.0349480000  -0.0015130000  -0.0109750000  -0.0140280000
   6.7855796958   6.3393944383  505  4.99E+00  -0.7735580000  -2.2711710000   4.5693690000  -0.5767290000  -2.0798610000   3.2470270000   0.6868410000   3.9152160000   4.8750210000   1.0405650000   4.1095560000   5.9974350000   1.4610750000   4.2178490000   7.1195910000   0.0090160000   0.0087440000  -0.0604810000  -0.0090230000  -0.0089160000   0.0605720000  -0.0050790000  -0.0085840000  -0.0294740000  -0.0173660000   0.0084140000  -0.0197340000   0.0224520000   0.0003420000   0.0491170000
   6.7897451942   6.3377812484  536  7.63E+00   1.5264710000  -1.5677060000   3.4983310000   1.3495480000  -0.7387620000   2.1646400000  -1.4792640000   1.5242210000   7.3650440000  -2.5569500000   1.5738370000   7.9206630000  -3.4373860000   1.7703110000   8.6589940000   0.0047480000  -0.0222290000   0.0355380000  -0.0046780000   0.0219910000  -0.0359030000   0.0577350000   0.0080300000  -0.0106240000  -0.0814630000  -0.0147200000   0.0086130000   0.0236570000   0.0069290000   0.0023760000
   6.7874869862   6.3362649724  656 -2.81E-01   1.0549470000   0.5639980000   2.3864070000   0.6163260000  -0.6972610000   1.7664210000  -1.4230830000   1.7825670000   9.8424130000  -1.1364000000   1.5426750000   8.7354360000  -0.8683720000   1.1937840000   7.6288330000   0.0023850000   0.0067000000   0.0031690000  -0.0022500000  -0.0067990000  -0.0036050000   0.0002150000  -0.0081940000  -0.0054680000  -0.0037910000   0.0215690000   0.0253970000   0.0034410000  -0.0132760000  -0.0194920000
   6.7895347219   6.3371213867  693  3.69E+00  -1.8059090000   0.6453000000   2.7934800000  -0.6812580000   0.2637440000   1.7412690000   0.7102410000   0.3518010000   7.9231040000   1.2516260000  -0.2655000000   8.7867850000   1.8663130000  -0.8226730000   9.6095600000  -0.0310020000   0.0104770000   0.0288400000   0.0309250000  -0.0105810000  -0.0292300000  -0.0059080000   0.0166040000  -0.0185750000   0.0045150000  -0.0233910000   0.0256990000   0.0014690000   0.0068910000  -0.0067350000
   6.7872331958   6.3374977147  693  3.69E+00  -1.8038320000   0.6480630000   2.7960130000  -0.6815380000   0.2638230000   1.7408390000   0.7139080000   0.3483750000   7.9222190000   1.2518600000  -0.2656390000   8.7872090000   1.8637410000  -0.8197100000   9.6121190000  -0.0310690000   0.0105960000   0.0290460000   0.0309920000  -0.0106990000  -0.0294350000  -0.0038930000   0.0144410000  -0.0155820000   0.0040570000  -0.0227350000   0.0249190000  -0.0000860000   0.0083970000  -0.0089470000
   6.7850902305   6.3378932878  693  3.66E+00  -1.8011440000   0.6506170000   2.7979750000  -0.6818260000   0.2639040000   1.7404150000   0.7175780000   0.3449300000   7.9213530000   1.2520880000  -0.2657410000   8.7875920000   1.8611690000  -0.8167570000   9.6146890000  -0.0309990000   0.0106690000   0.0291230000   0.0309210000  -0.0107710000  -0.0295120000  -0.0018210000   0.0122020000  -0.0124440000   0.0034650000  -0.0219270000   0.0239160000  -0.0015650000   0.0098270000  -0.0110830000
   6.7861691675   6.3365835677  865  5.96E-01   1.0080580000   0.9983590000   1.7919830000  -0.0108680000  -0.0130320000   1.9298420000   1.1113160000   0.4517940000   8.1489200000   0.0077620000   0.2537100000   8.4625900000  -1.1263790000   0.0476070000   8.7484340000  -0.0040390000  -0.0039920000   0.0005310000   0.0039480000   0.0039770000  -0.0005180000  -0.0219120000  -0.0040660000   0.0055370000   0.0455100000   0.0084880000  -0.0102640000  -0.0235070000  -0.0044070000   0.0047140000
   6.7898268198   6.3371701720 1204  3.58E+00  -1.1113810000   0.8369630000   1.8209440000   0.0164390000  -0.0048520000   1.8808800000   0.4911640000   1.1918160000   8.0859060000  -0.0861480000   0.2696330000   8.5089020000  -0.4385680000  -0.7350540000   9.0193920000   0.0187280000  -0.0140210000   0.0010210000  -0.0188320000   0.0139110000  -0.0010040000   0.0046640000  -0.0226400000   0.0156130000  -0.0181340000   0.0333230000  -0.0250890000   0.0135750000  -0.0105730000   0.0094580000
   6.7854190086   6.3364551017 1206  6.80E+00   1.6806820000   0.4553450000   1.7085500000   0.3157150000  -0.2295180000   2.0919590000   0.0518020000  -0.2970840000   8.4334760000  -0.6305100000   0.6370750000   8.0856400000  -1.2611270000   1.6240890000   7.9424610000   0.0353750000   0.0177590000  -0.0099250000  -0.0354370000  -0.0177250000   0.0100680000   0.0323430000  -0.0369220000   0.0290150000  -0.0301190000   0.0255570000  -0.0418720000  -0.0021620000   0.0113320000   0.0127150000
   6.7898443488   6.3377270821 1206  7.94E+00   1.6909100000   0.4766970000   1.7073940000   0.3156660000  -0.2298820000   2.0917390000   0.0528260000  -0.2981190000   8.4339930000  -0.6312540000   0.6380230000   8.0857570000  -1.2619900000   1.6248870000   7.9430310000   0.0389210000   0.0200080000  -0.0108660000  -0.0389850000  -0.0199720000   0.0110070000   0.0346610000  -0.0401170000   0.0301090000  -0.0324480000   0.0287950000  -0.0429160000  -0.0021490000   0.0112850000   0.0126660000
   6.7897819876   6.3378440624 1468  5.65E+00   1.2757330000   0.3521440000   1.9855960000  -0.0172910000  -0.0091010000   1.8502260000   1.0068560000   0.6231270000   9.0288930000  -0.0041510000   0.2261250000   8.6524660000  -0.9977570000  -0.0819370000   8.1113480000  -0.0600620000  -0.0167870000  -0.0062870000   0.0602120000   0.0168160000   0.0061900000  -0.0459310000  -0.0121140000  -0.0283880000   0.0334290000   0.0022050000   0.0322110000   0.0123520000   0.0098810000  -0.0037260000
   6.7897596818   6.3389782994 1716  3.51E+00   0.2750390000   1.2865640000   1.6336060000  -0.0019630000  -0.0179100000   2.0221580000   0.1657750000   1.4280310000   8.2452080000   0.0496360000   0.2399030000   8.3384200000  -0.2105640000  -0.9120600000   8.2942890000  -0.0070240000  -0.0330960000   0.0098490000   0.0070540000   0.0330740000  -0.0098430000  -0.0054050000   0.0387850000  -0.0099510000   0.0170820000  -0.0289340000   0.0175800000  -0.0117080000  -0.0098300000  -0.0076350000
   6.7850773199   6.3394142356 1822  2.73E+00   0.9221910000   0.0408660000   2.1189490000   0.2234960000  -1.1853540000   2.0094730000   0.1873800000   2.3271930000   7.2866770000  -0.3558270000   2.3840320000   8.3570190000  -1.0945580000   2.4881700000   9.2716300000  -0.0096610000  -0.0170110000  -0.0016100000   0.0096080000   0.0167390000   0.0013230000   0.0051730000   0.0021180000  -0.0424620000   0.0152060000  -0.0061460000   0.0420770000  -0.0203270000   0.0043000000   0.0006720000
   6.7858132423   6.3385807018 1834  2.83E+00  -1.1916830000   0.3326730000   2.1296210000  -2.0415490000   1.0296580000   3.1403690000   4.4792410000  -2.4238030000   5.8740620000   3.7909580000  -1.6135380000   6.3048830000   2.9459710000  -0.8405650000   6.5761390000   0.0091920000  -0.0075610000  -0.0109910000  -0.0093620000   0.0075610000   0.0107360000  -0.0457020000   0.0382770000   0.0107830000   0.0500190000  -0.0299280000   0.0015870000  -0.0041480000  -0.0083500000  -0.0121140000
   6.7865778486   6.3397433237 2014  3.25E+00   0.6831680000  -1.1159050000   2.4255830000  -0.0051190000   0.0129310000   1.6127610000   0.4398600000   0.1818660000   7.9346120000   0.0465380000   0.3088160000   9.0303170000  -0.4922710000   0.2797040000  10.0802120000   0.0155240000  -0.0255100000   0.0182260000  -0.0155980000   0.0254880000  -0.0186170000  -0.0143930000  -0.0087240000   0.0120940000   0.0289450000   0.0193900000  -0.0183610000  -0.0144780000  -0.0106430000   0.0066580000
   6.7853667558   6.3360371910 2062  6.69E-01   0.8608780000   1.6115590000   2.7405250000   0.9928560000   0.4944410000   1.8568490000  -1.8256210000  -0.6593600000   9.7455520000  -1.7699670000  -0.6899550000   8.5562700000  -1.8584780000  -0.7059100000   7.3862630000   0.0011230000  -0.0089710000  -0.0071580000  -0.0008850000   0.0090850000   0.0069440000  -0.0108610000   0.0016220000   0.0326710000   0.0202550000  -0.0022750000  -0.0413510000  -0.0096320000   0.0005390000   0.0088940000
   6.7856784964   6.3390579205 2439  4.54E+00   2.3309610000  -0.6552110000   2.9973290000   1.0660380000  -0.6887610000   2.3058880000  -2.5280370000   1.9289880000   6.8240370000  -2.0065310000   1.4896780000   7.7545390000  -1.4365770000   1.1215130000   8.6508450000  -0.0051050000  -0.0001450000  -0.0027420000   0.0051880000   0.0000560000   0.0028160000   0.0273540000  -0.0144070000   0.0426160000   0.0285680000  -0.0297640000   0.0523520000  -0.0560050000   0.0442590000  -0.0950430000
   6.7890468525   6.3350849566 2553  1.20E+01   1.1285190000  -1.2060860000   2.3455680000  -0.3283020000  -0.7719160000   1.9372190000   1.3619740000   1.4631880000   7.6188190000   0.5924420000   1.5704510000   8.5176520000  -0.2381980000   1.9766820000   9.1654760000   0.0376270000  -0.0112890000   0.0104760000  -0.0378490000   0.0111040000  -0.0107180000  -0.0047720000   0.0236660000  -0.0166660000  -0.0707020000  -0.0072160000   0.0981660000   0.0756960000  -0.0162650000  -0.0812570000
   6.7879146928   6.3360263368 2647  1.36E+00   0.7842990000  -0.9267460000   1.7122240000  -0.0729180000   0.1880130000   1.9490350000  -0.2375410000   1.0481180000   8.2242520000   0.1373750000  -0.0761500000   8.4154890000   0.4491720000  -1.1838720000   8.6176330000  -0.0083330000   0.0108310000   0.0023480000   0.0083720000  -0.0109270000  -0.0023140000  -0.0170130000   0.0401520000  -0.0042730000   0.0233100000  -0.0494850000   0.0039690000  -0.0063370000   0.0094300000   0.0002700000
   6.7876869786   6.3393942874 2690  9.23E+00   0.1867520000   0.3113460000   1.6860240000  -1.2135410000   0.8586560000   2.2080270000   1.4554120000  -0.3889530000   7.8212330000   2.2806810000  -1.2461040000   7.9520040000   2.8814370000  -2.2958830000   8.0767700000   0.0394510000  -0.0154290000  -0.0147100000  -0.0394220000   0.0153860000   0.0145070000  -0.0364760000   0.0133060000  -0.0025900000   0.0163390000   0.0557650000  -0.0043050000   0.0201070000  -0.0690270000   0.0070990000
   6.7870263654   6.3393216297 2806  1.56E+00   0.6150170000  -1.2346970000   2.4084030000   0.7629340000   0.1058830000   1.7636430000  -1.2018080000   0.5207960000   9.8413270000  -1.4294820000   0.0994230000   8.7411650000  -1.5741080000  -0.3587740000   7.6381070000  -0.0015940000  -0.0150080000   0.0071300000   0.0017990000   0.0150840000  -0.0074260000   0.0142240000   0.0155760000   0.0464470000  -0.0128290000   0.0046180000  -0.0040840000  -0.0015990000  -0.0202700000  -0.0420680000
   6.7859290627   6.3351308163 3497  2.02E+00   1.4058430000   0.2569210000   2.2192200000  -0.0202110000  -0.0021640000   1.6987400000  -0.6357120000  -0.1938970000   8.0009840000   0.0075910000   0.2315210000   8.8594820000   0.6423800000   0.7023890000   9.7256920000   0.0293980000   0.0053550000   0.0107070000  -0.0292530000  -0.0052820000  -0.0109060000   0.0248790000   0.0201460000   0.0368500000  -0.0221110000  -0.0217200000  -0.0347870000  -0.0029120000   0.0015000000  -0.0018640000
   6.7852820705   6.3356714188 3579  4.57E+00   0.6497440000  -1.0182800000   1.6300140000  -0.4585340000   0.0304560000   1.9953430000   1.6361040000  -0.5951940000   8.4674080000   0.8373400000   0.2179370000   8.2990940000  -0.0155980000   1.0313110000   8.2357620000   0.0279000000  -0.0263850000  -0.0091380000  -0.0278110000   0.0263260000   0.0092010000  -0.0355920000   0.0327060000   0.0016670000   0.0418890000  -0.0355640000  -0.0104770000  -0.0063860000   0.0029180000   0.0087480000
   6.7879627852   6.3385341527 3869  3.03E+00   1.0961590000   0.8535210000   1.8916880000  -0.0100980000  -0.0135400000   1.8752960000   1.0194060000  -0.0577720000   8.1295090000  -0.0029480000   0.2801950000   8.5654950000  -1.0358220000   0.5489500000   8.9567290000  -0.0198210000  -0.0154950000  -0.0003140000   0.0196590000   0.0155580000   0.0002370000  -0.0316560000   0.0050270000   0.0118250000  -0.0424920000   0.0196300000   0.0191230000   0.0743090000  -0.0247200000  -0.0308710000
