   6.7924395401   6.0357373905   61  2.04E+00   1.4630840000  -0.2359160000   2.3764980000   0.2333420000  -0.0345150000   1.6990600000  -0.2929350000   0.2742230000   7.7038780000  -0.5313820000   0.3684100000   8.8413360000  -0.5657000000   0.3241260000  10.0249110000  -0.0155500000   0.0025440000  -0.0086920000   0.0155950000  -0.0025620000   0.0081990000   0.0082740000  -0.0071470000   0.0297650000  -0.0214890000   0.0170850000  -0.0497460000   0.0131710000  -0.0099200000   0.0204740000
   6.7924024094   6.0366808165   61  2.22E+00   1.4534280000  -0.2272660000   2.3756440000   0.2336150000  -0.0345600000   1.6983170000  -0.2948400000   0.2702830000   7.7040910000  -0.5319070000   0.3695530000   8.8439500000  -0.5641590000   0.3268880000  10.0265000000  -0.0203150000   0.0032070000  -0.0114070000   0.0203600000  -0.0032230000   0.0109080000   0.0092780000  -0.0076500000   0.0249280000  -0.0225790000   0.0177080000  -0.0429510000   0.0132550000  -0.0100420000   0.0185220000
   6.7923490860   6.0376007141   61  2.47E+00   1.4441720000  -0.2186790000   2.3750150000   0.2338840000  -0.0346050000   1.6975710000  -0.2967550000   0.2663530000   7.7042730000  -0.5323940000   0.3706660000   8.8466350000  -0.5626340000   0.3296620000  10.0280650000  -0.0250300000   0.0038050000  -0.0141390000   0.0250770000  -0.0038200000   0.0136330000   0.0102850000  -0.0081970000   0.0199570000  -0.0236600000   0.0183670000  -0.0358560000   0.0133280000  -0.0101550000   0.0164050000
   6.7922439342   6.0385039832   61  2.76E+00   1.4354090000  -0.2101680000   2.3746640000   0.2341460000  -0.0346480000   1.6968220000  -0.2986830000   0.2624340000   7.7044310000  -0.5328430000   0.3717490000   8.8493790000  -0.5611260000   0.3324490000  10.0296100000  -0.0296090000   0.0043240000  -0.0168370000   0.0296570000  -0.0043380000   0.0163260000   0.0112840000  -0.0087840000   0.0148970000  -0.0247220000   0.0190600000  -0.0285280000   0.0133900000  -0.0102610000   0.0141420000
   6.7920491242   6.0393966689   61  3.09E+00   1.4272290000  -0.2017410000   2.3746440000   0.2344000000  -0.0346900000   1.6960690000  -0.3006260000   0.2585250000   7.7045700000  -0.5332500000   0.3728000000   8.8521710000  -0.5596340000   0.3352480000  10.0311380000  -0.0339550000   0.0047540000  -0.0194480000   0.0340050000  -0.0047670000   0.0189300000   0.0122660000  -0.0094090000   0.0097910000  -0.0257540000   0.0197820000  -0.0210310000   0.0134390000  -0.0103610000   0.0117580000
   6.7926368014   6.0383389559  153  1.05E+01   0.7251500000  -1.2424640000   1.7486510000   0.3837830000  -0.0143180000   2.1061890000  -1.7289940000   0.6157430000   7.7276420000  -0.7257780000   0.3406740000   8.1929040000   0.3114430000  -0.0340280000   8.4941740000  -0.0214740000   0.0772720000   0.0224970000   0.0215580000  -0.0772760000  -0.0225140000   0.0774260000  -0.0283250000   0.0236810000  -0.0115560000   0.0113950000   0.0077990000  -0.0659540000   0.0169340000  -0.0314630000
   6.7926808320   6.0363191100  356  7.66E+00  -0.1647120000  -0.2742060000   1.8823000000  -1.4326070000   0.1164380000   2.1570570000   1.9000290000   0.5260490000   7.1733210000   2.5988390000   0.1045880000   8.0758300000   3.3141990000  -0.4811340000   8.8739160000  -0.0548180000   0.0168500000   0.0117940000   0.0546020000  -0.0169590000  -0.0121860000  -0.0372500000   0.0149050000  -0.0544880000  -0.0116460000   0.0333520000   0.0065890000   0.0491120000  -0.0481470000   0.0482900000
   6.7902205162   6.0379997668  370  8.04E+00   1.5228020000  -0.8666000000   2.1036870000   0.5697490000   0.0849390000   1.9976650000  -1.9352800000  -0.6407700000   8.7275560000  -1.0800100000   0.1125140000   8.2983460000  -0.1953670000   0.8743710000   7.9347380000  -0.0434250000   0.0433040000  -0.0048360000   0.0433130000  -0.0434550000   0.0046750000  -0.0531550000  -0.0475150000   0.0315330000  -0.0048230000  -0.0020260000  -0.0132970000   0.0580890000   0.0496920000  -0.0180750000
   6.7929766461   6.0395499960  387  5.01E-01  -0.8254450000  -1.2261980000   1.8953250000   0.0076490000   0.0163640000   1.9209710000   1.0124370000   0.2099810000   7.8732040000   0.0134640000   0.2451140000   8.4737750000  -1.0087390000   0.2892160000   9.0535500000  -0.0096470000  -0.0143320000  -0.0002780000   0.0094640000   0.0143280000   0.0001570000  -0.0183340000   0.0013690000   0.0108420000   0.0227990000  -0.0021700000  -0.0117850000  -0.0042820000   0.0008060000   0.0010630000
   6.7932200934   6.0352307883  534  1.16E+01   2.5113340000  -0.8904420000   3.7574780000   1.4212880000  -1.1358640000   2.8383460000  -2.2445510000   3.0716840000   7.6426410000  -2.6742900000   2.4018460000   6.6588540000  -3.0043460000   1.5418140000   5.9476570000  -0.0026320000  -0.0005570000  -0.0022110000   0.0027550000   0.0006050000   0.0021700000   0.0460210000   0.0535660000   0.1097970000  -0.0565360000  -0.0590810000  -0.1388710000   0.0103920000   0.0054670000   0.0291150000
   6.7933699006   6.0354513873  694  1.36E+00  -0.8387890000   0.4738110000   1.9493700000   0.1860140000  -0.5290200000   1.7971590000  -0.1188980000   0.6244910000   7.7135020000  -0.2805020000   1.2053350000   8.6801250000  -0.5466830000   1.7705450000   9.6732890000   0.0041150000  -0.0040200000  -0.0006860000  -0.0041270000   0.0040310000   0.0002630000  -0.0191460000   0.0407790000   0.0732670000   0.0256970000  -0.0375640000  -0.0714270000  -0.0065380000  -0.0032260000  -0.0014160000
   6.7946060750   6.0364584468  722  6.47E+00  -1.0044130000  -1.0072560000   1.5290340000   0.0156540000   0.0152650000   2.1013410000  -1.1230250000   0.0700320000   8.2816600000  -0.0028160000   0.2417370000   8.1323280000   1.1102390000   0.4233920000   8.0236840000  -0.0232700000  -0.0233320000  -0.0130500000   0.0232260000   0.0233270000   0.0131360000   0.0720770000   0.0120160000  -0.0048780000   0.0246010000   0.0027830000  -0.0096460000  -0.0966340000  -0.0147940000   0.0144380000
   6.7945467782   6.0384087699  757  4.27E+00  -0.9894790000  -0.6816810000   1.4671950000   0.0181550000   0.0046730000   2.1117710000   0.7940350000  -0.5663010000   8.0728430000  -0.0382860000   0.2406290000   8.1313110000  -0.7936240000   1.0929470000   8.1850680000   0.0304090000   0.0207220000   0.0194660000  -0.0304820000  -0.0206770000  -0.0194040000  -0.0195320000   0.0280040000   0.0033170000  -0.0370030000   0.0258630000  -0.0009030000   0.0566070000  -0.0539120000  -0.0024760000
   6.7921556821   6.0366520043 1106  6.70E+00  -0.8197450000  -1.0435020000   1.8269550000   0.0100210000   0.0131620000   1.9523500000   0.8710620000  -0.3727680000   7.9148020000   0.0518690000   0.3350150000   8.4203880000  -0.9084010000   0.8089540000   8.8996200000   0.0385350000   0.0491250000   0.0058130000  -0.0386850000  -0.0489710000  -0.0059600000   0.0090770000  -0.0307480000  -0.0108100000  -0.0031060000   0.0473630000   0.0134890000  -0.0058220000  -0.0167680000  -0.0025310000
   6.7929096472   6.0387159531 1312  5.08E+00   0.3208560000  -0.1430580000   1.1912760000  -0.4385650000  -0.4808360000   2.2558660000  -0.3297020000   0.8931450000   8.1351870000   0.7851610000   1.0811120000   7.8568180000   1.9103690000   1.3933670000   7.6265210000  -0.0347680000  -0.0154720000   0.0486990000   0.0348020000   0.0154760000  -0.0485910000   0.0208390000   0.0119160000  -0.0002420000  -0.0446360000  -0.0268040000   0.0001060000   0.0237640000   0.0148830000   0.0000280000
   6.7911503606   6.0379164344 1583  6.45E+00  -1.4563680000   0.4626630000   2.1192420000   0.0188040000  -0.0001860000   1.7842060000   0.3987130000   0.8566800000   7.7489260000   0.0503960000   0.2247620000   8.7368540000  -0.4387040000  -0.3659520000   9.6492620000  -0.0398110000   0.0124380000   0.0089740000   0.0396980000  -0.0126190000  -0.0093540000   0.0135880000   0.0412150000  -0.0627460000   0.0102280000  -0.0243230000   0.0375210000  -0.0237040000  -0.0167120000   0.0256060000
   6.7911865362   6.0354651466 1589 -1.60E-01   1.9219400000  -0.9523780000   3.2762950000   0.8808510000  -1.5721570000   2.5079600000  -1.3712870000   2.3035740000   6.5494230000  -1.6306680000   3.1485650000   7.3605890000  -1.9248480000   3.9322200000   8.1944240000  -0.0067310000  -0.0041110000  -0.0050880000   0.0069990000   0.0038000000   0.0047500000   0.0055670000  -0.0303780000  -0.0241060000   0.0014720000   0.0207380000   0.0085160000  -0.0073070000   0.0099510000   0.0159280000
   6.7907559830   6.0359127181 1829  8.33E+00   0.3821710000  -2.2375030000   5.9566420000   1.0764500000  -1.7948490000   4.5754550000  -1.6709520000   3.5782710000   4.6921000000  -1.9610520000   3.6581260000   3.5348180000  -2.2570230000   3.4681370000   2.4292990000  -0.0208030000  -0.0133120000   0.0413960000   0.0208650000   0.0131640000  -0.0415360000   0.0051890000  -0.0181450000   0.0290810000  -0.0121910000   0.0304890000  -0.0614130000   0.0069400000  -0.0121960000   0.0324710000
   6.7914299984   6.0380283301 1859  3.69E+00   0.6625130000  -1.2051940000   1.9961010000   0.1859250000   0.2714970000   1.8090900000  -0.4023480000   0.5712330000   7.8109130000  -0.3942240000  -0.2538460000   8.6370170000  -0.2720050000  -0.9729870000   9.5457070000   0.0115900000  -0.0359640000   0.0045370000  -0.0115500000   0.0357640000  -0.0048300000   0.0078180000  -0.0080350000   0.0235210000  -0.0137600000  -0.0106120000  -0.0150860000   0.0059020000   0.0188470000  -0.0081420000
   6.7942053953   6.0377201041 1899  5.46E+00  -0.4760320000  -1.8110070000   2.7445700000   0.4385290000  -1.0520410000   2.0529630000  -0.6821280000   1.3221900000   7.4899860000  -0.7479240000   2.1566480000   8.2532010000  -0.9165370000   3.1147450000   8.8896420000   0.0294720000   0.0244100000  -0.0223720000  -0.0293800000  -0.0245420000   0.0219540000  -0.0141410000   0.0855820000   0.0609920000   0.0176450000  -0.0704140000  -0.0348870000  -0.0035970000  -0.0150370000  -0.0256880000
   6.7900185794   6.0357130619 1944  5.38E+00  -1.0544070000  -0.8002610000   2.0538200000   0.0135130000   0.0095080000   1.8143050000  -0.4959390000   0.9025400000   9.4955380000   0.0676490000   0.3191890000   8.6562570000   0.4440960000  -0.4515510000   7.8169590000   0.0421300000   0.0320020000  -0.0095180000  -0.0422420000  -0.0318160000   0.0091450000  -0.0059330000  -0.0185080000  -0.0086770000   0.0074470000   0.0520720000   0.0303500000  -0.0014020000  -0.0337510000  -0.0213010000
   6.7922846325   6.0385898127 2131  3.90E+00   0.8706700000  -0.4738760000   1.4965350000   0.2688060000   0.5716510000   2.1435910000  -0.4887190000   0.4047380000   8.1321520000  -0.5159730000  -0.7823640000   8.1386120000  -0.5212770000  -1.9548530000   7.9595120000  -0.0213120000   0.0370180000   0.0229210000   0.0213180000  -0.0370780000  -0.0229790000   0.0016180000   0.0211100000  -0.0101590000  -0.0027340000  -0.0021370000   0.0236580000   0.0011100000  -0.0189130000  -0.0134410000
   6.7939023469   6.0383918488 2796  3.20E+00  -1.4228360000   1.6215840000   2.4959390000  -0.6751660000   0.3793000000   1.9739250000   0.2562300000   0.0389390000   7.9303360000   1.2635200000  -0.4649030000   8.3770250000   2.2568380000  -0.9987440000   8.7667400000  -0.0154920000   0.0257540000   0.0107340000   0.0155820000  -0.0257900000  -0.0110870000  -0.0502500000   0.0230010000  -0.0234070000   0.0173970000  -0.0032100000   0.0133800000   0.0327630000  -0.0197550000   0.0103800000
   6.7925844755   6.0369403415 2796  2.77E+00  -1.4135200000   1.6185650000   2.4916500000  -0.6755630000   0.3794990000   1.9736430000   0.2577420000   0.0355250000   7.9280760000   1.2645730000  -0.4629720000   8.3767350000   2.2559280000  -0.9975830000   8.7709000000  -0.0141380000   0.0237520000   0.0098430000   0.0142290000  -0.0237870000  -0.0101940000  -0.0480910000   0.0212730000  -0.0223810000   0.0153460000  -0.0010710000   0.0120510000   0.0326540000  -0.0201670000   0.0106810000
   6.7911696262   6.0355282189 2796  2.35E+00  -1.4039260000   1.6150800000   2.4871680000  -0.6759630000   0.3797040000   1.9733630000   0.2593140000   0.0320840000   7.9258430000   1.2656010000  -0.4610400000   8.3764240000   2.2549780000  -0.9963980000   8.7750460000  -0.0126580000   0.0214950000   0.0088540000   0.0127490000  -0.0215280000  -0.0092040000  -0.0457940000   0.0194980000  -0.0212810000   0.0131690000   0.0011100000   0.0106500000   0.0325340000  -0.0205750000   0.0109810000
   6.7928678701   6.0386862415 3005  5.28E+00   0.9574890000   1.2141300000   1.7337080000  -0.0110540000  -0.0144800000   1.9672890000  -1.0200670000   0.6304540000   7.8860460000   0.0090760000   0.2884560000   8.3960420000   1.0081320000  -0.1635010000   8.8779210000   0.0261110000   0.0330760000  -0.0062680000  -0.0259420000  -0.0331250000   0.0061870000  -0.0366710000   0.0050890000  -0.0169710000   0.0018530000   0.0179550000   0.0002200000   0.0346490000  -0.0229950000   0.0168320000
   6.7924340893   6.0389200900 3128  3.22E+00  -0.8126520000   0.7412020000   1.3616150000   0.0096010000  -0.0107990000   2.1423330000   1.1499090000   0.5071580000   8.0499530000   0.0007470000   0.2432520000   8.0867610000  -1.1472190000   0.0051440000   8.0954190000   0.0329000000  -0.0300900000   0.0312290000  -0.0329150000   0.0300830000  -0.0311770000   0.0077220000   0.0035030000  -0.0004060000  -0.0123330000  -0.0061840000   0.0006150000   0.0046250000   0.0026880000  -0.0002610000
   6.7927052089   6.0358035251 3390  6.67E+00   1.6856330000  -1.3270630000   1.9547850000   0.5591360000  -0.2635600000   2.2477460000  -2.1210980000   0.4244890000   7.6118730000  -1.0347710000   0.7470290000   7.8232080000  -0.0007640000   1.1022830000   8.1675180000   0.0295130000  -0.0278670000  -0.0076740000  -0.0295290000   0.0278990000   0.0078200000   0.0450560000   0.0174970000   0.0213350000   0.0186700000   0.0000620000  -0.0133300000  -0.0637100000  -0.0175900000  -0.0081520000
   6.7918971506   6.0358385832 3534  2.42E+00  -1.3294660000  -0.2437170000   2.2745580000  -0.1315910000  -0.7326790000   1.8264110000   0.0487840000   1.3083570000   7.5038210000   0.2445900000   1.5513710000   8.6330070000   0.5085620000   1.8892420000   9.7517600000   0.0421980000  -0.0172710000  -0.0158930000  -0.0422220000   0.0170890000   0.0154560000   0.0058670000   0.0083840000   0.0094530000  -0.0198710000  -0.0267140000  -0.0499010000   0.0140280000   0.0185120000   0.0408850000
   6.7936189630   6.0379778653 3534  2.06E+00  -1.3352890000  -0.2445460000   2.2774100000  -0.1316170000  -0.7333290000   1.8251960000   0.0499590000   1.3112460000   7.5035690000   0.2445330000   1.5542340000   8.6352250000   0.5079280000   1.8875000000   9.7562330000   0.0384220000  -0.0156480000  -0.0145420000  -0.0384470000   0.0154660000   0.0141040000   0.0051520000   0.0071580000   0.0052850000  -0.0194580000  -0.0253870000  -0.0471430000   0.0143310000   0.0184110000   0.0422960000
   6.7921707886   6.0396041662 3610  8.43E+00  -1.2355100000  -0.3115100000   1.5846570000  -1.5206510000   0.4127440000   2.7047830000   3.6416680000  -1.1399340000   6.4480740000   2.7821130000  -0.4902520000   7.0582610000   1.9421500000   0.1539190000   7.6463250000  -0.0108480000   0.0275840000   0.0426790000   0.0109020000  -0.0276260000  -0.0427140000   0.0723290000  -0.0537300000  -0.0503480000  -0.0289100000   0.0193030000   0.0184440000  -0.0434740000   0.0344690000   0.0319380000
   6.7902565282   6.0357797916 3610  8.04E+00  -1.2351940000  -0.3245930000   1.5861690000  -1.5207420000   0.4130060000   2.7049480000   3.6436690000  -1.1401440000   6.4507940000   2.7816800000  -0.4914390000   7.0583230000   1.9409120000   0.1545360000   7.6426380000  -0.0099220000   0.0256620000   0.0389430000   0.0099750000  -0.0257050000  -0.0389790000   0.0724970000  -0.0534190000  -0.0501080000  -0.0294290000   0.0189880000   0.0186770000  -0.0431220000   0.0344740000   0.0314660000
   6.7940098882   6.0364413237 3980  4.25E+00   1.2213940000  -0.4749870000   1.7412620000  -0.0204250000   0.0065260000   1.9776800000   0.9486280000  -0.2686780000   8.8215070000   0.0218650000   0.2614250000   8.3878700000  -0.9399890000   0.7574340000   7.8962240000  -0.0552060000   0.0213990000   0.0105690000   0.0553680000  -0.0214820000  -0.0106520000  -0.0365640000   0.0172890000  -0.0189320000   0.0542930000  -0.0229770000   0.0287630000  -0.0178890000   0.0057700000  -0.0097480000
