   6.7991092960   6.9320296218  653  1.04E+01   1.9925150000  -1.0323120000   5.3800360000   1.7040850000  -1.6340160000   4.1946990000  -3.8761860000   2.5524460000   3.6554960000  -3.1989760000   3.2181500000   4.2800900000  -2.3585040000   3.9450850000   4.8443430000  -0.0116120000  -0.0242030000  -0.0476410000   0.0115090000   0.0241380000   0.0476010000   0.0533910000   0.0477460000   0.0369420000  -0.1289220000  -0.1102470000  -0.0779840000   0.0756350000   0.0625650000   0.0410810000
   6.7982322948   6.9310266947  665  2.98E+00  -1.1758230000   1.2840460000   2.5956160000  -0.7100910000   0.3029080000   1.7601260000   2.2323710000  -1.0445360000   8.9081180000   1.2978020000  -0.3536270000   8.7124100000   0.4138200000   0.4039840000   8.5986740000   0.0162000000  -0.0341070000  -0.0290500000  -0.0161200000   0.0340220000   0.0290210000   0.0088570000   0.0004510000   0.0073490000  -0.0223900000   0.0036450000  -0.0155470000   0.0134540000  -0.0040110000   0.0082260000
   6.7962542612   6.9336842176  667  2.07E+00  -0.5706570000  -1.3395650000   3.0615840000   0.4853120000  -1.6165570000   2.1172690000  -0.8944790000   3.1701920000   6.9400470000  -0.8703200000   3.2389630000   8.0752010000  -0.8399860000   3.2438790000   9.2320770000   0.0037430000  -0.0010500000  -0.0033490000  -0.0036960000   0.0008530000   0.0032950000   0.0020510000   0.0016500000   0.0894210000  -0.0014780000   0.0031270000  -0.0532470000  -0.0006210000  -0.0045800000  -0.0361200000
   6.7989197325   6.9325519151 1140  6.54E+00  -1.1780060000  -0.3423290000   2.2380930000   0.0158640000   0.0000330000   1.7105740000  -0.3572400000   1.3496860000   9.0374220000  -0.0522830000   0.2332360000   8.9184210000   0.3914800000  -0.8156970000   8.5847120000   0.0554450000   0.0159250000  -0.0244970000  -0.0555000000  -0.0158550000   0.0244700000   0.0161310000  -0.0197630000  -0.0162200000  -0.0304360000   0.0265470000   0.0329720000   0.0143590000  -0.0068550000  -0.0167250000
   6.7958172398   6.9333412773 1443  4.04E+00   1.6799280000  -1.1949980000   5.5608050000   1.9316840000  -1.4984850000   4.1896990000  -3.5355380000   3.4084980000   5.3255540000  -3.5381260000   2.9668530000   4.2825090000  -3.5615440000   2.6110600000   3.1860520000   0.0023400000  -0.0028380000  -0.0129960000  -0.0024070000   0.0029020000   0.0130570000  -0.0027150000  -0.0301400000  -0.0928260000   0.0045010000   0.0058540000   0.0458880000  -0.0017190000   0.0242220000   0.0468770000
   6.7950053967   6.9305065113 1755  2.15E+00   0.8071520000  -0.1491720000   2.2151260000  -0.0722750000  -1.3502200000   2.0067620000   0.0603570000   2.1821960000   9.3602500000   0.1444640000   2.7312430000   8.3336350000   0.1412960000   3.2078670000   7.2230970000   0.0115420000   0.0156740000   0.0027040000  -0.0115280000  -0.0158750000  -0.0027490000  -0.0047740000   0.0001040000  -0.0127250000   0.0103460000  -0.0168240000   0.0643110000  -0.0055860000   0.0169210000  -0.0515410000
   6.7959174349   6.9300101118 1764  4.50E+00  -0.7268860000  -1.3319440000   2.2509680000  -0.5937960000   0.0881660000   1.7861540000   0.1544560000   0.8204270000   8.6366250000   1.0762860000   0.1257020000   8.6391080000   2.0489360000  -0.5835210000   8.8169190000  -0.0016390000  -0.0176760000   0.0058420000   0.0016950000   0.0176730000  -0.0057240000   0.0353680000  -0.0248120000   0.0124540000  -0.0900530000   0.0629360000  -0.0340910000   0.0546290000  -0.0381210000   0.0215190000
   6.7986888057   6.9316902579 1764  4.12E+00  -0.7309170000  -1.3285710000   2.2475860000  -0.5940960000   0.0881050000   1.7851140000   0.1549580000   0.8200480000   8.6372310000   1.0789040000   0.1237590000   8.6380050000   2.0482240000  -0.5815940000   8.8225460000  -0.0015660000  -0.0164220000   0.0054170000   0.0016280000   0.0164150000  -0.0053000000   0.0311780000  -0.0215570000   0.0129940000  -0.0811220000   0.0560590000  -0.0347510000   0.0498820000  -0.0344950000   0.0216400000
   6.7994414966   6.9316908996 1885  6.14E+00   1.1966760000   0.1490770000   2.2486490000  -0.0153350000  -0.0016580000   1.6566310000  -0.3581090000   1.2687850000   9.3304720000   0.0468450000   0.2510750000   8.9493870000   0.3241350000  -0.7707050000   8.5371590000  -0.0507210000  -0.0062760000  -0.0247580000   0.0507120000   0.0063710000   0.0247640000   0.0029910000  -0.0322640000  -0.0133690000   0.0286200000  -0.0480260000  -0.0183680000  -0.0316020000   0.0801950000   0.0317310000
   6.7957114403   6.9349913389 1949  3.05E+00   0.3716470000  -1.6745490000   2.8723970000  -0.5734700000  -1.1220810000   1.9413240000   0.6759780000   1.9935350000   9.4558320000   1.0481950000   2.2457490000   8.3819560000   1.3777770000   2.7177140000   7.3766450000  -0.0053850000   0.0031140000  -0.0052430000   0.0053290000  -0.0032330000   0.0053130000   0.0054240000   0.0219020000  -0.0185260000   0.0093370000  -0.0214030000  -0.0244170000  -0.0147050000  -0.0003800000   0.0428740000
   6.7964380487   6.9302224110 1960  4.57E+00   0.1932480000  -0.1063530000   2.7034020000  -0.0032550000  -0.0009870000   1.3567580000   0.1364060000   0.1985380000  10.6546460000   0.0112280000   0.3225570000   9.4838500000  -0.1407550000   0.2586230000   8.2807510000  -0.0073690000   0.0039530000  -0.0507830000   0.0074090000  -0.0039630000   0.0504240000   0.0008850000  -0.0135660000   0.0215380000   0.0083080000   0.0278180000   0.0391630000  -0.0092340000  -0.0142420000  -0.0603420000
   6.7978177271   6.9312209693 2417  3.33E+00  -0.7640190000   0.8800360000   2.3445280000   0.0077580000  -0.0142570000   1.5981290000  -0.4227680000  -0.6961700000   8.4822750000   0.0630100000   0.2119010000   9.0586880000   0.3848560000   1.2405290000   9.5894350000   0.0166280000  -0.0192180000  -0.0160580000  -0.0165610000   0.0193010000   0.0160150000  -0.0133580000   0.0013820000  -0.0051300000   0.0113830000  -0.0474260000  -0.0126410000   0.0019080000   0.0459610000   0.0178140000
   6.7961388981   6.9331965116 2597  1.19E+00  -0.5873970000   1.1775650000   2.1759250000   0.0107480000  -0.0149960000   1.6963520000   0.8518520000  -0.4778570000   8.5627570000   0.0044080000   0.2410390000   8.8811610000  -0.8718300000   0.9852870000   9.1622950000   0.0077220000  -0.0154120000  -0.0061600000  -0.0077550000   0.0154380000   0.0062070000  -0.0299660000   0.0254710000   0.0094390000   0.0419520000  -0.0356990000  -0.0112720000  -0.0119530000   0.0102030000   0.0017860000
   6.7957198172   6.9334406695 2777  7.52E-01  -0.0221930000   0.1782850000   2.5359210000  -0.1728080000  -0.8187530000   1.5348760000   0.2548650000   1.7838900000  10.3380530000   0.3356040000   1.6894490000   9.1518240000   0.3576400000   1.7133420000   7.9675830000  -0.0017780000  -0.0117610000  -0.0118710000   0.0017470000   0.0116070000   0.0116170000  -0.0060220000   0.0102660000   0.0360060000   0.0092770000  -0.0183050000  -0.0219760000  -0.0032250000   0.0081930000  -0.0137750000
   6.7994163611   6.9322416566 2793  7.58E+00  -0.2474890000  -0.6560170000   2.7550040000  -1.0760870000  -0.1501570000   1.5864720000   2.2006740000   0.5699360000  10.1995730000   2.0491350000   0.6582990000   9.0184020000   1.6508760000   0.4148020000   7.9347370000   0.0136720000  -0.0084010000   0.0192130000  -0.0137870000   0.0083870000  -0.0195180000  -0.0132660000  -0.0239660000   0.0310340000   0.0273080000   0.0447890000  -0.0441060000  -0.0139280000  -0.0208080000   0.0133770000
   6.7978785502   6.9309287669 2839  2.39E+00  -1.1104440000  -0.3408370000   2.5032940000   0.0136770000   0.0037840000   1.5260600000   0.5457540000   1.0046220000   9.9108190000   0.0210760000   0.2083090000   9.1838070000  -0.5599200000  -0.4707480000   8.4168930000  -0.0207660000  -0.0063440000   0.0179930000   0.0208390000   0.0064230000  -0.0181380000   0.0157500000   0.0364710000   0.0247780000  -0.0102930000  -0.0414170000  -0.0210720000  -0.0055290000   0.0048680000  -0.0035600000
   6.7975000760   6.9301405105 2962  6.50E+00   0.1101620000  -1.2895590000   3.1894170000   0.4341450000  -1.0904390000   1.6680850000  -0.5399380000   1.5635560000   7.9953530000  -0.7516190000   2.1756190000   8.9735230000  -1.0709930000   3.0180570000   9.7376810000  -0.0080890000  -0.0050600000   0.0379200000   0.0081300000   0.0049140000  -0.0382130000  -0.0102530000   0.0242140000  -0.0006460000   0.0194590000  -0.0448200000   0.0107510000  -0.0092460000   0.0207510000  -0.0098110000
   6.7967397418   6.9326289715 3089  3.09E+00   0.8942080000   0.8862640000   2.0533760000   0.6629800000  -0.4662950000   1.9053170000  -2.2960970000   0.9725090000   8.0073700000  -1.2424190000   1.0585230000   8.5032460000  -0.1386430000   1.1934890000   8.9654830000  -0.0068610000  -0.0400930000  -0.0043610000   0.0068590000   0.0400930000   0.0044260000   0.0129720000   0.0041060000   0.0039340000  -0.0607320000  -0.0128490000  -0.0218230000   0.0477620000   0.0087430000   0.0178240000
   6.7951941064   6.9328967813 3309  6.49E+00  -2.1898880000  -0.5508450000   3.8380360000  -1.8792800000  -0.3778440000   2.5308200000   3.8325590000   0.9449160000   6.2308550000   3.4719070000   0.8910550000   7.3078580000   3.0846420000   0.9955960000   8.4030160000   0.0134750000   0.0074820000  -0.0565950000  -0.0134820000  -0.0075050000   0.0566840000  -0.0283030000   0.0080120000   0.0845640000   0.0215730000  -0.0178850000  -0.0642450000   0.0067370000   0.0098960000  -0.0204080000
   6.7988281545   6.9307299840 3352  5.49E+00  -0.9476670000   0.9243450000   1.9817270000   0.0119900000  -0.0120590000   1.7940770000  -0.1986490000  -0.9207940000   8.6617440000   0.0593510000   0.2411640000   8.6707660000   0.1539150000   1.4294190000   8.7454240000   0.0420490000  -0.0410260000  -0.0081900000  -0.0420120000   0.0410340000   0.0082840000  -0.0158100000  -0.0247210000   0.0051000000   0.0230670000  -0.0103870000  -0.0125230000  -0.0072950000   0.0351000000   0.0073290000
   6.7987363653   6.9348675167 3443  2.37E+00   0.1909720000  -1.5193630000   3.8989320000  -0.4904970000  -2.5508660000   3.3030700000   0.9886450000   5.8134190000   6.6468300000   0.8733580000   4.9395720000   5.9087390000   0.7933580000   4.0015050000   5.1767130000  -0.0229430000  -0.0348330000  -0.0200470000   0.0228740000   0.0344870000   0.0200250000  -0.0021100000  -0.0383120000  -0.0284930000   0.0011600000   0.0603480000   0.0425420000   0.0010190000  -0.0216900000  -0.0140270000
   6.7979517362   6.9308061671 3542  4.43E+00   0.5417060000   1.5043540000   5.7202250000  -0.8214160000   1.7363360000   6.2249230000   1.8452440000  -2.7520770000   1.6665080000   1.4526440000  -2.8356280000   0.5678570000   1.1324820000  -3.1980210000  -0.5407750000   0.0070870000  -0.0011600000  -0.0026440000  -0.0071960000   0.0012840000   0.0026120000   0.0000670000  -0.0198010000  -0.0157990000   0.0095410000   0.0538600000   0.0662770000  -0.0095000000  -0.0341830000  -0.0504460000
   6.7975482914   6.9301191180 3866  4.24E+00  -0.4467570000   1.0242760000   2.9237880000  -0.0657830000   0.8126230000   1.4526210000   0.1855540000  -1.0350900000   8.1271500000   0.1936580000  -1.1779830000   9.3227400000   0.0257460000  -1.5159020000  10.4365460000  -0.0074530000   0.0042050000   0.0285540000   0.0074250000  -0.0040520000  -0.0288850000  -0.0112460000  -0.0079220000  -0.0443530000   0.0230150000   0.0214910000   0.0450570000  -0.0117410000  -0.0137210000  -0.0003730000
   6.7968438538   6.9319608028 3879  4.48E+00   0.3718680000  -1.2990420000   2.1087050000   0.1043470000   0.0006870000   1.7970730000  -0.5742950000  -0.8533340000   8.7844120000  -0.2226970000   0.3002040000   8.6879140000   0.1969080000   1.3940560000   8.5869210000  -0.0103270000   0.0501890000  -0.0120080000   0.0103160000  -0.0501540000   0.0120760000  -0.0127600000  -0.0585840000   0.0056210000   0.0067780000   0.0569720000  -0.0061310000   0.0059920000   0.0015780000   0.0004430000
