   6.8065178398   6.0435784907  363  2.92E+00   1.2380800000  -0.6542680000   1.6564290000  -0.0143170000   0.0081150000   2.0223320000  -1.1496570000   0.2029320000   7.9551130000   0.0131610000   0.3164930000   8.2810710000   1.1332790000   0.2478430000   8.6251330000   0.0034430000  -0.0017970000  -0.0009660000  -0.0032730000   0.0018420000   0.0009380000  -0.0590010000  -0.0164750000  -0.0127580000   0.0601110000   0.0275460000   0.0102480000  -0.0012790000  -0.0111150000   0.0025380000
   6.8072850725   6.0426453737  384  5.24E+00  -0.5801830000   1.0300190000   1.4507260000   0.0046740000  -0.0090320000   2.0893890000   0.6250020000  -0.7442300000   8.0549770000   0.0325620000   0.2761900000   8.1883380000  -0.6362400000   1.2047820000   8.2729420000   0.0260590000  -0.0462870000   0.0284710000  -0.0260970000   0.0464000000  -0.0284600000   0.0029080000  -0.0202600000  -0.0032860000  -0.0301900000   0.0716190000   0.0094230000   0.0273200000  -0.0514720000  -0.0061490000
   6.8059120232   6.0444101870  388  6.28E+00   0.7390700000  -1.2337420000   1.6046190000  -0.0120770000   0.0197530000   2.0861710000   1.0405080000  -0.1983360000   8.3155140000   0.0179430000   0.2698030000   8.2030860000  -1.0402240000   0.6625470000   8.0077100000   0.0152510000  -0.0254470000  -0.0097670000  -0.0151670000   0.0254370000   0.0097790000  -0.0970890000   0.0372400000  -0.0155140000   0.0341390000  -0.0069540000   0.0080850000   0.0628660000  -0.0302760000   0.0074180000
   6.8050975165   6.0402860044  388  6.55E+00   0.7427410000  -1.2398920000   1.6037270000  -0.0121310000   0.0198380000   2.0878870000   1.0411590000  -0.1975530000   8.3121060000   0.0169310000   0.2698890000   8.1994160000  -1.0400780000   0.6616640000   8.0053560000   0.0163350000  -0.0272570000  -0.0104680000  -0.0162550000   0.0272490000   0.0104810000  -0.0943020000   0.0359090000  -0.0151080000   0.0278620000  -0.0044180000   0.0070310000   0.0663600000  -0.0314830000   0.0080640000
   6.8092275946   6.0418313861  416  6.11E+00  -0.2582560000  -1.2769800000   1.6965810000   0.0041480000   0.0147470000   1.9910170000   0.5559700000  -0.6763180000   7.9677760000   0.0135380000   0.2520950000   8.3263350000  -0.5705770000   1.1815490000   8.7323530000   0.0120010000   0.0591150000   0.0134530000  -0.0120700000  -0.0589910000  -0.0134600000  -0.0478890000   0.0768990000   0.0351760000   0.0442740000  -0.0664110000  -0.0351240000   0.0036840000  -0.0106130000  -0.0000450000
   6.8091388854   6.0413955835  641  2.68E+00  -0.1937670000  -1.1745530000   1.4486810000   0.0023800000   0.0122910000   2.1301510000  -0.2376410000  -0.8826620000   8.1810660000  -0.0144760000   0.2656030000   8.1013630000   0.2488310000   1.3835620000   8.0087000000   0.0055900000   0.0338160000   0.0193850000  -0.0056020000  -0.0338110000  -0.0193220000   0.0044550000   0.0064230000   0.0001820000   0.0035370000   0.0414290000  -0.0048100000  -0.0079800000  -0.0478570000   0.0045640000
   6.8060282003   6.0421139366  656  6.07E+00   1.3588930000  -1.4276920000   2.0565860000   0.4015400000  -0.4776940000   2.1758240000  -1.8397410000   1.3062970000   7.4957090000  -0.7363420000   1.1943980000   7.9774520000   0.3015090000   0.9604120000   8.5206760000  -0.0418940000   0.0415850000   0.0052340000   0.0420130000  -0.0415660000  -0.0051830000  -0.0561260000  -0.0013200000  -0.0174180000   0.0271850000   0.0154780000  -0.0045180000   0.0288220000  -0.0141760000   0.0218840000
   6.8070444028   6.0418263986  952  3.60E+00  -1.1629000000  -0.7468050000   1.5170260000   0.0199930000   0.0110050000   2.0855520000  -1.1440480000   0.2747120000   8.0083160000  -0.0127820000   0.2119680000   8.1573450000   1.1270580000   0.2459280000   8.3578580000  -0.0186900000  -0.0119840000  -0.0090020000   0.0187660000   0.0119580000   0.0090830000   0.0729970000   0.0033020000   0.0152590000  -0.0345540000  -0.0094020000  -0.0137390000  -0.0385180000   0.0061250000  -0.0016010000
   6.8074653922   6.0412436391 1059  2.19E+00   0.0731940000  -1.3215650000   1.5007590000   0.0010500000   0.0169200000   2.1018390000  -1.1071440000  -0.1604360000   8.3022940000  -0.0115650000   0.2243860000   8.1298190000   1.1059710000   0.6784260000   8.0042270000   0.0003080000  -0.0058930000  -0.0026300000  -0.0004140000   0.0058430000   0.0026930000  -0.0012560000   0.0033460000   0.0044960000  -0.0562900000  -0.0304620000  -0.0028680000   0.0576520000   0.0271660000  -0.0016910000
   6.8089530551   6.0433938058 1165  3.61E+00  -2.7944050000   0.1308720000   4.7825250000  -2.1370060000   0.3545330000   3.4065930000   3.2460070000   0.4013080000   6.1531530000   3.9384510000  -0.3705890000   5.6651510000   4.6461970000  -1.2143050000   5.2805650000  -0.0136740000  -0.0046640000   0.0285400000   0.0136030000   0.0045430000  -0.0287180000   0.0429990000  -0.0498080000  -0.0198380000  -0.0330590000   0.0411310000   0.0057850000  -0.0098680000   0.0087980000   0.0142310000
   6.8054092138   6.0431607097 1217  5.46E+00   1.2679880000   0.2958140000   2.0595810000  -0.0196910000  -0.0011320000   1.7761360000  -0.2798410000  -0.4103510000   9.6901330000  -0.0196180000   0.2982880000   8.7420700000   0.3130220000   0.8611170000   7.7482060000  -0.0581790000  -0.0134450000  -0.0128800000   0.0581150000   0.0132960000   0.0125250000  -0.0098640000  -0.0468780000   0.0491710000  -0.0014320000   0.0432970000  -0.0268590000   0.0113600000   0.0037310000  -0.0219570000
   6.8052825357   6.0413793995 1404 -4.88E-01  -0.3176490000   0.7052200000   1.9052380000  -1.0885620000  -0.5299810000   2.0141080000   1.4197590000   0.9440560000   7.3088040000   1.9887560000   1.2310230000   8.2861390000   2.5438440000   1.4219150000   9.2930350000   0.0013630000   0.0022290000  -0.0003080000  -0.0015420000  -0.0023140000  -0.0001680000   0.0107220000  -0.0007330000   0.0226070000  -0.0026250000   0.0098020000  -0.0116040000  -0.0079190000  -0.0089830000  -0.0105270000
   6.8072188069   6.0448394214 1447  7.27E+00   0.7273970000   1.1364050000   1.8105020000  -0.3710960000   0.2349670000   1.9420040000   1.3476000000  -1.1188590000   8.8616420000   0.6342990000  -0.2013570000   8.4843280000  -0.0162480000   0.7126100000   7.9574860000  -0.0102170000  -0.0084270000   0.0011960000   0.0102920000   0.0082800000  -0.0014360000   0.0521660000  -0.0631500000   0.0189400000  -0.0033430000  -0.0098360000   0.0293110000  -0.0488970000   0.0731340000  -0.0480100000
   6.8056997950   6.0434196639 1447  7.57E+00   0.7229650000   1.1241200000   1.8103260000  -0.3712760000   0.2352830000   1.9413410000   1.3475950000  -1.1186040000   8.8663650000   0.6348410000  -0.2011680000   8.4851590000  -0.0154740000   0.7114120000   7.9554600000  -0.0149390000  -0.0121770000   0.0017620000   0.0150140000   0.0120300000  -0.0020030000   0.0527530000  -0.0640450000   0.0196220000  -0.0038330000  -0.0088950000   0.0288650000  -0.0489940000   0.0730870000  -0.0482460000
   6.8092941034   6.0444929902 1497  2.91E+00  -1.1278970000  -0.8718260000   2.0093130000   0.0172530000   0.0146010000   1.8415950000  -0.6774720000  -0.3657270000   9.4055690000   0.0177420000   0.2335600000   8.6298960000   0.6490490000   0.8600770000   7.7932250000  -0.0013080000  -0.0010260000   0.0001820000   0.0011640000   0.0008640000  -0.0004260000  -0.0348770000  -0.0255070000   0.0322800000  -0.0001740000  -0.0143030000   0.0203850000   0.0351950000   0.0399720000  -0.0524210000
   6.8070842923   6.0447497403 1556  3.94E+00  -1.1397700000  -0.9709360000   2.1830640000   0.0132330000   0.0108900000   1.7526660000  -0.0241300000  -0.4326280000   7.7810070000   0.0354090000   0.2502310000   8.7757950000   0.0032670000   0.9392400000   9.7414470000  -0.0299100000  -0.0254300000   0.0110410000   0.0298970000   0.0255700000  -0.0114940000  -0.0079450000  -0.0297810000  -0.0434920000   0.0141520000   0.0120920000   0.0211960000  -0.0061940000   0.0175490000   0.0227500000
   6.8055063137   6.0449936949 1719  7.62E+00   0.0396380000   0.9643530000   1.9150340000   1.1291950000  -0.1788540000   2.0029710000  -1.1777770000   0.6727990000   7.5251550000  -2.0042440000   0.6339020000   8.3979550000  -2.9596170000   0.3714870000   9.0477430000  -0.0293340000   0.0307820000  -0.0024790000   0.0294390000  -0.0308420000   0.0019950000   0.0164690000  -0.0127000000  -0.0388320000   0.0060360000   0.0307420000   0.0432420000  -0.0226090000  -0.0179810000  -0.0039260000
   6.8065283668   6.0441509733 1719  7.37E+00   0.0470660000   0.9644490000   1.9166600000   1.1295120000  -0.1788810000   2.0026550000  -1.1809880000   0.6717930000   7.5225920000  -2.0046280000   0.6337190000   8.3981720000  -2.9581700000   0.3727610000   9.0516200000  -0.0284390000   0.0300430000  -0.0023710000   0.0285450000  -0.0301030000   0.0018860000   0.0164240000  -0.0126690000  -0.0389560000   0.0064490000   0.0307310000   0.0430110000  -0.0229800000  -0.0180010000  -0.0035700000
   6.8075946975   6.0433624116 1719  7.07E+00   0.0550540000   0.9639540000   1.9183320000   1.1298220000  -0.1789010000   2.0023380000  -1.1842200000   0.6708020000   7.5200770000  -2.0050230000   0.6334850000   8.3983180000  -2.9566940000   0.3740570000   9.0555010000  -0.0273910000   0.0291310000  -0.0022530000   0.0274990000  -0.0291920000   0.0017670000   0.0163060000  -0.0126320000  -0.0389870000   0.0069480000   0.0307080000   0.0426620000  -0.0233610000  -0.0180160000  -0.0031900000
   6.8087032319   6.0426276095 1719  6.74E+00   0.0635810000   0.9628860000   1.9200490000   1.1301260000  -0.1789140000   2.0020210000  -1.1874730000   0.6698270000   7.5176100000  -2.0054300000   0.6332010000   8.3983930000  -2.9551890000   0.3753750000   9.0593870000  -0.0261830000   0.0280360000  -0.0021240000   0.0262920000  -0.0280960000   0.0016390000   0.0161140000  -0.0125890000  -0.0389240000   0.0075290000   0.0306730000   0.0421960000  -0.0237530000  -0.0180240000  -0.0027860000
   6.8098551303   6.0419460368 1719  6.38E+00   0.0726240000   0.9612650000   1.9218080000   1.1304230000  -0.1789190000   2.0017040000  -1.1907450000   0.6688670000   7.5151920000  -2.0058490000   0.6328660000   8.3983990000  -2.9536540000   0.3767160000   9.0632750000  -0.0248070000   0.0267450000  -0.0019860000   0.0249180000  -0.0268060000   0.0015000000   0.0158500000  -0.0125390000  -0.0387680000   0.0081920000   0.0306250000   0.0416110000  -0.0241530000  -0.0180250000  -0.0023580000
   6.8051569550   6.0422953230 1902  1.34E+01  -0.1786400000  -0.3851860000   1.4642230000   0.3430340000  -1.1268440000   2.3606920000  -0.1334250000   3.3658830000   7.6069510000  -0.6537660000   2.3071270000   7.6960660000  -1.0777360000   1.2418380000   7.7347120000   0.0532950000  -0.0757350000   0.0915870000  -0.0532370000   0.0758100000  -0.0916820000   0.0116840000   0.0105620000  -0.0034380000  -0.0401020000  -0.0662910000   0.0073690000   0.0283590000   0.0556530000  -0.0038370000
   6.8085443630   6.0438878778 1950  5.87E+00  -0.4350240000   1.9436730000   2.1000760000  -1.3795240000   1.6869630000   3.2979890000   2.6558180000  -2.9430750000   7.0883880000   2.5429430000  -2.8005280000   5.9705470000   2.3522880000  -2.8144660000   4.8274650000   0.0205030000   0.0056360000  -0.0260270000  -0.0206240000  -0.0053960000   0.0261690000  -0.0149650000  -0.0007010000  -0.0950940000   0.0123330000   0.0136590000   0.0517380000   0.0027520000  -0.0131980000   0.0432140000
   6.8094861747   6.0406451015 2007  1.12E+01  -0.5287720000  -0.5726090000   1.6343070000  -0.8787350000  -1.5058860000   2.6656500000   2.3312880000   3.8782070000   7.1557900000   1.7282230000   2.9211220000   7.0258670000   0.7932670000   2.1734300000   7.1552420000  -0.0022740000  -0.0062200000   0.0068430000   0.0023830000   0.0061010000  -0.0072380000  -0.0705650000  -0.0579110000   0.0094210000   0.1107590000   0.0545810000  -0.0321580000  -0.0403030000   0.0034490000   0.0231320000
   6.8083697527   6.0423822834 2248  5.81E+00   0.6673710000  -0.1760000000   1.6273290000  -0.5800400000  -0.5345850000   2.0194530000   0.4164360000   1.0949450000   9.3014650000   0.9860170000   1.2871140000   8.2689900000   1.6981800000   1.3074290000   7.3040610000  -0.0532640000  -0.0153290000   0.0166860000   0.0529920000   0.0152270000  -0.0168590000  -0.0091330000  -0.0162200000   0.0370790000  -0.0222080000   0.0254250000  -0.0125950000   0.0316130000  -0.0091020000  -0.0243110000
   6.8087089080   6.0400174359 2710  2.47E+00  -2.0319710000  -0.5112800000   2.2892540000  -0.7355810000  -1.0678600000   2.4318740000   2.4389610000   2.7356680000   7.3535910000   1.3787140000   2.2215740000   7.5101020000   0.3277340000   1.6496410000   7.7201970000   0.0166360000  -0.0071360000   0.0017920000  -0.0165070000   0.0071550000  -0.0019960000   0.0288550000   0.0106620000  -0.0003840000   0.0257880000   0.0221270000  -0.0153540000  -0.0547720000  -0.0328070000   0.0159420000
   6.8055295613   6.0426301037 2833  4.78E+00  -0.8185540000   0.6479410000   1.6613680000  -0.3304320000  -0.6501700000   2.0980590000  -0.0304860000   0.4378670000   8.0343530000   0.6171560000   1.4290950000   8.2677110000   1.2690170000   2.3832740000   8.1774070000   0.0000550000  -0.0000820000   0.0000140000   0.0000100000   0.0001650000  -0.0002890000  -0.0217940000  -0.0361980000  -0.0275380000   0.0397370000   0.0653390000   0.0459180000  -0.0180090000  -0.0292230000  -0.0181060000
   6.8055810489   6.0431448662 2960  4.92E+00  -0.7873110000  -0.5358180000   1.3466670000   0.0387760000   0.2845240000   2.0917130000  -0.1398790000   0.8498910000   8.4796510000  -0.0843730000  -0.2333940000   8.1090890000   0.0591650000  -1.3742330000   7.9027120000   0.0236780000   0.0235280000   0.0213420000  -0.0237180000  -0.0234010000  -0.0212130000   0.0094870000  -0.0642800000  -0.0072150000  -0.0130710000   0.0464040000  -0.0109030000   0.0036240000   0.0177490000   0.0179890000
   6.8056137238   6.0444380793 2961  2.60E+00  -1.8133120000  -0.4671000000   2.4454150000  -0.3613280000  -0.4711660000   1.8574960000   0.2653910000   0.3165430000   7.8175270000   0.7253850000   1.1026000000   8.5615770000   1.1088700000   1.9259590000   9.3256670000  -0.0360500000   0.0001170000   0.0144980000   0.0360470000  -0.0000530000  -0.0149030000  -0.0042520000   0.0031400000   0.0037600000   0.0007160000  -0.0235440000  -0.0216970000   0.0035390000   0.0203400000   0.0183420000
   6.8093784146   6.0418978229 3245  2.61E+00   0.1230890000   1.4765640000   1.9064570000  -0.0010900000  -0.0192540000   1.8714800000   0.3790030000  -0.5990390000   7.8734720000   0.0173120000   0.2372830000   8.6012780000  -0.3943100000   1.1117200000   9.2040340000   0.0015660000   0.0191260000   0.0004390000  -0.0016460000  -0.0189370000  -0.0006970000  -0.0121150000   0.0222020000   0.0100010000  -0.0116350000   0.0333190000   0.0390890000   0.0238310000  -0.0557100000  -0.0488310000
   6.8065256379   6.0426002606 3265 -2.63E-01   1.7747770000   0.0672300000   2.4758440000   0.5058010000  -0.2855480000   1.8074160000  -1.6003670000   1.1661040000   9.5584080000  -0.9859280000   0.7507770000   8.6596990000  -0.2974080000   0.3798270000   7.7593190000   0.0084370000   0.0023440000   0.0043070000  -0.0084360000  -0.0023450000  -0.0048270000   0.0109200000  -0.0012990000  -0.0088540000  -0.0301480000   0.0062280000   0.0267970000   0.0192270000  -0.0049280000  -0.0174230000
   6.8061904884   6.0426752136 3450  5.13E+00   1.0240340000  -0.5010610000   1.7805030000  -0.5041000000  -0.4085620000   1.9665930000  -0.0948060000   1.2661890000   7.7581050000   0.8721560000   0.9413550000   8.4303600000   1.8931610000   0.7868410000   8.9806230000   0.0320840000  -0.0019760000  -0.0039060000  -0.0319400000   0.0017910000   0.0036360000  -0.0510440000   0.0290970000  -0.0431860000   0.0503270000  -0.0397510000   0.0517220000   0.0005720000   0.0108400000  -0.0082670000
   6.8076739702   6.0416549724 3542  8.65E+00  -1.6910150000  -0.0265320000   1.8337240000  -2.0004480000   0.2509930000   3.3208570000   2.9204970000   0.1471650000   6.8244430000   3.7303410000  -0.1605130000   5.9489850000   4.3764110000  -0.5908470000   5.0101700000   0.0066160000  -0.0059000000  -0.0316380000  -0.0066360000   0.0058980000   0.0315080000  -0.0659780000   0.0158120000   0.0610150000   0.0339270000   0.0171980000  -0.0002110000   0.0320700000  -0.0330080000  -0.0606740000
   6.8096088165   6.0410743262 3768  4.75E+00   0.2865480000  -1.1348340000   1.4674950000   0.0026440000   0.0127420000   2.1301930000   1.1479830000   0.1946260000   8.1193140000  -0.0210510000   0.2563450000   8.1263820000  -1.1634400000   0.3084720000   8.0502750000  -0.0122190000   0.0493730000   0.0285090000   0.0121990000  -0.0493710000  -0.0284800000  -0.0115020000   0.0001140000  -0.0041650000  -0.0517930000   0.0032860000   0.0043590000   0.0633150000  -0.0034030000  -0.0002240000
   6.8079675074   6.0446960054 3797  5.29E+00   1.5858310000  -0.6405510000   2.3003930000   0.3533350000  -1.1771720000   2.2376640000  -0.5494910000   2.7213330000   6.7681070000  -0.6989760000   2.4693750000   7.9089970000  -0.7903430000   2.0320290000   8.9754570000  -0.0599600000  -0.0261780000  -0.0030800000   0.0600250000   0.0258320000   0.0029020000   0.0031230000  -0.0124730000   0.0003700000  -0.0100180000   0.0115080000   0.0383550000   0.0068300000   0.0013110000  -0.0385480000
   6.8093831875   6.0447652297 3851  5.17E+00  -1.2109370000  -0.7872390000   1.5029580000   0.0151790000   0.0088800000   2.1084200000   0.7183970000   1.1625100000   8.2063840000   0.0115610000   0.2328990000   8.1235710000  -0.7265890000  -0.6444220000   8.0718220000  -0.0330380000  -0.0214500000  -0.0163390000   0.0330660000   0.0214660000   0.0164170000  -0.0096540000  -0.0059900000   0.0028820000  -0.0257920000  -0.0425520000  -0.0095540000   0.0354180000   0.0485260000   0.0065930000
