   6.8080431398   6.2819853730   45  2.34E+00  -1.9318700000   0.1008490000   2.7901860000  -1.2956030000  -1.2068190000   2.4427260000   1.3420630000   1.9880810000   7.1648730000   2.4053910000   2.3857870000   7.5142390000   3.4444880000   2.9293860000   7.8200520000  -0.0071960000   0.0147000000   0.0038320000   0.0071470000  -0.0148630000  -0.0041250000  -0.0208190000   0.0018510000  -0.0078140000  -0.0342750000  -0.0399340000  -0.0062600000   0.0551430000   0.0382460000   0.0143670000
   6.8066550135   6.2824386165  503  2.23E+00  -0.5165150000   1.1504140000   2.1817370000   0.0066080000  -0.0120270000   1.6802250000   0.0211250000  -0.3692820000   9.8790940000  -0.0214910000   0.2593830000   8.9116380000  -0.0054520000   0.8498240000   7.9032550000   0.0182760000  -0.0406570000  -0.0176350000  -0.0182950000   0.0405080000   0.0172590000   0.0027280000   0.0180280000  -0.0342470000  -0.0066060000  -0.0055790000   0.0187080000   0.0038960000  -0.0123010000   0.0159140000
   6.8072232680   6.2803951352  511  4.53E+00  -1.3852100000   0.5964790000   2.2018840000  -0.1212680000   0.1526650000   1.7188400000   0.0531370000   0.6026250000   9.7603300000   0.1446870000  -0.0269300000   8.8056000000   0.5311660000  -0.6947610000   7.9075040000   0.0131690000  -0.0045870000  -0.0050620000  -0.0133230000   0.0047780000   0.0048080000   0.0259400000  -0.0355550000  -0.0451220000  -0.0475330000   0.0389300000   0.0399680000   0.0217470000  -0.0035660000   0.0054090000
   6.8074793412   6.2843860435  520  2.04E+00  -0.3090250000   0.3678900000   1.9508650000   0.5985820000  -0.8107030000   1.8468000000  -0.4685570000   1.3506700000   7.6505220000  -1.0999090000   1.7859440000   8.5618710000  -1.6757390000   2.0219690000   9.5770280000  -0.0093950000   0.0121620000   0.0009800000   0.0093650000  -0.0122510000  -0.0013770000   0.0154680000  -0.0202660000  -0.0094370000  -0.0038440000   0.0264700000  -0.0233730000  -0.0115940000  -0.0061140000   0.0332070000
   6.8077660066   6.2824605414  558  2.17E+00   1.8119280000  -0.9547550000   2.1588180000   0.4016780000  -0.4627980000   2.1029970000   0.1748450000   1.7545310000   8.3244710000  -0.7481140000   1.0697830000   8.1331890000  -1.7334760000   0.5015390000   7.9322750000   0.0157000000  -0.0054760000   0.0006540000  -0.0156640000   0.0054980000  -0.0005680000  -0.0235070000  -0.0052260000  -0.0032830000  -0.0093870000  -0.0252670000  -0.0053560000   0.0328580000   0.0304710000   0.0085530000
   6.8087472442   6.2842981276  559  3.68E+00   1.3636530000   0.5276560000   2.1580680000  -0.0184030000  -0.0042800000   1.7544600000  -0.6840690000   0.8008090000   7.9513240000  -0.0278360000   0.2582520000   8.8176640000   0.7109630000  -0.3188750000   9.5323140000   0.0272190000   0.0104320000   0.0079080000  -0.0270710000  -0.0105550000  -0.0081620000  -0.0284850000   0.0255010000  -0.0509980000   0.0149770000  -0.0167070000   0.0515670000   0.0133590000  -0.0086720000  -0.0003150000
   6.8087056893   6.2846136783  708  2.54E+00   0.1464750000  -1.3646530000   1.9644920000  -0.9777400000  -0.5775840000   2.2051430000   2.9318050000   1.3754060000   7.8629020000   1.7705100000   1.3199780000   8.0071520000   0.6129200000   1.2919400000   7.9905600000  -0.0262270000   0.0183870000   0.0056290000   0.0263060000  -0.0184260000  -0.0057170000  -0.0088940000   0.0018110000  -0.0091730000  -0.0304110000  -0.0052120000   0.0183870000   0.0392250000   0.0034410000  -0.0091260000
   6.8070019590   6.2823187012  708  2.80E+00   0.1420520000  -1.3552220000   1.9621340000  -0.9781300000  -0.5779220000   2.2048560000   2.9331740000   1.3772260000   7.8684660000   1.7712620000   1.3202040000   8.0055640000   0.6132180000   1.2910440000   7.9877710000  -0.0305680000   0.0212380000   0.0066390000   0.0306500000  -0.0212770000  -0.0067280000  -0.0089630000   0.0018220000  -0.0087930000  -0.0291910000  -0.0052630000   0.0175450000   0.0380720000   0.0034800000  -0.0086630000
   6.8054381053   6.2800197268  708  3.07E+00   0.1382300000  -1.3462080000   1.9596460000  -0.9785290000  -0.5782550000   2.2045700000   2.9345540000   1.3790440000   7.8740420000   1.7720620000   1.3204390000   8.0039470000   0.6134680000   1.2901440000   7.9849920000  -0.0346810000   0.0238760000   0.0076220000   0.0347650000  -0.0239150000  -0.0077120000  -0.0090230000   0.0018310000  -0.0084090000  -0.0277730000  -0.0053020000   0.0166990000   0.0367120000   0.0035100000  -0.0082010000
   6.8056925366   6.2817128990  821  5.10E+00  -1.4244220000   0.3934870000   2.0091260000   0.1403830000   0.2206070000   1.8165430000  -0.4405720000  -1.1491400000   9.2163220000  -0.2002000000  -0.1390130000   8.6825940000  -0.0205060000   0.8146120000   8.0680380000  -0.0429970000   0.0047140000   0.0052750000   0.0429760000  -0.0048590000  -0.0054240000  -0.0008910000   0.0104270000  -0.0126570000   0.0145170000   0.0430450000  -0.0150880000  -0.0136050000  -0.0533270000   0.0278930000
   6.8097497860   6.2812754969  832  4.60E+00  -1.5233330000  -0.0241370000   1.7389220000   0.0192890000   0.0004120000   1.9627180000   0.2468680000  -0.8777990000   8.7219230000   0.0018670000   0.2407320000   8.3703850000  -0.2486270000   1.3842200000   8.0838060000  -0.0365210000  -0.0006030000  -0.0052850000   0.0365490000   0.0004860000   0.0053320000   0.0087610000  -0.0397560000   0.0177740000   0.0023330000  -0.0112900000  -0.0108320000  -0.0111230000   0.0511630000  -0.0069880000
   6.8097405393   6.2804610732  893  5.30E+00  -0.1590010000   1.0093460000   2.2519230000   0.2510480000  -0.1155080000   1.6065230000  -0.3957480000   0.2583190000   7.8423950000  -0.4419110000   0.5103720000   9.0374630000  -0.5162880000   0.5595030000  10.2091600000   0.0165020000  -0.0452150000  -0.0260870000  -0.0164480000   0.0452580000   0.0255850000   0.0007980000  -0.0264590000  -0.0678180000   0.0013920000   0.0380920000   0.0608070000  -0.0022450000  -0.0116770000   0.0075130000
   6.8088818822   6.2819116882  995  4.63E+00  -0.1905230000   1.3722440000   2.2505120000   0.0019900000  -0.0202890000   1.6639790000   0.2722670000  -0.2555700000   7.9356620000   0.0332580000   0.2356020000   8.9601200000  -0.2951680000   0.7812510000   9.8870970000  -0.0033780000   0.0243430000   0.0101620000   0.0033120000  -0.0242050000  -0.0105590000  -0.0153380000   0.0214690000   0.0309480000  -0.0103410000   0.0284920000   0.0688040000   0.0257450000  -0.0500990000  -0.0993550000
   6.8066388290   6.2833577288 1165  3.54E+00  -0.2415370000  -0.0300900000   1.8051380000  -1.5175400000  -0.4720840000   2.2803140000   2.7592910000   1.0292520000   6.6317840000   2.6894480000   1.1833270000   7.8273700000   2.8159340000   1.1296990000   8.9912600000  -0.0099270000  -0.0034370000   0.0035950000   0.0095670000   0.0033570000  -0.0037670000   0.0163100000  -0.0183850000  -0.0449400000  -0.0282750000   0.0313520000   0.0499230000   0.0123250000  -0.0128870000  -0.0048110000
   6.8072022899   6.2808229425 1233  3.72E+00   2.0537350000  -0.1677010000   3.0793590000   1.1972800000  -0.3563280000   2.0306060000  -3.2628520000   0.9777090000   8.7291060000  -2.1994600000   0.8681600000   8.2923550000  -1.1949190000   0.8483960000   7.7116940000  -0.0311500000  -0.0068930000  -0.0382840000   0.0312200000   0.0067870000   0.0379110000   0.0334060000   0.0027030000  -0.0255810000   0.0048070000  -0.0101570000   0.0154350000  -0.0382830000   0.0075600000   0.0105190000
   6.8077888351   6.2816393377 1552  3.45E+00  -0.2943240000   1.3417470000   2.3123290000   0.0041550000  -0.0144790000   1.6122160000  -0.1720430000   0.4313990000   7.8755330000  -0.0823820000   0.2466270000   9.0281150000   0.2316840000   0.0589090000  10.1508020000  -0.0068910000   0.0313250000   0.0160300000   0.0069010000  -0.0313550000  -0.0164600000   0.0161340000  -0.0025830000   0.0148970000  -0.0340720000   0.0045630000  -0.0233480000   0.0179270000  -0.0019500000   0.0088810000
   6.8088505129   6.2810652140 1599  2.32E+00   1.1078950000  -0.8335680000   1.9349900000  -0.0110710000   0.0070100000   1.8637800000   0.0144430000  -0.7995730000   8.0927890000   0.0512020000   0.2576930000   8.5722330000  -0.0673900000   1.3113040000   9.0431790000  -0.0220940000   0.0166380000  -0.0014280000   0.0221260000  -0.0164680000   0.0013320000  -0.0100740000   0.0303200000   0.0152450000   0.0179660000  -0.0020560000  -0.0028160000  -0.0079250000  -0.0284350000  -0.0123330000
   6.8073635199   6.2817167277 2199  1.03E+01  -1.7589200000  -0.0148800000   1.9457080000  -0.6035700000   0.5242220000   2.1608100000   1.7605580000  -1.6460280000   7.6925670000   1.1257010000  -0.7225630000   8.0709300000   0.5195740000   0.2589720000   8.3356100000   0.0999300000   0.0466200000   0.0186130000  -0.0999210000  -0.0466560000  -0.0185990000   0.0099170000  -0.0077130000  -0.0105060000  -0.0045480000  -0.0080910000   0.0129300000  -0.0053780000   0.0158400000  -0.0024380000
   6.8098513622   6.2802229395 2393  6.94E+00   0.3310980000   1.8322010000   2.5443210000   1.4925130000   0.7375010000   2.2506120000  -2.5815260000  -1.0493930000   6.6834910000  -2.7796430000  -1.1056570000   7.8420900000  -2.8066340000  -1.2316160000   9.0302700000  -0.0365010000   0.0345210000   0.0092070000   0.0367580000  -0.0343550000  -0.0093800000   0.0096570000  -0.0050630000   0.0032680000  -0.0195940000   0.0133930000  -0.0424770000   0.0096800000  -0.0084950000   0.0393810000
   6.8064175557   6.2801861034 2561  6.76E+00  -0.8191890000  -1.0195270000   1.7480280000   0.0156480000   0.0153010000   2.0025270000   0.6025410000   1.2662760000   8.1288110000  -0.0041810000   0.2397130000   8.3871090000  -0.6259400000  -0.7707380000   8.4649660000   0.0366450000   0.0454210000   0.0111880000  -0.0366750000  -0.0454820000  -0.0112080000   0.0350860000   0.0618020000  -0.0241720000  -0.0191330000  -0.0382340000   0.0315410000  -0.0159230000  -0.0235070000  -0.0073490000
   6.8080464968   6.2809284849 2927  4.31E+00   1.5011540000  -0.0930860000   1.7297230000  -0.0228740000   0.0018220000   1.9868410000   1.1304050000   0.4181760000   8.1469270000   0.0256560000   0.2600680000   8.3665660000  -1.1300040000   0.0710300000   8.5417700000   0.0335000000  -0.0020900000  -0.0056630000  -0.0335360000   0.0020900000   0.0057030000  -0.0820610000  -0.0133390000   0.0140830000   0.0968630000   0.0172900000  -0.0140150000  -0.0147660000  -0.0039520000  -0.0001070000
   6.8077756738   6.2804026282 3101  4.56E+00   0.2418250000  -0.1176690000   1.6721090000  -0.9933340000  -0.9403890000   2.2274130000   0.8094120000   1.3478860000   7.7913470000   1.8086600000   1.9513270000   7.9657640000   2.7785500000   2.5788810000   8.0003810000   0.0337510000   0.0224680000  -0.0151850000  -0.0336890000  -0.0224990000   0.0149180000  -0.0036790000   0.0010130000  -0.0082080000   0.0359580000   0.0168710000   0.0185530000  -0.0323410000  -0.0178530000  -0.0100780000
   6.8072986583   6.2844625770 3244  2.07E+00   1.0548830000   0.7342540000   1.5082490000  -0.0164520000  -0.0048840000   2.0446160000   0.7445560000  -0.6851400000   8.3495620000   0.0037570000   0.2461780000   8.2161720000  -0.7316720000   1.1661420000   8.1774480000  -0.0182250000  -0.0125720000   0.0091370000   0.0182250000   0.0125740000  -0.0090230000   0.0243060000  -0.0308420000   0.0116550000  -0.0196080000   0.0252480000  -0.0188690000  -0.0046980000   0.0055930000   0.0071000000
   6.8070134502   6.2841101048 3337  4.06E+00  -2.1306270000  -1.1515850000   2.9322580000  -0.9912740000  -0.7259390000   2.2965380000   2.9470000000   1.8927130000   7.5576450000   1.8348670000   1.5962270000   7.7343220000   0.7604720000   1.2947480000   7.9832110000   0.0383130000   0.0143050000  -0.0214170000  -0.0381990000  -0.0142750000   0.0213620000  -0.0199680000  -0.0061690000   0.0098560000  -0.0504790000  -0.0128980000  -0.0011900000   0.0703320000   0.0190370000  -0.0086120000
