   6.8037814555   6.6023913401  339  5.72E+00  -0.7683930000  -1.3169390000   2.0879590000   0.0095330000   0.0162100000   1.7795460000   1.0306260000  -0.1200050000   9.2047210000   0.0054990000   0.2210550000   8.6702920000  -1.0339550000   0.6437490000   8.2686830000  -0.0200990000  -0.0345140000   0.0080060000   0.0202170000   0.0344610000  -0.0079700000   0.0446980000  -0.0102360000   0.0324750000  -0.0178970000  -0.0053060000  -0.0319110000  -0.0269190000   0.0155950000  -0.0006000000
   6.8018700875   6.6027262352  644  5.06E+00  -1.0382760000   1.3513840000   2.2748800000  -0.6828600000   0.0126000000   1.9329030000   1.9606410000  -0.6075540000   7.9514830000   1.3277450000   0.2010850000   8.5473750000   0.5184050000   0.9962080000   8.8365100000   0.0033560000  -0.0126430000  -0.0032360000  -0.0034170000   0.0127000000   0.0031790000  -0.0058890000  -0.0082270000  -0.0248150000   0.0070260000   0.0195850000   0.0485710000  -0.0010770000  -0.0114150000  -0.0236980000
   6.8046068802   6.6018718452  814  7.18E+00   0.2425220000  -2.0197080000   4.2992920000   0.9691590000  -2.0379850000   2.8456830000  -1.8857450000   4.7328060000   7.6421060000  -1.8410620000   3.9888190000   6.7198200000  -1.5876710000   3.2659180000   5.8316410000  -0.0230010000   0.0004820000   0.0460810000   0.0231220000  -0.0007720000  -0.0461380000   0.0127660000   0.0143570000   0.0180540000  -0.0238860000  -0.0227670000  -0.0280640000   0.0109990000   0.0087000000   0.0100670000
   6.8049435944   6.6038205839  923  7.15E+00  -1.0378350000  -1.7536230000   2.4342580000  -0.5652190000  -0.3161870000   1.9946180000  -0.0798410000   0.7651140000   8.4912050000   1.0657790000   0.8759700000   8.3475740000   2.1679890000   0.9545690000   8.1285200000  -0.0123110000  -0.0375200000   0.0114760000   0.0124000000   0.0375330000  -0.0114740000   0.0360380000   0.0016640000  -0.0091380000   0.0749880000   0.0082520000  -0.0076420000  -0.1111160000  -0.0099290000   0.0167780000
   6.8027690794   6.6036245815  923  6.74E+00  -1.0356230000  -1.7491620000   2.4342970000  -0.5656840000  -0.3164780000   1.9937900000  -0.0807200000   0.7660580000   8.4900030000   1.0665960000   0.8756370000   8.3477370000   2.1704430000   0.9550470000   8.1337320000  -0.0119220000  -0.0364250000   0.0112000000   0.0120140000   0.0364380000  -0.0111980000   0.0330170000   0.0015000000  -0.0083910000   0.0760220000   0.0081690000  -0.0077900000  -0.1091310000  -0.0096820000   0.0161790000
   6.8004071502   6.6034340073  923  6.27E+00  -1.0331760000  -1.7439830000   2.4341150000  -0.5661530000  -0.3167770000   1.9929650000  -0.0816400000   0.7670000000   8.4888110000   1.0672870000   0.8752890000   8.3479130000   2.1730320000   0.9555360000   8.1389230000  -0.0114650000  -0.0351170000   0.0108560000   0.0115590000   0.0351310000  -0.0108530000   0.0301680000   0.0013580000  -0.0076730000   0.0761440000   0.0080080000  -0.0077910000  -0.1064060000  -0.0093800000   0.0154610000
   6.8012111630   6.6011184191  923  2.70E+00  -0.6312500000  -1.2582460000   2.8895940000  -0.7530400000  -0.4183130000   1.6500480000   0.7626510000   1.0853140000   7.8963710000   1.3710940000   1.0632820000   8.9606400000   2.0087100000   0.9725850000   9.9553040000   0.0015620000  -0.0109310000   0.0159150000  -0.0016050000   0.0107690000  -0.0162730000  -0.0371680000  -0.0019680000  -0.0709560000   0.0201560000   0.0081270000   0.0510800000   0.0170550000  -0.0059970000   0.0202330000
   6.8042454846   6.6047512494  989  3.54E+00   1.1905510000   0.5404630000   1.6903430000   0.0964280000  -0.5094450000   2.0098270000   0.2871840000   0.1460020000   8.5792060000  -0.2353790000   1.1540740000   8.3151420000  -0.6670770000   2.1855550000   8.0357790000   0.0242840000   0.0233070000  -0.0070720000  -0.0243160000  -0.0232860000   0.0071420000  -0.0036730000   0.0213770000  -0.0047380000  -0.0206670000   0.0196290000  -0.0072460000   0.0243710000  -0.0410280000   0.0119160000
   6.8008868151   6.6042936679 1521  6.31E+00  -0.7813040000  -1.3036970000   2.1405670000   0.0087800000   0.0170640000   1.7872840000  -0.6449940000   1.1576730000   8.2594000000   0.0574230000   0.2797600000   8.7011510000   0.6072580000  -0.6830970000   9.1488770000  -0.0209640000  -0.0350980000   0.0094060000   0.0210580000   0.0350180000  -0.0094070000  -0.0405700000   0.0348270000  -0.0179990000   0.0310270000   0.0022160000   0.0018480000   0.0094480000  -0.0369630000   0.0161520000
   6.8024786743   6.6044720518 1596  3.02E+00   0.2411770000  -1.8035040000   2.8472810000  -0.7997350000  -0.9771310000   2.0076030000   2.0015230000   1.8423870000   7.2822900000   1.4693330000   2.0790320000   8.2962500000   0.8743270000   2.2782220000   9.2850940000   0.0265980000  -0.0212030000   0.0214740000  -0.0267840000   0.0210910000  -0.0215710000  -0.0103270000   0.0013380000   0.0125950000   0.0118680000   0.0019100000  -0.0068540000  -0.0013550000  -0.0031350000  -0.0056430000
   6.8041188008   6.6017764553 1598  4.51E+00   1.4058870000  -0.1095450000   2.2240020000  -0.0214590000   0.0043200000   1.6626380000  -0.8647360000   0.4551360000   8.1947970000   0.0574800000   0.2309800000   8.8844730000   0.8401800000   0.0444690000   9.6931160000   0.0289210000  -0.0023180000   0.0113790000  -0.0287320000   0.0022650000  -0.0114670000   0.0011150000   0.0000470000   0.0192710000   0.0589360000  -0.0146850000   0.0230920000  -0.0602400000   0.0146900000  -0.0422750000
   6.8003900963   6.6008961680 1636  4.38E+00  -0.7314100000  -1.2691050000   2.1841630000   0.0135320000   0.0148730000   1.7438960000   0.9721090000  -0.2305350000   8.2702070000  -0.0308710000   0.2280910000   8.7805980000  -0.9704340000   0.7526630000   9.2923720000  -0.0164280000  -0.0282280000   0.0096930000   0.0162800000   0.0282790000  -0.0097490000   0.0580650000  -0.0209300000  -0.0258690000  -0.0332100000   0.0011840000   0.0096420000  -0.0247070000   0.0196950000   0.0162830000
   6.8023593115   6.6027739475 1747  1.62E+01   2.3069090000   0.8708840000   5.2871150000   2.4466800000  -0.1254310000   4.2287060000  -5.0177270000   0.7402430000   5.3007570000  -4.3971500000   0.4179080000   4.2276350000  -4.0460090000   0.2052750000   3.0744760000  -0.0003170000   0.0018280000   0.0019590000   0.0002230000  -0.0018280000  -0.0018790000  -0.0830910000   0.0413100000   0.1164960000   0.0736480000  -0.0322560000  -0.0354620000   0.0095370000  -0.0090540000  -0.0811140000
   6.8014167884   6.6013449183 1809  6.39E-01  -0.7481440000  -1.7446770000   3.0731540000  -0.1137250000  -1.1116360000   1.9085600000   0.0089210000   3.4028820000   8.8650200000   0.1800980000   2.2937650000   8.4665410000   0.4709890000   1.2245740000   8.0549400000  -0.0029180000  -0.0028800000   0.0052210000   0.0028270000   0.0028980000  -0.0054520000   0.0029810000   0.0322190000   0.0102630000  -0.0132280000  -0.0257230000  -0.0070570000   0.0103380000  -0.0065140000  -0.0029750000
   6.8038999862   6.6008022956 2144  3.10E+00  -0.5839260000  -1.7572340000   3.2951310000  -1.2404890000  -1.0005360000   2.1388420000   3.3249390000   2.1756900000   8.5623940000   2.2510860000   2.1523650000   8.0879170000   1.2172730000   2.0038430000   7.4777280000   0.0123010000  -0.0142340000   0.0215840000  -0.0123180000   0.0140320000  -0.0218450000   0.0068390000  -0.0073800000  -0.0061390000   0.0351300000   0.0208350000   0.0399430000  -0.0419520000  -0.0132530000  -0.0335430000
   6.8012720304   6.6022034272 3093  2.75E+00   0.6275820000   0.8303070000   2.0421840000   0.0169980000  -0.4683380000   1.7291430000   0.4440610000   0.1353570000   8.2898030000  -0.1126100000   1.0806910000   8.7984200000  -0.4839560000   2.0277280000   9.3420250000   0.0026270000   0.0057040000   0.0013470000  -0.0027410000  -0.0055740000  -0.0015280000   0.0347130000  -0.0383310000  -0.0166360000  -0.0589730000   0.0696900000   0.0321400000   0.0243740000  -0.0314890000  -0.0153240000
   6.8016687572   6.6020555024 3121  2.75E+00   0.7541940000   0.9952590000   2.6886140000   0.0863270000   0.6401640000   1.5396640000   0.1101230000  -0.8014190000   7.9823660000  -0.1874500000  -0.9018690000   9.1521200000  -0.4480590000  -1.0937160000  10.2895180000  -0.0213530000  -0.0113000000  -0.0368640000   0.0213270000   0.0114340000   0.0364850000   0.0162630000  -0.0010840000  -0.0557390000  -0.0134310000   0.0100910000   0.0360030000  -0.0028060000  -0.0091420000   0.0201150000
   6.8022538955   6.6027551140 3166  1.15E+00   1.2923450000   1.8535590000   3.4051760000   0.5620340000   1.6053800000   2.2364690000  -1.5505200000  -3.7602360000   7.8321470000  -1.0239650000  -2.7169320000   7.8790980000  -0.5691520000  -1.6469350000   7.8702280000  -0.0147620000  -0.0050020000  -0.0237080000   0.0147670000   0.0050000000   0.0234880000  -0.0007450000   0.0100710000  -0.0029380000   0.0172700000   0.0154190000   0.0053200000  -0.0165300000  -0.0254880000  -0.0021620000
   6.8026726163   6.6007852684 3522  4.70E+00  -1.0499380000   1.0899240000   2.4944780000  -0.2493820000   0.2407940000   1.6382390000   0.6849050000  -0.8834370000   8.0751310000   0.4916240000  -0.2268890000   8.9880090000   0.2576560000   0.4701830000   9.8398700000   0.0017260000  -0.0018070000  -0.0018830000  -0.0018070000   0.0019680000   0.0017060000  -0.0172480000   0.0514420000   0.0644090000  -0.0031580000   0.0157700000   0.0263090000   0.0204870000  -0.0673720000  -0.0905420000
   6.8040871533   6.6046664260 3953  4.99E+00   1.2819910000  -0.4251200000   1.9868660000  -0.0138360000   0.0060920000   1.8545980000   1.1175120000   0.3105970000   8.3545170000   0.0108970000   0.2209810000   8.6398710000  -1.1373630000   0.2075490000   8.7732640000  -0.0437780000   0.0145550000  -0.0044760000   0.0437100000  -0.0145780000   0.0044680000  -0.0674230000   0.0005960000   0.0067790000   0.0266790000  -0.0068600000   0.0085960000   0.0408110000   0.0062870000  -0.0153670000
