   6.8066855610   6.9323551971   69  5.29E+00  -1.3128900000  -0.0399530000   2.4006230000   0.0181670000  -0.0027160000   1.6055200000  -0.6640840000   1.1041360000   9.5317840000  -0.0323550000   0.2226470000   9.0806110000   0.6803610000  -0.5675170000   8.4830230000  -0.0298810000  -0.0008070000   0.0178340000   0.0297780000   0.0008950000  -0.0179160000   0.0023730000   0.0090030000  -0.0062650000  -0.0477980000   0.0303900000   0.0475060000   0.0455290000  -0.0394810000  -0.0411600000
   6.8059265757   6.9313458083  126  6.71E+00  -1.4863220000   1.0071150000   2.2347560000  -0.4122880000  -0.0891650000   1.8429130000  -0.1586000000  -0.3088230000   8.7661310000   0.7423250000   0.4604050000   8.6421640000   1.7540500000   1.0327280000   8.4026670000  -0.0292050000   0.0298340000   0.0106900000   0.0292090000  -0.0297900000  -0.0106480000  -0.0116450000  -0.0285830000  -0.0034400000  -0.0115310000   0.0319560000   0.0133170000   0.0231720000  -0.0034180000  -0.0099190000
   6.8056791592   6.9301605029  468  6.95E-01   1.2625850000   0.9633840000   2.4798930000   0.4041890000   0.0626940000   1.6705180000  -1.4001880000  -0.6729150000   8.3210990000  -0.7664540000   0.0984270000   8.9182250000  -0.1226020000   0.9128960000   9.4859990000   0.0073690000   0.0077360000   0.0069690000  -0.0073150000  -0.0076800000  -0.0069440000   0.0132570000   0.0185160000   0.0117310000  -0.0218790000  -0.0316410000  -0.0178790000   0.0085670000   0.0130690000   0.0061230000
   6.8068607311   6.9343346645  653  1.12E+01   2.0052630000  -1.0309740000   5.3653530000   1.7043420000  -1.6344460000   4.1949880000  -3.8770200000   2.5522540000   3.6557530000  -3.1996920000   3.2188530000   4.2787220000  -2.3592180000   3.9468160000   4.8445970000  -0.0137640000  -0.0275850000  -0.0534610000   0.0136610000   0.0275200000   0.0534200000   0.0536750000   0.0481040000   0.0373310000  -0.1301610000  -0.1115410000  -0.0793780000   0.0765900000   0.0635010000   0.0420880000
   6.8097938905   6.9317650037  723  1.90E+00  -0.6734590000   1.0209800000   2.7203800000   0.0578140000   0.6375720000   1.5121010000  -0.0831580000  -1.4746590000   8.1127050000  -0.0992950000  -0.9483420000   9.2138690000  -0.0886080000  -0.3742630000  10.2484770000  -0.0020510000   0.0011400000   0.0033290000   0.0020420000  -0.0009550000  -0.0035140000   0.0025330000  -0.0287930000  -0.0672010000  -0.0042970000   0.0143500000   0.0498710000   0.0017730000   0.0142580000   0.0175150000
   6.8066299702   6.9342556318 1088  3.75E+00   0.2364180000  -0.4278260000   2.6680040000  -0.0001920000   0.0060230000   1.3783180000  -0.2357830000   0.3317720000  10.5658250000  -0.0591360000   0.3173160000   9.4272660000   0.2662410000   0.1145660000   8.3066030000  -0.0069300000   0.0126680000  -0.0378200000   0.0068620000  -0.0126540000   0.0374690000   0.0172330000  -0.0136470000  -0.0427950000  -0.0291370000   0.0276440000   0.0455420000   0.0119720000  -0.0140120000  -0.0023960000
   6.8061672375   6.9306908163 1333  1.61E+00  -1.4073580000  -1.4248380000   2.8261860000  -1.7282640000  -0.0690330000   2.4050860000   3.7994890000   0.1781430000   6.5784930000   3.1354580000   0.3878360000   7.5591500000   2.5667750000   0.6529240000   8.5584310000   0.0001190000  -0.0005080000   0.0002040000  -0.0001590000   0.0005270000  -0.0000900000   0.0322200000  -0.0044390000  -0.0352280000  -0.0324200000  -0.0019660000   0.0224240000   0.0002410000   0.0063860000   0.0126900000
   6.8087906776   6.9322321406 1453  5.07E+00  -0.2216980000  -1.9692860000   2.6668500000   0.2190930000  -0.8710740000   1.9675000000  -0.7060400000   0.9144720000   8.9731910000  -0.3411470000   1.8396800000   8.3092910000  -0.1180990000   2.8665860000   7.7960540000   0.0143210000   0.0356960000  -0.0226650000  -0.0143090000  -0.0356490000   0.0227970000  -0.0188940000  -0.0172750000   0.0283540000   0.0305960000   0.0212870000  -0.0450250000  -0.0117150000  -0.0040590000   0.0165390000
   6.8067059311   6.9307335199 1575  2.68E+00   1.3409560000  -1.6710320000   3.6390720000   1.8426260000  -0.7432740000   2.5854230000  -3.6815640000   1.5996310000   6.0537350000  -3.3784830000   1.6700450000   7.2300810000  -3.0692260000   1.6517180000   8.3783550000  -0.0051140000  -0.0094850000   0.0108120000   0.0052250000   0.0094660000  -0.0107400000  -0.0177290000  -0.0084510000  -0.0665550000   0.0094250000   0.0137850000   0.0366120000   0.0081930000  -0.0053150000   0.0298700000
   6.8087742059   6.9327772577 1715  1.25E+00  -1.2668790000  -0.3312360000   2.3204140000   0.0159750000   0.0005330000   1.6342990000  -0.4831300000  -0.7076110000   8.5127310000  -0.0245080000   0.2788500000   8.9870260000   0.5015660000   1.2041590000   9.4336550000  -0.0134980000  -0.0034480000   0.0071950000   0.0135450000   0.0035830000  -0.0072640000  -0.0014330000  -0.0171070000  -0.0064150000   0.0143830000   0.0519870000   0.0225230000  -0.0129960000  -0.0350150000  -0.0160390000
   6.8062347399   6.9337892260 1960  5.00E+00   0.1927310000  -0.1058020000   2.6964340000  -0.0032450000  -0.0009890000   1.3551160000   0.1368790000   0.2007020000  10.6591000000   0.0111420000   0.3220190000   9.4867820000  -0.1411800000   0.2568370000   8.2827370000  -0.0079330000   0.0042450000  -0.0545730000   0.0079730000  -0.0042540000   0.0542160000   0.0011720000  -0.0136050000   0.0239680000   0.0082260000   0.0278590000   0.0384020000  -0.0094380000  -0.0142440000  -0.0620130000
   6.8090221895   6.9316606255 2286  7.11E+00   1.7824630000  -0.8479700000   2.8842270000   0.7029260000  -0.5056290000   1.7895710000  -2.1383090000   1.2574680000   7.8613740000  -1.2407710000   1.2165750000   8.6253500000  -0.5531350000   1.0955840000   9.5455330000   0.0281310000  -0.0088890000   0.0285640000  -0.0280100000   0.0089000000  -0.0284800000  -0.0127780000  -0.0053220000   0.0147890000   0.0540730000   0.0061180000   0.0085480000  -0.0414160000  -0.0008070000  -0.0234210000
   6.8091498787   6.9339949188 2333  4.42E+00  -0.1581050000  -1.2984250000   2.4787090000   0.4117860000  -0.2796550000   1.6768770000  -0.8139760000  -0.3513440000   8.5012930000  -0.7628390000   0.7645270000   8.9395950000  -0.6599610000   1.9435620000   9.2580760000   0.0077300000   0.0138290000  -0.0109070000  -0.0077120000  -0.0137500000   0.0108290000   0.0006840000  -0.0390800000  -0.0219980000  -0.0105300000  -0.0457400000   0.0060600000   0.0098270000   0.0847400000   0.0160170000
   6.8073210994   6.9317105649 2630  4.04E+00  -0.8043480000  -1.1080370000   2.8353820000   0.4324230000  -1.2601950000   1.8662130000  -0.3320200000   2.7268880000   7.4847010000  -0.7537190000   2.5895070000   8.5507320000  -1.2111150000   2.3803830000   9.5985310000  -0.0328060000   0.0039730000   0.0256750000   0.0327700000  -0.0041560000  -0.0257670000  -0.0196720000  -0.0096820000   0.0431250000   0.0123560000   0.0101270000  -0.0194300000   0.0073510000  -0.0002620000  -0.0236030000
   6.8080769576   6.9306296272 2763  6.59E+00  -0.1498130000  -0.2001000000   2.5597550000  -0.5675820000  -1.3889260000   1.8407230000   0.6039930000   1.9692170000   7.7891610000   1.0810170000   2.7680410000   8.5618470000   1.4285690000   3.5897390000   9.4303960000  -0.0004660000  -0.0013610000  -0.0009120000   0.0004720000   0.0012890000   0.0006660000  -0.0304510000  -0.0383790000  -0.0326550000   0.0059640000  -0.0363710000  -0.0500090000   0.0244820000   0.0748220000   0.0829090000
   6.8099615170   6.9300013263 2928  3.28E+00  -1.2558340000   0.4620800000   2.3231760000   0.0151840000  -0.0091000000   1.6063250000  -0.0868430000  -0.8073280000   8.4894450000   0.0193050000   0.2544850000   9.0094680000   0.0756380000   1.3202970000   9.5796310000  -0.0246220000   0.0091660000   0.0139070000   0.0246380000  -0.0090570000  -0.0139170000  -0.0049640000  -0.0211140000  -0.0059810000   0.0049420000  -0.0337000000  -0.0268750000   0.0000060000   0.0547060000   0.0328650000
   6.8087194435   6.9310425306 3099  6.28E+00   1.3683880000   0.5714140000   2.2196220000  -0.0180260000  -0.0060630000   1.7231590000  -0.8315810000   0.9986060000   8.5325730000  -0.0418080000   0.2412890000   8.8725180000   0.8667810000  -0.4977890000   9.0623310000   0.0373160000   0.0155420000   0.0133800000  -0.0373150000  -0.0155670000  -0.0133620000   0.0515630000  -0.0402780000   0.0095120000  -0.0706620000   0.0478710000  -0.0024620000   0.0190980000  -0.0075680000  -0.0070680000
   6.8066066762   6.9307318582 3271  3.00E+00   0.2098250000   0.2538300000   2.5130360000   0.3775180000  -0.7043780000   1.5378320000  -1.2272050000   2.1089060000  10.0514740000  -0.6956720000   1.5233310000   9.1386180000  -0.1491950000   0.9370530000   8.2507540000   0.0051840000  -0.0297190000  -0.0303470000  -0.0052280000   0.0297200000   0.0300900000  -0.0264010000   0.0300370000   0.0485790000   0.0083300000  -0.0116760000  -0.0230950000   0.0181150000  -0.0183630000  -0.0252280000
   6.8084601390   6.9301781479 3385  5.30E+00  -1.3448400000  -1.3387360000   2.5945840000  -0.6392690000  -0.1341660000   1.8496620000   2.2429210000   0.1780310000   8.1443330000   1.2188150000   0.5454050000   8.6139540000   0.1195140000   0.8546120000   8.9892640000  -0.0190340000  -0.0325000000   0.0201210000   0.0190260000   0.0325210000  -0.0200880000   0.0130180000  -0.0094960000  -0.0123850000   0.0341670000   0.0007390000   0.0023440000  -0.0471770000   0.0087360000   0.0100080000
   6.8091070765   6.9315430719 3443  2.99E+00   0.1947900000  -1.5267510000   3.8791560000  -0.4903980000  -2.5502090000   3.3028860000   0.9914010000   5.8170580000   6.6402060000   0.8726510000   4.9375840000   5.9081500000   0.7903960000   3.9965420000   5.1859440000  -0.0277420000  -0.0415420000  -0.0233210000   0.0276740000   0.0412010000   0.0232970000  -0.0020180000  -0.0374160000  -0.0271950000   0.0006150000   0.0547760000   0.0372650000   0.0014710000  -0.0170190000  -0.0100450000
   6.8089409620   6.9312883738 3692  3.31E+00   1.4555830000  -0.2968320000   2.0936960000  -0.0227230000   0.0048820000   1.7591690000  -1.1138370000  -0.1122800000   8.6030350000   0.0283400000   0.2243270000   8.7309430000   1.1143390000   0.6258740000   8.9262440000   0.0317750000  -0.0064830000   0.0072440000  -0.0317320000   0.0064920000  -0.0071510000  -0.0395750000  -0.0064640000   0.0015680000   0.0423650000   0.0020470000  -0.0071180000  -0.0028330000   0.0044090000   0.0054580000
   6.8076631075   6.9319137161 3866  4.02E+00  -0.4439140000   1.0280820000   2.9141630000  -0.0658520000   0.8128830000   1.4522600000   0.1858530000  -1.0402070000   8.1271480000   0.1944160000  -1.1768350000   9.3231530000   0.0250460000  -1.5131850000  10.4386450000  -0.0067430000   0.0039010000   0.0258530000   0.0067150000  -0.0037490000  -0.0261790000  -0.0113640000  -0.0084640000  -0.0438260000   0.0235680000   0.0229520000   0.0422800000  -0.0121770000  -0.0146400000   0.0018720000
   6.8071173052   6.9338221934 3875  3.57E+00   1.3293870000   0.0800030000   2.8749340000   0.9459260000  -0.4830720000   1.6960730000  -2.0845910000   1.0008310000   7.7534560000  -1.7448930000   1.1382460000   8.8553830000  -1.4134620000   1.2399010000   9.9483020000  -0.0150560000  -0.0222120000  -0.0465040000   0.0152560000   0.0221700000   0.0463830000   0.0086990000   0.0018310000   0.0337490000   0.0085590000   0.0058160000   0.0213590000  -0.0174580000  -0.0076050000  -0.0549870000
   6.8058866593   6.9316997948 3983  4.70E+00  -0.5008670000   1.3238260000   2.2144510000   0.0086470000  -0.0165110000   1.6559460000   0.8547580000  -0.3966690000   8.5253010000   0.0034780000   0.2910300000   8.9225850000  -0.8689980000   0.8649230000   9.3680250000  -0.0104030000   0.0273160000   0.0114190000   0.0103150000  -0.0272330000  -0.0113910000  -0.0238390000   0.0094030000   0.0157190000  -0.0414990000   0.0431660000   0.0139160000   0.0654260000  -0.0526520000  -0.0296630000
