   6.8098033030   6.1072776523  814  4.09E+00   0.6161560000  -2.2277890000   4.6382760000   0.5568820000  -1.5762420000   6.0897780000  -1.4767870000   4.0286010000   0.1851570000  -1.0276990000   3.1455110000   0.7913540000  -0.5717460000   2.3102460000   1.5159120000   0.0016910000  -0.0185010000  -0.0408590000  -0.0016270000   0.0181290000   0.0412500000   0.0078430000  -0.0113710000   0.0175280000  -0.0194980000   0.0283590000  -0.0424800000   0.0115920000  -0.0166170000   0.0245610000
   6.8095446603   6.1093209265  983  3.08E+00   1.2484980000  -0.6274530000   1.6382090000  -0.0166890000   0.0146880000   2.0042720000   0.2261990000  -0.8801130000   8.7115920000   0.0218350000   0.2388650000   8.2800980000  -0.2379010000   1.3546460000   7.9607290000   0.0042050000  -0.0021390000  -0.0011800000  -0.0041780000   0.0020420000   0.0012420000   0.0085080000  -0.0644350000   0.0323970000   0.0008160000   0.0383870000  -0.0331320000  -0.0093510000   0.0261450000   0.0006730000
   6.8097188504   6.1066595961 1381  4.74E+00  -1.2162090000   0.1714860000   2.0803500000   0.1271240000  -0.3322510000   1.7801160000   0.2475000000   1.5275900000   9.5547160000  -0.2910650000   0.7874080000   8.7987590000  -0.5872570000   0.2175220000   7.8198760000  -0.0046700000   0.0017710000   0.0009510000   0.0047350000  -0.0017350000  -0.0013610000   0.0231940000   0.0208240000  -0.0054360000  -0.0449990000  -0.0427980000   0.0017050000   0.0217400000   0.0219390000   0.0041410000
   6.8063218246   6.1055315259 1458  4.60E+00   0.1720450000  -0.1279930000   1.9068600000  -0.4862700000  -1.2822260000   2.1229220000   1.1014470000   3.4468010000   8.8788320000   0.8484370000   2.5435060000   8.1303320000   0.6793490000   1.7432880000   7.2964230000  -0.0318400000  -0.0558250000   0.0103620000   0.0317590000   0.0556690000  -0.0107510000   0.0150060000   0.0410780000   0.0234210000  -0.0228370000  -0.0590740000  -0.0305230000   0.0079120000   0.0181510000   0.0074910000
   6.8098948248   6.1080671258 1608  2.72E+00  -0.0964090000   1.3563310000   1.7328530000   0.0011870000  -0.0170320000   1.9364040000  -0.3993510000  -0.7335760000   8.9714460000  -0.0509300000   0.2698110000   8.4553580000   0.4377310000   1.2183100000   7.9022940000   0.0023360000  -0.0330700000   0.0048570000  -0.0024450000   0.0328970000  -0.0049850000   0.0041160000  -0.0162170000   0.0051830000  -0.0300260000  -0.0141440000   0.0148770000   0.0260190000   0.0305340000  -0.0199330000
   6.8093891869   6.1057359375 1678  4.54E+00  -0.6764350000  -0.7452690000   2.1069270000   0.6627790000  -0.6814630000   1.9138630000  -1.2799300000   1.3474440000   9.6473370000  -1.1707650000   1.5739610000   8.4900760000  -1.1086440000   1.6090050000   7.2893470000   0.0581430000   0.0027080000  -0.0084660000  -0.0579910000  -0.0029580000   0.0080820000  -0.0050260000  -0.0158520000   0.0197150000   0.0060180000   0.0257600000   0.0241210000  -0.0011440000  -0.0096570000  -0.0434530000
   6.8089133585   6.1097262698 2580  4.52E+00   0.9852360000   0.8606310000   2.0812480000  -0.0100030000  -0.0092460000   1.7621170000   0.7511270000   0.2716070000   7.8177390000   0.0273680000   0.2229860000   8.7922240000  -0.7837900000   0.2406260000   9.6515960000  -0.0402610000  -0.0351620000  -0.0130000000   0.0400930000   0.0351420000   0.0125850000   0.0317970000   0.0064250000  -0.0543520000  -0.0124120000  -0.0106370000   0.0462560000  -0.0192170000   0.0042320000   0.0085110000
   6.8077881471   6.1059635975 2900  2.41E+00  -2.0024190000  -1.3049880000   3.3234210000  -1.8601130000  -0.0064500000   2.5961640000   3.1449200000   0.0740690000   6.0927270000   3.3483150000   0.2484810000   7.2352440000   3.7575300000   0.5415050000   8.3017330000  -0.0016710000  -0.0146570000   0.0082270000   0.0013020000   0.0146550000  -0.0082700000   0.0174630000   0.0097570000   0.0069250000  -0.0337200000  -0.0194820000  -0.0084350000   0.0166270000   0.0097270000   0.0015530000
   6.8074492661   6.1066938094 3005  3.14E+00   0.3671840000  -2.3320150000   2.4492910000  -0.6959580000  -1.3002650000   2.7383020000   0.6717080000   2.1757410000   7.8823530000   1.1997650000   2.7057880000   6.9513700000   1.8802840000   3.1214680000   6.0704130000   0.0154250000  -0.0149820000  -0.0041960000  -0.0154770000   0.0150170000   0.0042630000  -0.0049460000  -0.0209720000   0.0300150000  -0.0178040000   0.0190090000  -0.0176060000   0.0228020000   0.0019280000  -0.0124760000
   6.8096001684   6.1091736530 3005  3.99E+00  -2.2198900000  -0.7011090000   2.9770730000  -1.0350070000  -1.7467670000   3.0364860000   0.9402070000   2.8268940000   6.5723250000   1.9203200000   3.4421590000   6.4502050000   2.9271520000   4.0447120000   6.2342050000  -0.0318430000   0.0280590000  -0.0016550000   0.0318470000  -0.0282430000   0.0014130000   0.0225280000   0.0131730000  -0.0074420000  -0.0528820000  -0.0295970000   0.0194990000   0.0303500000   0.0166090000  -0.0118160000
   6.8055223878   6.1054032764 3005  4.06E+00  -2.2185400000  -0.6985300000   2.9829730000  -1.0352150000  -1.7469770000   3.0366060000   0.9400210000   2.8257850000   6.5670790000   1.9197600000   3.4439360000   6.4513420000   2.9287140000   4.0453750000   6.2376290000  -0.0318740000   0.0281970000  -0.0015040000   0.0318760000  -0.0283850000   0.0012610000   0.0216840000   0.0123500000  -0.0074420000  -0.0533980000  -0.0291650000   0.0199280000   0.0317120000   0.0170030000  -0.0122430000
   6.8058063065   6.1061032721 3120  2.39E+00   0.0948530000  -1.6454310000   2.0510650000  -0.0470420000  -0.1826000000   1.9246510000  -0.2258670000  -0.2869470000   9.1380460000   0.0032250000   0.6427190000   8.4600410000   0.4524130000   1.5077490000   7.7708260000   0.0008380000  -0.0089910000   0.0008040000  -0.0009480000   0.0088150000  -0.0008960000   0.0146910000  -0.0019980000  -0.0013540000  -0.0387820000  -0.0133030000   0.0155070000   0.0242010000   0.0154770000  -0.0140620000
   6.8080870123   6.1098575987 3669  3.54E+00  -0.5133940000  -1.1543140000   2.1808930000   0.0096540000   0.0120990000   1.7328520000   0.4761880000  -0.2246970000   7.8202680000   0.0133770000   0.2323350000   8.8254220000  -0.5021000000   0.7502600000   9.7640240000   0.0226620000   0.0506260000  -0.0195260000  -0.0227920000  -0.0505560000   0.0191230000   0.0111790000  -0.0102950000  -0.0327820000   0.0062800000  -0.0077080000   0.0109370000  -0.0173290000   0.0179330000   0.0222480000
   6.8095840346   6.1071437482 3717  4.07E+00  -1.3073210000  -0.5884050000   1.7884610000   0.2393070000  -0.3091200000   1.9644100000  -0.2527920000   1.7592040000   7.6895370000  -0.4306190000   0.8185240000   8.3931850000  -0.5367370000  -0.1051020000   9.0875020000  -0.0415910000  -0.0075490000  -0.0047110000   0.0415680000   0.0073240000   0.0046280000   0.0074700000   0.0164560000  -0.0097040000  -0.0144460000  -0.0373980000   0.0245270000   0.0069990000   0.0211670000  -0.0147390000
