   6.8153943663   6.4243762635  164  3.91E+00  -0.9318270000   0.5169430000   2.3813590000   0.0145750000  -0.0055820000   1.5575530000  -0.1788930000   0.4887510000   7.9599600000  -0.0515190000   0.2886210000   9.1358040000   0.2034870000  -0.0224350000  10.2541870000   0.0385860000  -0.0213220000  -0.0337240000  -0.0385840000   0.0212650000   0.0333100000   0.0036470000  -0.0001590000  -0.0396080000  -0.0178310000   0.0147870000   0.0148850000   0.0141820000  -0.0145710000   0.0251370000
   6.8161198072   6.4223738225  289  6.26E+00  -0.3843800000   0.4264340000   2.1118640000   0.7839320000  -0.4842920000   1.7604510000  -1.8546160000   1.7909430000   9.5929960000  -1.4696120000   1.0067590000   8.8159660000  -0.9330770000   0.5327720000   7.8649040000  -0.0201850000   0.0157390000   0.0059570000   0.0202230000  -0.0157530000  -0.0063680000   0.0156950000   0.0102530000  -0.0224800000  -0.0307930000  -0.0271900000   0.0420130000   0.0150590000   0.0169510000  -0.0191220000
   6.8180639993   6.4227170088  317  1.50E+01   0.5395380000  -1.2801260000   1.9860640000   0.4305880000   0.0013950000   1.9292960000  -0.9564410000   1.3427790000   8.0553170000  -0.8019680000   0.3154220000   8.4776420000  -0.6259790000  -0.8182060000   8.8212380000  -0.0099410000   0.1168870000  -0.0051550000   0.0099390000  -0.1168900000   0.0051890000   0.0177940000  -0.1174460000   0.0410600000  -0.0236300000   0.1542120000  -0.0456430000   0.0058370000  -0.0367630000   0.0045500000
   6.8191825765   6.4227817665  608  1.21E+00  -0.5620870000  -1.2416050000   1.8911970000  -1.5334950000  -0.2396370000   2.4476190000   1.7615040000   1.2231000000   7.7632100000   2.8029560000   0.7310980000   7.4846020000   3.8283860000   0.1907700000   7.2761620000   0.0126460000  -0.0129860000  -0.0071910000  -0.0125520000   0.0129470000   0.0071460000  -0.0144360000   0.0040580000   0.0096570000   0.0086380000   0.0021000000  -0.0136340000   0.0057040000  -0.0061190000   0.0040220000
   6.8159317578   6.4230808472  636  6.97E-01   0.1838020000   1.4484360000   1.7720880000  -0.0034060000  -0.0169100000   1.9216170000  -0.9842310000   0.8314990000   8.2124160000  -0.0087820000   0.2460190000   8.4783560000   0.9962550000  -0.3353130000   8.7154360000   0.0016420000   0.0127230000  -0.0012900000  -0.0015800000  -0.0127640000   0.0013280000   0.0126360000  -0.0061700000   0.0026580000  -0.0299800000   0.0148270000  -0.0056030000   0.0172820000  -0.0086160000   0.0029070000
   6.8184407902   6.4241304091  689  3.63E+00   1.5287750000  -1.6501070000   3.0884300000   0.1215080000  -2.0416150000   2.9681230000   0.1931110000   2.9688100000   6.9880690000  -0.3003030000   3.9649120000   6.4968270000  -0.6708330000   5.0427030000   6.1178720000   0.0048250000   0.0013420000   0.0003610000  -0.0049010000  -0.0013650000  -0.0005780000   0.0330050000  -0.0467320000   0.0334680000  -0.0243190000  -0.0035300000  -0.0240860000  -0.0086100000   0.0502840000  -0.0091660000
   6.8171825325   6.4226575094  871  4.56E+00   0.2557810000   0.3016170000   1.4987600000   1.4770550000  -0.1575210000   2.3768230000  -2.0823840000   0.6824720000   8.6468340000  -2.6943190000   0.5941580000   7.6375960000  -3.2878870000   0.3268650000   6.6559850000  -0.0313100000   0.0117980000  -0.0225520000   0.0314420000  -0.0117470000   0.0225910000   0.0086120000  -0.0103720000   0.0156450000  -0.0079690000   0.0221720000  -0.0174170000  -0.0007750000  -0.0118510000   0.0017330000
   6.8179524314   6.4243870132 1243  7.15E+00  -0.4769230000   0.6803270000   2.1171480000   0.2203880000  -0.5576260000   1.6683260000  -0.7160170000   1.7018170000   9.9018250000  -0.4933630000   1.2278410000   8.9130610000   0.0157640000   0.8061770000   7.9429510000  -0.0070440000   0.0124360000   0.0043980000   0.0069340000  -0.0124620000  -0.0048390000   0.0485160000  -0.0512860000  -0.1138580000  -0.0609780000   0.0386620000   0.0918250000   0.0125720000   0.0126500000   0.0224740000
   6.8183498456   6.4245330004 1501  3.73E+00   0.6170310000   1.1049030000   2.1177480000  -0.0114200000  -0.0146540000   1.7018060000  -0.8024970000   0.4957340000   8.0569870000   0.0010610000   0.2579930000   8.8551970000   0.8198620000   0.0018390000   9.6639850000  -0.0290730000  -0.0518750000  -0.0192870000   0.0292270000   0.0518300000   0.0191270000   0.0271610000  -0.0090070000   0.0287560000  -0.0340830000   0.0121100000  -0.0357100000   0.0067680000  -0.0030580000   0.0071140000
   6.8198947898   6.4236119566 1660  4.70E+00   1.1320170000   0.0650380000   1.4532490000   0.3232810000  -0.7851040000   2.2127500000  -1.3639070000   2.4584570000   7.4943690000  -0.5941210000   1.6472730000   7.8585550000   0.1240470000   0.9095200000   8.4648690000  -0.0172840000  -0.0181600000   0.0162490000   0.0172550000   0.0182360000  -0.0160810000  -0.0027250000   0.0043770000   0.0172790000  -0.0113450000   0.0084250000  -0.0492430000   0.0140980000  -0.0128780000   0.0317960000
   6.8161224578   6.4220349064 1797  5.11E+00   0.4474460000   0.8786930000   2.2427180000   1.1382980000  -0.1915190000   1.8594660000  -2.1780060000   0.4760800000   9.7370270000  -2.0390530000   0.5899400000   8.5825500000  -2.0044140000   0.6698620000   7.3933540000   0.0405610000  -0.0627300000  -0.0225550000  -0.0402910000   0.0626690000   0.0222530000  -0.0060920000  -0.0015130000  -0.0083220000   0.0127030000   0.0018620000   0.0346460000  -0.0068810000  -0.0002880000  -0.0260220000
   6.8162277922   6.4230006434 1824  1.08E+01  -1.2345580000  -2.4618570000   3.6903540000  -0.8876680000  -1.4765380000   2.8681740000   2.4387390000   3.1387690000   5.8495990000   1.5738120000   2.9791990000   6.6851710000   0.8908210000   2.8417250000   7.5762010000   0.0205340000   0.0583530000  -0.0486440000  -0.0205960000  -0.0582780000   0.0487810000   0.0511140000   0.0097970000  -0.0320830000  -0.1199560000  -0.0235140000   0.1007910000   0.0689040000   0.0136430000  -0.0688460000
   6.8168156593   6.4237908433 1943  1.30E+01  -0.3038850000  -0.6734430000   1.3008150000   0.7349540000   0.3613970000   2.1400810000  -1.8952510000  -1.4103430000   7.8178850000  -1.3283470000  -0.3649860000   8.0331480000  -0.7589590000   0.6095350000   8.3828160000  -0.0376550000  -0.0374950000  -0.0304110000   0.0376220000   0.0375170000   0.0305220000  -0.0261100000  -0.0520190000  -0.0003240000   0.0194360000   0.0444690000  -0.0134140000   0.0067070000   0.0075290000   0.0136280000
   6.8187796662   6.4201730126 2112  1.33E+00   0.5538200000  -1.3455110000   1.8388200000  -0.0106730000   0.0190710000   1.9480000000  -1.1304480000   0.5464300000   8.5552260000   0.0015070000   0.2544080000   8.4441940000   1.1477260000  -0.0602110000   8.2623050000   0.0042850000  -0.0104060000  -0.0008380000  -0.0043780000   0.0104330000   0.0008510000  -0.0017050000  -0.0006560000  -0.0030070000  -0.0426610000   0.0138710000   0.0126510000   0.0444590000  -0.0132420000  -0.0096570000
   6.8180786710   6.4213115336 2444  2.06E+00   0.2945350000   1.4195060000   1.9406220000  -0.0031580000  -0.0167810000   1.8011770000  -0.8070000000  -0.4534680000   8.1569920000   0.0422570000   0.2243150000   8.6483840000   0.7724920000   0.9671270000   9.2341090000   0.0017190000   0.0081410000   0.0008260000  -0.0015900000  -0.0080640000  -0.0008480000  -0.0282120000  -0.0128530000  -0.0046390000   0.0124360000  -0.0144030000  -0.0202570000   0.0156480000   0.0271790000   0.0249180000
   6.8186557041   6.4218552492 2694  5.43E+00   0.8289220000  -0.8850680000   1.6878460000  -0.3783010000  -0.0389200000   1.9876910000   1.6295790000  -0.2673090000   8.3346180000   0.6621910000   0.3437440000   8.3927910000  -0.2895790000   0.9470750000   8.3327810000   0.0161890000  -0.0113470000  -0.0040110000  -0.0161820000   0.0113410000   0.0040350000  -0.0577320000   0.0368770000  -0.0044430000  -0.0361230000   0.0221940000   0.0065140000   0.0938480000  -0.0590650000  -0.0020950000
   6.8153795112   6.4244484099 2747  1.86E+00  -0.5986070000  -0.7061640000   2.2203200000   0.7145790000  -0.4645690000   1.7528880000  -1.3283160000   0.9234770000   9.9345990000  -1.2111700000   1.0948700000   8.7648170000  -1.2935350000   1.3069460000   7.5926440000   0.0186120000   0.0033610000  -0.0066940000  -0.0184570000  -0.0035470000   0.0064190000  -0.0151150000  -0.0013430000   0.0272360000   0.0297550000  -0.0066520000  -0.0002520000  -0.0147950000   0.0081800000  -0.0267080000
   6.8189575596   6.4201411000 2976  6.13E+00   1.5440020000  -0.0955810000   1.7746970000  -0.0223080000   0.0015120000   1.9720020000   1.2026700000   0.1766970000   8.2717600000   0.0020730000   0.2235910000   8.4093610000  -1.1900930000   0.3415990000   8.4560870000   0.0420840000  -0.0026110000  -0.0053220000  -0.0421410000   0.0026000000   0.0053330000   0.0589930000   0.0018460000  -0.0104260000  -0.0142740000  -0.0104220000   0.0126880000  -0.0446620000   0.0085870000  -0.0022730000
   6.8174197756   6.4219367630 3177  5.81E+00   0.0332520000   0.1781260000   1.3230960000  -0.9056100000  -0.6526450000   2.2549180000   0.7232600000   1.3804400000   8.5639230000   1.6204260000   1.4521890000   7.8296200000   2.5810340000   1.4653240000   7.2146350000   0.0226350000   0.0200510000  -0.0224720000  -0.0226710000  -0.0200070000   0.0225840000   0.0307680000  -0.0019570000  -0.0108840000   0.0299080000   0.0066920000  -0.0419150000  -0.0606400000  -0.0047800000   0.0526870000
   6.8172774344   6.4236491403 3250  2.69E+00   0.6365810000  -0.2339270000   1.9277200000  -0.7514260000  -0.4881670000   1.8796450000   1.9178010000   1.1284980000   7.4943480000   1.4082000000   1.1109990000   8.5663230000   0.7377630000   1.1779170000   9.5672780000  -0.0212590000  -0.0039080000  -0.0007960000   0.0210780000   0.0038130000   0.0006300000  -0.0003320000   0.0057870000  -0.0209380000   0.0410090000  -0.0139860000  -0.0215190000  -0.0404960000   0.0082950000   0.0426220000
   6.8190776322   6.4214634477 3442  5.76E+00   0.5842460000   1.3772370000   2.0682090000   0.5468650000  -0.0936560000   1.8780230000  -0.1401570000   0.9031250000   9.1970450000  -1.0143180000   0.3239360000   8.6130520000  -1.8663820000  -0.0776530000   7.8287520000   0.0003450000   0.0123590000   0.0015980000  -0.0001770000  -0.0123290000  -0.0016860000   0.0353460000   0.0327130000   0.0123470000   0.0174700000  -0.0173850000   0.0469100000  -0.0529850000  -0.0153570000  -0.0591690000
   6.8163329452   6.4233866273 3455  7.61E+00   1.1493200000  -1.5993170000   2.8880240000  -0.3855810000  -1.8636220000   2.5893190000   0.7150260000   3.4285670000   6.0593760000   0.5961250000   3.6222240000   7.2345030000   0.6907430000   3.9480610000   8.3972610000   0.0421060000   0.0071750000   0.0081970000  -0.0421770000  -0.0074470000  -0.0082070000   0.0161500000   0.0035490000  -0.0341230000  -0.0334890000  -0.0282140000  -0.0254200000   0.0174100000   0.0249370000   0.0595530000
   6.8155030328   6.4249639952 3670  2.83E+00   0.3464580000   1.2804690000   2.0552980000  -0.0021060000  -0.0203810000   1.7348320000   0.7414910000  -0.3753300000   8.1067420000  -0.0193430000   0.2596510000   8.7839830000  -0.7382790000   0.8891980000   9.5066830000  -0.0096440000  -0.0358320000  -0.0088350000   0.0095090000   0.0359390000   0.0087070000   0.0302490000  -0.0235700000  -0.0202110000  -0.0049460000  -0.0003770000  -0.0107540000  -0.0251680000   0.0238400000   0.0310920000
   6.8153293099   6.4234949107 3688  5.46E+00   0.8725880000   0.7702290000   1.9378590000  -0.1424750000  -0.3843690000   1.8299910000   1.1589690000   0.4580600000   8.0635970000   0.2475860000   0.8848970000   8.7235010000  -0.6882530000   1.4364330000   9.1273820000   0.0210290000   0.0239760000   0.0021850000  -0.0212020000  -0.0239590000  -0.0023890000   0.0273190000  -0.0050140000  -0.0358990000  -0.0508940000   0.0115940000   0.0632880000   0.0237480000  -0.0065980000  -0.0271860000
   6.8166074654   6.4220924775 3797  6.24E+00   1.5963710000  -0.7063890000   2.3998080000   0.3659560000  -1.2172750000   2.2089870000  -0.6998670000   3.0630810000   6.8765180000  -0.7256240000   2.4931390000   7.9529600000  -0.6836570000   1.8768720000   8.9710010000  -0.0597690000  -0.0248610000  -0.0092640000   0.0598010000   0.0246530000   0.0092550000   0.0049810000   0.0310590000  -0.0636540000  -0.0099790000  -0.0103430000   0.0362670000   0.0049660000  -0.0205090000   0.0273950000
   6.8191448562   6.4213436922 3872  5.62E+00   0.2742800000   1.4586950000   1.6745920000  -0.0027520000  -0.0213700000   2.0000540000  -1.1578370000   0.6160730000   8.3014090000   0.0033430000   0.2360030000   8.3777520000   1.1517910000  -0.0907400000   8.3163720000   0.0057270000   0.0305600000  -0.0067130000  -0.0057020000  -0.0305790000   0.0067240000  -0.0762970000   0.0277200000  -0.0112800000   0.0379890000  -0.0195900000   0.0197940000   0.0382830000  -0.0081110000  -0.0085240000
