   6.8113811123   6.4198505987  164  4.24E+00  -0.9284340000   0.5152770000   2.3811220000   0.0145370000  -0.0055570000   1.5592970000  -0.1796750000   0.4886110000   7.9571530000  -0.0525560000   0.2894900000   9.1321790000   0.2050210000  -0.0229690000  10.2510180000   0.0407310000  -0.0225150000  -0.0356340000  -0.0407290000   0.0224590000   0.0352220000   0.0039800000  -0.0005820000  -0.0380450000  -0.0188420000   0.0159260000   0.0113000000   0.0148590000  -0.0152880000   0.0271570000
   6.8126034019   6.4183941060  289  2.02E+00   2.0136000000  -0.4128600000   2.5722760000   0.6367870000  -0.3968520000   1.9582930000  -2.2209520000   1.5262960000   8.4713470000  -1.2031100000   0.9592160000   8.4187920000  -0.1830080000   0.4492850000   8.2676330000   0.0194330000  -0.0002270000   0.0086180000  -0.0195190000   0.0002560000  -0.0087400000   0.0167450000  -0.0050940000  -0.0070980000   0.0325020000  -0.0237970000   0.0053300000  -0.0491610000   0.0288610000   0.0018900000
   6.8131095165   6.4157396894  314  2.06E+00   0.1205610000  -0.9975610000   1.7390980000   0.7727150000   0.2895460000   1.9749570000  -0.6470200000   0.2025360000   9.1804620000  -1.3765720000  -0.2742780000   8.3462090000  -2.1863170000  -0.6921740000   7.5822800000  -0.0015040000  -0.0030250000  -0.0005650000   0.0016350000   0.0030710000   0.0005970000   0.0288480000   0.0255690000   0.0437150000  -0.0060050000  -0.0198820000  -0.0328770000  -0.0229750000  -0.0057320000  -0.0108690000
   6.8119187369   6.4161542916  517  2.90E+00   0.7040300000  -0.8445280000   1.6265480000  -0.0548200000   0.2567630000   2.0004660000   0.6723370000  -1.2292620000   8.2430460000   0.0927630000  -0.1911180000   8.3794470000  -0.5125460000   0.8312780000   8.3744330000  -0.0193590000   0.0280980000   0.0095340000   0.0193590000  -0.0280840000  -0.0095250000   0.0168860000  -0.0340620000  -0.0115360000  -0.0025800000   0.0135370000   0.0188950000  -0.0143060000   0.0205100000  -0.0073670000
   6.8101273368   6.4197707372  897  6.00E+00   0.7407030000   1.2982140000   5.8582440000  -0.4373130000   1.7908190000   6.1998780000   1.3744040000  -3.5218500000  -0.2893320000   0.7523900000  -3.0063780000   0.5811060000   0.1981610000  -2.5591780000   1.5215070000  -0.0758190000   0.0317780000   0.0220400000   0.0758730000  -0.0315080000  -0.0218260000   0.0182990000  -0.0161900000  -0.0154570000  -0.0200230000   0.0193120000   0.0075850000   0.0016700000  -0.0033910000   0.0076580000
   6.8114360608   6.4162600698 1024  5.16E+00  -2.1214140000   0.2288290000   2.3900180000  -0.9095080000  -0.7313540000   2.2057330000   1.1240410000   1.1744920000   8.8524710000   1.6413780000   1.5714030000   7.9067700000   2.3197450000   1.9716800000   7.0465930000  -0.0283690000   0.0224710000   0.0043680000   0.0282720000  -0.0225220000  -0.0042490000   0.0378100000   0.0202270000  -0.0398160000  -0.0351740000  -0.0121080000   0.0127710000  -0.0025400000  -0.0080680000   0.0269270000
   6.8123543951   6.4150931189 1155  2.53E+00   0.8568540000   0.2538230000   2.2593880000  -0.1948150000  -0.4052220000   1.6287250000   0.1392800000   0.3569570000   7.9896120000   0.2927830000   0.9467440000   9.0128950000   0.5598980000   1.6277880000   9.9690350000  -0.0250930000  -0.0157150000  -0.0151430000   0.0251050000   0.0157480000   0.0147910000   0.0032560000  -0.0078630000  -0.0255560000  -0.0220190000  -0.0282300000  -0.0134490000   0.0187510000   0.0360600000   0.0393570000
   6.8108397092   6.4181493323 1155  3.05E+00   0.8429510000   0.2555110000   2.2624580000  -0.1947480000  -0.4054320000   1.6274490000   0.1394100000   0.3542290000   7.9917160000   0.2918020000   0.9471950000   9.0156310000   0.5610490000   1.6311190000   9.9710570000  -0.0285100000  -0.0181490000  -0.0175410000   0.0285220000   0.0181820000   0.0171900000   0.0029830000  -0.0096940000  -0.0285520000  -0.0225300000  -0.0278700000  -0.0123340000   0.0195360000   0.0375320000   0.0412370000
   6.8119341776   6.4165203988 1164  5.21E+00  -0.2291910000   1.4144690000   2.2703070000  -0.1167200000   0.0198410000   1.6696360000   0.4912490000  -0.5835090000   8.0287300000   0.2362650000   0.1311690000   8.9440570000  -0.0712450000   0.9845110000   9.7765860000  -0.0019610000   0.0241870000   0.0103900000   0.0019060000  -0.0240740000  -0.0105680000   0.0030450000  -0.0088210000  -0.0239600000   0.0226570000  -0.0621250000  -0.0334310000  -0.0256470000   0.0708340000   0.0575690000
   6.8147434019   6.4185083707 1501  3.71E+00   0.6165750000   1.1046730000   2.1193070000  -0.0114280000  -0.0146510000   1.7035030000  -0.8020400000   0.4973700000   8.0525200000   0.0000010000   0.2567860000   8.8529280000   0.8202680000   0.0011100000   9.6615810000  -0.0292190000  -0.0521620000  -0.0193920000   0.0293730000   0.0521160000   0.0192300000   0.0256560000  -0.0083740000   0.0270180000  -0.0339480000   0.0116060000  -0.0349510000   0.0081380000  -0.0031860000   0.0080950000
   6.8142018179   6.4197468696 1546  9.17E+00   1.0436140000   0.3701810000   1.6330510000  -0.1646390000  -0.4787660000   1.9805750000  -0.7399100000   0.4010250000   8.3136770000   0.2780110000   1.1279610000   8.3615700000   1.2877050000   1.8076410000   8.4161550000   0.0195300000   0.0137330000  -0.0055720000  -0.0194550000  -0.0136740000   0.0055730000  -0.0948880000  -0.0695100000  -0.0026680000   0.0294060000   0.0272890000  -0.0021530000   0.0654070000   0.0421620000   0.0048200000
   6.8145437586   6.4178184124 1590  5.37E+00   1.5139570000  -0.1719990000   2.4784010000   0.3392650000   0.4928840000   1.6587180000  -0.9188790000  -1.2640260000   9.8490970000  -0.6622850000  -0.6712130000   8.9167830000  -0.3737000000   0.0048320000   8.0181110000   0.0312510000  -0.0177180000   0.0216910000  -0.0312110000   0.0176160000  -0.0220700000   0.0218850000   0.0514190000  -0.0680630000  -0.0143690000  -0.0350150000   0.0339520000  -0.0075560000  -0.0163030000   0.0344900000
   6.8113577178   6.4158312968 1590  5.46E+00   1.5131870000  -0.1722480000   2.4841460000   0.3393970000   0.4930990000   1.6582210000  -0.9183830000  -1.2620690000   9.8520450000  -0.6618450000  -0.6707370000   8.9196210000  -0.3751390000   0.0014620000   8.0151560000   0.0316540000  -0.0179710000   0.0221540000  -0.0316120000   0.0178710000  -0.0225390000   0.0220450000   0.0518170000  -0.0696320000  -0.0153780000  -0.0375260000   0.0387060000  -0.0067090000  -0.0141910000   0.0313110000
   6.8122528325   6.4160172478 2444  1.90E+00   0.2923270000   1.4090440000   1.9411030000  -0.0031330000  -0.0166510000   1.8028780000  -0.8056410000  -0.4517620000   8.1536210000   0.0417760000   0.2236510000   8.6447480000   0.7715080000   0.9659290000   9.2316850000   0.0007800000   0.0036140000   0.0003860000  -0.0006520000  -0.0035390000  -0.0004060000  -0.0248310000  -0.0100200000  -0.0025830000   0.0093090000  -0.0170850000  -0.0222750000   0.0153940000   0.0270290000   0.0248780000
   6.8129397475   6.4191259135 2564  3.95E+00  -1.3085430000  -0.8777910000   2.2712230000  -0.4873370000   0.1082520000   1.8149850000   1.9500440000  -0.3058380000   9.0908650000   0.9164160000   0.0387640000   8.6450470000  -0.1216740000   0.4790780000   8.2129500000   0.0322480000   0.0386550000  -0.0179290000  -0.0321120000  -0.0387520000   0.0177550000   0.0092060000   0.0027060000   0.0055100000   0.0354610000  -0.0275380000   0.0106380000  -0.0448030000   0.0249290000  -0.0159740000
   6.8135829554   6.4151647791 2725  4.03E+00  -0.8881290000   0.8576400000   2.1595380000   0.3144490000  -0.0402320000   1.6755000000  -0.2948050000   1.0317960000   9.7991140000  -0.5852470000   0.2653730000   8.9405700000  -0.7803310000  -0.3964420000   7.9865150000  -0.0315970000   0.0236450000   0.0126670000   0.0316670000  -0.0235200000  -0.0129260000   0.0118380000   0.0218970000   0.0114390000  -0.0177010000  -0.0281190000  -0.0061860000   0.0057920000   0.0060970000  -0.0049950000
   6.8128086801   6.4182833707 2951  4.54E+00   0.3011760000   0.9197490000   2.1701110000  -0.1954330000  -0.2474560000   1.6450500000   1.0413210000   1.0532250000   9.8660610000   0.2951750000   0.7205420000   8.9800040000  -0.3058390000   0.2714490000   8.0413700000  -0.0165280000  -0.0388940000  -0.0175620000   0.0166200000   0.0389480000   0.0172630000   0.0431590000   0.0087540000   0.0386510000  -0.0296230000   0.0143310000  -0.0027140000  -0.0136280000  -0.0231400000  -0.0356380000
   6.8127139375   6.4162828903 2982  1.39E+01   1.0886590000  -1.4602760000   3.0369530000   0.0163280000  -2.1513640000   2.9434970000  -0.6035110000   5.1959130000   6.6177450000  -0.0254850000   4.2029190000   6.6563420000   0.4725070000   3.1730810000   6.4946760000  -0.1055920000  -0.0681050000  -0.0092670000   0.1055070000   0.0678580000   0.0090260000   0.0217310000  -0.0499820000  -0.0129050000   0.0064710000   0.0055440000   0.0198910000  -0.0281170000   0.0446840000  -0.0067450000
   6.8132981910   6.4183007825 2982  1.38E+01   1.0943420000  -1.4651300000   3.0423280000   0.0162740000  -2.1515880000   2.9433620000  -0.6038150000   5.1967830000   6.6172430000  -0.0238530000   4.1998110000   6.6588340000   0.4714950000   3.1759710000   6.4936400000  -0.1035130000  -0.0659640000  -0.0095640000   0.1034310000   0.0657270000   0.0093340000   0.0170120000  -0.0417910000  -0.0136360000   0.0170560000  -0.0147110000   0.0191600000  -0.0339860000   0.0567390000  -0.0052940000
   6.8120117149   6.4178134449 3244  4.05E+00  -1.5233950000  -0.1768110000   2.6887680000  -0.4205760000   0.0583580000   1.5861350000   0.8194680000   0.3983680000  10.2091870000   0.8497410000   0.1625300000   9.0650190000   0.7390690000  -0.1130220000   7.8959830000  -0.0290630000  -0.0061680000   0.0288650000   0.0289270000   0.0062240000  -0.0292900000  -0.0085870000  -0.0033870000  -0.0057000000   0.0213560000   0.0166240000   0.0516170000  -0.0126330000  -0.0132930000  -0.0454920000
   6.8100932016   6.4163768455 3370  7.88E-01  -0.0906820000  -1.4381720000   1.7421820000  -0.7812920000  -0.2770670000   2.1763010000   2.3474670000   0.0969820000   7.8020410000   1.4217320000   0.7861470000   7.9985690000   0.4929190000   1.4748830000   8.2159160000  -0.0085990000   0.0144550000   0.0054090000   0.0086280000  -0.0144390000  -0.0053360000  -0.0063800000   0.0052220000   0.0041610000   0.0076950000  -0.0067010000  -0.0073610000  -0.0013440000   0.0014630000   0.0031270000
   6.8107887449   6.4198272256 3670  3.37E+00   0.3447050000   1.2729540000   2.0551660000  -0.0020760000  -0.0202980000   1.7365520000   0.7432880000  -0.3756020000   8.1030560000  -0.0211960000   0.2603280000   8.7803090000  -0.7387260000   0.8890200000   9.5045440000  -0.0109780000  -0.0407770000  -0.0100540000   0.0108400000   0.0408860000   0.0099230000   0.0333560000  -0.0259480000  -0.0225190000  -0.0085450000   0.0022750000  -0.0084040000  -0.0246730000   0.0235640000   0.0310540000
   6.8119766532   6.4168787453 3872  5.22E+00   0.2728440000   1.4508740000   1.6777700000  -0.0027310000  -0.0212760000   2.0017160000  -1.1573520000   0.6143950000   8.2976400000   0.0037300000   0.2355700000   8.3750560000   1.1510010000  -0.0887130000   8.3136640000   0.0052890000   0.0282150000  -0.0062020000  -0.0052620000  -0.0282350000   0.0062130000  -0.0756240000   0.0274860000  -0.0113950000   0.0402520000  -0.0203250000   0.0198600000   0.0353450000  -0.0071410000  -0.0084750000
   6.8145834346   6.4197342088 3875  3.88E+00   1.6202390000   0.8007040000   2.1706450000   0.6907430000  -0.3867490000   1.9780620000  -0.4432850000   1.1065240000   9.1171450000  -1.2594370000   0.8686640000   8.3465170000  -2.1630800000   0.8101220000   7.6026670000   0.0156590000   0.0199680000   0.0032850000  -0.0154960000  -0.0200000000  -0.0032420000  -0.0487330000   0.0008040000  -0.0369630000   0.0433020000  -0.0147860000   0.0231270000   0.0052680000   0.0140140000   0.0137940000
