   6.8166813140   6.5899538313  470  4.98E+00  -0.4069550000  -2.1914860000   2.9981830000   0.3553630000  -1.2971030000   2.2408010000  -0.5830250000   3.2683600000   6.8994990000  -0.6278850000   2.6182820000   7.8235810000  -0.6947530000   2.0699010000   8.8485620000   0.0161450000   0.0189620000  -0.0159840000  -0.0161490000  -0.0189910000   0.0161000000  -0.0059330000  -0.0503160000   0.0930140000   0.0060940000   0.0285690000  -0.0766650000  -0.0001560000   0.0217750000  -0.0164650000
   6.8197159251   6.5867507139  644  4.93E+00  -0.6421950000  -1.2937340000   2.2885010000  -0.7628330000   0.0673170000   1.7969300000   1.7793230000  -0.7836560000   9.3470430000   1.3569180000   0.1179950000   8.6539620000   1.0522780000   1.1280640000   8.0391630000  -0.0000720000   0.0008710000  -0.0003080000   0.0000620000  -0.0010380000   0.0002500000   0.0305900000  -0.0452940000   0.0442690000  -0.0189050000  -0.0221670000  -0.0126220000  -0.0116750000   0.0676280000  -0.0315880000
   6.8177875239   6.5867309462  662  2.64E+00  -1.0592490000   0.8910580000   2.0009480000   0.0113770000  -0.0130130000   1.7897470000  -0.7903610000  -0.5537560000   8.3051010000   0.0071840000   0.2365470000   8.7029300000   0.7948820000   1.0727050000   9.0983340000   0.0141190000  -0.0118890000  -0.0027700000  -0.0140410000   0.0119570000   0.0027700000  -0.0218700000  -0.0185380000  -0.0092220000  -0.0225770000  -0.0318210000  -0.0140900000   0.0443690000   0.0502910000   0.0233130000
   6.8194138743   6.5873384556  770  1.12E+01  -1.6076460000   1.5662790000   5.0485350000  -0.2447100000   2.4367870000   5.3891410000   0.6195840000  -5.3587070000   2.3912470000   0.5007540000  -4.1886270000   2.0585330000   0.3279290000  -3.0778170000   1.8318590000  -0.0463010000  -0.0295470000  -0.0115170000   0.0462850000   0.0296330000   0.0116760000   0.0039740000  -0.0758410000   0.0267090000  -0.0093010000   0.1353010000  -0.0437810000   0.0053420000  -0.0595460000   0.0169130000
   6.8185037046   6.5872887153  947  3.66E+00   1.0889540000   0.8213060000   1.9099850000  -0.0182160000  -0.0121550000   1.8069760000  -0.7230620000  -0.6260000000   8.3276170000   0.0423690000   0.2499540000   8.6234200000   0.7136230000   1.1349940000   9.0551950000  -0.0277300000  -0.0208680000  -0.0025170000   0.0278030000   0.0209400000   0.0025820000  -0.0326620000  -0.0302820000  -0.0006770000   0.0202160000   0.0058370000  -0.0201300000   0.0123730000   0.0243720000   0.0207420000
   6.8153878926   6.5893545502 1107  5.45E+00  -2.5193950000  -0.5346470000   3.3617730000  -1.3997380000  -0.0916340000   2.3478280000   1.6296250000   0.8924290000   8.1162050000   2.6500360000   0.4861140000   7.6843350000   3.5303640000  -0.0783560000   7.1789570000  -0.0289750000  -0.0114770000   0.0262150000   0.0290300000   0.0114660000  -0.0262780000  -0.0108120000  -0.0098300000  -0.0029060000   0.0417610000   0.0064480000  -0.0054970000  -0.0310050000   0.0033920000   0.0084670000
   6.8178316922   6.5893245165 1132  5.13E+00  -0.1900040000  -0.8942530000   2.4814960000   0.0055090000   0.0118510000   1.4948570000   0.1551830000   0.4764050000   8.0660810000   0.0053300000   0.1922580000   9.2093610000  -0.1747260000   0.0640990000  10.3996580000   0.0085620000   0.0397040000  -0.0433560000  -0.0085980000  -0.0398080000   0.0430600000   0.0010320000   0.0146360000  -0.0165300000   0.0102440000  -0.0170260000  -0.0489320000  -0.0112410000   0.0024940000   0.0657590000
   6.8174097261   6.5855384735 1165  2.90E+00  -0.6156990000   0.0923230000   2.1374900000  -1.8559370000  -0.4021460000   2.4041590000   3.1950190000   0.9354460000   6.4126510000   3.3654800000   0.9869550000   7.5988930000   3.5863210000   1.0139220000   8.7424590000  -0.0490500000  -0.0195450000   0.0104720000   0.0487350000   0.0194670000  -0.0105820000  -0.0007880000  -0.0028170000  -0.0388790000  -0.0001000000   0.0046500000   0.0533140000   0.0012030000  -0.0017560000  -0.0143240000
   6.8166150717   6.5892481676 1301  6.11E+00  -1.6629420000  -1.7584150000   3.3473120000  -0.3940040000  -1.6714470000   2.6325830000   0.6713020000   2.3024840000   7.7795420000   0.6696410000   3.3711520000   7.1830440000   0.8985270000   4.3128740000   6.4707140000  -0.0018510000  -0.0001010000   0.0010130000   0.0018040000   0.0001580000  -0.0011230000   0.0134580000  -0.0712680000   0.0308870000  -0.0360070000   0.0391230000   0.0044380000   0.0225960000   0.0320890000  -0.0352150000
   6.8198124203   6.5864116878 1455  1.12E+01  -0.4584010000   0.9263100000   1.9241930000  -0.6528650000  -0.4099240000   1.9281380000   1.6993580000   0.0162200000   8.0654230000   1.2129220000   0.9137080000   8.5360280000   0.6795510000   1.9744390000   8.7769790000  -0.0089280000  -0.0613420000   0.0001890000   0.0088950000   0.0613410000  -0.0002000000  -0.0532690000   0.1045810000   0.0339120000   0.0774890000  -0.1583490000  -0.0283920000  -0.0241870000   0.0537690000  -0.0055090000
   6.8197684468   6.5880153386 1534  3.61E+00   1.2374480000   0.0423090000   2.2082770000  -0.0163200000  -0.0003300000   1.6359560000   0.8094720000   0.3373350000   9.8252870000   0.0462670000   0.2448840000   8.9201540000  -0.8406640000   0.1654890000   8.1700900000  -0.0378890000  -0.0012870000  -0.0173010000   0.0380550000   0.0012930000   0.0172200000   0.0051740000   0.0025210000   0.0269770000  -0.0163000000  -0.0051860000  -0.0554590000   0.0109600000   0.0026590000   0.0285630000
   6.8185343279   6.5891996255 1551  3.65E+00  -0.9310300000  -0.1167460000   1.7068170000   0.5404780000  -0.4059100000   1.9721630000   0.0686280000   0.7558330000   8.8723570000  -0.9884230000   0.9481530000   8.4414370000  -1.9672430000   1.2546360000   7.8348820000  -0.0254840000   0.0049970000  -0.0046280000   0.0255820000  -0.0050620000   0.0046180000  -0.0269380000   0.0137070000  -0.0239280000   0.0398850000  -0.0272880000   0.0453180000  -0.0130460000   0.0136460000  -0.0213800000
   6.8189138145   6.5853337206 1839  6.72E+00  -0.3048650000  -1.5095800000   2.0333860000   0.0075310000   0.0164540000   1.8998350000  -1.1080170000   0.6565160000   8.3583560000  -0.0046810000   0.3016610000   8.6004920000   1.0931260000  -0.1823670000   8.5701250000  -0.0076100000  -0.0371690000   0.0032500000   0.0076260000   0.0371800000  -0.0032840000  -0.0122050000  -0.0041950000  -0.0184560000  -0.0224850000   0.0276360000   0.0354050000   0.0346740000  -0.0234520000  -0.0169150000
   6.8190946028   6.5878970481 1989  4.92E+00   0.0092900000  -0.2325540000   1.8397710000   1.5108340000   0.0863460000   2.1571440000  -2.3887760000   0.0392150000   9.1768740000  -2.7815780000   0.1571740000   8.0493780000  -3.0691600000   0.1138880000   6.8924670000  -0.0373670000  -0.0079510000  -0.0079610000   0.0375840000   0.0079640000   0.0078830000   0.0209170000  -0.0141840000   0.0416380000  -0.0192660000   0.0249200000  -0.0125260000  -0.0018680000  -0.0107490000  -0.0290350000
   6.8194115470   6.5899254858 2049  8.38E+00   0.5300590000   0.6527580000   1.5563200000   0.2322690000  -0.8106580000   2.1025640000  -0.1210980000   0.6346200000   8.5223320000  -0.5317520000   1.7114690000   8.2088430000  -0.6731170000   2.7757550000   7.7177410000   0.0083200000   0.0409110000  -0.0152730000  -0.0083710000  -0.0409110000   0.0152520000   0.0264690000  -0.0244660000  -0.0032130000  -0.0431030000   0.0203740000   0.0156270000   0.0166850000   0.0040920000  -0.0123930000
   6.8173794722   6.5893110177 2171  7.61E+00   1.2521470000  -1.5064430000   3.7169290000   0.4267250000  -1.8434960000   2.3743700000  -1.0268560000   4.0376520000   8.6837570000  -0.8522180000   3.7062280000   7.5739190000  -0.5434440000   3.1695470000   6.5393660000   0.0251010000   0.0101150000   0.0407280000  -0.0250410000  -0.0104560000  -0.0409020000   0.0088630000  -0.0135810000   0.0020390000  -0.0282370000   0.0449660000   0.0298660000   0.0193140000  -0.0310430000  -0.0317300000
   6.8193071879   6.5866236290 2460  1.48E+00   1.5410480000  -0.2409850000   2.8096600000   0.6177680000  -0.6017990000   1.6694390000  -1.2455450000   1.0818020000   7.7585410000  -1.1008140000   1.3611710000   8.8888550000  -1.1104520000   1.6047600000  10.0552200000   0.0137940000   0.0053480000   0.0168950000  -0.0136080000  -0.0054160000  -0.0171350000  -0.0097020000  -0.0002840000   0.0102500000   0.0197840000  -0.0039340000  -0.0436830000  -0.0102680000   0.0042860000   0.0336740000
   6.8153143602   6.5876314744 2654  8.41E+00  -1.1297740000  -0.6677360000   1.8051210000  -0.9608080000  -1.6552130000   3.0151140000   2.2877190000   3.5301330000   5.4556360000   1.7721580000   3.3576920000   6.4766550000   1.2516150000   2.9455340000   7.5116140000  -0.0043010000   0.0251400000  -0.0307730000   0.0042930000  -0.0251110000   0.0307610000  -0.0148580000  -0.0188980000   0.0314890000   0.0485500000   0.0595630000  -0.1004930000  -0.0336840000  -0.0406950000   0.0690160000
   6.8168090108   6.5896006119 2659  3.47E+00   0.5513690000  -0.0568110000   2.0073890000  -0.3236390000  -1.0911190000   1.9444720000   0.4536630000   1.8605220000   9.5334480000   0.5857380000   2.2215680000   8.4320830000   0.6882190000   2.6123210000   7.3001710000  -0.0371690000  -0.0439860000  -0.0027290000   0.0371130000   0.0437340000   0.0025990000  -0.0007510000   0.0049700000  -0.0101830000  -0.0011540000  -0.0212320000   0.0503450000   0.0019600000   0.0165140000  -0.0400310000
   6.8194314554   6.5872782566 2681  9.09E+00   0.5854130000  -1.6431580000   3.3009860000  -0.3381300000  -1.8258130000   2.3779000000   0.7841320000   3.8835480000   8.7555990000   0.5497530000   3.6608400000   7.5871240000   0.4549950000   3.2780210000   6.4661840000  -0.0616390000  -0.0122610000  -0.0616240000   0.0616080000   0.0119990000   0.0615210000   0.0207520000   0.0027150000   0.0651990000  -0.0273440000   0.0128830000  -0.0478970000   0.0066220000  -0.0153370000  -0.0172000000
   6.8192983840   6.5879975659 2746  9.22E+00  -0.5052850000  -1.5495330000   2.1717190000  -0.0878900000  -2.2085920000   3.5652030000   0.1323990000   4.1959650000   6.6212060000   0.1213290000   4.3875140000   5.4674220000   0.2473000000   4.3258850000   4.3332980000  -0.0120210000   0.0189320000  -0.0400740000   0.0119830000  -0.0189990000   0.0401180000   0.0101190000  -0.0144360000  -0.0193280000  -0.0118990000   0.0277800000  -0.0595540000   0.0018190000  -0.0132770000   0.0788380000
   6.8194183514   6.5899300755 3104  1.56E+00   1.1522210000   0.8825370000   2.1287490000  -0.0164740000  -0.0143190000   1.7391190000   0.6261290000   1.1306130000   9.2864420000  -0.0076040000   0.2471780000   8.8187110000  -0.6107380000  -0.6125850000   8.2748750000   0.0205150000   0.0157580000   0.0068540000  -0.0204450000  -0.0156620000  -0.0069040000   0.0115780000   0.0150110000   0.0032080000  -0.0069240000  -0.0072460000   0.0058710000  -0.0047240000  -0.0078610000  -0.0090280000
   6.8154024393   6.5855638893 3104  1.92E+00   1.1588730000   0.8875060000   2.1328110000  -0.0165660000  -0.0143920000   1.7407940000   0.6273470000   1.1319040000   9.2820680000  -0.0086240000   0.2461690000   8.8167730000  -0.6111530000  -0.6130640000   8.2720810000   0.0226050000   0.0173590000   0.0075530000  -0.0225370000  -0.0172650000  -0.0076040000   0.0135590000   0.0176910000   0.0042820000  -0.0092480000  -0.0103400000   0.0048520000  -0.0043790000  -0.0074450000  -0.0090840000
   6.8159928217   6.5881687340 3359  4.81E+00   0.0703520000   1.5456610000   1.9942690000   0.0018410000  -0.0222610000   1.7982830000   0.6334640000  -0.6867090000   8.3223560000   0.0003820000   0.2721870000   8.6898740000  -0.6473790000   1.1838500000   9.0486730000   0.0018240000   0.0421970000   0.0053110000  -0.0018910000  -0.0420950000  -0.0053120000   0.0261630000  -0.0439380000  -0.0145890000  -0.0227640000   0.0433430000   0.0128650000  -0.0033320000   0.0004930000   0.0017250000
   6.8185491590   6.5850741331 3479  1.27E+01   0.6373040000  -0.5169820000   2.0747870000  -0.7755080000   0.2534910000   1.6801030000   0.8339820000   0.3876160000   8.0640480000   1.4930870000  -0.2290370000   8.8332880000   1.8780820000  -0.7614300000   9.7844680000   0.0484860000  -0.0264730000   0.0134850000  -0.0484370000   0.0263420000  -0.0137690000  -0.0210720000   0.0080140000   0.0122550000   0.0542230000  -0.0331690000   0.0093310000  -0.0332000000   0.0252850000  -0.0213030000
   6.8187472435   6.5872825117 3618  4.10E+00  -0.2459730000  -1.6811630000   2.2532010000   0.7520930000  -0.6800230000   2.0275780000  -0.1796470000   1.5573020000   8.1528150000  -1.3798010000   1.4522920000   8.2022520000  -2.5251800000   1.5422610000   8.4228050000   0.0076130000   0.0077080000  -0.0016910000  -0.0077770000  -0.0077310000   0.0016950000   0.0469700000   0.0168780000   0.0106330000  -0.0593450000  -0.0288360000  -0.0204850000   0.0125400000   0.0119820000   0.0098480000
   6.8158551196   6.5885583556 3882  3.17E+00  -0.0121070000  -1.4729070000   3.0391550000  -1.0983160000  -1.4378230000   2.2298030000   2.3944400000   3.6873740000   8.6694320000   1.9927390000   2.8666430000   7.8976300000   1.5956390000   2.1219610000   7.0753830000  -0.0469100000   0.0014410000  -0.0350130000   0.0467740000  -0.0016370000   0.0347530000   0.0143860000   0.0334460000   0.0239650000  -0.0135610000  -0.0359060000  -0.0184840000  -0.0006890000   0.0026560000  -0.0052220000
   6.8159480765   6.5858768479 3956  6.46E+00  -1.1760830000  -1.7404200000   3.3241310000  -0.9646280000  -0.8363630000   2.0336370000   1.4501740000   1.5163570000   9.3203730000   1.8015160000   1.8941830000   8.2618140000   2.0891190000   2.0360100000   7.1127980000  -0.0059430000  -0.0252840000   0.0360670000   0.0057760000   0.0251540000  -0.0361390000  -0.0053060000  -0.0164950000  -0.0008610000   0.0028650000   0.0281020000   0.0291780000   0.0026080000  -0.0114770000  -0.0282450000
