   6.8282123828   6.9197110309   76  5.45E+00   0.9242470000  -0.8717430000   2.1947860000  -0.5715180000  -1.2321360000   2.1267210000   0.5986750000   1.8798560000   9.0216970000   1.0546730000   2.5135480000   8.1233000000   1.4056520000   3.1294170000   7.1217240000   0.0307480000   0.0073680000   0.0014090000  -0.0307910000  -0.0074890000  -0.0013790000  -0.0187060000  -0.0185680000   0.0202840000   0.0010600000  -0.0220800000   0.0508540000   0.0176900000   0.0407680000  -0.0711680000
   6.8271824318   6.9163842658  199  9.01E+00   0.4574690000   0.0760030000   2.5415040000  -0.5786940000   0.6123150000   1.4742500000   0.9698620000  -0.8508820000   8.0543260000   1.0166300000  -0.9599230000   9.2664290000   1.1282750000  -0.8036690000  10.4677050000   0.0277530000  -0.0143440000   0.0284530000  -0.0278300000   0.0144130000  -0.0287690000   0.0012750000   0.0203250000  -0.0658640000  -0.0114890000  -0.0442770000  -0.0051780000   0.0102910000   0.0238830000   0.0713580000
   6.8293043982   6.9179969912  199  9.05E+00   0.4595210000   0.0866760000   2.5409210000  -0.5788750000   0.6123920000   1.4738640000   0.9713960000  -0.8545530000   8.0543970000   1.0172260000  -0.9602820000   9.2664130000   1.1270670000  -0.8007850000  10.4696110000   0.0275100000  -0.0139060000   0.0281380000  -0.0275850000   0.0139750000  -0.0284500000   0.0012740000   0.0200500000  -0.0654570000  -0.0115760000  -0.0445020000  -0.0086350000   0.0103780000   0.0243830000   0.0744040000
   6.8279663684   6.9191003546  422  1.72E+00   0.4107080000  -0.6602340000   2.6235410000  -0.0022510000   0.0071710000   1.4205850000  -0.4319830000   0.6349780000  10.3680580000   0.0599550000   0.2300930000   9.3841190000   0.3723390000  -0.1142500000   8.3284710000  -0.0024970000   0.0040150000  -0.0073510000   0.0024540000  -0.0039850000   0.0070770000  -0.0094330000   0.0015850000  -0.0112590000   0.0359260000  -0.0211030000  -0.0315410000  -0.0264510000   0.0194880000   0.0430740000
   6.8261701948   6.9153895542  441  1.93E+00   1.1600760000   1.2678980000   2.9744330000   1.8628680000   0.1428340000   2.2659790000  -2.2871680000   0.3006220000   7.7954380000  -3.4061870000  -0.0838700000   7.8650940000  -4.5325220000  -0.3432160000   7.7972050000  -0.0093240000   0.0149450000   0.0093280000   0.0093640000  -0.0149900000  -0.0095590000   0.0086740000   0.0119330000  -0.0086300000  -0.0392590000  -0.0275810000   0.0158930000   0.0305440000   0.0156940000  -0.0070320000
   6.8299963285   6.9172629333  513  8.00E+00   0.4651570000   0.4144690000   2.0076030000  -0.8394490000   0.4445970000   1.8189860000   1.4654810000   0.4144740000   9.2778180000   1.4871300000  -0.6031320000   8.6835980000   1.5812430000  -1.5205700000   7.9936840000  -0.0870450000   0.0020330000  -0.0125770000   0.0870070000  -0.0019520000   0.0125840000   0.0052590000   0.0093850000  -0.0043340000  -0.0065740000  -0.0565540000  -0.0208060000   0.0013530000   0.0470880000   0.0251330000
   6.8280381525   6.9196822351  911  1.06E+01   0.8467210000   1.1618190000   2.4497430000   0.9236630000   0.0415930000   1.7586670000  -1.1574540000   1.0410400000   8.2818610000  -1.6304330000   0.1015750000   8.7236330000  -2.2849310000  -0.7105430000   9.2329800000   0.0051400000  -0.0748190000  -0.0461680000  -0.0051480000   0.0746840000   0.0461240000  -0.0485210000  -0.0581250000   0.0386590000   0.0422160000   0.0233140000  -0.0286250000   0.0063140000   0.0349470000  -0.0099900000
   6.8266969075   6.9181946401 1099  3.11E+00   0.2877250000  -0.5510240000   2.6467680000  -0.0015680000   0.0051900000   1.3960380000   0.3134960000  -0.0251720000   8.3069880000  -0.0378240000   0.1674750000   9.4277390000  -0.2953950000   0.5959240000  10.4779270000  -0.0060360000   0.0115560000  -0.0261460000   0.0059670000  -0.0115570000   0.0258060000   0.0113240000   0.0131480000  -0.0188820000  -0.0224630000  -0.0208090000   0.0436430000   0.0112070000   0.0076620000  -0.0244200000
   6.8299811172   6.9173688373 1460  1.97E+00   1.0900940000  -0.5971730000   2.2897790000  -0.0148280000   0.0086930000   1.6321640000  -0.5809770000   1.1322350000   9.4655290000   0.0600860000   0.2752520000   8.9850460000   0.5412420000  -0.6569830000   8.4949370000  -0.0127190000   0.0070060000  -0.0075890000   0.0126860000  -0.0068940000   0.0075450000  -0.0075850000  -0.0100540000  -0.0025590000   0.0351230000  -0.0164080000  -0.0149640000  -0.0275060000   0.0263500000   0.0175670000
   6.8278376429   6.9151445659 1837  3.98E+00  -0.7015030000  -1.1507840000   3.2038800000  -0.8675890000  -1.0224240000   1.7584510000   1.9918970000   2.4425610000   9.7469320000   1.5852620000   2.1560580000   8.7224730000   1.1951990000   1.8053070000   7.7223480000   0.0002760000  -0.0003200000   0.0026600000  -0.0003690000   0.0001590000  -0.0029140000  -0.0272960000  -0.0252670000  -0.0701470000  -0.0128640000  -0.0046880000  -0.0314200000   0.0402530000   0.0301160000   0.1018210000
   6.8252024987   6.9179792170 2237  6.17E+00   0.1328220000  -1.2727700000   2.1484380000  -0.0017940000   0.0167720000   1.7767340000   0.8011750000   1.1151310000   8.5596010000  -0.0176810000   0.2675930000   8.7958450000  -0.7873080000  -0.6319120000   8.8297800000  -0.0063070000   0.0603780000  -0.0173930000   0.0062760000  -0.0603940000   0.0173960000   0.0329240000   0.0278840000  -0.0197610000  -0.0245750000  -0.0115360000   0.0305830000  -0.0083190000  -0.0163310000  -0.0108250000
   6.8286516243   6.9179397253 2275  6.25E+00  -1.4783600000  -0.0969100000   3.0277910000  -0.9907380000  -0.6489450000   1.7262720000   1.9177700000   1.4533530000   7.6405610000   1.8802130000   1.2992450000   8.8071700000   1.7118840000   1.5060820000   9.9369380000  -0.0056020000   0.0062100000   0.0147270000   0.0054240000  -0.0063660000  -0.0148760000  -0.0090670000   0.0247710000   0.0124780000   0.0131940000  -0.0442860000   0.0255260000  -0.0039480000   0.0196710000  -0.0378540000
   6.8263961463   6.9190696097 2532  4.66E+00  -0.7261710000  -1.4042550000   2.6432920000   0.0280490000  -2.4348050000   3.5638140000   0.1417500000   3.9135010000   6.3132880000   0.0041350000   4.7505680000   5.5041470000  -0.2391870000   5.4564160000   4.5908690000  -0.0195470000   0.0267280000  -0.0238790000   0.0195450000  -0.0267500000   0.0237790000  -0.0080730000  -0.0006980000  -0.0127930000   0.0164950000   0.0045670000   0.0248400000  -0.0084200000  -0.0038470000  -0.0119470000
   6.8288057751   6.9183770392 2620  3.08E+00  -0.0838910000  -1.4000800000   3.3356520000  -0.0609480000  -1.5401340000   1.9161340000  -0.0254160000   3.2879240000   9.6144460000   0.1521260000   3.1478330000   8.4242050000   0.2208870000   2.8166960000   7.2829340000   0.0002100000  -0.0014170000  -0.0135740000  -0.0002300000   0.0012080000   0.0134180000  -0.0156720000  -0.0037200000   0.0652840000   0.0205790000   0.0212960000  -0.0446980000  -0.0048870000  -0.0173670000  -0.0204290000
   6.8285929062   6.9186213530 2633  2.34E+00   0.8992460000   1.0708960000   2.0945360000  -0.0115840000  -0.0140210000   1.7453970000  -1.0487240000  -0.2938120000   8.9960840000   0.0027620000   0.2796490000   8.8176250000   1.0478480000   0.7741070000   8.5368460000   0.0012820000   0.0015470000   0.0005000000  -0.0013340000  -0.0015610000  -0.0004860000  -0.0539450000  -0.0338220000   0.0040990000   0.0291610000   0.0265160000   0.0073000000   0.0248370000   0.0073190000  -0.0114130000
   6.8273706868   6.9185604777 2648  4.09E+00   0.5487300000  -0.7523580000   2.6589700000   1.7592110000  -0.3424040000   2.1416990000  -2.0546250000   0.8461860000   7.7904500000  -3.1827630000   0.9043490000   8.1311060000  -4.3765880000   0.9200480000   8.2430570000   0.0367400000   0.0124230000  -0.0157600000  -0.0366990000  -0.0124760000   0.0155560000   0.0000610000  -0.0026110000  -0.0145880000   0.0457100000   0.0046810000   0.0248440000  -0.0458110000  -0.0020180000  -0.0100510000
   6.8259566718   6.9164666837 2716  4.97E+00   0.6863650000   1.2177140000   2.3082980000  -0.0082100000  -0.0159950000   1.6256950000  -0.4146940000  -0.6918820000   9.5290440000  -0.0400130000   0.2977180000   9.0328550000   0.4424910000   1.1592210000   8.4266690000   0.0177250000   0.0314810000   0.0173770000  -0.0177870000  -0.0315660000  -0.0174640000   0.0126440000   0.0042040000  -0.0136580000  -0.0039280000   0.0339540000  -0.0005380000  -0.0086540000  -0.0380720000   0.0142830000
   6.8287488505   6.9167361562 2745  4.16E+00  -0.5548440000   0.5369290000   2.1025740000  -0.0688060000  -0.6662600000   1.7047660000   0.5409000000   0.7281100000   9.7111280000   0.1541400000   1.4529710000   8.8323600000  -0.2780250000   2.1624600000   8.0131580000   0.0203660000  -0.0504220000  -0.0166830000  -0.0203170000   0.0503140000   0.0166650000   0.0129040000  -0.0302320000   0.0401870000  -0.0157280000   0.0400040000  -0.0559910000   0.0027740000  -0.0096640000   0.0158210000
   6.8289477819   6.9189096376 2952  1.04E+00   1.1250760000  -0.7076060000   2.1503890000  -0.0137680000   0.0093260000   1.7204320000  -0.7834940000  -0.5770440000   9.1429310000   0.0045140000   0.2362420000   8.8203230000   0.7779850000   1.0853750000   8.5091400000  -0.0170210000   0.0106840000  -0.0063950000   0.0169600000  -0.0107520000   0.0064400000  -0.0060220000  -0.0029020000   0.0037500000  -0.0096930000  -0.0177870000   0.0007270000   0.0157760000   0.0207580000  -0.0045220000
   6.8299412108   6.9182298728 2962  4.38E+00   0.0960500000  -1.2989840000   3.1458200000   0.4327290000  -1.0868940000   1.6731880000  -0.5203690000   1.5435290000   8.0004610000  -0.7599820000   2.1721770000   8.9653000000  -1.0763220000   3.0235550000   9.7160090000  -0.0059880000  -0.0038520000   0.0261060000   0.0060210000   0.0037120000  -0.0264050000  -0.0071930000   0.0204830000  -0.0058990000   0.0131060000  -0.0374660000   0.0187680000  -0.0059460000   0.0171230000  -0.0125700000
   6.8253983414   6.9184408344 3094  4.52E+00  -0.5174350000   0.3041870000   2.6160860000   0.0094810000  -0.0037610000   1.4010920000  -0.1940500000   0.7140480000  10.4513430000   0.0031790000   0.1700930000   9.4202790000   0.1769130000  -0.1544410000   8.3158650000   0.0213250000  -0.0124540000  -0.0493230000  -0.0213710000   0.0125000000   0.0490520000  -0.0035100000   0.0202100000   0.0055620000   0.0091940000  -0.0428130000  -0.0282730000  -0.0056390000   0.0225560000   0.0229810000
   6.8295593665   6.9173976799 3309  5.65E+00  -2.2314820000  -0.5817390000   3.8388220000  -1.8780170000  -0.3775480000   2.5304390000   3.8173850000   0.9485580000   6.2256020000   3.4670570000   0.8838630000   7.3060320000   3.0997700000   0.9978250000   8.4114940000   0.0122350000   0.0070390000  -0.0451530000  -0.0122370000  -0.0070630000   0.0452420000  -0.0263220000   0.0086570000   0.0838360000   0.0217160000  -0.0204840000  -0.0711480000   0.0046080000   0.0118510000  -0.0127760000
   6.8258056030   6.9177644934 3464  4.77E+00  -1.2242840000  -0.8466240000   2.2036430000   0.0185460000   0.0110300000   1.7335240000  -1.0699290000   0.7447520000   9.0059720000  -0.0034900000   0.2326790000   8.8320960000   1.0570620000  -0.2334970000   8.5685190000  -0.0334180000  -0.0230540000   0.0126690000   0.0333780000   0.0230700000  -0.0126350000  -0.0342020000   0.0191580000   0.0011150000   0.0124810000  -0.0123770000   0.0084430000   0.0217620000  -0.0067980000  -0.0095920000
   6.8286282972   6.9179425470 3524  8.49E+00   0.7330320000   0.7077600000   2.3234220000   2.1628890000  -0.0333230000   2.6097730000  -3.8402600000   0.2654060000   6.0348120000  -4.0260380000   0.3240550000   7.2054490000  -3.9855790000   0.3008330000   8.3770530000  -0.0465100000   0.0241730000  -0.0093690000   0.0467490000  -0.0241570000   0.0093250000   0.0157050000  -0.0060700000  -0.0126070000  -0.0302770000   0.0113530000   0.0165250000   0.0143320000  -0.0052990000  -0.0038740000
