   6.8230646792   6.5335497859  231  4.63E+00  -0.9448210000  -1.6617990000   2.8630580000  -0.1185190000  -0.8158690000   1.8013120000   0.1453960000   2.2323880000   7.5741580000   0.2668750000   1.7502930000   8.6461050000   0.3057010000   1.3206930000   9.7598650000  -0.0230290000  -0.0236280000   0.0296110000   0.0230370000   0.0234270000  -0.0296930000  -0.0060870000   0.0085760000  -0.0057780000   0.0099180000   0.0015730000  -0.0322170000  -0.0038390000  -0.0099480000   0.0380760000
   6.8231170157   6.5338957775  426  4.35E+00  -0.6225130000  -0.7362940000   2.4565370000   0.0110960000   0.0117110000   1.5289010000   0.4044550000   0.3010770000   8.0445230000   0.0126400000   0.2076120000   9.1841330000  -0.4301400000   0.2186450000  10.2717010000   0.0293040000   0.0346160000  -0.0430560000  -0.0294120000  -0.0346800000   0.0426850000   0.0140700000   0.0105750000  -0.0508110000  -0.0083520000  -0.0169610000   0.0478130000  -0.0056080000   0.0064500000   0.0033680000
   6.8204463211   6.5345505611  656  2.29E+00   0.7161020000   0.6258540000   2.3306860000   0.6464960000  -0.7215480000   1.7192220000  -1.2328260000   1.8036830000   9.9870950000  -1.1345730000   1.4939100000   8.8376030000  -1.1893320000   1.3266760000   7.6466890000   0.0006040000   0.0104400000   0.0046400000  -0.0004260000  -0.0105580000  -0.0049560000  -0.0124300000   0.0188110000   0.0359230000   0.0239340000  -0.0213400000   0.0099260000  -0.0116820000   0.0026470000  -0.0455330000
   6.8219555855   6.5334487923  708  6.29E+00  -1.1584280000   0.5619940000   2.0792900000   0.0124090000  -0.0106770000   1.7202960000   0.0588810000  -0.7413610000   8.2125910000  -0.0902040000   0.2728500000   8.8108850000   0.0198490000   1.2421230000   9.4517260000   0.0525990000  -0.0256840000  -0.0161200000  -0.0526510000   0.0258560000   0.0160220000   0.0190110000  -0.0134440000  -0.0013820000  -0.0348300000   0.0300340000   0.0069940000   0.0158720000  -0.0167630000  -0.0055140000
   6.8202113624   6.5304025261  888  4.26E+00   1.3028270000  -0.4644590000   1.8917200000  -0.0119710000   0.0046970000   1.8562790000   0.8173640000   0.9738220000   8.2608990000  -0.0189660000   0.2531930000   8.5440220000  -0.8254240000  -0.4704130000   8.9364370000  -0.0288540000   0.0102740000  -0.0007640000   0.0287680000  -0.0103370000   0.0008400000  -0.0577900000  -0.0518340000   0.0304250000   0.0194290000   0.0195790000  -0.0223680000   0.0384470000   0.0323190000  -0.0081320000
   6.8208243120   6.5312546573 1100  2.79E+00  -0.7038700000   1.0418650000   2.3014500000   0.0068930000  -0.0119270000   1.5905630000   0.4729340000  -0.1585800000  10.0723060000   0.0313110000   0.1784320000   9.0273430000  -0.4865210000   0.7062360000   8.0634350000  -0.0004180000   0.0006220000   0.0003210000   0.0005230000  -0.0007450000  -0.0006340000   0.0034270000   0.0052880000   0.0240620000   0.0267070000  -0.0427650000   0.0172700000  -0.0302390000   0.0376010000  -0.0410180000
   6.8200492416   6.5347634807 1453  4.34E+00  -0.8417670000  -1.6593810000   2.3151170000   0.2189480000  -0.8341700000   2.0306120000  -0.7268040000   0.9744390000   9.0129370000  -0.3925160000   1.7644270000   8.1963400000  -0.0189810000   2.6592830000   7.5480670000   0.0349180000   0.0271810000  -0.0093070000  -0.0349550000  -0.0272190000   0.0094330000  -0.0012070000  -0.0014820000   0.0214650000   0.0052430000   0.0095120000  -0.0456660000  -0.0039990000  -0.0079920000   0.0240750000
   6.8222765460   6.5327876640 1512  1.21E+01  -0.1222790000   1.4692120000   1.8161830000  -1.0680560000   0.2531060000   2.1621820000   1.1800010000   0.5008520000   8.6445510000   2.0149450000  -0.2212350000   8.0706310000   2.6492220000  -1.0037350000   7.3851610000   0.0251190000   0.0322950000  -0.0091690000  -0.0251270000  -0.0322590000   0.0091730000  -0.0809080000   0.0582340000   0.0440990000   0.0520260000  -0.0073510000   0.0022140000   0.0288900000  -0.0509190000  -0.0463170000
   6.8205457694   6.5320237296 1516  2.17E-01   1.6887120000   0.0024300000   5.4143820000   2.7101320000   0.0986020000   4.3610340000  -6.1160020000   0.0282930000   4.1157000000  -4.9618160000   0.0695230000   3.9024890000  -3.8006340000   0.1145950000   3.8347220000  -0.0047950000  -0.0004670000   0.0050960000   0.0051510000   0.0004550000  -0.0050170000  -0.0003360000   0.0002490000   0.0099390000   0.0281090000   0.0005250000  -0.0212320000  -0.0281300000  -0.0007620000   0.0112140000
   6.8226404571   6.5342528503 1653  3.73E+00  -0.8031480000  -0.1277210000   2.0048240000   0.5249930000  -0.2633780000   1.7356990000  -1.5608660000   0.2613560000   7.9058130000  -0.9035240000   0.7284790000   8.7727830000  -0.3322050000   1.2028700000   9.7148700000   0.0521800000  -0.0053230000  -0.0106260000  -0.0520090000   0.0053660000   0.0104810000  -0.0143470000  -0.0055480000  -0.0051580000  -0.0024700000  -0.0132760000  -0.0361140000   0.0166460000   0.0187810000   0.0414180000
   6.8248232241   6.5313766985 1719  7.84E+00  -0.2665970000  -0.3019090000   1.7112750000   1.0362950000  -0.1561480000   2.0773850000  -0.7291530000   0.8726930000   8.2808970000  -1.8973200000   0.5904120000   8.2780640000  -3.0052490000   0.1706230000   8.0231960000   0.0516390000   0.0057820000   0.0145080000  -0.0516810000  -0.0057970000  -0.0145890000   0.0454510000   0.0024020000  -0.0132470000   0.0062740000   0.0263150000   0.0397420000  -0.0516830000  -0.0287020000  -0.0264150000
   6.8235431280   6.5328144201 1997  1.21E+00   0.6654330000   1.3132640000   1.7638780000  -0.0066990000  -0.0163540000   1.9264430000  -1.0544540000   0.7661330000   8.5434930000  -0.0135260000   0.2485270000   8.4695540000   1.0561400000  -0.2660900000   8.3673800000   0.0081250000   0.0161030000  -0.0019490000  -0.0081900000  -0.0160770000   0.0020030000   0.0172070000  -0.0074540000  -0.0017180000  -0.0432460000   0.0189190000   0.0042500000   0.0261050000  -0.0114900000  -0.0025860000
   6.8219767605   6.5319978469 2045  5.36E+00  -1.5227310000   1.0979990000   2.1854730000  -0.5434220000   0.1463840000   1.9207060000   1.9030290000  -0.7930620000   8.5650530000   0.9516700000  -0.1189300000   8.4253280000   0.1924780000   0.7697630000   8.3811120000   0.0239720000  -0.0233080000  -0.0064980000  -0.0239170000   0.0231860000   0.0065400000   0.0066280000   0.0198070000   0.0066160000  -0.0334360000  -0.0193130000  -0.0156990000   0.0267530000  -0.0003730000   0.0090410000
   6.8228838704   6.5303609855 2529  5.01E+00   1.5092380000  -0.0286630000   2.4865250000   0.7337050000   1.2335870000   1.9514750000  -1.6111130000  -1.9477770000   9.5425360000  -1.3151920000  -1.9177520000   8.4030850000  -1.1609650000  -2.0839310000   7.2476920000   0.0202350000  -0.0327700000   0.0138580000  -0.0200980000   0.0330100000  -0.0140290000  -0.0107730000  -0.0133640000   0.0039620000   0.0211620000   0.0265570000  -0.0076750000  -0.0105260000  -0.0134340000   0.0038830000
   6.8232800276   6.5325838995 2584  4.19E-02   1.0031510000   0.4275520000   2.3560620000   0.1554070000  -0.5504520000   1.6229920000  -0.8282970000   1.3104100000  10.0595230000  -0.2789440000   1.2387480000   9.0085310000   0.1983590000   1.1694960000   7.9249430000   0.0079240000   0.0091180000   0.0067260000  -0.0079680000  -0.0092210000  -0.0070690000  -0.0179760000   0.0019980000   0.0241690000   0.0152910000  -0.0014020000  -0.0070800000   0.0027290000  -0.0004930000  -0.0167460000
   6.8216989021   6.5341889352 2664  2.86E+00  -0.8485360000  -1.3406690000   2.4459710000   0.4209810000  -0.8883400000   1.8845110000  -1.0620850000   2.2111240000   7.4423400000  -0.6817320000   1.8400140000   8.4784670000  -0.4751630000   1.6163140000   9.6282910000  -0.0021990000  -0.0008400000   0.0009880000   0.0023130000   0.0006630000  -0.0010230000  -0.0030470000   0.0020900000   0.0333540000   0.0107530000  -0.0078480000  -0.0631410000  -0.0078190000   0.0059340000   0.0298230000
   6.8243293295   6.5349304895 2696  1.89E+00   1.7976830000  -0.4190630000   2.5752070000   0.7219790000  -1.3436200000   2.3435290000  -0.6663780000   1.7661500000   7.9209040000  -1.3456130000   2.7195410000   7.7559720000  -2.0424750000   3.6167390000   7.3915060000  -0.0060920000  -0.0052170000  -0.0013420000   0.0060730000   0.0052330000   0.0011820000   0.0042900000  -0.0110000000  -0.0097900000   0.0158020000  -0.0099740000   0.0316770000  -0.0200730000   0.0209580000  -0.0217270000
   6.8237682683   6.5344527467 2718  1.63E+00  -1.4387500000  -0.3984870000   1.8614510000   0.0153530000   0.0038790000   1.9076520000  -1.1322740000   0.0697450000   8.3402010000   0.0048750000   0.2680510000   8.4973750000   1.1425840000   0.4224380000   8.6374870000  -0.0210990000  -0.0058410000  -0.0006860000   0.0211730000   0.0058630000   0.0007260000   0.0231760000   0.0010050000   0.0036280000   0.0137560000   0.0070510000   0.0009150000  -0.0370050000  -0.0080780000  -0.0045820000
   6.8215964189   6.5335127508 2873  4.16E+00   0.7032450000   1.5045730000   2.3041680000   0.2110260000   0.2751540000   1.7825440000   0.1395560000   0.6017960000   9.3042790000  -0.4163540000  -0.3425060000   8.7747920000  -0.9252220000  -1.1259820000   8.0620780000  -0.0052800000  -0.0132040000  -0.0056000000   0.0053330000   0.0132690000   0.0055460000   0.0329960000   0.0610150000   0.0185650000  -0.0359160000  -0.0709170000  -0.0091400000   0.0028660000   0.0098360000  -0.0093710000
   6.8206653075   6.5332234508 3085  4.45E+00   1.8079620000  -0.7601220000   2.6041130000   0.3724850000  -1.2109170000   2.1243010000  -1.2499260000   2.7237720000   7.0810150000  -0.7059060000   2.4421440000   8.0765380000  -0.1943420000   2.2260970000   9.0838090000   0.0382070000   0.0119720000   0.0128040000  -0.0380860000  -0.0121120000  -0.0127790000   0.0057970000   0.0012360000   0.0181000000   0.0186570000  -0.0154890000   0.0238470000  -0.0245750000   0.0143930000  -0.0419720000
   6.8235193058   6.5339391517 3152  6.35E+00  -0.8613730000  -1.7447420000   2.6918070000   0.1567870000  -1.0559590000   1.9910620000   0.0688270000   1.0604870000   8.1721040000  -0.2968080000   2.2179110000   8.2180230000  -0.5747750000   3.3458510000   8.5464130000   0.0142680000   0.0096960000  -0.0098720000  -0.0143350000  -0.0095730000   0.0097130000   0.0231990000  -0.0584920000   0.0154760000  -0.0152820000   0.0076110000  -0.0472090000  -0.0078500000   0.0507580000   0.0318920000
   6.8223082616   6.5347592640 3204  3.52E+00   1.3824730000   0.0036390000   2.5635660000   0.2757950000  -0.5714130000   1.6420730000  -1.0534110000   1.8093700000   9.8655330000  -0.5511230000   1.2839640000   8.9796290000   0.0026520000   0.7679830000   8.0322600000   0.0247430000   0.0128450000   0.0204300000  -0.0247680000  -0.0128730000  -0.0208760000   0.0253010000  -0.0223700000  -0.0425070000  -0.0535970000   0.0449240000   0.0881430000   0.0283200000  -0.0225260000  -0.0451900000
   6.8216796917   6.5311276384 3207  5.82E-01   0.7150470000   1.1415500000   2.1109950000  -0.0072980000  -0.0133140000   1.7153350000   0.9548730000   0.1444170000   8.1732740000   0.0078860000   0.2470580000   8.8367010000  -0.9693970000   0.3523640000   9.4944380000  -0.0091640000  -0.0145850000  -0.0050280000   0.0090220000   0.0146030000   0.0049190000  -0.0261970000   0.0027820000   0.0184160000   0.0406720000  -0.0043000000  -0.0269730000  -0.0143330000   0.0015010000   0.0086660000
   6.8211548116   6.5312740447 3262  2.33E+00   1.2511200000  -0.8012850000   1.9234190000  -0.0125630000   0.0073810000   1.8935230000  -0.2342880000   1.3822210000   8.6478180000  -0.0221170000   0.2400450000   8.5432870000   0.2348090000  -0.8611230000   8.3620660000   0.0158430000  -0.0101230000   0.0003740000  -0.0158640000   0.0101750000  -0.0003470000   0.0070680000  -0.0177210000  -0.0062460000   0.0044570000  -0.0483670000  -0.0001620000  -0.0115040000   0.0660370000   0.0063810000
   6.8231222162   6.5344757357 3311  7.10E+00  -0.1065290000   0.9439570000   1.9126720000   0.7415150000  -0.3301550000   1.8598540000  -0.6050860000   1.2254060000   9.4298400000  -1.3467220000   0.7148490000   8.6182240000  -2.0805270000   0.5150380000   7.6926150000  -0.0160640000   0.0242020000   0.0009710000   0.0162390000  -0.0242250000  -0.0010580000   0.0367600000   0.0436650000   0.0337920000  -0.0157040000  -0.0565220000  -0.0018280000  -0.0212320000   0.0128800000  -0.0318780000
   6.8231589177   6.5332497701 3479  4.82E+00  -0.0992930000   1.4299830000   2.2441020000   0.0007180000  -0.0140700000   1.6493230000   0.5497110000   0.8137120000   8.1066240000   0.0291540000   0.1918010000   8.9527460000  -0.5689310000  -0.2898450000   9.7952670000  -0.0024920000   0.0354500000   0.0145140000   0.0023760000  -0.0355840000  -0.0147730000  -0.0128300000   0.0016000000   0.0136110000  -0.0197220000  -0.0425660000   0.0403310000   0.0326680000   0.0411000000  -0.0536830000
   6.8213669982   6.5329300345 3497  6.62E+00  -1.6397220000  -0.1264240000   1.9330320000  -0.0760900000  -0.0588670000   1.9424210000   0.5252180000   1.5063210000   8.3810050000   0.2387970000   0.3300000000   8.4747360000  -0.2211640000  -0.7644120000   8.4355200000  -0.0384670000  -0.0016590000  -0.0002300000   0.0385020000   0.0016490000   0.0002430000   0.0046750000   0.0659150000  -0.0114680000   0.0146650000  -0.0489230000   0.0188100000  -0.0193750000  -0.0169820000  -0.0073550000
   6.8222324225   6.5336480216 3515  2.71E+00   1.1677340000  -0.9468960000   2.4980900000  -0.1633350000  -1.1965140000   1.9646260000  -0.1676590000   1.4544300000   7.9363120000   0.2122290000   2.4923680000   8.3119810000   0.7505040000   3.3975710000   8.8559020000   0.0005620000   0.0001280000   0.0001720000  -0.0005060000  -0.0000850000  -0.0004040000   0.0178420000   0.0117150000   0.0201760000  -0.0355390000  -0.0148730000  -0.0388620000   0.0176400000   0.0031150000   0.0189190000
   6.8222618772   6.5318962142 3606  8.72E+00  -2.2134430000  -1.1368920000   3.4114220000  -1.0557390000  -1.0704200000   2.4523100000   1.2494210000   1.4881620000   8.0025860000   2.0928510000   2.1593900000   7.5506990000   2.5915520000   2.9960340000   6.8679610000  -0.0156520000  -0.0009070000   0.0129210000   0.0156960000   0.0008660000  -0.0130070000  -0.0036860000   0.0281330000  -0.0257530000   0.0233670000  -0.0469860000   0.0468210000  -0.0197240000   0.0188940000  -0.0209820000
   6.8245644886   6.5325501662 3641  5.78E+00   0.2338080000   2.0597210000   3.4030930000   0.6503160000   1.5297750000   2.0416760000  -0.8535150000  -1.5998590000   7.5750380000  -1.2674580000  -2.5847540000   8.1727610000  -1.4575720000  -3.5419410000   8.8798630000  -0.0068790000   0.0088520000   0.0224300000   0.0069270000  -0.0087060000  -0.0227870000   0.0373910000   0.0609450000  -0.0291160000  -0.0407070000  -0.0167660000  -0.0106010000   0.0032680000  -0.0443250000   0.0400740000
   6.8213201021   6.5328512768 3704  3.44E+00   1.2040270000  -0.2022100000   2.2812340000  -0.0183080000   0.0011520000   1.6530340000   0.5952670000   0.8803320000   9.7121500000  -0.0420340000   0.2452450000   8.9728350000  -0.5481350000  -0.3697760000   8.1537910000  -0.0307840000   0.0051520000  -0.0158590000   0.0308750000  -0.0050570000   0.0156810000  -0.0036570000  -0.0117550000  -0.0206210000  -0.0392660000  -0.0303000000  -0.0291020000   0.0428320000   0.0419600000   0.0499010000
   6.8215443259   6.5343904135 3770  6.45E+00   1.4103580000  -0.8733300000   2.9675470000   0.6089550000  -0.5238910000   1.6442220000  -1.2884370000   1.7493350000  10.0237720000  -1.1071240000   1.2015830000   8.9584140000  -1.0105750000   0.7077770000   7.8537610000   0.0220700000  -0.0096160000   0.0362190000  -0.0219130000   0.0095660000  -0.0365530000  -0.0151250000   0.0344170000   0.0591890000   0.0150050000  -0.0113950000   0.0005640000  -0.0000370000  -0.0229720000  -0.0594190000
   6.8231250793   6.5306157188 3940  4.71E+00  -0.8247610000  -0.9592420000   2.0271130000  -1.5303540000   0.3393350000   2.2897250000   3.1931280000  -0.5977870000   6.7010130000   2.8059720000  -0.2732380000   7.7631580000   2.3953630000  -0.1437100000   8.9092490000   0.0088810000  -0.0164060000  -0.0033280000  -0.0089910000   0.0164700000   0.0033630000   0.0005800000  -0.0124180000   0.0036970000   0.0266510000   0.0156670000  -0.0825250000  -0.0271200000  -0.0033140000   0.0787940000
