   6.8228474940   6.8938977984    7  1.37E+01   1.0794910000   0.4762410000   1.8788720000  -0.3837010000  -0.3732690000   1.8001740000   1.6256470000   1.3674960000   8.1608410000   0.6355460000   0.9137070000   8.6731920000  -0.2544630000   0.4684510000   9.2205380000   0.0533150000   0.0309550000   0.0028350000  -0.0534490000  -0.0310160000  -0.0028170000   0.0407650000   0.0163470000  -0.0134400000  -0.1096840000  -0.0481100000   0.0484830000   0.0690540000   0.0318240000  -0.0350610000
   6.8227078240   6.8915655851   28  2.41E+00   0.0438700000  -1.5430640000   3.6436090000  -1.0836420000  -2.2819520000   3.0750590000   2.4297490000   5.2930860000   7.0295450000   1.9077380000   4.4379740000   6.3459270000   1.5473310000   3.5568600000   5.6206300000   0.0029410000   0.0018330000   0.0014740000  -0.0030510000  -0.0021030000  -0.0015380000   0.0386090000   0.0466630000   0.0359990000  -0.0369680000  -0.0185250000  -0.0112700000  -0.0015310000  -0.0278670000  -0.0246650000
   6.8224833371   6.8935639968  362  1.63E+00  -0.4331280000  -1.6345570000   3.3481240000  -0.0219730000  -1.4170440000   1.9105680000  -0.1149820000   1.7682950000   8.0233570000   0.0919750000   2.8398610000   8.4716120000   0.1829630000   3.9675500000   8.8654440000  -0.0060990000  -0.0032630000   0.0212250000   0.0061270000   0.0032160000  -0.0214640000  -0.0084790000  -0.0025370000  -0.0048080000   0.0123540000  -0.0415720000  -0.0061190000  -0.0039030000   0.0441550000   0.0111650000
   6.8239476957   6.8946935258  562  1.37E+00   1.0318190000  -0.4333470000   2.6345160000   1.3927830000   0.7792510000   1.9271760000  -3.3175890000  -1.8523320000   8.9863430000  -2.5553730000  -1.2050010000   8.3880250000  -1.7850080000  -0.4198700000   7.9272220000   0.0005560000   0.0018100000  -0.0011510000  -0.0005060000  -0.0018910000   0.0009000000   0.0104190000   0.0175290000   0.0014500000  -0.0255260000  -0.0419000000  -0.0025560000   0.0150570000   0.0244520000   0.0013570000
   6.8231210496   6.8920375082  637  3.11E+00  -0.0580630000  -0.9573920000   2.8676230000  -0.1977350000  -0.5419240000   1.4596590000   0.4566460000   1.3356990000  10.4268160000   0.2879780000   1.2744420000   9.3061130000   0.3183650000   1.1620770000   8.1177520000   0.0008100000  -0.0025450000   0.0082190000  -0.0008650000   0.0023900000  -0.0085910000   0.0018290000  -0.0079590000  -0.0856460000  -0.0164630000   0.0131280000   0.1096820000   0.0146890000  -0.0050130000  -0.0236650000
   6.8239201477   6.8949447743 1144  3.43E+00  -0.7262020000  -1.3915330000   3.4948160000  -0.8816850000  -1.3246210000   1.9330540000   1.6897070000   3.0644590000   9.5278310000   1.6438980000   2.7014130000   8.4137900000   1.5253230000   2.2984220000   7.2828330000   0.0038850000  -0.0018000000   0.0396420000  -0.0040460000   0.0015760000  -0.0398440000  -0.0042020000  -0.0011380000   0.0026730000   0.0130810000   0.0194280000   0.0438730000  -0.0087180000  -0.0180660000  -0.0463450000
   6.8214596425   6.8925083976 1460  3.31E+00   1.0607230000  -0.5813410000   2.2786620000  -0.0144550000   0.0084860000   1.6391400000  -0.5764540000   1.1302730000   9.4587150000   0.0572500000   0.2715470000   8.9717880000   0.5388390000  -0.6522020000   8.4775630000  -0.0303440000   0.0166760000  -0.0180650000   0.0303100000  -0.0165660000   0.0180230000  -0.0068950000  -0.0098000000  -0.0026520000   0.0383480000  -0.0253540000  -0.0196300000  -0.0314200000   0.0350450000   0.0223240000
   6.8208938114   6.8926557296 1541  4.01E+00  -0.9994560000   0.7514860000   2.3047330000  -0.1688200000  -0.1572640000   1.6377120000  -0.5226500000   1.1347950000   9.5296740000   0.3933730000   0.5769870000   8.9796240000   1.1334410000  -0.1421960000   8.4062120000   0.0167810000  -0.0183410000  -0.0134650000  -0.0168370000   0.0184210000   0.0134450000  -0.0486440000   0.0131440000   0.0221390000   0.0542460000   0.0016460000  -0.0182180000  -0.0055460000  -0.0148690000  -0.0039010000
   6.8214585134   6.8945870301 1702  2.94E+00   0.5962350000   1.0148850000   2.1140080000  -0.2528830000  -0.0083010000   1.7014390000   1.3833720000  -0.2409680000   8.3950080000   0.4706020000   0.2605690000   8.8924680000  -0.5112600000   0.7105510000   9.3000530000  -0.0202940000  -0.0244070000  -0.0098400000   0.0202100000   0.0244610000   0.0098330000  -0.0431220000   0.0171620000   0.0158200000   0.0102550000   0.0039800000   0.0055970000   0.0329510000  -0.0211960000  -0.0214100000
   6.8207351806   6.8934557799 1827  1.10E+01  -0.2479720000   1.2577290000   2.1138260000   0.4525220000   0.1261500000   1.7967660000  -1.5585970000  -0.8710780000   8.6797810000  -0.7222810000  -0.0795220000   8.7853490000  -0.1435730000   0.9091880000   8.6196140000   0.0251290000  -0.0406070000  -0.0113910000  -0.0251090000   0.0405320000   0.0113630000   0.0202400000   0.0536560000  -0.0149880000   0.0276900000  -0.0216580000   0.0268420000  -0.0479500000  -0.0319230000  -0.0118260000
   6.8234992945   6.8920453810 1902  1.93E+01  -0.2139820000  -0.5406860000   1.4877150000   0.4025400000  -1.6950730000   2.6812320000  -0.0610520000   4.0757020000   6.4494090000  -0.6996990000   3.3356400000   7.0822050000  -1.4105900000   2.6075910000   7.7507420000  -0.0245730000   0.0460280000  -0.0475330000   0.0245890000  -0.0459470000   0.0475830000  -0.0131380000  -0.0083900000   0.0115290000   0.0572440000   0.0471330000  -0.0518810000  -0.0441220000  -0.0388240000   0.0403010000
   6.8223474035   6.8928105283 3064  3.65E+00  -1.2519200000  -0.8123080000   2.0501190000   0.0148530000   0.0106250000   1.8154820000  -1.0858330000   0.7645220000   8.6800390000   0.0230530000   0.2669190000   8.6648100000   1.0732220000  -0.2791100000   8.6203880000  -0.0233960000  -0.0152100000   0.0043560000   0.0234260000   0.0152160000  -0.0042960000  -0.0647920000   0.0248340000   0.0004110000   0.0488660000  -0.0120750000   0.0008720000   0.0158970000  -0.0127650000  -0.0013430000
   6.8218313479   6.8935839607 3070  4.40E+00   0.7480160000  -0.2705380000   2.6807900000   0.5340540000   0.2779590000   1.4467940000  -1.0147940000  -0.3369580000   8.1359230000  -0.9054950000  -0.2248110000   9.2990370000  -1.0197780000  -0.1777560000  10.4899800000  -0.0077200000   0.0199450000  -0.0449360000   0.0078540000  -0.0199010000   0.0446940000  -0.0140290000  -0.0035720000   0.0105390000   0.0319620000   0.0061790000  -0.0510920000  -0.0180670000  -0.0026510000   0.0407940000
   6.8228673858   6.8926553860 3088  5.60E+00   0.3805490000   1.6868700000   2.3752500000  -0.1307680000   0.3944730000   1.6852780000  -0.3569640000   0.3323390000   9.5161480000   0.2045230000  -0.4810270000   8.8421470000   0.8325430000  -1.3599310000   8.2809430000   0.0115070000   0.0291600000   0.0156060000  -0.0115820000  -0.0290700000  -0.0155550000  -0.0161040000   0.0249450000   0.0310770000  -0.0230530000   0.0285440000  -0.0073880000   0.0392320000  -0.0535780000  -0.0237380000
   6.8216592019   6.8900396365 3489  2.98E+00   0.7053090000  -1.4736230000   4.9305770000   1.8703640000  -1.3231570000   5.7643860000  -3.9923830000   2.9114280000   0.4026150000  -3.4798250000   2.6316090000   1.4424890000  -2.7808120000   2.5017180000   2.4163210000   0.0053040000   0.0005940000   0.0037740000  -0.0051470000  -0.0008240000  -0.0037140000  -0.0040090000   0.0173410000  -0.0344170000  -0.0335690000  -0.0219960000   0.0010250000   0.0374220000   0.0048850000   0.0333320000
   6.8222485368   6.8920901612 3524  3.76E+00   0.7960990000   0.6592470000   2.3704170000   2.1560320000  -0.0322260000   2.6139750000  -3.8265850000   0.2769150000   6.0218530000  -4.0174080000   0.3085230000   7.1922650000  -3.9754610000   0.2985600000   8.3759620000  -0.0289990000   0.0148010000  -0.0052390000   0.0292250000  -0.0147940000   0.0052000000   0.0159600000  -0.0030390000  -0.0129670000  -0.0312720000   0.0058280000  -0.0059210000   0.0150860000  -0.0027960000   0.0189270000
   6.8208231011   6.8925082303 3535  2.05E-01   1.0789250000   0.7177690000   2.8339180000   0.6732270000   0.2567890000   1.5154290000  -1.4876410000  -0.3074490000   8.0360850000  -1.2499670000  -0.2505970000   9.1712800000  -1.0042490000  -0.1444410000  10.3332960000   0.0000810000   0.0000450000   0.0000290000   0.0000690000  -0.0000030000  -0.0001970000   0.0057110000   0.0044060000   0.0308640000  -0.0129720000  -0.0105230000  -0.0648140000   0.0071100000   0.0060750000   0.0341180000
