   6.8284577713   6.2652839755   45  7.62E+00  -2.2592630000   0.1620470000   5.1506910000  -2.4207510000  -0.6642380000   4.0089330000   5.3603960000   1.6356380000   5.2607120000   4.3972810000   1.5898390000   4.6218550000   3.5707450000   1.1657010000   3.9247770000  -0.0020720000  -0.0103560000  -0.0142770000   0.0017380000   0.0103280000   0.0144300000  -0.0303940000  -0.0307620000  -0.0318740000  -0.0162130000   0.0414960000   0.0072100000   0.0469410000  -0.0107060000   0.0245110000
   6.8264016842   6.2694091850   45  7.67E+00  -2.2598570000   0.1732990000   5.1493060000  -2.4219180000  -0.6646750000   4.0088570000   5.3635310000   1.6359910000   5.2611840000   4.3966840000   1.5920700000   4.6227030000   3.5739190000   1.1651480000   3.9241340000  -0.0017110000  -0.0086060000  -0.0116810000   0.0013830000   0.0085810000   0.0118330000  -0.0254670000  -0.0307550000  -0.0289920000  -0.0226830000   0.0410530000   0.0034140000   0.0484770000  -0.0102740000   0.0254270000
   6.8258820926   6.2699484715  189  1.26E+01   1.4380910000  -2.2910350000   3.9987020000   1.2115380000  -1.2769020000   2.6676900000  -1.7170510000   3.3711690000   7.8051130000  -2.1791500000   2.6371520000   7.0353460000  -2.7883930000   1.8583050000   6.3396490000   0.0082610000  -0.0367310000   0.0482540000  -0.0079920000   0.0367510000  -0.0482710000  -0.0196520000  -0.0182320000  -0.0114810000   0.0552760000   0.0523160000   0.0346270000  -0.0358910000  -0.0341030000  -0.0231290000
   6.8250209507   6.2681295478  239  2.76E+00  -1.1466180000   0.6914920000   1.8692190000  -0.0206880000  -0.3225830000   1.8530010000  -0.5565410000   1.4924440000   7.8286170000   0.0375660000   0.7665630000   8.5903040000   0.7039040000   0.1872670000   9.3517610000  -0.0177520000   0.0159730000   0.0001820000   0.0178580000  -0.0161870000  -0.0003570000  -0.0202230000   0.0397580000  -0.0296800000   0.0223190000  -0.0546600000   0.0369250000  -0.0022020000   0.0151160000  -0.0070690000
   6.8266337903   6.2689613483  530  2.88E+00  -1.1743350000   0.0853980000   2.0946930000   0.1090820000   0.5079220000   1.7273840000  -0.2174600000  -1.1900230000   7.7531810000  -0.1657830000  -0.6159060000   8.8098940000  -0.1288810000  -0.2020130000   9.8755070000   0.0259620000   0.0086130000  -0.0075180000  -0.0259510000  -0.0083470000   0.0071620000  -0.0026760000  -0.0300070000  -0.0319390000   0.0055320000   0.0616070000   0.0856610000  -0.0028670000  -0.0318660000  -0.0533660000
   6.8250463461   6.2656296473  535  2.89E+00  -0.9451520000   1.1354180000   2.1014400000   0.0129680000  -0.0137970000   1.7582380000   0.7917540000   0.6156430000   7.9433340000   0.0292800000   0.2262340000   8.7951030000  -0.8189540000  -0.1004320000   9.5419380000  -0.0189150000   0.0226130000   0.0067210000   0.0187420000  -0.0227040000  -0.0069810000   0.0272960000   0.0203740000  -0.0405390000  -0.0154730000  -0.0216180000   0.0409470000  -0.0116490000   0.0013350000  -0.0001470000
   6.8257837151   6.2692231527  635  6.47E+00  -0.7500000000  -1.1043870000   1.8799570000   0.0108710000   0.0122740000   1.8882300000   0.7940900000  -0.4525950000   8.0909410000  -0.0300700000   0.2354310000   8.5341220000  -0.7785550000   0.9718130000   8.9549940000   0.0344590000   0.0506410000   0.0003750000  -0.0346170000  -0.0505340000  -0.0004560000  -0.0202140000   0.0255460000   0.0144060000  -0.0492330000   0.0333910000   0.0223330000   0.0696050000  -0.0590440000  -0.0366570000
   6.8299208267   6.2684399999  972  6.37E+00  -1.1002280000  -1.0407480000   1.6415650000   0.0146690000   0.0078670000   2.0153660000  -0.1520560000   1.4456890000   8.4143570000  -0.0448740000   0.2453600000   8.2657610000   0.1818030000  -0.9159230000   8.2131090000  -0.0290710000  -0.0273230000  -0.0097290000   0.0290400000   0.0273680000   0.0098250000   0.0013630000   0.0663030000   0.0148560000  -0.0120680000  -0.0500350000  -0.0212970000   0.0107350000  -0.0163120000   0.0063450000
   6.8273020218   6.2674987771 1324  4.06E+00  -0.4239210000  -2.1585320000   4.6533670000  -0.5416540000  -2.2053610000   3.0783070000   0.9853110000   3.3050220000   5.6445490000   0.9806290000   4.3104700000   6.3240870000   1.0103950000   5.2969020000   6.9421850000   0.0030960000   0.0011270000   0.0420690000  -0.0032670000  -0.0015740000  -0.0421860000   0.0028270000  -0.0482260000  -0.0361180000  -0.0045660000   0.0583240000   0.0453750000   0.0019100000  -0.0096500000  -0.0091390000
   6.8292235348   6.2682073221 1489  3.70E-01  -1.4253290000  -0.0898800000   1.8067650000   0.0187940000  -0.0005680000   1.9203990000   0.5581350000   1.1900910000   8.0508040000   0.0029320000   0.2599630000   8.4757960000  -0.5643970000  -0.6890730000   8.8828670000   0.0013480000   0.0000700000   0.0001350000  -0.0014010000  -0.0001670000  -0.0001300000  -0.0119840000  -0.0200530000   0.0091980000   0.0155770000   0.0260400000  -0.0110840000  -0.0035400000  -0.0058900000   0.0018810000
   6.8270329197   6.2672442397 1659  2.62E+00   1.7590510000  -0.1976810000   1.9674900000   0.4071280000   0.1813770000   1.9944580000  -1.5924200000  -0.8123790000   7.8504470000  -0.7773370000  -0.0535380000   8.3042350000   0.0318430000   0.6468580000   8.8320190000  -0.0249530000   0.0070090000   0.0005290000   0.0250240000  -0.0069230000  -0.0004660000  -0.0329000000  -0.0334420000  -0.0118740000   0.0089150000   0.0156150000  -0.0095740000   0.0239130000   0.0177400000   0.0213850000
   6.8254837702   6.2659086203 2057  5.56E+00   0.4801360000  -0.6648470000   2.0186760000   1.2881920000   0.4920120000   2.0402040000  -2.0810180000  -0.9534070000   7.1216210000  -2.2605520000  -0.6573070000   8.2697400000  -2.6857880000  -0.2808180000   9.3550500000   0.0126140000   0.0180030000   0.0002570000  -0.0123730000  -0.0178710000  -0.0004900000  -0.0088530000  -0.0056320000  -0.0400610000   0.0512260000  -0.0242420000  -0.0294080000  -0.0426140000   0.0297430000   0.0697020000
   6.8267009774   6.2688398540 2129  3.02E+00  -1.3923810000  -0.5269260000   1.7901190000   0.0196470000   0.0030810000   1.9653320000   0.8094690000  -0.5320000000   8.1611550000   0.0206060000   0.2518290000   8.4234330000  -0.8353370000   1.0484400000   8.5884660000  -0.0232000000  -0.0087070000  -0.0028630000   0.0231740000   0.0087460000   0.0028760000  -0.0527140000   0.0487280000   0.0107350000   0.0615830000  -0.0536230000  -0.0059700000  -0.0088430000   0.0048560000  -0.0047790000
   6.8279032678   6.2661738710 2199  6.01E+00  -1.7834520000  -0.0498510000   1.9322730000  -0.6037890000   0.5252170000   2.1608970000   1.7643580000  -1.6516810000   7.7073010000   1.1264230000  -0.7225630000   8.0723340000   0.5178710000   0.2618600000   8.3202360000   0.0676290000   0.0329590000   0.0131150000  -0.0676190000  -0.0329980000  -0.0131050000   0.0117990000  -0.0106130000  -0.0115900000  -0.0063500000  -0.0051740000   0.0143740000  -0.0054590000   0.0158260000  -0.0027930000
   6.8280433320   6.2665933998 2459  4.34E+00  -1.6946730000   0.9335930000   2.0741580000  -0.6120210000  -0.1687810000   2.0601590000   0.1120450000   0.8069610000   8.7189480000   1.1953040000   0.5797820000   8.2503240000   2.1539920000   0.2295870000   7.6691400000  -0.0232150000   0.0236560000   0.0003200000   0.0231750000  -0.0236250000  -0.0003280000  -0.0469670000   0.0006390000   0.0111680000   0.0555310000   0.0065140000  -0.0062530000  -0.0085250000  -0.0071830000  -0.0049070000
   6.8269337962   6.2678639326 2572  8.76E+00  -0.0874700000  -1.5520080000   2.0213590000  -0.0028760000   0.0191390000   1.8589700000   1.0381830000   0.1066130000   9.1217750000   0.0382680000   0.3638890000   8.5727370000  -1.0470360000   0.3100810000   8.0323970000  -0.0022340000  -0.0422900000   0.0043530000   0.0024460000   0.0423130000  -0.0044870000  -0.0147090000  -0.0172440000  -0.0038270000   0.0674170000   0.0390890000   0.0250810000  -0.0529200000  -0.0218680000  -0.0211190000
   6.8291100579   6.2653277622 3263  4.88E+00   0.4587630000  -1.0333080000   2.2619670000  -0.6576050000  -0.3962800000   1.7535700000   0.6030310000   0.7649640000   7.7798990000   1.2182180000   1.0806390000   8.7110910000   1.7377900000   1.1556940000   9.7816460000  -0.0319070000   0.0182050000  -0.0146190000   0.0319290000  -0.0182520000   0.0142470000   0.0142220000  -0.0054050000   0.0422040000  -0.0193150000   0.0199900000  -0.0753220000   0.0050710000  -0.0145380000   0.0334900000
   6.8269432790   6.2673071279 3499  1.28E+00   1.1604970000  -1.5823730000   3.0538260000   0.5106180000  -0.9552680000   1.9135420000  -1.0454660000   2.0551600000   9.6349040000  -1.0146770000   1.9843840000   8.4532720000  -0.8160850000   2.0133780000   7.2713530000   0.0000990000  -0.0001470000   0.0000980000  -0.0000070000  -0.0001450000  -0.0003630000   0.0096550000   0.0076180000   0.0219290000  -0.0256190000  -0.0153380000   0.0126670000   0.0158720000   0.0080120000  -0.0343310000
   6.8280346228   6.2674600429 3661  3.35E+00  -1.3402960000   0.0553280000   1.5913860000  -0.1329340000  -0.5116600000   2.1288980000  -0.9192520000   1.1880750000   8.2088530000   0.2637520000   1.2248560000   8.1244780000   1.4696010000   1.1319730000   7.9608280000   0.0064850000  -0.0030360000   0.0028970000  -0.0065290000   0.0030610000  -0.0028880000  -0.0234510000  -0.0079310000  -0.0015490000  -0.0503640000   0.0205780000   0.0144890000   0.0738590000  -0.0126720000  -0.0129480000
