   6.8353932687   6.9006240617   62  8.08E+00   1.9937680000   0.3625650000   2.8222220000   1.6096940000   1.6224920000   3.1621990000  -3.0438590000  -3.4563150000   5.2845630000  -3.0895140000  -2.6959940000   6.2175220000  -2.8016660000  -1.9580990000   7.0785600000  -0.0154140000   0.0505570000   0.0136420000   0.0153930000  -0.0505280000  -0.0136620000   0.0224980000  -0.0279070000  -0.0357980000  -0.0396830000   0.0395470000   0.0510370000   0.0172060000  -0.0116690000  -0.0152180000
   6.8363794738   6.9015095202   76  4.31E+00   0.8981110000  -0.8658030000   2.1802750000  -0.5704190000  -1.2305370000   2.1280010000   0.6027560000   1.8834420000   9.0266990000   1.0531890000   2.5145830000   8.1203950000   1.3988470000   3.1166900000   7.1134240000   0.0227930000   0.0056220000   0.0008190000  -0.0228360000  -0.0057410000  -0.0007930000  -0.0199550000  -0.0210930000   0.0234520000   0.0040130000  -0.0156570000   0.0440050000   0.0159860000   0.0368690000  -0.0674830000
   6.8362565414   6.9012870211  198  6.64E+00  -1.7970380000   0.7418380000   3.3541130000  -2.1271040000  -0.3271050000   2.5860450000   2.8561580000   1.3146170000   7.0693040000   3.9094460000   0.7939700000   7.1181170000   4.9455290000   0.3639340000   7.4616900000  -0.0139060000  -0.0449530000  -0.0323400000   0.0138700000   0.0448270000   0.0321650000   0.0087450000   0.0022750000   0.0217310000  -0.0010530000  -0.0113100000  -0.0398280000  -0.0076560000   0.0091610000   0.0182710000
   6.8368810121   6.9045601491  477  4.83E+00   0.0884300000  -1.1392400000   2.3304180000  -0.0003120000   0.0110500000   1.6222120000  -0.7694030000   0.9794630000   9.5022980000  -0.0259580000   0.1971380000   9.0344430000   0.7848780000  -0.4231860000   8.4682230000  -0.0039310000   0.0505070000  -0.0311110000   0.0038250000  -0.0504600000   0.0310380000   0.0044590000   0.0112080000  -0.0058320000   0.0048360000  -0.0329350000   0.0013160000  -0.0091880000   0.0216800000   0.0045890000
   6.8383882765   6.9038284381  608  4.80E+00   0.5934710000  -1.3401460000   2.2465440000  -0.0063990000   0.0162600000   1.6977570000   0.3390420000  -0.7932030000   9.2473570000   0.0021600000   0.2392600000   8.8737140000  -0.3460930000   1.3044910000   8.4718190000   0.0161200000  -0.0364730000   0.0147850000  -0.0160890000   0.0363760000  -0.0147530000  -0.0158460000   0.0484060000  -0.0176320000   0.0233140000  -0.0710720000   0.0256060000  -0.0074980000   0.0227630000  -0.0080060000
   6.8381120802   6.9005373368  618  5.12E+00  -1.9001320000   0.2119570000   3.3439950000  -1.4954950000   0.1654710000   1.9957830000   3.1127370000  -0.9803720000   8.9350460000   2.8410820000  -0.0748290000   8.2631840000   2.3430480000   0.8844640000   7.6849000000   0.0067360000  -0.0008320000  -0.0226040000  -0.0068340000   0.0006650000   0.0224380000  -0.0194110000   0.0224160000  -0.0079980000   0.0617920000  -0.0821740000   0.0350840000  -0.0422830000   0.0599250000  -0.0269190000
   6.8395428871   6.9017574456 1584  4.95E+00  -1.0079160000  -0.1720230000   2.6087550000   0.0109500000   0.0021030000   1.4152710000  -0.3883010000   0.0084100000   8.3054680000   0.0552320000   0.2007620000   9.3548720000   0.3556540000   0.5288920000  10.4404910000  -0.0269860000  -0.0046100000   0.0314900000   0.0270520000   0.0046230000  -0.0317680000   0.0078020000   0.0173530000   0.0466560000   0.0035920000  -0.0254360000  -0.0443930000  -0.0114600000   0.0080700000  -0.0019840000
   6.8364763715   6.9022274380 1702  3.47E+00   0.6050620000   0.9939230000   2.1025310000  -0.2533270000  -0.0081510000   1.6983530000   1.3835990000  -0.2400600000   8.3996540000   0.4748900000   0.2607150000   8.8983290000  -0.5130410000   0.7101060000   9.3071400000  -0.0255370000  -0.0297680000  -0.0120040000   0.0254600000   0.0298190000   0.0120000000  -0.0483990000   0.0197710000   0.0184750000   0.0253840000  -0.0029500000  -0.0009410000   0.0230920000  -0.0168730000  -0.0175310000
   6.8396129761   6.9009347044 1799  9.55E+00  -0.7932510000  -0.0590220000   2.1430170000  -0.0411070000  -1.1165940000   1.8545740000   0.4076100000   1.8559640000   9.6408560000   0.1034420000   2.1785060000   8.5437760000  -0.2299870000   2.7765790000   7.5493460000   0.0445030000  -0.0626230000  -0.0170890000  -0.0444580000   0.0624320000   0.0170800000   0.0022390000   0.0129900000   0.0213690000   0.0123370000  -0.0536850000   0.0091580000  -0.0146220000   0.0408850000  -0.0305190000
   6.8354596936   6.9043322047 1930  9.68E+00  -1.3288020000  -0.2397870000   2.0635380000  -0.2553160000  -1.4399040000   2.2373360000  -0.5067470000   3.5329720000   7.9538760000   0.4847930000   2.8892770000   7.8638260000   1.5016430000   2.1920690000   7.8401630000  -0.0334710000   0.0374380000  -0.0053770000   0.0333940000  -0.0373690000   0.0053880000  -0.0207430000   0.0119690000   0.0064480000  -0.0552520000   0.0411850000  -0.0096190000   0.0760720000  -0.0532230000   0.0031590000
   6.8380910123   6.9023018335 2286  6.97E+00   1.7952070000  -0.8994050000   2.8756150000   0.7010830000  -0.5039720000   1.7920240000  -2.1218620000   1.2527170000   7.8407260000  -1.2458880000   1.2126810000   8.6245560000  -0.5573390000   1.0982230000   9.5550710000   0.0305970000  -0.0110270000   0.0303410000  -0.0304810000   0.0110360000  -0.0302650000  -0.0083410000  -0.0049510000   0.0163730000   0.0371900000   0.0072770000  -0.0062000000  -0.0289650000  -0.0023340000  -0.0102480000
   6.8350183501   6.9002304781 2777  3.87E+00  -0.0940320000   0.1956100000   2.4634630000  -0.1708960000  -0.8134260000   1.5463610000   0.2580670000   1.7981190000  10.3162690000   0.3431450000   1.6752490000   9.1220680000   0.3437530000   1.6820790000   7.9589090000  -0.0028670000  -0.0375730000  -0.0342040000   0.0028430000   0.0374370000   0.0339840000  -0.0088480000   0.0134500000   0.0515560000   0.0141420000  -0.0219770000  -0.0793720000  -0.0052700000   0.0086630000   0.0280360000
   6.8355184682   6.9024852074 3093  1.44E+00  -0.6071990000  -1.2962780000   2.0494140000   0.0069200000   0.0163470000   1.8222010000   0.9956490000  -0.3689210000   8.6501620000  -0.0223780000   0.2138210000   8.6903400000  -0.9751520000   0.8961090000   8.5975870000  -0.0023390000  -0.0049920000   0.0008890000   0.0023280000   0.0049770000  -0.0008520000  -0.0000130000   0.0092960000  -0.0074360000  -0.0058630000  -0.0149830000   0.0148650000   0.0058870000   0.0057020000  -0.0074670000
   6.8394372910   6.9027811201 3277  1.10E+00  -0.1485940000  -1.1986610000   2.6630800000   0.2187810000  -2.4485940000   3.2256210000  -0.3687400000   5.2788950000   7.0941790000  -0.4018150000   4.7078380000   6.1021280000  -0.4129010000   4.1790150000   5.0488500000   0.0045820000  -0.0156570000   0.0069820000  -0.0045540000   0.0153880000  -0.0069430000  -0.0001770000  -0.0256210000  -0.0545770000  -0.0012590000   0.0207100000   0.0572330000   0.0014070000   0.0051800000  -0.0026950000
