   6.8376348441   6.1450772322   20  1.48E+00  -0.8688630000  -1.3750730000   2.5086990000  -0.0342010000  -0.4451780000   1.7185510000  -0.2871220000   0.7230280000   7.7462620000   0.1506030000   1.0704450000   8.8121410000   0.3996110000   1.4710300000   9.8987720000  -0.0058400000  -0.0065600000   0.0054150000   0.0059280000   0.0064570000  -0.0058890000  -0.0273180000  -0.0088790000  -0.0353800000   0.0337210000  -0.0022860000   0.0126680000  -0.0064910000   0.0112690000   0.0231850000
   6.8393099038   6.1469776467   45  1.80E+00  -2.2230780000  -0.0350640000   5.3357690000  -2.3906580000  -0.6540650000   4.0090100000   5.3044620000   1.6394890000   5.2693460000   4.3973510000   1.5068750000   4.5817770000   3.4740520000   1.1857480000   3.9341840000   0.0009030000   0.0035450000   0.0076610000  -0.0013010000  -0.0036410000  -0.0075140000  -0.0475690000  -0.0203220000  -0.0326450000   0.0346770000   0.0291200000   0.0210560000   0.0132900000  -0.0087030000   0.0114420000
   6.8382944979   6.1470636595  125  6.10E+00   0.4236330000   1.6624420000   2.0924540000   0.3053510000   0.1944920000   1.8685930000  -0.1374750000   0.6718420000   9.2979960000  -0.6949910000  -0.1246840000   8.5976160000  -0.8924790000  -0.9666470000   7.7849560000   0.0011690000   0.0146170000   0.0022250000  -0.0011260000  -0.0144410000  -0.0023880000   0.0387020000   0.0193990000   0.0132660000  -0.0597320000  -0.0086100000  -0.0002730000   0.0209880000  -0.0109650000  -0.0128290000
   6.8354124616   6.1459959138  205  3.94E+00   0.2887370000   1.0068100000   1.6392950000   0.7316220000  -0.4352120000   2.0173350000  -2.2926710000   0.6643990000   8.8237480000  -1.3513850000   1.0087590000   8.2750210000  -0.3649380000   1.3761260000   7.7870730000  -0.0102660000   0.0332830000  -0.0087700000   0.0101340000  -0.0334340000   0.0085470000   0.0586210000   0.0221280000  -0.0271450000  -0.0289220000  -0.0120660000   0.0047230000  -0.0295660000  -0.0099100000   0.0226450000
   6.8387900824   6.1463500791  205  4.46E+00   0.2873740000   1.0126100000   1.6379590000   0.7321350000  -0.4355280000   2.0165910000  -2.2901480000   0.6652090000   8.8274160000  -1.3525670000   1.0086070000   8.2772080000  -0.3690470000   1.3766410000   7.7855650000  -0.0107460000   0.0348440000  -0.0091560000   0.0106140000  -0.0349980000   0.0089290000   0.0637850000   0.0241460000  -0.0304710000  -0.0325990000  -0.0135750000   0.0072160000  -0.0310540000  -0.0104180000   0.0234820000
   6.8385397902   6.1454474864  330  1.28E+01  -1.5443690000   1.9233200000   3.0516970000  -0.9476010000   0.8650320000   2.1832600000   1.9516260000  -0.7284990000   8.8507510000   1.7240200000  -1.4420210000   8.0274120000   1.5840080000  -1.9426620000   7.0282920000  -0.0065090000   0.0115400000   0.0094540000   0.0063620000  -0.0113090000  -0.0095600000  -0.0243320000  -0.0833680000  -0.1331010000  -0.0008000000   0.0062290000   0.0301540000   0.0252780000   0.0769080000   0.1030540000
   6.8373696820   6.1456185780  371  4.11E+00   0.0285860000   1.4649890000   2.2780150000   0.1454100000   0.2532360000   1.6942640000  -0.0627460000   0.1359610000   9.9768410000  -0.2526980000  -0.2629290000   8.8874630000  -0.4755670000  -0.6079280000   7.7474790000   0.0053980000  -0.0556970000  -0.0269250000  -0.0052960000   0.0558700000   0.0265020000  -0.0003280000   0.0066830000   0.0069020000   0.0129950000   0.0067140000   0.0488350000  -0.0127700000  -0.0135710000  -0.0553150000
   6.8370858601   6.1478071086  544  1.52E+00  -0.5119770000   1.2762210000   1.6010770000   0.0044890000  -0.0135710000   2.0305430000  -1.1664030000   0.2224350000   8.4366380000   0.0163710000   0.2515240000   8.3402600000   1.1639500000   0.2637930000   8.0616500000   0.0000080000  -0.0000310000   0.0000200000  -0.0000750000   0.0000300000  -0.0000510000  -0.0228790000  -0.0015810000  -0.0087200000   0.0162850000   0.0025500000   0.0209000000   0.0066610000  -0.0009680000  -0.0121490000
   6.8361960459   6.1498143508  572  4.37E+00  -2.8906540000  -0.8616120000   4.7066880000  -1.8949400000  -0.6397580000   3.5007110000   3.6689740000   1.8086370000   4.4326120000   3.5111490000   1.3941860000   5.5202420000   3.3411290000   1.0818210000   6.6446160000  -0.0264820000  -0.0059000000   0.0320740000   0.0265510000   0.0058900000  -0.0320260000   0.0004060000   0.0065810000   0.0046020000   0.0000130000  -0.0119220000  -0.0140330000  -0.0004880000   0.0053510000   0.0093830000
   6.8392338687   6.1498037036  871  7.52E-01   1.2156020000   0.8956300000   1.7635890000   1.8034010000   0.1002890000   2.8282820000  -4.2379960000  -0.4014890000   6.3068420000  -3.3115290000   0.0530270000   6.8202900000  -2.3592600000   0.4920590000   7.3381440000   0.0001730000  -0.0002970000   0.0003760000  -0.0002310000   0.0002310000  -0.0005260000   0.0367870000   0.0163940000   0.0207710000  -0.0240310000  -0.0091800000  -0.0151800000  -0.0126970000  -0.0071470000  -0.0054410000
   6.8374592065   6.1486004148 1006  4.93E+00   1.0411780000   0.4963070000   1.3789230000  -0.0086070000  -0.0017630000   2.0886310000  -0.1233740000  -0.8988660000   8.3030070000  -0.0026180000   0.2299810000   8.1309900000   0.1027290000   1.3914300000   8.0762770000  -0.0414370000  -0.0196670000   0.0280040000   0.0414360000   0.0196050000  -0.0278710000   0.0049410000   0.0591100000   0.0012990000  -0.0019250000  -0.0406810000  -0.0126720000  -0.0030150000  -0.0183680000   0.0112400000
   6.8381205731   6.1479936623 1062  4.57E+00  -1.3000100000  -0.5623550000   1.5126300000   0.0195210000   0.0105370000   2.1005150000   0.9653300000   0.8591660000   8.1157540000   0.0202060000   0.2125790000   8.1771930000  -0.9960860000  -0.3482660000   8.1610630000  -0.0301860000  -0.0131050000  -0.0134750000   0.0302170000   0.0130910000   0.0135040000  -0.0566450000  -0.0287990000  -0.0007960000   0.0317740000   0.0058420000   0.0043170000   0.0248400000   0.0229710000  -0.0035500000
   6.8363816376   6.1452125297 1062  4.80E+00  -1.3052830000  -0.5645880000   1.5119850000   0.0195960000   0.0105730000   2.1022480000   0.9658290000   0.8587750000   8.1146380000   0.0187920000   0.2130060000   8.1736880000  -0.9955700000  -0.3482370000   8.1562000000  -0.0316050000  -0.0137200000  -0.0141070000   0.0316340000   0.0137050000   0.0141360000  -0.0546980000  -0.0276290000  -0.0009580000   0.0270680000   0.0033400000   0.0043260000   0.0276010000   0.0243040000  -0.0033960000
   6.8388837751   6.1470202829 1221  3.36E+00  -1.1841730000   0.3802840000   1.4418680000   0.0134830000  -0.0050050000   2.0940120000  -0.9960680000   0.8134360000   8.1627060000   0.0247920000   0.2839530000   8.1723550000   0.9847260000  -0.3378900000   8.1546830000   0.0158290000  -0.0050930000   0.0085980000  -0.0158200000   0.0051250000  -0.0085410000   0.0465750000  -0.0335060000   0.0000590000   0.0173740000   0.0019890000  -0.0008070000  -0.0639580000   0.0314860000   0.0006910000
   6.8377546518   6.1453871413 1367  2.04E+00   0.4556710000  -1.2814230000   1.8103790000  -0.0111620000   0.0172710000   1.9303040000  -0.6762040000   1.0641750000   7.9492320000   0.0008760000   0.2569650000   8.4572890000   0.7025850000  -0.5749250000   8.9486380000  -0.0126550000   0.0352420000   0.0032960000   0.0127310000  -0.0353340000  -0.0033230000   0.0071230000  -0.0080550000   0.0049380000  -0.0291260000   0.0337720000  -0.0191360000   0.0219270000  -0.0256240000   0.0142250000
   6.8386219531   6.1455215253 1463  3.35E+00   0.9787000000  -1.5519740000   2.5587940000   1.5174810000  -0.3024750000   2.3278760000  -2.8134720000   0.3988860000   6.6311740000  -2.8460480000   0.8331330000   7.7016840000  -2.6903370000   1.2717720000   8.8012010000   0.0160240000   0.0370130000  -0.0068720000  -0.0157390000  -0.0370190000   0.0067220000   0.0100350000   0.0165390000   0.0425760000  -0.0266560000  -0.0286860000  -0.0742670000   0.0163360000   0.0121530000   0.0318410000
   6.8359633759   6.1461618943 1608  5.11E+00  -0.0940430000   1.3162990000   1.7266040000   0.0011350000  -0.0165680000   1.9245310000  -0.3958000000  -0.7350960000   8.9818080000  -0.0595270000   0.2800410000   8.4834800000   0.4407440000   1.2123560000   7.9305110000   0.0043280000  -0.0608050000   0.0089900000  -0.0044370000   0.0606470000  -0.0091100000   0.0071780000  -0.0147110000   0.0020750000  -0.0295110000  -0.0025470000   0.0128500000   0.0224420000   0.0174160000  -0.0148060000
   6.8358516220   6.1456381308 1692  1.11E+00   1.6792580000  -0.1489960000   2.4970730000   0.5363620000  -0.8148620000   1.8845930000  -0.9231470000   1.1190680000   7.5324790000  -0.9327440000   1.7393950000   8.5253640000  -1.1611690000   2.3418530000   9.4993140000   0.0012760000   0.0007070000   0.0005760000  -0.0010790000  -0.0007840000  -0.0009850000  -0.0158550000   0.0084380000   0.0151100000   0.0282290000  -0.0003380000  -0.0025770000  -0.0125710000  -0.0080230000  -0.0121250000
   6.8376048367   6.1456035173 1761  7.92E+00   0.4384880000  -0.8009140000   1.6661870000  -0.8326330000   0.0937580000   1.9978780000   1.4590280000  -0.8523780000   7.6211830000   1.4265030000   0.0571260000   8.3774040000   1.6008520000   1.0793790000   9.0082580000   0.0353950000  -0.0249060000  -0.0092930000  -0.0355170000   0.0250550000   0.0091390000   0.0134340000  -0.0026250000  -0.0135320000  -0.0351120000  -0.0576180000  -0.0123220000   0.0218000000   0.0600940000   0.0260080000
   6.8371204620   6.1496985634 1822  9.14E+00  -0.5435960000  -2.1591330000   2.4192480000   0.1920920000  -0.9475460000   2.2046720000   0.6177230000   2.6588880000   8.2772320000  -0.3059790000   2.0479890000   7.8034730000  -1.3131340000   1.3596750000   7.7028370000   0.0051570000   0.0084560000  -0.0015450000  -0.0049780000  -0.0083370000   0.0015120000   0.0316160000   0.0200540000   0.0409960000   0.0299650000   0.0222000000  -0.0585360000  -0.0617610000  -0.0423730000   0.0175730000
   6.8387681464   6.1477365065 1905  3.48E+00   0.1756290000   0.9158470000   1.3470960000   0.3744690000  -0.4084880000   2.1339810000  -1.6550870000   0.3591130000   7.8860550000  -0.6710430000   0.9359410000   8.1332210000   0.2775810000   1.6083440000   8.2670670000  -0.0045260000   0.0301680000  -0.0179190000   0.0045940000  -0.0301580000   0.0179450000   0.0130950000   0.0161320000  -0.0021450000  -0.0014050000  -0.0164770000   0.0098740000  -0.0117580000   0.0003340000  -0.0077560000
   6.8390611340   6.1483611649 2069  6.54E+00  -1.0772870000   0.2260180000   1.6487430000  -1.2657590000   1.1954930000   2.5860300000   2.3528600000  -2.2745170000   6.1450990000   2.2648730000  -1.8829220000   7.2304180000   2.3362920000  -1.6091290000   8.4091080000  -0.0074590000   0.0382770000   0.0369520000   0.0073770000  -0.0381610000  -0.0368590000   0.0083820000   0.0041820000   0.0422920000  -0.0223860000  -0.0095610000  -0.1057590000   0.0140860000   0.0052640000   0.0633740000
   6.8354415531   6.1463296269 2081  1.42E+00   0.7408030000  -0.9138260000   2.0174720000  -0.4163480000   0.0392160000   1.7398370000   0.9117100000  -0.3140810000   9.8352090000   0.7488030000   0.1516850000   8.7693520000   0.5588380000   0.7496050000   7.7665880000   0.0205040000  -0.0169410000   0.0048730000  -0.0205340000   0.0167450000  -0.0052230000  -0.0012860000   0.0074270000   0.0073500000   0.0042830000  -0.0206390000  -0.0056180000  -0.0029670000   0.0134080000  -0.0013820000
   6.8386347616   6.1479458279 2109  5.14E+00  -1.9346220000  -1.5791620000   2.5773420000  -0.9623850000  -1.7884350000   3.7447220000   2.0132240000   3.8447840000   3.9940090000   1.7681500000   3.5683490000   5.1385010000   1.5877030000   3.1955150000   6.2852990000  -0.0188450000   0.0040750000  -0.0226280000   0.0188450000  -0.0040350000   0.0225740000   0.0147750000   0.0076790000  -0.0490490000  -0.0081540000   0.0188720000  -0.0208780000  -0.0066210000  -0.0265910000   0.0699810000
   6.8398116101   6.1468661967 2213  5.15E+00   0.1079000000   1.8372260000   2.4947540000   0.8575420000   0.8108860000   1.9842460000  -2.0078650000  -2.1916060000   8.9665940000  -1.5710810000  -1.2670120000   8.3537430000  -1.1023000000  -0.3350910000   7.6964890000   0.0262840000  -0.0359500000  -0.0179930000  -0.0261850000   0.0359350000   0.0175440000  -0.0137120000  -0.0321860000   0.0194270000  -0.0214260000  -0.0350850000   0.0291360000   0.0350390000   0.0672870000  -0.0481140000
   6.8392296389   6.1496499133 2531  5.52E+00   0.9995790000   0.5645150000   1.9367620000  -0.1880430000  -0.4571740000   1.7599720000   0.6058640000   0.4422490000   7.7914680000   0.2529010000   1.0981340000   8.7141350000   0.0804420000   1.6687320000   9.7563080000   0.0311390000   0.0268370000   0.0045590000  -0.0312560000  -0.0267750000  -0.0049270000   0.0157250000  -0.0133830000  -0.0024440000  -0.0200660000  -0.0034690000  -0.0450700000   0.0044570000   0.0167910000   0.0478820000
   6.8391953980   6.1495085554 3324  3.00E+00   0.7723920000   1.1739320000   1.5286080000  -0.0102700000  -0.0180660000   2.0321150000  -0.3001800000   1.3888110000   8.0115050000  -0.0084990000   0.2348780000   8.2578710000   0.3091900000  -0.8611940000   8.5453500000   0.0118480000   0.0180160000  -0.0076370000  -0.0118150000  -0.0181600000   0.0076690000  -0.0141040000   0.0652890000  -0.0089150000   0.0100370000  -0.0599800000   0.0030960000   0.0040340000  -0.0051650000   0.0057870000
   6.8397677662   6.1473189107 3367  3.02E+00  -0.0796640000  -2.2915040000   3.4452650000  -0.3997270000  -1.5251030000   2.3474560000   0.7074740000   2.8804330000   6.4893020000   0.7694380000   3.0329830000   7.6537430000   0.7162630000   3.2915000000   8.8254230000  -0.0100580000   0.0240170000  -0.0344660000   0.0100000000  -0.0243330000   0.0343680000  -0.0068150000   0.0080690000   0.0017740000   0.0160300000  -0.0249260000  -0.0487770000  -0.0091580000   0.0171730000   0.0471010000
   6.8374638107   6.1467124200 3612  7.65E+00   2.2651880000   0.5015800000   3.4700100000   1.4891860000   0.0282430000   2.1217680000  -3.2135440000   0.1726240000   9.1625940000  -2.8192960000   0.1573270000   8.0285650000  -2.2500900000   0.2242950000   6.9963400000   0.0247550000   0.0150440000   0.0427950000  -0.0244480000  -0.0150670000  -0.0431000000  -0.0047070000   0.0056900000   0.0505900000  -0.0083800000  -0.0111620000  -0.0521950000   0.0127790000   0.0054940000   0.0019110000
