   6.8336523493   6.0319550663  153  7.24E+00   0.7120670000  -1.2825520000   1.7042620000   0.3836690000  -0.0137970000   2.1083120000  -1.7272770000   0.6157450000   7.7236540000  -0.7193510000   0.3404490000   8.1862150000   0.3062940000  -0.0339340000   8.4953770000  -0.0111920000   0.0432630000   0.0137800000   0.0112930000  -0.0432710000  -0.0137920000   0.0708410000  -0.0268390000   0.0216330000   0.0135800000   0.0033890000   0.0151360000  -0.0845220000   0.0234580000  -0.0367570000
   6.8341423813   6.0313826131  188  4.03E+00  -1.2030870000  -0.4493300000   2.0904070000   0.0196020000   0.0045780000   1.7424850000  -0.5825000000   0.1751740000   9.8330240000  -0.0075140000   0.2306020000   8.7847180000   0.5660420000   0.3448340000   7.7394180000   0.0563910000   0.0209360000  -0.0161050000  -0.0565620000  -0.0209990000   0.0157210000  -0.0219440000   0.0013790000   0.0405550000   0.0033530000  -0.0086270000  -0.0085200000   0.0187620000   0.0073120000  -0.0316510000
   6.8335381999   6.0344550104  222  5.44E+00  -0.5421290000   1.2279470000   1.4543810000  -0.2723670000   0.0323560000   2.1359200000   1.2442080000  -0.7061510000   8.0543760000   0.5201560000   0.1841690000   8.1236630000  -0.2402640000   1.0166140000   8.0894780000   0.0052080000  -0.0230840000   0.0131460000  -0.0051890000   0.0230900000  -0.0131300000  -0.0411240000   0.0427260000  -0.0028660000  -0.0306790000   0.0433200000   0.0059600000   0.0717840000  -0.0860520000  -0.0031090000
   6.8303330211   6.0338747750  241  2.42E+00  -1.0934210000  -1.8912250000   2.9638160000  -1.0682280000  -0.6707580000   2.1184340000   2.8812350000   1.8313010000   8.7553180000   1.9892120000   1.5233320000   8.0127390000   1.0293490000   1.1818920000   7.4640400000  -0.0002160000  -0.0106800000   0.0073050000   0.0002120000   0.0105610000  -0.0076670000   0.0280040000   0.0091270000   0.0399630000  -0.0571280000  -0.0192420000  -0.0728550000   0.0291280000   0.0102340000   0.0332540000
   6.8348175276   6.0333198540  370  6.37E+00   1.5457160000  -0.8695470000   2.0617510000   0.5681910000   0.0849780000   2.0025970000  -1.9317200000  -0.6439910000   8.7072610000  -1.0781630000   0.1150420000   8.2955760000  -0.1939750000   0.8756880000   7.9351200000  -0.0353640000   0.0344840000  -0.0021470000   0.0352540000  -0.0346330000   0.0019850000  -0.0493840000  -0.0450670000   0.0279750000  -0.0065940000  -0.0022570000  -0.0100620000   0.0560880000   0.0474740000  -0.0177510000
   6.8327042194   6.0347484040  522  4.86E+00  -0.4816720000   1.1654980000   1.5571550000   0.0028360000  -0.0198080000   1.9892320000   1.1007320000   0.2762080000   8.8150050000   0.0193370000   0.2419530000   8.3085920000  -1.0990670000   0.2553290000   7.9161450000   0.0219450000  -0.0536320000   0.0195430000  -0.0217600000   0.0536220000  -0.0195590000   0.0308260000   0.0039950000   0.0234820000  -0.0120510000  -0.0071520000  -0.0266240000  -0.0189600000   0.0031670000   0.0031580000
   6.8314139123   6.0324793036  543  2.84E+00  -1.1306890000   0.8924750000   1.5850050000   0.0137310000  -0.0149620000   2.0489260000  -0.7273910000  -0.6156140000   8.0054990000  -0.0161330000   0.2512100000   8.2943090000   0.7421640000   1.1332010000   8.4364880000  -0.0219510000   0.0174220000  -0.0088950000   0.0220110000  -0.0173460000   0.0088550000   0.0266810000   0.0295470000   0.0010750000  -0.0239840000  -0.0236330000   0.0091130000  -0.0027560000  -0.0059910000  -0.0101490000
   6.8304962980   6.0341506957  649  5.63E+00  -0.5831880000   1.5607040000   2.1668030000  -0.2669300000   0.0741460000   1.7545650000   0.6627250000  -0.3502750000   7.7015460000   0.5328770000   0.1459430000   8.7553180000   0.3071010000   0.4597580000   9.8278220000  -0.0082550000   0.0387350000   0.0106760000   0.0081280000  -0.0385470000  -0.0111040000  -0.0087490000  -0.0057470000   0.0205110000   0.0013560000   0.0391570000   0.0469820000   0.0075200000  -0.0335980000  -0.0670650000
   6.8333216628   6.0313757074  823  1.03E+01   0.3489480000   2.7684600000   2.6222470000  -0.1057210000   2.1085670000   3.7259450000   0.1408490000  -4.0202220000   4.0146450000   0.1582170000  -3.5793100000   5.1448890000   0.2463920000  -3.3102490000   6.3508150000  -0.0173570000  -0.0251600000   0.0421130000   0.0173470000   0.0250140000  -0.0421500000   0.0027840000  -0.0348730000  -0.0587600000  -0.0135330000   0.0242260000  -0.0412580000   0.0107590000   0.0107940000   0.1000550000
   6.8305576494   6.0346564466 1113  6.60E+00   1.3345890000   0.6729900000   1.6016820000  -0.0227630000  -0.0067780000   2.0143570000   1.1032130000   0.5964870000   8.6615800000  -0.0175520000   0.3066830000   8.2870430000  -1.0604360000  -0.1475900000   7.9574610000   0.0349500000   0.0175160000  -0.0105850000  -0.0348740000  -0.0174490000   0.0105950000   0.0673940000   0.0065970000   0.0247840000  -0.0560420000   0.0099140000  -0.0241240000  -0.0114280000  -0.0165780000  -0.0006700000
   6.8335849143   6.0328524478 1924  8.22E+00   1.1586760000  -1.6340350000   2.5826560000  -0.0937070000  -1.2654560000   2.2164100000   0.6189360000   2.5545420000   9.0322920000   0.2101170000   2.5770850000   7.8802580000  -0.3816760000   2.6214660000   6.8212140000  -0.0533350000   0.0156700000  -0.0155950000   0.0534800000  -0.0159420000   0.0154600000   0.0175170000  -0.0000020000   0.0827830000   0.0235360000  -0.0045040000  -0.0334720000  -0.0411970000   0.0047780000  -0.0491770000
   6.8336274067   6.0327917317 2199  2.46E+00  -2.1086740000   0.3066630000   2.0624950000  -0.5872660000   0.5077030000   2.1611580000   1.6548410000  -1.5153140000   7.3836990000   1.1190990000  -0.6630750000   8.0072030000   0.5708580000   0.1458450000   8.6832260000  -0.0306670000  -0.0040470000  -0.0019640000   0.0306160000   0.0041500000   0.0020310000   0.0071840000  -0.0147940000  -0.0035870000   0.0051820000   0.0000390000  -0.0155050000  -0.0123150000   0.0146520000   0.0190270000
   6.8300125022   6.0320240367 2293  6.31E+00  -1.4754270000  -0.4097240000   1.7773910000   0.0181420000   0.0052900000   1.9827450000  -0.1370470000  -0.8627410000   8.8111940000   0.0114260000   0.2770070000   8.4081330000   0.1308170000   1.3418610000   7.8637480000  -0.0364570000  -0.0101480000  -0.0050020000   0.0364450000   0.0100100000   0.0049110000  -0.0105380000  -0.0729620000   0.0173580000   0.0073340000   0.0347210000   0.0105730000   0.0032170000   0.0383790000  -0.0278400000
   6.8303727262   6.0314462400 2957  4.62E+00   1.4208100000  -0.7461030000   2.4585720000   0.6055020000   0.0887500000   1.7716750000  -0.5639470000   0.1146760000   7.6886050000  -1.1968950000   0.1578180000   8.7023320000  -1.6510870000   0.0582920000   9.7767050000  -0.0355920000   0.0364550000  -0.0301260000   0.0356400000  -0.0364680000   0.0295760000   0.0258310000  -0.0101260000  -0.0177100000  -0.0389300000   0.0189690000   0.0178650000   0.0130520000  -0.0088290000   0.0003940000
   6.8343523383   6.0346135937 2957  4.89E+00   1.4175560000  -0.7450560000   2.4558680000   0.6059710000   0.0888150000   1.7706640000  -0.5673590000   0.1117510000   7.6900670000  -1.1977680000   0.1574900000   8.7051770000  -1.6491530000   0.0610690000   9.7783260000  -0.0371980000   0.0382290000  -0.0315460000   0.0372460000  -0.0382410000   0.0309930000   0.0256210000  -0.0101940000  -0.0175010000  -0.0406510000   0.0186750000   0.0222040000   0.0149810000  -0.0084680000  -0.0041510000
   6.8305192820   6.0327287150 3064  6.45E+00  -0.1443630000  -1.9405190000   2.0390350000  -0.0255810000  -0.3626180000   2.0217640000  -0.9876300000   1.2340150000   8.7363640000   0.0054300000   0.8993420000   8.2494090000   1.1204060000   0.7117910000   7.8463820000  -0.0032530000  -0.0426100000   0.0004790000   0.0030030000   0.0426010000  -0.0005470000   0.0395320000  -0.0006930000  -0.0090750000  -0.0800970000  -0.0040260000   0.0133180000   0.0408140000   0.0047280000  -0.0041740000
   6.8347280598   6.0310461081 3275  3.32E+00  -0.1014850000  -1.3130400000   2.1833760000  -0.3485000000   0.1129560000   1.7362610000   1.2058580000  -0.1880680000   9.8135690000   0.5692870000   0.1071840000   8.8351830000   0.1136710000   0.3138740000   7.7462150000   0.0038900000  -0.0224270000   0.0069380000  -0.0038700000   0.0223430000  -0.0073920000   0.0390660000  -0.0183420000   0.0374360000  -0.0357360000   0.0170350000   0.0014530000  -0.0033490000   0.0013910000  -0.0384350000
   6.8347746988   6.0341037315 3277  7.70E+00  -0.4115510000  -0.4174610000   1.3312900000   0.2145900000  -1.3184800000   2.5121520000  -0.3660800000   3.7331680000   7.0131070000  -0.4001640000   2.6584820000   7.4347800000  -0.3793050000   1.5699050000   7.7766490000  -0.0190410000   0.0274270000  -0.0358830000   0.0190400000  -0.0273620000   0.0357820000   0.0027480000  -0.0423640000   0.0114150000  -0.0053520000  -0.0315490000   0.0163070000   0.0026040000   0.0738490000  -0.0276210000
   6.8343237141   6.0309811121 3337  3.87E+00  -1.7352940000  -1.5550600000   3.7147030000  -1.5045060000  -0.8882320000   2.4302570000   3.5378700000   2.0894870000   8.3880950000   2.6922800000   1.9601350000   7.5550120000   2.0642460000   1.6607400000   6.5702430000  -0.0008640000  -0.0023490000   0.0043590000   0.0005270000   0.0020820000  -0.0046450000   0.0385860000  -0.0062910000   0.0158830000  -0.0297550000   0.0268340000   0.0282000000  -0.0084930000  -0.0202760000  -0.0437970000
   6.8341332345   6.0330246832 3365  1.13E+01   0.2113900000  -1.6321040000   1.8666100000  -0.7860180000  -0.4156460000   2.0973360000   0.3338220000   0.7207490000   7.9155790000   1.4736090000   1.0425670000   8.0276420000   2.4721890000   1.3629400000   8.4670890000   0.0279500000  -0.0339820000  -0.0064450000  -0.0277310000   0.0340090000   0.0062020000  -0.0154040000  -0.0010920000   0.0256930000   0.1016270000   0.0254470000  -0.0165780000  -0.0864430000  -0.0243820000  -0.0088710000
   6.8348137398   6.0306465650 3396  6.18E+00   0.8978310000  -1.3768610000   1.9831640000  -0.2132780000  -0.2840360000   1.9999140000   1.4779190000   0.6964440000   8.6643200000   0.3319520000   0.8222770000   8.4297330000  -0.7185180000   0.8792390000   7.8956940000   0.0262820000  -0.0258350000  -0.0004000000  -0.0261540000   0.0257780000   0.0002210000   0.0038130000  -0.0041570000  -0.0199370000  -0.0113430000   0.0085140000   0.0380870000   0.0074020000  -0.0043000000  -0.0179700000
   6.8337907491   6.0329983277 3425  3.04E+00   0.5642810000  -1.4569370000   1.6956130000   0.1979400000  -0.0259580000   2.0474060000   0.3937660000   1.1708390000   7.9572620000  -0.4095510000   0.3676240000   8.2089320000  -1.1104280000  -0.5377110000   8.5494440000   0.0060120000  -0.0235180000  -0.0057650000  -0.0061130000   0.0234690000   0.0058060000  -0.0098720000  -0.0228590000   0.0127260000   0.0219440000   0.0533730000  -0.0287810000  -0.0119720000  -0.0304650000   0.0160130000
   6.8329431044   6.0311037848 3554  2.74E+00  -1.0988250000   0.2571510000   1.4977070000  -0.0568390000  -0.6158280000   2.0967590000  -0.3183740000   0.5876860000   8.9221140000   0.1825750000   1.3194530000   8.1248210000   0.5344130000   2.1688730000   7.4137200000  -0.0092340000   0.0077090000  -0.0053080000   0.0092010000  -0.0078700000   0.0053540000  -0.0214790000  -0.0089710000   0.0252660000   0.0398720000   0.0215550000  -0.0503250000  -0.0183600000  -0.0124240000   0.0250140000
   6.8315404447   6.0309292590 3561  3.99E+00   0.4178990000   0.6745910000   1.5002530000   0.1759220000  -0.7078540000   2.0237340000  -1.2828450000   1.8108960000   8.8852990000  -0.3323420000   1.6049380000   8.2264360000   0.6274060000   1.1646460000   7.7388030000   0.0028440000   0.0165320000  -0.0062620000  -0.0030370000  -0.0165100000   0.0060520000   0.0056110000  -0.0173370000   0.0092760000   0.0219910000   0.0203240000  -0.0374230000  -0.0274090000  -0.0030090000   0.0283560000
   6.8304628189   6.0331211401 3893  3.35E+00  -0.4540240000  -2.1297320000   3.2134460000  -0.9688520000  -1.0818580000   2.1868900000   2.3159270000   2.9227370000   8.7933210000   1.7425360000   2.2911220000   7.9342930000   1.2432470000   1.5822420000   7.1273090000   0.0118180000  -0.0241880000   0.0235410000  -0.0119710000   0.0239810000  -0.0239320000   0.0353110000   0.0295670000   0.0495140000  -0.0330460000  -0.0155990000  -0.0421560000  -0.0021120000  -0.0137610000  -0.0069660000
