   6.8300326374   6.6724934346  462  3.96E+00  -2.1036080000  -0.1020610000   2.6932540000  -1.0672900000  -0.9552170000   2.2829010000   1.5173710000   1.5339770000   8.8033560000   1.9948030000   1.9427640000   7.7599160000   2.4479770000   2.4722880000   6.8014490000   0.0194350000  -0.0159950000  -0.0076570000  -0.0194370000   0.0159570000   0.0077560000  -0.0288690000  -0.0165040000   0.0667650000   0.0217210000  -0.0002360000  -0.0564010000   0.0071510000   0.0167780000  -0.0104640000
   6.8315090841   6.6742487181  480  1.11E+01  -2.1151890000  -0.6634090000   3.2269570000  -1.0764660000  -1.8566610000   2.9892300000   1.3505420000   4.5149640000   6.8808070000   2.0071760000   3.6872290000   6.5053060000   2.6520760000   2.7191330000   6.1046240000  -0.0302970000   0.0347860000   0.0069320000   0.0300560000  -0.0347970000  -0.0069860000   0.0649760000  -0.0912410000  -0.0387590000  -0.1050950000   0.1593560000   0.0644750000   0.0403580000  -0.0681040000  -0.0256620000
   6.8308697228   6.6746194670  481  4.44E+00  -1.4137920000  -0.5660150000   2.0662430000   0.0157020000   0.0026680000   1.8257790000   0.8833310000   1.0146540000   8.7996150000  -0.0226480000   0.2878910000   8.6992170000  -0.8556740000  -0.5207630000   8.4225410000  -0.0334150000  -0.0132780000   0.0055940000   0.0334730000   0.0133570000  -0.0056400000  -0.0086980000  -0.0161460000  -0.0120780000   0.0226030000   0.0395960000   0.0283210000  -0.0139630000  -0.0235290000  -0.0161970000
   6.8347558843   6.6710509479  546  1.14E+01   0.6576500000   1.2907400000   2.6377150000   0.5919020000   0.1211770000   1.5703670000  -1.5569790000  -0.6330400000  10.0198820000  -1.0452540000   0.0748520000   9.1442980000  -0.6558920000   0.5780120000   8.1077390000   0.0018160000   0.0318910000   0.0289790000  -0.0017660000  -0.0319370000  -0.0292790000  -0.0473010000  -0.0672030000   0.0615800000   0.0327090000   0.0505110000   0.0025020000   0.0145420000   0.0167390000  -0.0637820000
   6.8330209705   6.6725379609  546  1.16E+01   0.6491630000   1.2950840000   2.6385000000   0.5922950000   0.1212180000   1.5696390000  -1.5560960000  -0.6315530000  10.0226080000  -1.0448340000   0.0756220000   9.1449170000  -0.6585160000   0.5754690000   8.1081320000   0.0016020000   0.0325740000   0.0295360000  -0.0015520000  -0.0326190000  -0.0298330000  -0.0477220000  -0.0677340000   0.0623350000   0.0343890000   0.0526050000  -0.0008160000   0.0132830000   0.0151740000  -0.0612210000
   6.8317602452   6.6740928568  546  1.17E+01   0.6406450000   1.2987870000   2.6387040000   0.5926870000   0.1212670000   1.5689200000  -1.5551530000  -0.6299830000  10.0252570000  -1.0444700000   0.0763060000   9.1455370000  -0.6611560000   0.5729070000   8.1086000000   0.0013720000   0.0331110000   0.0299570000  -0.0013220000  -0.0331540000  -0.0302510000  -0.0480350000  -0.0681120000   0.0629180000   0.0359650000   0.0545550000  -0.0040360000   0.0120190000   0.0136010000  -0.0585870000
   6.8322966845   6.6728034617  574  2.10E+00  -0.8225620000  -1.0532140000   2.1514560000   0.0108300000   0.0172110000   1.7402650000   0.6666530000   1.1063070000   8.2908430000  -0.0233300000   0.2628640000   8.8079900000  -0.6514000000  -0.6355650000   9.2713660000   0.0108050000   0.0138930000  -0.0053210000  -0.0108860000  -0.0139800000   0.0053080000   0.0338170000   0.0337170000  -0.0241160000  -0.0206050000  -0.0064180000   0.0140200000  -0.0131310000  -0.0272130000   0.0101100000
   6.8306969760   6.6725455882  618  2.80E+00  -1.2478390000  -0.0550710000   2.2066120000   0.0142570000  -0.0019290000   1.6481570000   0.9118620000   0.3216910000   9.6903640000   0.0271790000   0.2400270000   8.9107650000  -0.9248490000   0.1988990000   8.2512330000   0.0368440000   0.0015490000  -0.0163500000  -0.0367020000  -0.0015530000   0.0162560000   0.0042310000   0.0035840000   0.0165920000  -0.0290850000  -0.0076550000  -0.0467200000   0.0247120000   0.0040750000   0.0302230000
   6.8340783883   6.6719095563  677  2.85E+00  -0.6578380000   0.7546700000   2.4784310000   0.1446730000   0.1708140000   1.4783510000  -0.1301720000  -0.2826800000   8.1291540000  -0.2923200000  -0.0382080000   9.2565110000  -0.3314710000   0.0984030000  10.3838150000   0.0132280000  -0.0095960000  -0.0166240000  -0.0132620000   0.0097000000   0.0162550000   0.0048060000  -0.0016240000   0.0326980000  -0.0168290000   0.0195410000   0.0490140000   0.0120570000  -0.0180210000  -0.0813430000
   6.8314424141   6.6734766496  780  3.52E+00   0.7030220000  -0.2086320000   1.5745960000  -0.5930110000  -0.1613690000   1.9921570000   2.0872190000   0.0351780000   8.1005960000   1.0677360000   0.5328920000   8.3558740000   0.0285830000   1.0715170000   8.5793520000  -0.0504760000   0.0018450000   0.0162780000   0.0504900000  -0.0018460000  -0.0162150000  -0.0204550000   0.0123080000   0.0041330000   0.0456370000  -0.0276610000  -0.0086510000  -0.0251970000   0.0153550000   0.0044540000
   6.8322475627   6.6701229465  830  2.27E+00  -0.4268070000   0.8443540000   2.2218900000   1.0470670000   0.7439610000   1.8643150000  -1.8106040000  -0.7816310000   9.6915380000  -1.9466000000  -1.1375790000   8.5812750000  -1.9305030000  -1.4454390000   7.4168950000  -0.0246410000   0.0017520000   0.0059180000   0.0247930000  -0.0015610000  -0.0061160000   0.0096820000   0.0039430000   0.0004400000  -0.0191990000   0.0050770000   0.0454630000   0.0093650000  -0.0092100000  -0.0457050000
   6.8337118490   6.6728832979  863  1.60E+00   0.6297340000   0.5978170000   2.3315320000   0.3088950000  -0.5669460000   1.5901770000  -0.7365420000   1.9596180000  10.0109510000  -0.5690920000   1.2838800000   9.0241960000  -0.4186180000   0.5580530000   8.1271850000  -0.0041680000  -0.0151320000  -0.0097110000   0.0041950000   0.0151920000   0.0094720000  -0.0090190000   0.0287910000   0.0525970000   0.0131220000  -0.0396300000  -0.0766010000  -0.0041310000   0.0107780000   0.0242440000
   6.8323078628   6.6736535033  936  5.78E+00   0.5276290000   1.4627370000   1.8107680000  -0.0089970000  -0.0193560000   1.8742710000  -0.4044910000  -0.8138600000   8.7348680000   0.0024120000   0.2550610000   8.5149530000   0.4143740000   1.3145720000   8.3995330000   0.0141230000   0.0390080000  -0.0016590000  -0.0141410000  -0.0390460000   0.0017660000   0.0093260000   0.0228750000   0.0041130000   0.0162640000   0.0445270000  -0.0207050000  -0.0255720000  -0.0673640000   0.0164860000
   6.8300951544   6.6718409961  979  1.27E+01  -0.4167230000   0.6155920000   1.6572590000   0.3255650000  -0.4762090000   1.9051750000   0.1307360000   2.0723450000   8.6737110000  -0.5901740000   1.1432270000   8.4647340000  -1.2873900000   0.0966300000   8.3537170000   0.0372440000  -0.0547260000   0.0124640000  -0.0371720000   0.0548500000  -0.0124470000   0.0274360000   0.0280530000   0.0134510000   0.0399320000   0.0803400000  -0.0090890000  -0.0674400000  -0.1085160000  -0.0043790000
   6.8344679063   6.6741083185 1144  8.85E-01  -0.5725190000  -2.1385520000   3.1006200000  -0.6837920000  -1.0789490000   2.1327290000   2.1560480000   1.9548660000   7.3552760000   1.2251580000   2.2355760000   8.0347170000   0.3753240000   2.5778390000   8.7675680000  -0.0005770000   0.0051980000  -0.0047090000   0.0004350000  -0.0051890000   0.0047510000   0.0189730000   0.0008860000  -0.0048170000  -0.0250560000  -0.0050080000   0.0012960000   0.0062250000   0.0041140000   0.0034790000
   6.8339734557   6.6736154124 1156  4.20E+00  -0.4665070000  -1.5654140000   2.1818390000   0.4585100000  -0.5458760000   1.9871750000  -1.8187150000   1.7017400000   7.8437620000  -0.8655560000   1.2449040000   8.3984350000   0.2079660000   0.8762560000   8.7908560000   0.0228770000   0.0252030000  -0.0047920000  -0.0228530000  -0.0252410000   0.0048210000  -0.0186250000   0.0180360000  -0.0233990000  -0.0280660000  -0.0100580000   0.0176220000   0.0466670000  -0.0079410000   0.0057470000
   6.8310975690   6.6701075975 1199  4.82E+00  -0.6080070000  -2.0683290000   2.5108290000  -0.4204550000  -0.6104800000   2.0134710000   1.8079750000   1.9859210000   8.0803260000   0.7720780000   1.3882810000   8.2389270000  -0.2494090000   0.8387740000   8.5219840000  -0.0042050000  -0.0328300000   0.0112200000   0.0042700000   0.0328890000  -0.0111390000   0.0480290000   0.0303140000   0.0011420000  -0.0192790000  -0.0176000000  -0.0181150000  -0.0288150000  -0.0127730000   0.0168920000
   6.8308370243   6.6716643299 1297  5.68E+00   1.4878780000   1.0848190000   2.2646450000   0.5378370000  -0.0714540000   1.8474740000   0.0941400000   0.8204640000   8.4443460000  -1.0451980000   0.3885830000   8.5701280000  -2.0893410000  -0.1359880000   8.7538690000   0.0216490000   0.0263710000   0.0094770000  -0.0217830000  -0.0264120000  -0.0095350000   0.0773110000   0.0221060000  -0.0030270000  -0.0640260000  -0.0075030000  -0.0042650000  -0.0131510000  -0.0145620000   0.0073500000
   6.8331965239   6.6717972544 1297  5.70E+00   1.4882090000   1.0924400000   2.2638040000   0.5382320000  -0.0715760000   1.8465510000   0.0912570000   0.8204540000   8.4433210000  -1.0452830000   0.3888240000   8.5708570000  -2.0883900000  -0.1360300000   8.7590120000   0.0225040000   0.0275970000   0.0098550000  -0.0226370000  -0.0276380000  -0.0099120000   0.0740060000   0.0208630000  -0.0026180000  -0.0610810000  -0.0063950000  -0.0048590000  -0.0127920000  -0.0144270000   0.0075340000
   6.8312698311   6.6702533642 1856  2.73E+00   0.6602610000  -1.7816340000   2.8930810000   1.9515200000  -1.4658320000   3.6161320000  -3.2220510000   2.6938960000   4.2665980000  -3.6137980000   2.9550430000   5.3349160000  -3.8530450000   3.2084070000   6.4875760000  -0.0198010000  -0.0048890000  -0.0110800000   0.0198950000   0.0047820000   0.0111590000   0.0032700000   0.0040110000   0.0196990000  -0.0026550000  -0.0142520000  -0.0725030000  -0.0007080000   0.0103490000   0.0527250000
   6.8327978555   6.6701034278 1875  2.78E+00  -1.3327340000  -0.3456820000   1.9935790000   0.0171250000   0.0062370000   1.8251360000   0.8598020000   0.9900560000   8.3682450000  -0.0293680000   0.3042450000   8.6693530000  -0.8393160000  -0.5401500000   8.8841190000   0.0244540000   0.0063870000  -0.0030200000  -0.0244900000  -0.0063780000   0.0030540000  -0.0146880000  -0.0259320000   0.0024320000   0.0242620000   0.0519290000  -0.0018510000  -0.0095390000  -0.0260060000  -0.0006150000
   6.8306781449   6.6718390410 1889  3.07E+00  -0.2250270000  -1.3161670000   2.0755530000   0.0046700000   0.0147150000   1.7889170000   0.7739660000  -0.5838060000   8.3891740000   0.0189690000   0.2912010000   8.7099330000  -0.7973510000   1.0623100000   9.0084490000   0.0067340000   0.0391640000  -0.0084460000  -0.0068170000  -0.0390540000   0.0084220000   0.0199380000  -0.0342100000  -0.0098690000  -0.0312810000   0.0552350000   0.0160600000   0.0114260000  -0.0211350000  -0.0061670000
   6.8335909535   6.6725104786 2021  1.19E+01  -0.5443430000  -1.2125270000   2.0018480000  -1.5455430000  -1.5299560000   3.1205790000   2.4723950000   3.5144550000   7.3745940000   2.7439880000   2.9875670000   6.2731540000   3.2208180000   2.6478330000   5.2063110000   0.0195310000   0.0061910000  -0.0218510000  -0.0195990000  -0.0061690000   0.0219630000  -0.0136700000   0.0577330000   0.1018460000  -0.0249740000  -0.0488000000  -0.0432960000   0.0387130000  -0.0089550000  -0.0586620000
   6.8345384298   6.6744703119 2677  6.46E+00   1.7283780000   0.9014010000   2.4987640000   0.6181580000  -0.0316120000   1.8242770000  -2.2237190000  -0.1641710000   8.8172320000  -1.1290400000   0.2245170000   8.6703040000  -0.1248430000   0.7843870000   8.4068790000   0.0322160000   0.0270650000   0.0195150000  -0.0322840000  -0.0271520000  -0.0196110000   0.0023530000   0.0145930000  -0.0082020000   0.0028220000  -0.0268340000   0.0148630000  -0.0051070000   0.0123280000  -0.0065650000
   6.8308962764   6.6723744175 2826  2.17E+00  -0.4872130000   0.4702300000   2.2454970000  -0.7792560000  -0.9144280000   1.8148550000   1.3752430000   1.9507390000   9.8565020000   1.4124280000   1.8823720000   8.6531770000   1.4869400000   1.8610950000   7.4434790000   0.0020420000   0.0099190000   0.0030040000  -0.0022090000  -0.0100790000  -0.0032290000   0.0003160000   0.0062010000   0.0606760000  -0.0066260000  -0.0081860000   0.0005710000   0.0064770000   0.0021450000  -0.0610230000
   6.8312947352   6.6747703878 2975  2.22E+00  -0.9894490000   1.1118290000   2.0705900000  -0.4127650000   2.1248210000   2.8908620000   0.5848300000  -2.7143310000   7.3786200000   0.7251110000  -3.6211330000   6.6885920000   0.9946220000  -4.5615470000   6.0333470000   0.0057700000   0.0100670000   0.0082090000  -0.0057690000  -0.0101590000  -0.0082400000   0.0165780000  -0.0498650000  -0.0318020000  -0.0259370000   0.0532830000   0.0288560000   0.0093580000  -0.0033260000   0.0029770000
   6.8326660373   6.6721268764 3309  4.66E+00  -2.1538560000  -0.3085240000   4.0989240000  -2.1567670000  -0.3288320000   2.7044470000   3.6212610000   0.8363070000   5.8308060000   3.9152920000   0.8407210000   7.0195410000   4.3466610000   0.8819460000   8.1359290000  -0.0001130000  -0.0004740000  -0.0316480000  -0.0001390000   0.0004150000   0.0316840000  -0.0094340000   0.0020710000  -0.0784520000  -0.0153100000  -0.0057570000   0.0383330000   0.0249950000   0.0037460000   0.0400820000
   6.8325297134   6.6716634637 3346  5.35E+00  -0.1271860000  -1.3275580000   2.0080880000   0.6651090000   0.0442360000   1.8359520000  -2.0026690000  -0.3168950000   7.9403470000  -1.1736580000   0.1736290000   8.5910050000  -0.4299730000   0.7369440000   9.3159020000  -0.0224210000  -0.0388820000   0.0048730000   0.0225380000   0.0389240000  -0.0048410000   0.0134560000   0.0166260000   0.0220530000  -0.0142430000  -0.0266420000  -0.0344070000   0.0006690000   0.0099740000   0.0123220000
   6.8325327333   6.6727213698 3685  1.53E+01  -0.1003130000  -0.2191890000   1.3752910000   0.9963090000  -0.8310270000   2.3050150000  -2.6377480000   2.1971900000   7.0112600000  -1.8274750000   1.6443980000   7.7178030000  -0.9598630000   1.4202030000   8.5977580000  -0.0265340000   0.0147950000  -0.0224690000   0.0264770000  -0.0148030000   0.0226020000  -0.0348950000   0.0433080000  -0.0223960000  -0.0454300000  -0.0409190000  -0.0667240000   0.0803820000  -0.0023810000   0.0889860000
   6.8304061112   6.6729589618 3819  6.16E+00  -0.7881790000   0.4751570000   2.3847120000   0.3830670000   0.0833380000   1.5167440000  -0.4293750000   0.3697390000  10.3272810000  -0.5957370000   0.0552480000   9.1994820000  -0.9868850000  -0.1696840000   8.0426610000  -0.0169880000   0.0057230000   0.0124690000   0.0171340000  -0.0056580000  -0.0128330000  -0.0094230000   0.0110700000   0.0203770000   0.0521400000   0.0011990000   0.0686110000  -0.0428630000  -0.0123350000  -0.0886240000
