   6.8373220124   6.5252563985   77  2.11E+00   0.9929030000  -0.9702960000   2.1688510000  -0.0123520000   0.0105490000   1.7535600000   0.1090580000  -0.8053430000   8.2264690000  -0.0422030000   0.2310380000   8.8197400000  -0.0782410000   1.3280270000   9.2594260000   0.0031320000  -0.0030280000   0.0012380000  -0.0031550000   0.0031680000  -0.0013970000   0.0126740000  -0.0350520000  -0.0298400000  -0.0191770000   0.0154340000   0.0323980000   0.0065260000   0.0194780000  -0.0024000000
   6.8375373415   6.5272131048  164  1.80E+00  -1.0690390000   0.5885930000   2.4469650000   0.0162000000  -0.0065720000   1.5219180000  -0.1637600000   0.4910770000   8.0276440000  -0.0266480000   0.2683940000   9.1969880000   0.1702120000  -0.0091470000  10.3144080000  -0.0232860000   0.0127470000   0.0196790000   0.0232810000  -0.0128060000  -0.0200980000  -0.0002420000   0.0032450000  -0.0362180000  -0.0025650000  -0.0011000000   0.0451240000   0.0028120000  -0.0020860000  -0.0084870000
   6.8361732174   6.5282917398  554  5.19E+00  -1.1855740000  -0.1070890000   1.8605970000   0.3729420000  -0.3360850000   1.8379540000  -1.0577910000  -0.0655690000   9.2574900000  -0.6815870000   0.8828130000   8.6059180000  -0.2184090000   1.7757570000   7.9868580000  -0.0406560000   0.0059490000   0.0006160000   0.0406060000  -0.0060550000  -0.0006200000  -0.0139590000  -0.0512530000   0.0358450000   0.0038410000   0.0445160000  -0.0325610000   0.0101680000   0.0068430000  -0.0032800000
   6.8360001272   6.5275175416  656  1.63E+00   0.7297560000   0.5968160000   2.3210180000   0.6451860000  -0.7201480000   1.7214480000  -1.2416080000   1.8021900000   9.9761990000  -1.1320800000   1.4953600000   8.8369280000  -1.1767360000   1.3219150000   7.6475820000  -0.0000680000  -0.0020610000  -0.0010360000   0.0002490000   0.0019390000   0.0007070000  -0.0116320000   0.0142380000   0.0196310000   0.0229610000  -0.0166070000   0.0239590000  -0.0115110000   0.0024920000  -0.0432600000
   6.8358880257   6.5272052218  770  4.12E+00  -0.5954830000   2.2164220000   4.0177440000  -0.2398240000   2.4435790000   5.3862880000   0.8434330000  -5.3219650000   2.2474890000   0.4025840000  -4.2830240000   2.1494750000   0.0896090000  -3.1185760000   1.9865360000   0.0026690000   0.0018260000   0.0103660000  -0.0026630000  -0.0015140000  -0.0100570000  -0.0238330000   0.0843200000  -0.0116640000   0.0298330000  -0.1457300000   0.0242540000  -0.0060060000   0.0610970000  -0.0128990000
   6.8386250891   6.5266624876 1206  1.67E+01   1.0861620000   1.2847030000   1.9128460000   0.3776720000  -0.3050470000   1.9279690000   0.0643720000  -0.0750210000   8.4430480000  -0.6931360000   0.7739630000   8.4961610000  -1.4986560000   1.6242240000   8.4308450000   0.0273510000   0.0613870000  -0.0005590000  -0.0273770000  -0.0613540000   0.0005720000  -0.0565460000   0.0593650000  -0.0034220000   0.0536200000  -0.0525330000   0.0102920000   0.0029520000  -0.0068640000  -0.0068840000
   6.8351199467   6.5289785465 1285  1.96E+00  -0.0158270000  -1.3514920000   2.1026990000   0.0040820000   0.0143310000   1.7547900000  -0.9175110000   0.6928140000   9.3283910000  -0.0206980000   0.2860920000   8.7387490000   0.9136590000  -0.2063330000   8.2163330000   0.0002830000   0.0221900000  -0.0056720000  -0.0004510000  -0.0221100000   0.0055810000   0.0450130000  -0.0251700000  -0.0223820000  -0.0463720000   0.0303510000   0.0151570000   0.0015280000  -0.0052620000   0.0073170000
   6.8374518050   6.5299160561 1329  3.80E+00  -1.2216240000  -0.3046290000   2.3996450000   0.0157930000   0.0077290000   1.5595320000   0.1566750000  -0.1560160000  10.1668790000  -0.0227710000   0.2267020000   9.1101730000  -0.1414900000   0.6540960000   8.0554750000  -0.0227020000  -0.0057770000   0.0153080000   0.0226980000   0.0056410000  -0.0156360000  -0.0078060000   0.0303070000  -0.0733240000  -0.0047770000  -0.0059270000   0.0024870000   0.0125880000  -0.0242440000   0.0711650000
   6.8351739228   6.5251593978 1329  3.50E+00  -1.2141670000  -0.3024550000   2.3968430000   0.0157000000   0.0077140000   1.5613020000   0.1565390000  -0.1559580000  10.1640820000  -0.0216640000   0.2275580000   9.1062860000  -0.1421880000   0.6533350000   8.0525230000  -0.0203500000  -0.0051770000   0.0137210000   0.0203460000   0.0050430000  -0.0140470000  -0.0075620000   0.0293290000  -0.0709040000  -0.0052010000  -0.0038100000  -0.0026510000   0.0127670000  -0.0253850000   0.0738810000
   6.8379216637   6.5284986504 1781  1.54E+00   0.4387500000   0.9818010000   2.3997260000   0.4117800000  -0.1671730000   1.5708740000  -1.0346510000   0.2194030000  10.1957570000  -0.7624260000   0.5683440000   9.1186100000  -0.4771710000   0.8146620000   7.9636090000  -0.0003380000  -0.0152360000  -0.0111310000   0.0003840000   0.0151440000   0.0107000000   0.0033630000  -0.0029320000  -0.0148080000  -0.0181190000  -0.0031060000   0.0756010000   0.0147110000   0.0061290000  -0.0603630000
   6.8350569587   6.5285082012 1950  1.77E+00  -0.3396830000  -1.3984370000   2.0089800000   0.0038770000   0.0185270000   1.8110390000  -0.0887280000  -0.8244690000   9.1416020000   0.0493180000   0.2249330000   8.6370530000   0.0537430000   1.3388650000   8.2044450000  -0.0017310000  -0.0072290000   0.0010620000   0.0017500000   0.0071060000  -0.0010300000  -0.0081710000   0.0066150000   0.0043580000   0.0165000000  -0.0397490000   0.0005970000  -0.0083490000   0.0332560000  -0.0049870000
   6.8394397987   6.5262691684 2062  4.89E+00   1.4230600000  -0.7529560000   2.2667260000   0.8310430000   0.4272940000   1.9566750000  -2.1717320000  -1.0576500000   7.5576100000  -1.5260830000  -0.5609010000   8.4346760000  -0.9227340000   0.0798210000   9.1967790000  -0.0250560000   0.0500390000  -0.0131290000   0.0252210000  -0.0499610000   0.0131060000  -0.0209350000  -0.0043020000  -0.0295690000   0.0334630000   0.0051900000   0.0485010000  -0.0126920000  -0.0009660000  -0.0189090000
   6.8356047037   6.5259181417 2062  8.21E+00   0.6993440000   1.8154440000   2.6485150000   1.0053060000   0.4987510000   1.8528860000  -1.7211680000  -0.5426460000   9.7157360000  -1.7252270000  -0.6585490000   8.5414180000  -2.0485160000  -0.8805710000   7.4528190000  -0.0076380000   0.0331140000   0.0200100000   0.0078410000  -0.0330020000  -0.0200660000  -0.0230540000  -0.0077550000   0.0064400000   0.0327920000   0.0063210000  -0.0603370000  -0.0099410000   0.0013220000   0.0539520000
   6.8383523355   6.5281240571 2062  7.95E+00   0.6979660000   1.8123130000   2.6427070000   1.0055220000   0.4989220000   1.8528610000  -1.7184920000  -0.5400730000   9.7171120000  -1.7258100000  -0.6583760000   8.5405090000  -2.0517460000  -0.8839310000   7.4526140000  -0.0074360000   0.0319950000   0.0192430000   0.0076370000  -0.0318840000  -0.0192960000  -0.0227990000  -0.0073020000   0.0112990000   0.0327840000   0.0061440000  -0.0633500000  -0.0101850000   0.0010470000   0.0521040000
   6.8350329620   6.5291695755 2108  1.54E+00  -1.1421720000  -0.5879110000   2.2539690000   0.0165830000   0.0043690000   1.6610330000  -0.1528080000   1.1084280000   9.6962050000   0.0433470000   0.2546990000   8.9324590000   0.1094050000  -0.5967340000   8.1618110000   0.0095270000   0.0049120000  -0.0049330000  -0.0095450000  -0.0047680000   0.0047420000  -0.0048640000  -0.0196680000  -0.0175960000   0.0175170000  -0.0229460000  -0.0219490000  -0.0126360000   0.0424700000   0.0397360000
   6.8368252877   6.5283107114 2183  2.74E+00  -1.2389090000  -0.9610140000   2.2900910000  -0.9785570000   0.3450270000   1.9778970000   2.6094450000  -1.1931560000   8.4909930000   1.8107620000  -0.3386850000   8.3773230000   0.9964270000   0.4724770000   8.1989930000   0.0093940000   0.0469830000  -0.0112350000  -0.0093420000  -0.0470700000   0.0111430000  -0.0005860000  -0.0030840000  -0.0035610000  -0.0171700000   0.0241450000   0.0024690000   0.0177030000  -0.0209750000   0.0011840000
   6.8370296705   6.5271942975 2227  2.14E+00   1.1568400000  -1.1639930000   2.8218260000   0.1612710000  -1.0034810000   1.8224490000   0.0492040000   1.1679140000   7.9768580000  -0.3395260000   2.1199830000   8.6288360000  -0.6726330000   3.0132590000   9.2671630000  -0.0121000000   0.0019250000  -0.0122860000   0.0120720000  -0.0019650000   0.0118700000   0.0234300000  -0.0520880000  -0.0326530000  -0.0404810000   0.0921360000   0.0596470000   0.0170780000  -0.0400080000  -0.0265790000
   6.8359913853   6.5284672275 2790  6.58E+00   0.9258370000  -0.5092390000   1.7269080000  -0.3136570000  -0.8117260000   2.0895190000   1.4941960000   2.1414170000   7.6240920000   0.5341600000   1.7529380000   8.1658460000  -0.3870410000   1.3163720000   8.7026630000  -0.0758900000  -0.0185300000   0.0221830000   0.0758050000   0.0185080000  -0.0221300000  -0.0110460000  -0.0084140000   0.0091040000  -0.0291720000  -0.0063220000   0.0119760000   0.0403030000   0.0147580000  -0.0211330000
   6.8369849963   6.5265574518 3077  4.84E+00  -0.0003600000   0.9824570000   2.0128080000   0.8910880000  -0.2746510000   1.8400460000  -2.6245200000   0.5252500000   9.1210070000  -1.5853420000   0.6872040000   8.6569800000  -0.6356590000   0.9563210000   8.0649720000  -0.0199890000   0.0281300000   0.0038130000   0.0199300000  -0.0282280000  -0.0040470000   0.0435080000   0.0160210000  -0.0315760000   0.0128150000  -0.0103510000   0.0090480000  -0.0562640000  -0.0055720000   0.0227630000
   6.8373619769   6.5255040128 3578  2.63E+00  -0.4644370000  -2.2660990000   2.5775920000  -0.1809580000  -0.8094080000   2.1461430000  -0.1991970000   0.8555240000   8.5361700000   0.3157910000   1.7837610000   8.0309760000   0.8951450000   2.6782370000   7.5554440000  -0.0060850000  -0.0312800000   0.0092720000   0.0060810000   0.0313290000  -0.0092080000   0.0048260000  -0.0009410000   0.0029150000  -0.0012530000   0.0149170000  -0.0128050000  -0.0035690000  -0.0140250000   0.0098270000
   6.8353359331   6.5292972951 3641  5.67E+00   0.2392240000   2.0622040000   3.3944880000   0.6503270000   1.5298810000   2.0418520000  -0.8525500000  -1.6021190000   7.5702930000  -1.2684620000  -2.5854330000   8.1744640000  -1.4581790000  -3.5398540000   8.8829910000  -0.0060540000   0.0079390000   0.0198650000   0.0061030000  -0.0077900000  -0.0202250000   0.0386700000   0.0634210000  -0.0313500000  -0.0423860000  -0.0208620000  -0.0070770000   0.0036670000  -0.0427090000   0.0387870000
   6.8369833750   6.5277185452 3824  1.74E+00   0.1572830000  -1.2499230000   2.4551550000  -0.0032950000  -0.1422480000   1.5974090000  -0.2371090000   1.0674540000   8.0077960000   0.0649550000   0.5550010000   9.0489450000   0.1948920000  -0.0072490000  10.0678550000  -0.0025420000   0.0176490000  -0.0137480000   0.0026170000  -0.0178230000   0.0134880000  -0.0200150000   0.0125970000  -0.0307440000   0.0311660000  -0.0107020000   0.0344030000  -0.0112270000  -0.0017210000  -0.0033990000
   6.8382146308   6.5274846887 3991  2.97E+00  -0.4693390000  -1.0412220000   1.7671160000   0.3387500000   0.1789720000   1.9299490000  -0.1401600000   1.0166530000   8.3857210000  -0.6630410000  -0.0257170000   8.5267320000  -1.0243240000  -1.1379040000   8.4645140000  -0.0043780000  -0.0065850000  -0.0008680000   0.0043430000   0.0065720000   0.0008440000   0.0075640000  -0.0114670000  -0.0116290000  -0.0225680000   0.0036750000   0.0236620000   0.0150390000   0.0078050000  -0.0120090000
