   6.8355044356   6.9214488438  199  9.00E+00   0.4620080000   0.1088330000   2.5381030000  -0.5792160000   0.6125360000   1.4731120000   0.9744600000  -0.8619690000   8.0547820000   1.0184750000  -0.9607780000   9.2664310000   1.1246120000  -0.7951100000  10.4731440000   0.0266340000  -0.0128620000   0.0271160000  -0.0267090000   0.0129310000  -0.0274190000   0.0012750000   0.0194500000  -0.0643600000  -0.0116650000  -0.0448290000  -0.0152320000   0.0104650000   0.0253100000   0.0798950000
   6.8395685429   6.9232853990  199  8.90E+00   0.4624600000   0.1202960000   2.5358880000  -0.5793760000   0.6126020000   1.4727470000   0.9759890000  -0.8657130000   8.0550950000   1.0191280000  -0.9609150000   9.2664750000   1.1233650000  -0.7923190000  10.4747630000   0.0259910000  -0.0122590000   0.0263990000  -0.0260650000   0.0123280000  -0.0266980000   0.0012750000   0.0191290000  -0.0636880000  -0.0116670000  -0.0449290000  -0.0183420000   0.0104660000   0.0257320000   0.0823300000
   6.8375694238   6.9233423277  327  3.55E+00   0.9984980000   0.9230490000   2.2230440000  -0.0151880000  -0.0088030000   1.6306850000  -0.9024880000   0.8011370000   8.4489960000  -0.0124230000   0.2069400000   8.9474460000   0.9247590000  -0.2830000000   9.5512880000   0.0123590000   0.0113210000   0.0072400000  -0.0122880000  -0.0113890000  -0.0072050000  -0.0063770000   0.0121990000   0.0026110000  -0.0507390000   0.0101220000  -0.0447010000   0.0570450000  -0.0222530000   0.0420550000
   6.8358907709   6.9234239256  618  1.01E+01  -1.8692900000   0.3098080000   3.3099650000  -1.5033430000   0.1667390000   1.9877500000   3.1412480000  -0.9756950000   8.9739150000   2.7887250000  -0.1203720000   8.2946660000   2.3910990000   0.9014820000   7.6646570000   0.0109490000  -0.0043630000  -0.0397650000  -0.0110860000   0.0041630000   0.0395960000  -0.0155070000   0.0414480000  -0.0222840000   0.0546470000  -0.1472050000   0.0776770000  -0.0390030000   0.1059580000  -0.0552250000
   6.8392513070   6.9210419632  911  9.79E+00   0.8481720000   1.1752280000   2.4406220000   0.9235240000   0.0414040000   1.7589620000  -1.1566240000   1.0426470000   8.2836320000  -1.6300570000   0.1016950000   8.7240340000  -2.2854420000  -0.7121390000   9.2300120000   0.0046830000  -0.0704490000  -0.0423670000  -0.0046920000   0.0703140000   0.0423230000  -0.0476200000  -0.0564370000   0.0375280000   0.0416490000   0.0220760000  -0.0277170000   0.0059790000   0.0344950000  -0.0097670000
   6.8385467141   6.9225735258 1099  3.44E+00   0.2858240000  -0.5476360000   2.6367790000  -0.0015510000   0.0051520000   1.3944310000   0.3141470000  -0.0255630000   8.3097340000  -0.0378760000   0.1665380000   9.4302240000  -0.2959750000   0.5969950000  10.4819710000  -0.0072090000   0.0138190000  -0.0312130000   0.0071410000  -0.0138200000   0.0308790000   0.0113340000   0.0132390000  -0.0188050000  -0.0214680000  -0.0226190000   0.0393810000   0.0102020000   0.0093810000  -0.0202410000
   6.8356011177   6.9219847703 2275  6.29E+00  -1.4701070000  -0.1012500000   3.0166510000  -0.9911600000  -0.6490820000   1.7258680000   1.9205610000   1.4548790000   7.6427170000   1.8815210000   1.2965600000   8.8078650000   1.7097040000   1.5075310000   9.9369820000  -0.0038520000   0.0042760000   0.0101590000   0.0036760000  -0.0044320000  -0.0103070000  -0.0093360000   0.0251350000   0.0145760000   0.0136090000  -0.0453150000   0.0228210000  -0.0040970000   0.0203370000  -0.0372500000
   6.8386184223   6.9248668346 2532  5.22E+00  -0.7296050000  -1.4060770000   2.6279400000   0.0279560000  -2.4344190000   3.5634770000   0.1404200000   3.9168460000   6.3207520000   0.0050500000   4.7537120000   5.5061310000  -0.2378630000   5.4489020000   4.5845690000  -0.0205380000   0.0278970000  -0.0253850000   0.0205370000  -0.0279210000   0.0252840000  -0.0074160000  -0.0057580000  -0.0086790000   0.0159560000   0.0102000000   0.0210900000  -0.0085380000  -0.0044180000  -0.0123090000
   6.8371249875   6.9235717204 2560  5.05E+00   1.6272940000  -0.6865430000   5.4260850000   0.6996500000  -1.4752870000   6.2847280000  -1.1523480000   2.7099450000  -0.7037950000  -1.3787380000   2.9077790000   0.4470390000  -1.4093840000   3.2060660000   1.6400800000   0.0092960000   0.0078320000  -0.0085980000  -0.0092290000  -0.0080230000   0.0085950000   0.0169850000   0.0006910000  -0.0289560000  -0.0255140000  -0.0272800000  -0.0526930000   0.0084620000   0.0267800000   0.0816510000
   6.8369584047   6.9207921106 2921  3.73E+00   0.5163120000   1.0030850000   1.9915980000   0.4495940000  -0.5404960000   1.7849180000  -1.3197140000   0.1830020000   8.4364940000  -0.8158530000   1.2213510000   8.6939630000  -0.3457420000   2.2239810000   8.9983790000   0.0015930000   0.0365650000   0.0049340000  -0.0015370000  -0.0364620000  -0.0049160000  -0.0060300000  -0.0092170000   0.0030920000   0.0299830000   0.0573250000   0.0066970000  -0.0240090000  -0.0482110000  -0.0098080000
   6.8364251476   6.9203729157 2930  1.38E+00  -0.2328460000  -0.5309960000   2.0464370000   1.1630260000  -0.8185730000   2.0639580000  -2.5896020000   2.0172520000   7.1401220000  -2.1085130000   1.7593750000   8.2086430000  -1.6213080000   1.4712690000   9.2620340000   0.0140310000  -0.0029160000   0.0001590000  -0.0139120000   0.0028320000  -0.0001550000  -0.0177880000   0.0081640000  -0.0383840000   0.0005180000   0.0035550000   0.0017600000   0.0171520000  -0.0116350000   0.0366200000
   6.8356395712   6.9236010569 2952  1.30E+00   1.1170180000  -0.7026260000   2.1459330000  -0.0136700000   0.0092610000   1.7187840000  -0.7812290000  -0.5776340000   9.1451150000   0.0030070000   0.2369480000   8.8244170000   0.7768650000   1.0854500000   8.5123930000  -0.0216510000   0.0136000000  -0.0081490000   0.0215890000  -0.0136700000   0.0081920000  -0.0031090000  -0.0002900000   0.0024890000  -0.0127300000  -0.0201170000   0.0021160000   0.0159010000   0.0204770000  -0.0046480000
   6.8399664278   6.9209344678 2958  6.38E+00   1.7475640000  -0.9064480000   2.9272560000   0.7348980000  -0.4660250000   1.7912780000  -0.2806710000   0.6881700000   8.5392990000  -1.3623450000   1.1953450000   8.6453040000  -2.4769820000   1.4867130000   8.8413910000   0.0275340000  -0.0119800000   0.0308300000  -0.0276290000   0.0120320000  -0.0309570000   0.0288720000  -0.0282760000   0.0042710000  -0.0367570000   0.0446610000  -0.0087600000   0.0079790000  -0.0164370000   0.0046160000
   6.8358546299   6.9238464490 3064  1.98E+00  -1.2021040000  -0.7803230000   2.0323380000   0.0142350000   0.0102190000   1.8054980000  -1.0785650000   0.7637920000   8.6999240000   0.0251240000   0.2628210000   8.6757310000   1.0643460000  -0.2752930000   8.6432900000  -0.0050900000  -0.0033210000   0.0009740000   0.0051280000   0.0033220000  -0.0009040000  -0.0594180000   0.0230550000   0.0020270000   0.0666220000  -0.0226230000  -0.0028740000  -0.0072420000  -0.0004330000   0.0007760000
   6.8362975283   6.9226498731 3215  2.00E+00   2.1728140000  -0.3151780000   3.4377060000   1.8998120000   0.9138370000   2.6099670000  -3.4803930000  -1.7527390000   6.0546510000  -3.4474470000  -1.4035810000   7.1744170000  -3.5566410000  -1.0499890000   8.3093370000   0.0038130000  -0.0171300000   0.0115910000  -0.0037550000   0.0171880000  -0.0114940000  -0.0101570000   0.0011430000   0.0060730000   0.0227870000  -0.0111660000  -0.0393390000  -0.0126890000   0.0099650000   0.0331700000
   6.8358304369   6.9217465992 3317  6.30E+00  -0.9381580000  -0.7568720000   2.2659900000  -0.7819510000  -1.9496020000   2.8544100000   0.9113760000   2.9674620000   7.4223090000   1.4433970000   3.8229000000   6.7473360000   1.9694290000   4.6348460000   6.1153020000   0.0082690000  -0.0629130000   0.0310360000  -0.0082250000   0.0629630000  -0.0311640000  -0.0254010000  -0.0425790000   0.0360900000   0.0401480000   0.0673220000  -0.0567370000  -0.0147910000  -0.0247930000   0.0207770000
   6.8375293970   6.9217523561 3823  1.92E+00   0.0091460000  -0.3404620000   2.3248920000  -0.2316720000  -1.7466890000   2.1604090000   0.1605730000   3.6290730000   9.1739390000   0.4113130000   3.3982190000   8.0356130000   0.6871080000   3.2524110000   6.8588660000  -0.0014900000  -0.0086440000  -0.0010690000   0.0014060000   0.0084030000   0.0009580000  -0.0053430000   0.0114340000   0.0290510000  -0.0115290000  -0.0091120000   0.0374580000   0.0169560000  -0.0020810000  -0.0663970000
   6.8381188928   6.9214263991 3848  2.16E+00  -1.1533920000   0.3951460000   2.3031740000   0.0141700000  -0.0052010000   1.6065650000  -0.9770920000   0.5720120000   9.5853190000   0.0265290000   0.3209490000   9.0383170000   0.9590730000  -0.1241970000   8.4621570000   0.0152450000  -0.0052120000  -0.0090930000  -0.0153490000   0.0052810000   0.0090560000   0.0034330000  -0.0149230000  -0.0055660000  -0.0056350000   0.0310320000   0.0101720000   0.0023050000  -0.0161790000  -0.0045690000
   6.8394496213   6.9244438680 3960  9.08E+00  -0.8184850000   1.2818940000   2.8179550000  -0.5918910000   0.3074080000   1.5016070000   1.3344710000   0.0916620000   8.1492010000   1.0371390000  -0.3733560000   9.1893660000   0.8945720000  -0.7397420000  10.2766390000  -0.0077860000   0.0331260000   0.0446550000   0.0076030000  -0.0331600000  -0.0448820000   0.0102080000   0.0049540000   0.0088230000  -0.0253550000  -0.0232030000   0.0217900000   0.0153300000   0.0182830000  -0.0303850000
