   6.8338836248   6.9476178473  183  3.21E+00  -0.5627980000   0.6214120000   2.6260250000   0.0085520000  -0.0084770000   1.3669830000  -0.0332210000  -0.0582460000   8.3142970000  -0.0511590000   0.3205180000   9.4340830000   0.0643770000   0.5084920000  10.6122730000  -0.0095100000   0.0105090000   0.0208120000   0.0094860000  -0.0104250000  -0.0210820000   0.0085130000  -0.0148120000  -0.0030660000  -0.0208700000   0.0200410000  -0.0419870000   0.0123810000  -0.0053130000   0.0453240000
   6.8349771374   6.9473059525  369  5.07E+00   1.2607000000  -0.7743940000   3.1132130000   0.6030070000  -0.9685870000   1.6850730000  -1.9354800000   2.3730960000   9.6782950000  -1.0856830000   2.0366260000   8.8846570000  -0.3404960000   1.6718400000   8.0414090000   0.0179010000   0.0052270000   0.0387370000  -0.0179100000  -0.0053340000  -0.0389710000  -0.0507680000   0.0160940000   0.0389770000   0.0477480000  -0.0102630000  -0.0264280000   0.0030290000  -0.0057240000  -0.0123150000
   6.8349855280   6.9473822750  369  4.90E+00   1.2510240000  -0.7709150000   3.1107920000   0.6034580000  -0.9691280000   1.6843720000  -1.9351730000   2.3727510000   9.6818060000  -1.0846830000   2.0381620000   8.8875200000  -0.3431940000   1.6735130000   8.0394030000   0.0171850000   0.0052010000   0.0377190000  -0.0171930000  -0.0053090000  -0.0379540000  -0.0514630000   0.0160610000   0.0391570000   0.0475390000  -0.0095470000  -0.0249400000   0.0039310000  -0.0064070000  -0.0139820000
   6.8300421802   6.9452830442  528  1.32E+00   1.0649460000  -1.4999170000   3.1083850000   0.2177270000  -1.2923040000   1.9500940000  -0.7230640000   2.9960150000   7.3317470000  -0.4185800000   2.5947820000   8.3697600000  -0.1171870000   2.2923460000   9.4512140000  -0.0011330000   0.0002600000  -0.0015200000   0.0011830000  -0.0003770000   0.0015670000   0.0123120000  -0.0087610000   0.0480970000  -0.0052810000  -0.0054270000  -0.0276860000  -0.0070800000   0.0143050000  -0.0204580000
   6.8325427580   6.9461160860  614  6.96E+00   1.0752780000   0.8134170000   1.8829510000   0.6595300000  -0.4983550000   1.9704490000  -2.3747110000   1.1255150000   8.0041010000  -1.2013630000   1.1054310000   8.3184210000  -0.0850280000   1.1699770000   8.7929510000  -0.0126070000  -0.0397350000   0.0026900000   0.0125810000   0.0397500000  -0.0025590000  -0.0685960000   0.0060020000  -0.0074750000   0.0100370000  -0.0144760000  -0.0289300000   0.0585850000   0.0084580000   0.0362740000
   6.8306010416   6.9451357132  614  5.78E+00   0.0095490000  -1.4121340000   2.7437040000   0.8248800000  -0.5699400000   1.7085850000  -2.4725770000   1.3069340000   9.4223320000  -1.5101660000   1.3240870000   8.8150030000  -0.5140010000   1.3221390000   8.2555190000  -0.0199660000  -0.0205980000   0.0252600000   0.0198660000   0.0205250000  -0.0254100000   0.0711230000  -0.0000670000  -0.0389660000  -0.0054540000   0.0009150000  -0.0044240000  -0.0655680000  -0.0007750000   0.0435400000
   6.8302250781   6.9455950794 1184  5.28E+00  -1.6791420000   0.1995660000   2.3814840000  -0.4340700000  -0.0648640000   1.7512550000   1.6603740000  -0.3831480000   8.9637610000   0.8159300000   0.3534230000   8.7378130000   0.0007530000   1.1168850000   8.5817520000   0.0148640000  -0.0031750000  -0.0075020000  -0.0147940000   0.0031150000   0.0075590000  -0.0524380000   0.0502230000  -0.0080470000  -0.0317220000   0.0237920000  -0.0147870000   0.0840900000  -0.0739550000   0.0227770000
   6.8345577525   6.9453854711 1348  4.20E+00   0.4804010000   1.4386650000   1.9664540000  -0.0037950000  -0.0185740000   1.8020360000  -1.0835740000   0.7393120000   8.6209850000  -0.0337960000   0.1927280000   8.6667840000   1.0976340000  -0.1941910000   8.7503880000   0.0103150000   0.0310410000   0.0035290000  -0.0103270000  -0.0310750000  -0.0034410000  -0.0103650000   0.0177970000   0.0029130000  -0.0322100000  -0.0147080000  -0.0093270000   0.0425880000  -0.0030550000   0.0063280000
   6.8337157146   6.9461860813 1448  3.50E+00   1.3863730000  -0.2215160000   2.1328800000  -0.0168140000   0.0041690000   1.7686870000   0.6796510000  -0.7362630000   8.8519060000  -0.0388730000   0.2446190000   8.8000430000  -0.6538380000   1.2334400000   8.5754920000   0.0054190000  -0.0008650000   0.0014170000  -0.0054380000   0.0008660000  -0.0014040000   0.0459000000  -0.0539320000  -0.0060990000  -0.0404740000   0.0350340000   0.0192560000  -0.0054060000   0.0188970000  -0.0131700000
   6.8343159536   6.9485670976 1491  3.22E+00   0.3081960000  -1.3951300000   2.2463790000  -0.0011170000   0.0145450000   1.6832520000   0.3041420000  -0.8135410000   8.5755430000  -0.0081680000   0.2551760000   8.8709000000  -0.3118480000   1.3249130000   9.2182000000   0.0068270000  -0.0311300000   0.0124330000  -0.0068560000   0.0312240000  -0.0124150000  -0.0131250000   0.0471740000   0.0182940000   0.0068750000  -0.0274370000  -0.0164920000   0.0062790000  -0.0198320000  -0.0018200000
   6.8312199870   6.9498654983 1603  3.36E+00   0.8968440000   0.8215300000   2.4840670000  -0.0099240000  -0.0128250000   1.4930970000  -0.0492370000  -0.5881820000   8.4189940000  -0.0010380000   0.2496660000   9.2318330000   0.0430760000   1.1007240000  10.0385010000   0.0243640000   0.0224620000   0.0266010000  -0.0243480000  -0.0223320000  -0.0267250000   0.0002850000   0.0120540000   0.0122400000   0.0000370000  -0.0124460000  -0.0117580000  -0.0003380000   0.0002620000  -0.0003580000
   6.8316076882   6.9474226753 1764  3.59E+00  -0.7699820000  -1.2824530000   2.2096830000  -0.5971170000   0.0873460000   1.7747670000   0.1588130000   0.8169800000   8.6422910000   1.1095960000   0.1014050000   8.6301960000   2.0388770000  -0.5608610000   8.8774120000   0.0004140000   0.0029580000  -0.0008900000  -0.0002970000  -0.0030120000   0.0009810000  -0.0158340000   0.0147750000   0.0189240000   0.0304990000  -0.0280200000  -0.0335710000  -0.0147820000   0.0132980000   0.0145550000
   6.8318556515   6.9488097882 1833  2.18E+00  -0.1986920000   0.9191800000   2.8224830000  -0.7602640000   0.5460950000   1.4886100000   1.5367380000  -0.8390410000  10.4132120000   1.4003520000  -0.7755940000   9.2447140000   1.2214830000  -0.6762890000   8.0357020000   0.0061770000   0.0041950000   0.0146420000  -0.0062980000  -0.0040890000  -0.0149830000  -0.0004330000   0.0011090000   0.0145410000   0.0140490000  -0.0093060000   0.0643450000  -0.0134950000   0.0080910000  -0.0785450000
   6.8336391027   6.9489902400 1960  6.01E+00   0.1923070000  -0.1044730000   2.6798320000  -0.0032260000  -0.0009850000   1.3484060000   0.1387550000   0.2095280000  10.6765870000   0.0106640000   0.3194060000   9.4978930000  -0.1427640000   0.2498660000   8.2914650000  -0.0090410000   0.0047870000  -0.0618280000   0.0090800000  -0.0047950000   0.0614800000   0.0023690000  -0.0136120000   0.0339570000   0.0075700000   0.0277210000   0.0329170000  -0.0099780000  -0.0141010000  -0.0665260000
   6.8341277778   6.9467207538 2397  3.28E+00   0.0649170000  -1.6618290000   2.6014410000  -0.8933270000  -0.8272690000   2.0270580000   0.8499810000   1.4391000000   9.1103160000   1.6234850000   1.8310770000   8.2649890000   2.3886750000   2.1102700000   7.3988600000  -0.0218610000   0.0190260000  -0.0130750000   0.0218040000  -0.0190370000   0.0131190000  -0.0399280000  -0.0263580000   0.0429970000   0.0224120000   0.0259690000  -0.0230780000   0.0175730000   0.0004000000  -0.0199630000
   6.8317450415   6.9486989579 2399  5.25E+00  -0.9996170000  -0.8291330000   3.0912500000  -1.0054110000  -0.7774330000   1.7390760000   2.0127110000   1.2301680000   7.6673890000   1.8545950000   1.7203630000   8.7504270000   1.6792970000   2.1009620000   9.8847660000  -0.0003240000   0.0022710000  -0.0598530000   0.0001430000  -0.0023130000   0.0596920000   0.0053260000  -0.0231330000  -0.0340750000   0.0048340000   0.0094000000  -0.0284110000  -0.0099790000   0.0137750000   0.0626470000
   6.8315804280   6.9467861226 2517  4.37E+00   0.1058380000   0.8639790000   2.6141810000   0.0825280000  -0.0041520000   1.3819810000  -0.1823760000   0.0047000000  10.5663710000  -0.0511890000   0.1852150000   9.4101440000  -0.1980310000   0.5102380000   8.3040130000   0.0003470000   0.0122110000   0.0172110000  -0.0002920000  -0.0122720000  -0.0174970000  -0.0194310000   0.0103810000   0.0026280000   0.0343740000  -0.0102480000  -0.0426270000  -0.0149990000  -0.0000730000   0.0402850000
   6.8306790827   6.9489043441 2517  4.54E+00   0.1120200000   0.8707300000   2.6191820000   0.0825250000  -0.0042090000   1.3805910000  -0.1817800000   0.0071620000  10.5698030000  -0.0516730000   0.1840480000   9.4132860000  -0.1986400000   0.5085120000   8.3048480000   0.0004930000   0.0140430000   0.0197550000  -0.0004370000  -0.0141020000  -0.0200440000  -0.0192450000   0.0106070000   0.0021010000   0.0345720000  -0.0118420000  -0.0379910000  -0.0153830000   0.0012950000   0.0361790000
   6.8315843099   6.9459259395 2814  1.39E+01   0.2376060000  -1.8569580000   2.9902610000  -0.1402740000  -1.1134230000   2.0075830000   0.3857950000   3.4270060000   7.9325540000   0.2625540000   2.3282130000   8.3897300000   0.1026970000   1.1905850000   8.5557430000  -0.0339660000   0.0668530000  -0.0883620000   0.0339760000  -0.0668350000   0.0883050000   0.0006660000   0.0253110000  -0.0301130000  -0.0028490000  -0.0559330000   0.0532750000   0.0021720000   0.0306050000  -0.0231050000
   6.8349584298   6.9494356338 3040  8.65E+00   1.1715740000   0.5862700000   2.4692280000   0.1090480000   1.6636180000   2.0081610000  -0.4168770000  -3.0188750000   7.1162250000  -0.1730350000  -2.7478340000   8.2823540000  -0.0716550000  -2.5761140000   9.4826220000   0.0286350000  -0.0289380000   0.0124090000  -0.0285640000   0.0291180000  -0.0124270000  -0.0229370000  -0.0230700000  -0.0691340000   0.0243420000   0.0179820000  -0.0067440000  -0.0014750000   0.0049090000   0.0758960000
   6.8338550768   6.9454659946 3542  1.47E+00  -1.4805820000   0.6995300000   3.5398700000  -2.7150800000   0.9375590000   4.3616990000   3.9120350000  -1.0158850000   3.6511350000   4.9947990000  -1.4375030000   3.9916510000   5.9914370000  -1.9437840000   4.3471310000   0.0156900000  -0.0030100000  -0.0105300000  -0.0160240000   0.0031040000   0.0106030000  -0.0534760000   0.0137830000  -0.0148750000   0.0549200000  -0.0067000000   0.0125450000  -0.0011090000  -0.0071760000   0.0022570000
   6.8302952683   6.9453814554 3542  1.42E+00  -1.4776780000   0.7022980000   3.5543320000  -2.7151190000   0.9376390000   4.3617040000   3.9110780000  -1.0171970000   3.6472440000   4.9944980000  -1.4364810000   3.9896430000   5.9926340000  -1.9438110000   4.3515950000   0.0140340000  -0.0026540000  -0.0092380000  -0.0143640000   0.0027470000   0.0093100000  -0.0542010000   0.0138260000  -0.0149430000   0.0497140000  -0.0036250000   0.0102120000   0.0048170000  -0.0102940000   0.0046590000
   6.8339217491   6.9457915043 3960  3.06E+00  -0.6870710000   1.0050350000   2.8514840000  -0.6023360000   0.3260920000   1.4641080000   1.3062470000  -0.2500350000   8.1176340000   1.1637630000  -0.3169580000   9.2958020000   0.8716190000  -0.5162580000  10.4134690000  -0.0019110000   0.0147870000   0.0300420000   0.0017600000  -0.0147270000  -0.0303100000  -0.0071190000  -0.0078550000  -0.0199320000   0.0163260000   0.0160590000   0.0260540000  -0.0090560000  -0.0082650000  -0.0058540000
