   6.8480977428   6.1726180837    7  5.58E+00   0.0935580000   0.9541620000   1.7081730000  -0.4163890000  -0.3310640000   1.9185620000   1.8303090000   0.7377820000   8.9539590000   0.6965390000   0.7952780000   8.5278220000  -0.2795450000   0.9461780000   7.9560400000  -0.0106610000  -0.0269240000   0.0043950000   0.0107480000   0.0268550000  -0.0045240000   0.0632390000   0.0036570000   0.0109690000  -0.1361520000  -0.0004530000  -0.0393660000   0.0728260000  -0.0031360000   0.0285260000
   6.8480611859   6.1735870930  252  1.78E+01   0.1444650000  -2.3327830000   3.0276390000  -0.1349670000  -1.1964710000   2.2631310000  -0.7132020000   2.8425670000   8.2923420000   0.2126130000   2.5361140000   7.8427340000   1.2185540000   2.0636940000   7.3279590000  -0.0060200000   0.0241870000  -0.0163390000   0.0056890000  -0.0243400000   0.0160740000   0.2310730000  -0.0865970000  -0.1137270000  -0.2854230000   0.1204790000   0.1416570000   0.0546810000  -0.0337290000  -0.0276650000
   6.8494754902   6.1711574650 1031  3.93E+00   1.4176940000   0.1229740000   2.2065740000  -0.0199000000   0.0016880000   1.6595540000   0.2373570000   0.3374670000  10.0563220000   0.0477790000   0.2265240000   8.9168590000  -0.2631610000   0.1639800000   7.8237790000   0.0303730000   0.0025590000   0.0114710000  -0.0302510000  -0.0025640000  -0.0118580000  -0.0142780000   0.0006580000  -0.0267520000  -0.0002350000  -0.0091170000  -0.0619870000   0.0143920000   0.0084630000   0.0891270000
   6.8477965046   6.1748594650 1359  2.36E+00   0.0152980000   0.0765160000   1.2385160000   0.7944100000  -0.5883130000   2.3083360000  -0.3693900000   1.0654370000   8.1426800000  -1.4733920000   1.2849990000   7.8123800000  -2.4929810000   1.5909500000   7.3873660000  -0.0060110000   0.0051240000  -0.0082350000   0.0059260000  -0.0051330000   0.0082200000  -0.0046220000   0.0086980000  -0.0082270000  -0.0557960000   0.0012150000  -0.0090630000   0.0605030000  -0.0099040000   0.0173050000
   6.8473837614   6.1737729332 1408  4.86E+00   0.7724390000  -0.8873380000   1.3768730000   1.4315830000  -0.6606800000   2.7946930000  -1.7383330000   1.4135630000   7.6695900000  -2.5821860000   1.4704520000   6.8608480000  -3.5215700000   1.5257500000   6.1370650000  -0.0175500000  -0.0060360000  -0.0377580000   0.0174660000   0.0060870000   0.0378190000  -0.0141030000   0.0009140000   0.0000200000   0.0370170000  -0.0023040000   0.0054500000  -0.0228300000   0.0013380000  -0.0055300000
   6.8491519724   6.1738577184 1507  5.82E+00   0.9233840000   1.4503930000   1.5665710000   0.2457000000   0.1330990000   2.0979370000   0.0461370000   0.9986720000   8.3052790000  -0.4997850000  -0.0062780000   8.1059580000  -0.9562090000  -1.0623930000   8.0344960000   0.0174870000   0.0339950000  -0.0137230000  -0.0175250000  -0.0339760000   0.0138440000  -0.0097570000  -0.0333730000   0.0050360000  -0.0164630000  -0.0090210000  -0.0192230000   0.0262590000   0.0423760000   0.0140650000
   6.8494407928   6.1745811884 1559  2.15E+00   0.4538930000  -1.8995640000   2.0576920000  -0.0230740000  -0.5583380000   2.0953130000   0.1386670000   0.1454240000   8.2275240000   0.0781720000   1.3035660000   8.1003430000  -0.1107120000   2.4718220000   8.0986300000  -0.0050210000   0.0141190000   0.0003680000   0.0050420000  -0.0139890000  -0.0003310000  -0.0095450000   0.0205400000   0.0079680000   0.0200930000  -0.0342290000  -0.0174780000  -0.0105690000   0.0135590000   0.0094730000
   6.8457968199   6.1733844064 1816  2.33E+00   1.0862950000  -1.5041650000   2.5643410000   0.4344920000  -0.3997390000   1.8427120000   0.0629790000   0.5246060000   7.9351860000  -0.7722870000   1.0154690000   8.6522020000  -1.7216260000   1.4919180000   9.2063170000   0.0033210000  -0.0056650000   0.0035950000  -0.0033950000   0.0056390000  -0.0039660000   0.0268370000  -0.0202790000  -0.0366330000   0.0158520000   0.0030510000   0.0251510000  -0.0426150000   0.0172530000   0.0118530000
   6.8463716826   6.1724447276 1857  3.93E+00   0.5912260000  -1.3712960000   1.7794350000  -0.0054820000   0.0153630000   1.9890050000   1.1631020000   0.3958290000   8.5983310000  -0.0253680000   0.2693890000   8.3976500000  -1.1539280000   0.0992860000   8.0530880000   0.0105010000  -0.0243820000  -0.0036760000  -0.0104200000   0.0244000000   0.0036430000   0.0651910000   0.0041180000   0.0031460000  -0.0383150000   0.0028650000   0.0129330000  -0.0269570000  -0.0070010000  -0.0160460000
   6.8491376288   6.1741611579 2069  5.02E+00  -1.0700650000   0.2118860000   1.6337520000  -1.2677610000   1.1974300000   2.5844960000   2.3652920000  -2.2851360000   6.1612160000   2.2644990000  -1.8880170000   7.2356960000   2.3336830000  -1.6034690000   8.3976330000  -0.0055580000   0.0276120000   0.0265830000   0.0054770000  -0.0275000000  -0.0264850000   0.0076730000   0.0105090000   0.0587130000  -0.0215650000  -0.0110630000  -0.0997860000   0.0139740000   0.0004420000   0.0409740000
   6.8456504867   6.1740508967 2280  2.55E+00   0.8916990000  -1.9410440000   2.9498470000  -0.4194150000  -1.5440580000   2.3649490000   0.6479620000   3.3986750000   8.7437920000   0.7236390000   3.0406410000   7.6421280000   0.8472840000   2.8400970000   6.5235020000   0.0129810000  -0.0040050000   0.0057930000  -0.0130850000   0.0036800000  -0.0059010000   0.0056570000   0.0025960000  -0.0301900000  -0.0012600000  -0.0288430000  -0.0438760000  -0.0042930000   0.0265720000   0.0741730000
   6.8484268969   6.1742595949 2520  3.79E-01   0.6789170000  -1.3420300000   2.0991150000  -0.0349570000  -0.0972620000   1.8238770000   0.8862750000   0.7630760000   7.8681000000   0.0562100000   0.4785750000   8.6716780000  -0.7966610000   0.1356360000   9.3821590000   0.0014640000  -0.0026480000   0.0005420000  -0.0016490000   0.0025370000  -0.0007890000   0.0132740000   0.0015070000  -0.0182560000  -0.0272130000  -0.0039210000   0.0370040000   0.0141230000   0.0025250000  -0.0185010000
   6.8451595884   6.1715181803 2547  5.75E+00   0.2654650000  -2.4085510000   2.8414040000   0.4276600000  -1.1108160000   2.3271880000  -0.8585480000   2.9892640000   6.7569340000  -0.8936700000   2.2892410000   7.6832390000  -0.6231340000   1.6793160000   8.6749170000   0.0029000000   0.0234290000  -0.0092300000  -0.0029490000  -0.0235160000   0.0092940000   0.0193220000  -0.0133820000   0.0329300000  -0.0457470000   0.0202460000  -0.0602380000   0.0264740000  -0.0067750000   0.0272440000
   6.8486604804   6.1708836255 2580  2.97E+00   0.9926100000   0.8679210000   2.0636750000  -0.0102090000  -0.0093850000   1.7451260000   0.7575660000   0.2849060000   7.8609840000   0.0207390000   0.2293010000   8.8128810000  -0.7846850000   0.2228230000   9.6788080000  -0.0350050000  -0.0305970000  -0.0112020000   0.0348410000   0.0305760000   0.0108290000   0.0253790000   0.0052100000  -0.0411150000  -0.0066550000  -0.0080400000   0.0306770000  -0.0185610000   0.0028510000   0.0108110000
   6.8472940809   6.1701304611 2610  6.11E+00  -1.4148110000   2.1731350000   2.3576670000  -0.4993470000   1.0987890000   2.4288970000   0.7612450000  -0.8501750000   8.1457980000   0.9025600000  -1.7503800000   7.4685630000   1.1442040000  -2.7726810000   6.9697320000   0.0135080000  -0.0158470000   0.0010370000  -0.0134780000   0.0157740000  -0.0008470000   0.0197420000  -0.0843920000  -0.0407990000  -0.0203880000   0.0629430000   0.0099760000   0.0006160000   0.0215220000   0.0306320000
   6.8456621563   6.1710054949 2612  6.96E+00  -0.5420820000   0.8854430000   2.0612010000  -0.3882340000  -0.4443750000   1.7363760000   0.4854080000   1.4092860000   9.9459660000   0.7146340000   1.0228280000   8.7891190000   0.9512070000   0.6740850000   7.6555190000   0.0047200000  -0.0411330000  -0.0101170000  -0.0048760000   0.0411110000   0.0097700000  -0.0195990000   0.0357920000   0.1027550000   0.0069280000  -0.0201760000  -0.0476110000   0.0128270000  -0.0155940000  -0.0547980000
   6.8473772275   6.1731981106 2672  2.83E+00  -0.9851440000   0.7825620000   2.0865070000  -0.7119020000  -0.5481080000   1.8957550000   1.6167350000   0.9656760000   7.4088560000   1.3175960000   1.1613380000   8.5239360000   1.0116300000   1.5382700000   9.5941320000   0.0092060000  -0.0451250000  -0.0065140000  -0.0094620000   0.0450390000   0.0062350000  -0.0032820000   0.0149590000   0.0122790000   0.0041920000  -0.0276120000  -0.0107120000  -0.0006550000   0.0127390000  -0.0012880000
   6.8498507121   6.1705443761 2747  1.66E+00  -0.3942910000  -1.2437160000   2.2545580000   0.6759920000  -0.4362340000   1.8256450000  -1.4297230000   0.8393040000   9.7572740000  -1.1443500000   1.0860040000   8.6522350000  -1.0624460000   1.2901280000   7.4889590000   0.0182350000   0.0136790000  -0.0073640000  -0.0180850000  -0.0139050000   0.0070070000  -0.0107940000  -0.0002480000  -0.0146030000   0.0241690000   0.0013080000   0.0246680000  -0.0135240000  -0.0008330000  -0.0097080000
   6.8466898303   6.1713171654 2837  7.36E+00   0.6740470000   1.3706950000   1.6589140000  -0.0079590000  -0.0161720000   1.9545570000  -0.6645730000  -0.6619730000   8.0567660000   0.0898500000   0.1964750000   8.3788160000   0.5944000000   1.1965640000   8.7884320000   0.0176210000   0.0357860000  -0.0075800000  -0.0175000000  -0.0357210000   0.0075970000  -0.0259960000  -0.0025440000   0.0030150000   0.0301930000  -0.0294140000  -0.0190220000  -0.0043170000   0.0318930000   0.0159900000
   6.8459968214   6.1718339563 3038  2.77E+00  -1.0370190000   0.8914180000   1.9130030000   0.0160590000  -0.0097050000   1.8365580000  -0.9171610000   0.5468490000   9.2754200000  -0.0165220000   0.1878920000   8.6458560000   0.9146970000  -0.0079180000   7.9426190000   0.0270790000  -0.0232140000  -0.0019690000  -0.0272830000   0.0232330000   0.0017750000   0.0305860000  -0.0001800000  -0.0241920000  -0.0381930000  -0.0098070000   0.0315110000   0.0078100000   0.0099680000  -0.0071250000
   6.8465071725   6.1724839310 3049  1.62E+00  -1.5103270000  -0.7159780000   2.2074880000  -0.2602740000  -0.1117510000   1.8433930000  -0.1340500000   1.1627990000   9.3082920000   0.5041380000   0.4144740000   8.6525380000   1.1506250000  -0.1830470000   7.8520400000   0.0078320000   0.0038230000  -0.0023030000  -0.0080170000  -0.0037510000   0.0020980000  -0.0073620000   0.0190420000  -0.0002770000  -0.0051510000  -0.0179600000   0.0222810000   0.0126980000  -0.0011540000  -0.0217990000
   6.8495704813   6.1736574697 3231  6.35E-01   1.4113500000  -0.1268370000   2.3366730000   0.1175270000   0.2243350000   1.6381560000  -0.4179960000  -0.0809500000  10.1398560000  -0.2671560000  -0.1695500000   8.9772610000  -0.0573290000  -0.2164890000   7.7935720000   0.0194800000  -0.0052710000   0.0103640000  -0.0194520000   0.0053180000  -0.0108720000   0.0022890000   0.0032940000   0.0089700000  -0.0134820000  -0.0040460000   0.0345000000   0.0111660000   0.0007040000  -0.0429630000
   6.8462810988   6.1726789848 3244  7.49E+00  -1.6487980000  -0.3665170000   2.5388850000  -0.3965550000   0.0561250000   1.6719910000   0.8903820000   0.2634270000  10.0475250000   0.8167140000   0.2632420000   8.8946870000   0.5808810000  -0.0305830000   7.7661740000  -0.0335680000  -0.0113000000   0.0230660000   0.0334530000   0.0113620000  -0.0235800000  -0.0138890000  -0.0204720000  -0.0394410000   0.0268890000   0.0434300000   0.0460120000  -0.0128850000  -0.0230190000  -0.0060570000
   6.8455522013   6.1705941513 3247  6.63E+00  -0.4374770000  -1.4987680000   1.9121850000   0.0062340000   0.0189390000   1.8725330000  -0.8035210000  -0.2705100000   9.1885540000  -0.0041520000   0.2316630000   8.5212260000   0.8030680000   0.7841170000   7.9434300000  -0.0119750000  -0.0408660000   0.0011120000   0.0118420000   0.0407680000  -0.0011530000   0.0302380000   0.0225540000  -0.0169390000   0.0336450000   0.0175600000  -0.0380010000  -0.0637500000  -0.0400160000   0.0549810000
   6.8471855513   6.1740865912 3289  2.86E+00   0.2697850000   2.2152370000   2.3185000000  -0.8154670000   1.3790470000   2.5346170000   1.7109450000  -2.8004460000   6.3119740000   1.4847380000  -2.2732460000   7.3445680000   1.2301090000  -1.8322260000   8.3711130000  -0.0285620000  -0.0219860000   0.0057180000   0.0284930000   0.0221430000  -0.0056140000  -0.0004490000  -0.0092510000  -0.0028380000  -0.0107460000   0.0380920000   0.0546140000   0.0112640000  -0.0289980000  -0.0518800000
   6.8485600873   6.1714501425 3386  1.50E+00   1.5233680000   0.4193560000   2.4292640000   0.4105170000   1.2021390000   1.9335690000  -0.6631810000  -1.6790500000   7.2845240000  -0.7251350000  -2.0098540000   8.4247580000  -0.9386630000  -2.1546780000   9.5824690000  -0.0021540000   0.0016000000  -0.0010690000   0.0023010000  -0.0013740000   0.0006900000  -0.0090890000   0.0160090000  -0.0148270000   0.0226900000  -0.0250700000  -0.0083830000  -0.0137480000   0.0088340000   0.0235890000
   6.8465896718   6.1707270971 3790  6.06E+00  -1.3576780000  -1.4097090000   2.6161800000   0.0744510000  -1.3508030000   2.1659230000   0.5135270000   2.2481260000   7.1591980000  -0.1687800000   2.7516680000   7.9213900000  -0.6731130000   3.2089370000   8.9134670000  -0.0186600000  -0.0007640000   0.0058460000   0.0184930000   0.0006450000  -0.0060220000  -0.0357130000   0.0336090000   0.0714200000   0.0403460000  -0.0459210000  -0.1207410000  -0.0044660000   0.0124310000   0.0494980000
   6.8474724009   6.1748755638 3823  3.96E+00  -0.2997680000  -2.4769170000   2.9645690000  -0.2133830000  -1.1547320000   2.3120850000   0.5380930000   1.2337720000   7.9565000000   0.4672840000   2.4047990000   7.7046490000   0.1956870000   3.5716950000   7.5269500000  -0.0005790000  -0.0087250000   0.0042440000   0.0005860000   0.0088230000  -0.0043600000  -0.0089010000  -0.0404520000   0.0146190000   0.0343260000  -0.0198000000  -0.0104030000  -0.0254320000   0.0601540000  -0.0041000000
