   6.8510879923   6.8015131271  316  3.25E+00   0.1148450000  -0.7550460000   2.5582610000  -0.0003820000   0.0082790000   1.4378260000  -0.3767430000   0.2113950000   8.2258800000  -0.0183380000   0.1994530000   9.3412250000   0.3851830000   0.3327780000  10.4208550000  -0.0045730000   0.0304850000  -0.0448900000   0.0046550000  -0.0305320000   0.0445720000   0.0073140000   0.0100790000   0.0126710000  -0.0010620000  -0.0170190000   0.0150190000  -0.0063330000   0.0069870000  -0.0273720000
   6.8520599343   6.8023306418  506  1.87E+00   1.2084660000   0.6040300000   2.1612010000  -0.0126080000  -0.0057800000   1.6783470000   1.0153950000   0.3869990000   8.3910690000  -0.0091420000   0.2727250000   8.8960650000  -1.0217000000   0.0867490000   9.4136470000  -0.0026150000  -0.0012910000  -0.0010580000   0.0024890000   0.0012850000   0.0010110000  -0.0547400000  -0.0115170000   0.0301090000   0.0111460000   0.0089850000  -0.0099500000   0.0437200000   0.0025380000  -0.0201110000
   6.8544781126   6.8036099892  562  2.30E+00   1.0737460000  -0.4262930000   2.6380970000   1.4011750000   0.7851270000   1.9247460000  -3.3185900000  -1.7745540000   9.1501500000  -2.5796980000  -1.2061700000   8.3850970000  -1.8102980000  -0.5265620000   7.7775250000   0.0011690000   0.0042320000  -0.0025860000  -0.0010970000  -0.0042800000   0.0023340000  -0.0327670000  -0.0199240000   0.0452530000   0.0125480000  -0.0032900000  -0.0406490000   0.0201460000   0.0232630000  -0.0043530000
   6.8508318053   6.8024124881  610  5.27E+00  -1.0276870000  -1.9599640000   3.2005300000   0.2123540000  -1.6762020000   2.5349710000  -0.7888480000   3.8603920000   6.3581290000  -0.2837930000   3.4369830000   7.3542610000   0.0060900000   2.7419930000   8.2603380000   0.0077080000   0.0017490000  -0.0041270000  -0.0076410000  -0.0018090000   0.0041410000  -0.0242830000  -0.0083810000  -0.0248170000   0.0385570000   0.0252610000   0.0305110000  -0.0143410000  -0.0168200000  -0.0057080000
   6.8527117932   6.8010556199  618  7.27E+00  -1.9773450000  -0.1275320000   3.3842940000  -1.4658110000   0.1602450000   2.0279070000   3.0987690000  -0.9979600000   8.7624950000   2.8498690000   0.0295590000   8.2456710000   2.2070350000   0.8711740000   7.7076200000  -0.0035470000  -0.0020170000   0.0092830000   0.0034720000   0.0019030000  -0.0094670000  -0.0283540000  -0.0063740000  -0.0042240000   0.0576830000   0.0151750000   0.0071280000  -0.0292540000  -0.0086870000  -0.0027210000
   6.8518960202   6.8035735445  652  4.72E+00  -0.7014280000  -1.0299220000   2.4318990000   0.0088390000   0.0168920000   1.5742900000  -0.1098140000   1.1321760000   8.2847800000   0.0610180000   0.2793050000   9.1141950000   0.0640550000  -0.6736490000   9.8588140000  -0.0130760000  -0.0193260000   0.0157920000   0.0131080000   0.0192010000  -0.0159060000  -0.0160500000   0.0264600000  -0.0344620000   0.0255250000   0.0270810000   0.0015630000  -0.0095070000  -0.0534160000   0.0330130000
   6.8522456064   6.8005800345  989  6.19E+00   1.3969970000   0.3689210000   1.8313350000   0.1011290000  -0.5431810000   1.9229910000   0.3018740000   0.1836670000   8.6816360000  -0.2676800000   1.1969560000   8.4265210000  -0.6940010000   2.2949910000   8.2745340000   0.0357670000   0.0251910000  -0.0025020000  -0.0358210000  -0.0251510000   0.0026000000   0.0207530000  -0.0156360000   0.0131160000  -0.0216640000  -0.0102210000  -0.0180050000   0.0009650000   0.0258170000   0.0047910000
   6.8540474560   6.8039420137  989  6.30E+00   1.4000500000   0.3661040000   1.8332800000   0.1012210000  -0.5437860000   1.9214470000   0.3022000000   0.1834050000   8.6834310000  -0.2677250000   1.1988220000   8.4289660000  -0.6949460000   2.2970540000   8.2784920000   0.0360020000   0.0252380000  -0.0024160000  -0.0360560000  -0.0251960000   0.0025130000   0.0221870000  -0.0185160000   0.0137940000  -0.0227060000  -0.0079510000  -0.0186170000   0.0005730000   0.0264250000   0.0047260000
   6.8536789455   6.8000683343 1266  3.13E+00  -0.7412990000  -1.1537710000   2.0085930000   0.0101260000   0.0138760000   1.8160390000   1.1387770000   0.4843920000   8.5052610000   0.0241680000   0.1877450000   8.6859660000  -1.1607860000   0.0657380000   8.7791210000   0.0146900000   0.0228050000  -0.0037310000  -0.0146810000  -0.0228330000   0.0037820000  -0.0194240000   0.0074960000  -0.0019940000   0.0544260000  -0.0157900000   0.0040000000  -0.0350110000   0.0083230000  -0.0020560000
   6.8521465652   6.8036506973 1657  1.81E+00  -1.2118600000  -0.7908550000   1.9656650000   0.0131680000   0.0059330000   1.8524260000   0.5345130000   1.2886130000   8.5652780000   0.0536410000   0.2342820000   8.6214530000  -0.5641990000  -0.7566170000   8.5885100000  -0.0042160000  -0.0027380000   0.0003920000   0.0042580000   0.0027520000  -0.0003560000  -0.0231860000  -0.0252660000  -0.0034330000   0.0229750000   0.0050710000   0.0077240000   0.0001700000   0.0201810000  -0.0043270000
   6.8526007014   6.8014456550 1745  1.71E+00  -0.3368810000   1.1117410000   2.3586810000  -0.0342010000  -0.0946860000   1.5205520000  -0.3289110000   1.0476110000  10.0815050000   0.0233470000   0.3747230000   9.1620020000   0.5034200000  -0.2383970000   8.2991930000  -0.0037850000   0.0149900000   0.0103780000   0.0036910000  -0.0149010000  -0.0105110000  -0.0007470000   0.0213870000   0.0282190000   0.0036700000  -0.0397760000  -0.0538720000  -0.0028290000   0.0183000000   0.0257870000
   6.8514183576   6.8030065053 2208  1.69E+00  -1.0025980000   0.6419920000   2.4569800000  -0.6304830000  -0.4601740000   1.6788750000   0.1773060000   1.0432560000   8.2643190000   1.1392510000   1.0721430000   8.9507760000   2.1794130000   1.0973400000   9.4780500000   0.0076670000  -0.0226720000  -0.0160850000  -0.0076000000   0.0226160000   0.0158430000   0.0001050000  -0.0001050000  -0.0128420000   0.0074420000   0.0006270000   0.0297890000  -0.0076150000  -0.0004660000  -0.0167050000
   6.8526178094   6.8013238585 2208  2.00E+00  -1.0080030000   0.6274780000   2.4610250000  -0.6307420000  -0.4601710000   1.6781510000   0.1776930000   1.0408110000   8.2623360000   1.1406070000   1.0765620000   8.9525710000   2.1796440000   1.0973650000   9.4820460000   0.0090260000  -0.0259860000  -0.0187840000  -0.0089590000   0.0259300000   0.0185370000  -0.0046500000  -0.0010580000  -0.0161650000   0.0121180000   0.0022670000   0.0330540000  -0.0075350000  -0.0011530000  -0.0166410000
   6.8516649769   6.8038746741 2371  1.23E+01  -0.4901960000   1.9286560000   2.5015720000   0.4352650000   0.7024310000   1.8664250000  -0.0049460000  -1.9367290000   8.7148550000  -0.8465470000  -1.1191450000   8.6276830000  -1.5024890000  -0.1650780000   8.3305760000  -0.0320110000   0.0424490000   0.0219390000   0.0320700000  -0.0425010000  -0.0220310000   0.0117590000   0.0087950000  -0.0128540000  -0.0087260000  -0.0388610000   0.0319260000  -0.0030920000   0.0301190000  -0.0189790000
   6.8508271501   6.8016020544 3051  8.62E+00  -1.6264790000   0.0245230000   2.4744260000  -0.5181280000   0.0240970000   1.6962680000   0.4739870000   0.9230350000   9.5937150000   0.9979350000   0.2699070000   8.7978800000   1.4669950000  -0.5598710000   8.1754700000   0.0483010000   0.0000200000  -0.0338830000  -0.0483590000   0.0001060000   0.0339040000   0.0185870000  -0.0419430000  -0.0200230000   0.0223680000  -0.0100990000  -0.0444510000  -0.0408980000   0.0519150000   0.0644530000
   6.8514616071   6.8029646657 3232  1.06E+01   0.5264590000   0.8615080000   2.2351640000  -0.2566850000  -0.2757780000   1.5833160000   0.6768740000   1.6994560000   9.7602440000   0.5666230000   0.6591210000   9.0835180000   0.1465390000  -0.1835540000   8.3736940000   0.0142520000   0.0206830000   0.0118380000  -0.0141900000  -0.0206170000  -0.0119380000  -0.0090380000   0.0950470000   0.0531120000   0.0285750000  -0.1031050000  -0.0496600000  -0.0195990000   0.0079920000  -0.0033520000
   6.8521010743   6.8019372301 3388  1.55E+00   0.1343480000   1.3202850000   2.1113850000   0.0010740000  -0.0185270000   1.6872520000  -0.6460400000   1.1038500000   9.3393580000   0.0121530000   0.2732700000   8.8819180000   0.6230860000  -0.6119740000   8.4346420000  -0.0021200000  -0.0210700000  -0.0066520000   0.0020570000   0.0211720000   0.0066510000   0.0206610000  -0.0342530000  -0.0150750000  -0.0040160000   0.0189550000   0.0029790000  -0.0165810000   0.0151950000   0.0120980000
   6.8531368891   6.8040700394 3416  1.18E+01   0.0031700000  -0.5649560000   2.0810480000   1.2236140000  -1.4714940000   2.3952610000  -2.4517120000   2.9228110000   8.8081760000  -2.2726050000   2.8689240000   7.5577990000  -1.9534740000   2.9957680000   6.4257760000  -0.0276220000   0.0204670000  -0.0071300000   0.0276530000  -0.0206170000   0.0071220000  -0.0107020000   0.0153330000   0.1316340000  -0.0009990000  -0.0276450000  -0.1216970000   0.0116700000   0.0124610000  -0.0099290000
   6.8522669135   6.8030003208 3496  5.29E+00   0.5068040000  -1.0719820000   2.2978310000   0.3004130000   0.3208680000   1.5912110000  -0.1507870000   0.2723720000   9.9753870000  -0.5526030000  -0.2842840000   9.0217250000  -0.9666400000  -0.9062420000   8.1615680000   0.0054170000  -0.0362600000   0.0183640000  -0.0053180000   0.0363680000  -0.0184580000  -0.0020780000  -0.0062700000   0.0048160000  -0.0259460000  -0.0327220000  -0.0736940000   0.0279250000   0.0388840000   0.0689720000
   6.8500808056   6.8005750448 3504  4.08E+00   1.0170210000  -0.2183490000   2.7654680000   0.5249450000  -0.1712440000   1.4770530000  -0.8670310000   0.5102630000   8.0986670000  -0.9621840000   0.6349850000   9.2676350000  -1.0964390000   0.5697180000  10.3943510000  -0.0145820000   0.0013850000  -0.0384660000   0.0147140000  -0.0014210000   0.0380910000  -0.0036490000  -0.0131390000   0.0030080000  -0.0030350000   0.0223350000   0.0795550000   0.0065530000  -0.0091600000  -0.0821890000
   6.8517732837   6.8001570993 3525  3.25E+00   0.5600110000   1.7026530000   2.1160500000   0.2518450000   0.2761670000   1.8020210000  -0.9337120000  -1.3052000000   8.3086230000  -0.4336500000  -0.2721250000   8.6013940000  -0.0338090000   0.7106370000   9.1024860000   0.0032950000   0.0152460000   0.0034250000  -0.0032710000  -0.0152090000  -0.0032850000  -0.0115460000  -0.0133570000   0.0124320000   0.0203040000   0.0218040000  -0.0248610000  -0.0087820000  -0.0084840000   0.0122890000
   6.8523268127   6.8028879981 3693  3.84E+00   0.1588040000  -1.1231420000   2.3802980000  -0.0041930000   0.0109760000   1.6096900000  -0.9369190000   0.1050610000   8.3476760000  -0.0512630000   0.2646680000   9.0873270000   0.9863390000   0.3998720000   9.6425410000  -0.0047450000   0.0332400000  -0.0226140000   0.0048510000  -0.0332350000   0.0224900000   0.0293420000   0.0019330000   0.0051800000  -0.0518660000  -0.0019340000   0.0001710000   0.0224180000  -0.0000040000  -0.0052270000
   6.8516540659   6.8024083365 3777  3.03E+00  -0.3927810000   2.5324020000   3.0540360000   0.6239070000   1.6971040000   2.5589130000  -0.9685840000  -3.8645490000   6.6218690000  -1.1219460000  -2.8525880000   7.2272080000  -1.2803720000  -1.9416490000   7.9816390000   0.0180920000  -0.0148980000  -0.0088120000  -0.0181170000   0.0147690000   0.0088490000   0.0027380000  -0.0287930000  -0.0031050000   0.0019980000   0.0127090000  -0.0265100000  -0.0047120000   0.0162140000   0.0295780000
   6.8542181458   6.8039719505 3849  4.07E+00  -1.1373750000   0.0709360000   2.3344900000  -0.5095150000  -1.1251070000   1.9067920000   0.5794040000   2.1411510000   9.5604110000   0.9442030000   2.3178780000   8.4662590000   1.3280850000   2.4210890000   7.4151270000   0.0082760000  -0.0158670000  -0.0056690000  -0.0083900000   0.0157600000   0.0056240000   0.0083640000  -0.0020420000  -0.0162480000   0.0308240000   0.0179920000  -0.1008310000  -0.0390740000  -0.0158430000   0.1171230000
   6.8518271331   6.8048518570 3867  3.48E+00   0.0056110000  -1.4686140000   2.2114220000  -0.0013860000   0.0153290000   1.7099570000  -0.2437280000  -0.8182150000   8.4592150000   0.0003530000   0.2438780000   8.8457930000   0.2500310000   1.3387840000   9.2222050000   0.0001820000  -0.0367440000   0.0123990000  -0.0001590000   0.0368340000  -0.0124140000   0.0084190000   0.0373560000   0.0136620000  -0.0122410000  -0.0547280000  -0.0190380000   0.0037980000   0.0172820000   0.0053910000
   6.8543355994   6.8004991639 3925  8.15E+00  -1.4977720000  -0.6972390000   3.3019700000  -0.9098720000  -1.2169350000   1.9194500000   2.0324330000   2.5979150000   9.5897910000   1.6875130000   2.5233650000   8.4462470000   1.3392450000   2.3170720000   7.2766000000  -0.0164720000   0.0144030000   0.0384850000   0.0163190000  -0.0146350000  -0.0387080000   0.0139570000  -0.0039120000   0.0453370000   0.0124570000   0.0262090000   0.0447870000  -0.0262610000  -0.0220640000  -0.0899010000
   6.8516920656   6.8049649284 3946  9.87E+00   0.6436510000  -0.9543900000   1.9122500000  -0.8979140000  -0.8367940000   2.1995120000   2.6055570000   2.0959070000   7.3933750000   1.6674620000   1.8496840000   8.0794750000   0.5865320000   1.4424940000   8.4372050000   0.0395610000  -0.0030310000  -0.0073810000  -0.0395650000   0.0030100000   0.0073170000   0.0046190000  -0.0061450000  -0.0292370000   0.0467610000   0.0318830000   0.0346240000  -0.0513760000  -0.0257180000  -0.0053230000
   6.8545925650   6.8026294950 3946  9.92E+00   0.6465750000  -0.9525520000   1.9086730000  -0.8983190000  -0.8371210000   2.1992840000   2.6076600000   2.0958870000   7.3976770000   1.6664330000   1.8514050000   8.0798280000   0.5870380000   1.4427390000   8.4340030000   0.0404340000  -0.0030340000  -0.0076160000  -0.0404390000   0.0030140000   0.0075510000   0.0045050000  -0.0065270000  -0.0289600000   0.0440080000   0.0316070000   0.0354020000  -0.0485080000  -0.0250600000  -0.0063780000
   6.8530068214   6.8022954384 3958  3.01E+00   1.4684990000   0.2999750000   1.9067500000  -0.0196550000  -0.0047130000   1.8296530000  -1.1009460000  -0.1812770000   8.7819190000   0.0188960000   0.2180930000   8.6041860000   1.0924010000   0.7098710000   8.5022780000   0.0252060000   0.0051520000   0.0013220000  -0.0252410000  -0.0051840000  -0.0012340000  -0.0468020000  -0.0100630000   0.0126970000   0.0317840000  -0.0037330000  -0.0170540000   0.0150530000   0.0138280000   0.0042700000
   6.8500591947   6.8026184271 3964  3.13E+00   0.8252420000  -1.4010940000   3.1619970000   0.1134910000  -1.5150740000   1.9985310000  -0.0324880000   1.9584160000   7.8456820000  -0.2525340000   3.0594360000   8.2477990000  -0.3967290000   4.0874730000   8.7835540000  -0.0253280000  -0.0040940000  -0.0415180000   0.0253180000   0.0040360000   0.0412170000   0.0094100000  -0.0267860000   0.0017390000  -0.0153630000   0.0390170000  -0.0064200000   0.0059630000  -0.0121730000   0.0049810000
   6.8526709303   6.8042351621 3964  7.96E+00  -0.8912570000  -0.9912860000   2.9996120000   0.1417000000  -1.6006390000   1.9554320000  -0.2213500000   2.4291840000   7.4259290000  -0.1781970000   3.1466830000   8.4151320000  -0.2964130000   3.9527250000   9.3031680000  -0.0288760000   0.0169240000   0.0290460000   0.0288780000  -0.0171500000  -0.0293340000  -0.0115330000  -0.0378630000  -0.0645800000   0.0261980000  -0.0061660000   0.0270480000  -0.0146670000   0.0442560000   0.0378190000
