   6.8596254052   6.7153805227  172  3.64E+00   0.7178580000   0.9703760000   2.5830390000   0.0612710000   0.1375370000   1.4446650000  -0.2225520000  -0.2299500000  10.4666300000  -0.1786470000   0.0457500000   9.3206800000   0.0054350000   0.1352470000   8.1598130000   0.0152270000   0.0193230000   0.0262380000  -0.0152320000  -0.0192970000  -0.0265960000   0.0088730000  -0.0144220000   0.0082920000  -0.0180000000   0.0267590000  -0.0088240000   0.0091320000  -0.0123640000   0.0008890000
   6.8593990809   6.7180241775  298  1.12E+01   1.1499130000  -2.2520920000   3.6336450000   0.1582050000  -1.6009390000   2.4267880000  -0.1041400000   3.7446600000   6.4872800000  -0.3044560000   3.2201450000   7.5054390000  -0.5298690000   2.6630290000   8.5307080000   0.0361250000  -0.0237040000   0.0440030000  -0.0361390000   0.0236820000  -0.0439360000  -0.0059170000  -0.0117680000   0.0223000000   0.0121650000   0.0241800000  -0.0437940000  -0.0062330000  -0.0123900000   0.0214270000
   6.8599242006   6.7186670816  574  1.52E+00  -0.8771550000  -1.1249400000   2.1651790000   0.0114920000   0.0180230000   1.7247080000   0.6490130000   1.1055370000   8.3240540000  -0.0091400000   0.2590750000   8.8277320000  -0.6442820000  -0.6314880000   9.3001650000  -0.0136840000  -0.0175900000   0.0068000000   0.0136220000   0.0175180000  -0.0067910000   0.0114250000   0.0102130000  -0.0079540000   0.0041780000   0.0163310000  -0.0037090000  -0.0155400000  -0.0264720000   0.0116550000
   6.8560239981   6.7173181357  613  2.08E+00   0.7717310000  -0.7974440000   2.4536710000  -0.1898890000  -0.3335300000   1.5725400000   0.1430130000   0.3811610000  10.1439270000   0.2783500000   0.8928680000   9.0797170000   0.5477630000   1.3522110000   8.0329200000  -0.0265520000   0.0127520000  -0.0243600000   0.0264830000  -0.0129040000   0.0241810000   0.0056220000  -0.0146050000   0.0252630000  -0.0133760000   0.0191740000  -0.0313200000   0.0078230000  -0.0044170000   0.0062360000
   6.8591234381   6.7176678348  666  2.79E+00  -1.1177430000   0.7374810000   2.2513410000   0.0145730000  -0.0065220000   1.5918180000   0.0742770000   1.0759480000   8.2214300000  -0.0401920000   0.2060210000   9.0044150000  -0.0464630000  -0.5568230000   9.9284140000  -0.0158410000   0.0103490000   0.0091800000   0.0158010000  -0.0105040000  -0.0092920000   0.0067860000   0.0058520000   0.0115510000  -0.0133820000   0.0132640000  -0.0521090000   0.0066360000  -0.0189610000   0.0406710000
   6.8590001791   6.7189308964  678  5.79E+00  -0.3040210000  -0.1225900000   2.1862810000  -1.7352410000  -0.7530900000   2.2765090000   2.7644890000   1.5298060000   6.7132700000   3.2638100000   1.6202560000   7.7790400000   3.4707440000   1.7103840000   8.9410450000   0.0354020000   0.0155780000  -0.0023360000  -0.0356210000  -0.0157220000   0.0021270000  -0.0184730000   0.0004970000   0.0071010000   0.0354010000  -0.0014840000  -0.0268080000  -0.0167100000   0.0011320000   0.0199160000
   6.8589688055   6.7182266838  929  6.59E+00  -0.1003330000   0.2891640000   1.9274130000   0.1359130000  -1.0410140000   1.9399240000   0.2924080000   1.1050490000   8.3042380000  -0.2075610000   2.1408230000   8.5308450000  -0.8090530000   3.1563750000   8.4829920000   0.0107300000  -0.0604440000   0.0005530000  -0.0107670000   0.0604790000  -0.0006890000  -0.0125030000   0.0107790000  -0.0145610000   0.0226740000  -0.0151900000   0.0327950000  -0.0101340000   0.0043760000  -0.0180970000
   6.8559087769   6.7167324242  929  6.64E+00  -0.1041540000   0.2897960000   1.9332230000   0.1360380000  -1.0416290000   1.9392040000   0.2917820000   1.1059960000   8.3014320000  -0.2050150000   2.1416470000   8.5335230000  -0.8107260000   3.1578430000   8.4870160000   0.0106440000  -0.0590280000   0.0002490000  -0.0106800000   0.0590620000  -0.0003850000  -0.0132090000   0.0113990000  -0.0145860000   0.0261240000  -0.0196460000   0.0331900000  -0.0128790000   0.0082140000  -0.0184680000
   6.8586110314   6.7167405146 1253  4.80E+00   1.3716250000   0.4419040000   2.9490940000   1.0932760000  -0.2357510000   1.6701340000  -2.3070120000   0.8485610000  10.0680500000  -2.0294560000   0.6135770000   8.9025570000  -1.7159870000   0.5280630000   7.7231690000   0.0016850000   0.0039060000   0.0072800000  -0.0014960000  -0.0039400000  -0.0075640000  -0.0170330000   0.0238090000   0.0784540000  -0.0043730000  -0.0263070000  -0.0033680000   0.0212170000   0.0025310000  -0.0748020000
   6.8579169254   6.7178003291 1351  5.96E+00   0.3133090000   0.0816140000   2.1752760000  -0.5232090000  -1.2408260000   1.8834830000   0.8242910000   2.4089640000   7.3599890000   0.8848410000   2.5462120000   8.5494530000   1.1047550000   2.5591200000   9.6795380000   0.0235070000   0.0371070000   0.0080700000  -0.0235940000  -0.0373570000  -0.0083640000   0.0093600000  -0.0110060000  -0.0337870000  -0.0116850000   0.0198870000   0.0803850000   0.0024120000  -0.0086320000  -0.0463040000
   6.8586835124   6.7185457543 1539  9.02E+00   0.9840060000   0.6515740000   2.5254670000   0.3399950000   0.0337990000   1.5125730000  -0.7547780000   0.7164020000  10.2342570000  -0.5744550000   0.2457540000   9.1924040000  -0.5739940000  -0.4230690000   8.1529610000  -0.0296680000  -0.0284310000  -0.0467870000   0.0297610000   0.0285950000   0.0464650000  -0.0066670000  -0.0232470000  -0.0243650000   0.0177760000   0.0807300000   0.0933850000  -0.0112010000  -0.0576480000  -0.0686980000
   6.8553645056   6.7154121645 2133  1.46E+01  -2.3479400000   0.1247760000   3.4778520000  -1.6404140000  -1.1185220000   2.6919060000   1.8331240000   2.5107070000   7.1483610000   3.0467580000   2.2815710000   7.1167380000   4.2202380000   2.0425110000   6.8471710000  -0.0228870000   0.0401060000   0.0253250000   0.0228740000  -0.0402350000  -0.0254510000  -0.0931370000   0.0175560000  -0.0088790000   0.0100460000   0.0000760000   0.0403050000   0.0831040000  -0.0175030000  -0.0312990000
   6.8569645819   6.7173225277 2173  2.23E+00  -1.1165990000   0.8907710000   2.1535890000   0.0158010000  -0.0156670000   1.6906520000   0.3244200000  -0.7239210000   8.3633990000   0.0207820000   0.2545850000   8.8855720000  -0.3485880000   1.2426050000   9.3882170000  -0.0195900000   0.0157070000   0.0080330000   0.0195660000  -0.0156040000  -0.0080540000  -0.0190720000   0.0473420000   0.0252210000   0.0190230000  -0.0355420000  -0.0183340000   0.0000730000  -0.0119030000  -0.0068650000
   6.8596777824   6.7176858251 3041  6.14E+00   1.6592220000   0.1805250000   2.4774400000   0.5911470000  -0.2931760000   1.7734650000  -0.2571850000   0.7072510000   9.5543380000  -1.1197700000   0.8595120000   8.7121300000  -1.9590750000   0.7880050000   7.8934910000  -0.0405900000  -0.0180000000  -0.0267430000   0.0406930000   0.0180220000   0.0267480000   0.0468410000  -0.0215910000   0.0468470000  -0.0487570000   0.0349190000  -0.0506380000   0.0018140000  -0.0133500000   0.0037860000
   6.8573445017   6.7175396838 3277  2.96E+00   0.4793660000  -1.8348860000   4.6262570000   0.1890560000  -2.5368250000   3.3596860000  -0.5182020000   3.7167250000   5.7087790000  -0.3040970000   4.8852880000   5.7436740000  -0.2279080000   6.0887050000   5.9101030000   0.0019480000   0.0045230000   0.0083030000  -0.0018560000  -0.0047700000  -0.0084300000  -0.0124880000  -0.0196400000   0.0074520000   0.0159120000  -0.0542080000  -0.0250000000  -0.0035160000   0.0740950000   0.0176750000
   6.8575419624   6.7156157298 3584  1.26E+00   0.5096570000   1.5548640000   2.4004510000   0.0775810000   0.3746070000   1.6839170000   0.0769490000   0.4258390000   9.5888120000  -0.1879860000  -0.4678530000   8.9156480000  -0.3553960000  -1.3557900000   8.1583090000  -0.0010390000  -0.0028060000  -0.0017120000   0.0010610000   0.0029610000   0.0016450000  -0.0047790000  -0.0386800000  -0.0344360000  -0.0018960000   0.0387160000   0.0388130000   0.0066530000  -0.0001900000  -0.0043100000
   6.8583843699   6.7157755160 3667  2.64E+00   0.5015120000  -1.2913820000   1.8365480000  -0.0044300000   0.0137040000   1.8774590000   0.8191420000  -0.5795260000   8.5160920000  -0.0050090000   0.2382270000   8.5029690000  -0.8248540000   1.1012860000   8.6097580000  -0.0102340000   0.0263830000   0.0008510000   0.0102200000  -0.0263710000  -0.0007300000  -0.0187670000   0.0219410000   0.0089010000   0.0407350000  -0.0483880000  -0.0210360000  -0.0219550000   0.0264350000   0.0120140000
   6.8562580128   6.7175544771 3773  2.53E+00   1.5991690000  -1.6194950000   2.6241360000   0.2736190000  -1.1020070000   2.2315310000   0.1712870000   1.5790420000   8.4782170000  -0.5735320000   2.2357400000   7.8610060000  -1.2080090000   3.0359990000   7.3116120000   0.0084430000  -0.0032870000   0.0025180000  -0.0084940000   0.0033360000  -0.0024140000  -0.0034150000   0.0205110000  -0.0031130000  -0.0231890000  -0.0072990000  -0.0194570000   0.0266560000  -0.0132610000   0.0224670000
