   6.8602683989   6.1786993784   97  5.47E+00   0.2338900000   1.4991030000   2.0140350000  -0.2296370000   0.2337830000   1.8505840000   0.1988650000   0.7969350000   7.9886270000   0.3929400000  -0.1965960000   8.6595290000   0.6382850000  -1.2236950000   9.1427280000  -0.0193600000  -0.0528760000  -0.0069000000   0.0193630000   0.0526950000   0.0065880000  -0.0059220000   0.0453860000  -0.0417800000   0.0070620000  -0.0615120000   0.0619440000  -0.0011430000   0.0163070000  -0.0198520000
   6.8607406837   6.1751617025  387  5.21E+00  -0.7462580000  -1.1085840000   1.8643790000   0.0066220000   0.0148590000   1.8854380000   1.0187390000   0.2165970000   7.9737500000   0.0042530000   0.2147750000   8.5543130000  -1.0079850000   0.3054800000   9.0719530000   0.0335120000   0.0500690000   0.0009510000  -0.0337110000  -0.0500920000  -0.0010800000  -0.0175900000   0.0068970000   0.0077500000  -0.0466430000  -0.0079590000   0.0289720000   0.0644320000   0.0010840000  -0.0365920000
   6.8634854367   6.1780190208  690  8.11E+00   0.2856470000  -2.1545110000   5.0431620000   0.5841540000  -1.4958420000   6.1250000000  -1.3114610000   2.1342380000   1.4993020000  -1.0726230000   3.0360610000   0.7629170000  -0.8187280000   3.8806160000   0.0217000000   0.0238500000   0.0524460000   0.0863130000  -0.0236110000  -0.0526880000  -0.0859740000  -0.0031050000  -0.0156900000   0.0088960000   0.0107340000   0.0487500000  -0.0342740000  -0.0078690000  -0.0328180000   0.0250390000
   6.8636729225   6.1769018360  691  1.67E+00   1.1874410000   0.7484930000   1.8100640000  -0.0170120000  -0.0098030000   1.8553990000   0.7768010000   0.8357250000   9.2217400000   0.0427380000   0.2309330000   8.5577890000  -0.7987360000  -0.3196090000   7.9747980000  -0.0125850000  -0.0079470000   0.0005030000   0.0127560000   0.0080400000  -0.0005880000  -0.0272640000  -0.0122910000  -0.0110890000   0.0118390000  -0.0066650000  -0.0126420000   0.0152540000   0.0188620000   0.0238160000
   6.8608383809   6.1785698754  908  3.44E+00  -1.2368570000  -0.0839650000   1.5764840000   0.0807730000  -0.3531160000   2.0404660000  -0.5162860000   1.8572370000   7.7791580000  -0.1543050000   0.8822180000   8.2821290000   0.3066500000  -0.0630040000   8.7147650000   0.0145310000  -0.0029910000   0.0051130000  -0.0145050000   0.0028520000  -0.0050980000   0.0228660000  -0.0385870000   0.0178420000   0.0037580000  -0.0339200000   0.0184710000  -0.0266500000   0.0726460000  -0.0363270000
   6.8603813857   6.1763362009 1006  5.55E+00   1.0338290000   0.4922140000   1.3699620000  -0.0085650000  -0.0017970000   2.0767300000  -0.1298890000  -0.9007420000   8.3362470000  -0.0024500000   0.2258910000   8.1463940000   0.1093670000   1.3968050000   8.0914730000  -0.0463350000  -0.0219670000   0.0314060000   0.0463330000   0.0218900000  -0.0312690000   0.0048160000   0.0555470000   0.0020650000  -0.0035230000  -0.0568000000  -0.0135670000  -0.0012910000   0.0013290000   0.0113650000
   6.8632728466   6.1785857966 1184  4.67E+00  -1.9384680000  -0.1289910000   2.0556210000  -0.3616840000  -0.0634940000   1.9713970000   1.3434800000  -0.5191180000   7.8925240000   0.7030690000   0.3677870000   8.3706830000   0.0571950000   1.2559290000   8.8496800000  -0.0421630000  -0.0017320000   0.0022830000   0.0420770000   0.0018370000  -0.0022990000   0.0185800000  -0.0254420000  -0.0120300000   0.0054270000  -0.0075660000  -0.0066220000  -0.0239210000   0.0329040000   0.0186690000
   6.8614368545   6.1785848468 1375  2.32E+00   1.5948870000   0.1527600000   2.4556040000   0.4470720000  -0.3149880000   1.7169760000  -1.0759370000   0.8788810000   9.9373990000  -0.8726730000   0.8173660000   8.8233950000  -0.6022180000   0.7587000000   7.7103970000  -0.0042270000  -0.0017600000  -0.0028610000   0.0043320000   0.0016590000   0.0023870000   0.0209440000  -0.0044960000  -0.0860610000  -0.0093990000   0.0004700000   0.0168520000  -0.0116500000   0.0041270000   0.0696830000
   6.8625719956   6.1750362991 1411  2.11E+00  -0.5038130000  -0.6183930000   1.4170000000   0.6770890000  -0.0385330000   2.0598080000  -0.1536990000   0.8117380000   8.1193380000  -1.2433750000   0.3480960000   8.1708020000  -2.2627070000  -0.1539760000   8.3716060000  -0.0036060000  -0.0017530000  -0.0018870000   0.0034530000   0.0016970000   0.0018670000   0.0148240000   0.0020000000   0.0115830000  -0.0564780000  -0.0177480000  -0.0154130000   0.0418080000   0.0158030000   0.0038500000
   6.8635872830   6.1776797939 1415  3.29E+00   0.7193020000  -0.1481790000   1.3693480000  -0.4624520000   0.0098370000   2.0739290000   1.0491080000  -0.8830280000   8.3771810000   0.8232890000   0.2238930000   8.2220540000   0.5971340000   1.3628320000   8.0077650000  -0.0322760000   0.0043010000   0.0192570000   0.0322950000  -0.0044300000  -0.0192440000  -0.0140870000   0.0722660000  -0.0127940000   0.0145440000  -0.0784150000   0.0158450000  -0.0004750000   0.0062780000  -0.0030650000
   6.8610025786   6.1770136573 1497  3.68E+00  -1.0593990000  -0.8208610000   1.9668790000   0.0161720000   0.0137180000   1.8061050000  -0.6693490000  -0.3635230000   9.4629320000   0.0167910000   0.2308190000   8.6608420000   0.6427240000   0.8611290000   7.8925510000   0.0369730000   0.0286730000  -0.0055200000  -0.0370840000  -0.0288010000   0.0053940000  -0.0393850000  -0.0287860000   0.0446660000   0.0427420000   0.0263310000  -0.0482340000  -0.0032460000   0.0025830000   0.0036950000
   6.8639231551   6.1762377287 1559  2.17E+00   0.4526790000  -1.8937300000   2.0362690000  -0.0230710000  -0.5582090000   2.0958480000   0.1393260000   0.1442850000   8.2298550000   0.0758330000   1.3041040000   8.0980580000  -0.1095500000   2.4715440000   8.0966910000  -0.0059340000   0.0166540000   0.0007130000   0.0059530000  -0.0165210000  -0.0006760000  -0.0088960000   0.0159380000   0.0087120000   0.0186300000  -0.0274150000  -0.0185310000  -0.0097540000   0.0113440000   0.0097820000
   6.8639768971   6.1785110256 1678  2.32E+00  -0.7626580000  -0.6614350000   2.0702030000   0.6734170000  -0.6907300000   1.8924790000  -1.2656590000   1.3669020000   9.6846100000  -1.1861800000   1.6063160000   8.5348850000  -1.1590380000   1.6062580000   7.3275460000   0.0032350000  -0.0001290000  -0.0004970000  -0.0030790000  -0.0001090000   0.0001110000  -0.0038910000  -0.0164350000   0.0050640000   0.0063780000   0.0307540000   0.0446330000  -0.0026440000  -0.0140810000  -0.0493120000
   6.8620939804   6.1788512461 1757  4.01E+00   0.7780480000   1.0940270000   1.9479170000  -0.0136710000  -0.0110990000   1.8119050000  -0.6614790000   0.8455750000   7.8966940000  -0.0229210000   0.2872390000   8.7151820000   0.6979450000  -0.3870260000   9.3902230000  -0.0291420000  -0.0407390000  -0.0050440000   0.0292690000   0.0406350000   0.0048190000   0.0028960000  -0.0053380000  -0.0098430000  -0.0306470000   0.0337510000  -0.0026320000   0.0276250000  -0.0283090000   0.0126990000
   6.8619935547   6.1789596050 2038  3.59E+00   0.5174980000   0.7090630000   1.3370840000   0.9296110000  -0.2258380000   2.2600990000  -2.8169020000   0.6612920000   7.5636210000  -1.6984170000   0.6185870000   7.8308110000  -0.5834080000   0.6452290000   8.1872870000   0.0128820000  -0.0292580000   0.0288980000  -0.0130190000   0.0292510000  -0.0288630000   0.0485850000   0.0031790000   0.0192920000  -0.0342400000  -0.0079910000  -0.0231150000  -0.0142070000   0.0048190000   0.0037880000
   6.8605736265   6.1758197540 2189  3.61E+00   1.2850630000  -0.6821490000   1.6411800000  -0.0176140000   0.0043100000   2.0176740000   0.2562380000   1.3995090000   8.0275970000  -0.0508930000   0.2595250000   8.3042080000  -0.2110240000  -0.8852100000   8.5595040000   0.0217870000  -0.0114970000  -0.0062900000  -0.0218450000   0.0113830000   0.0063060000   0.0240740000   0.0570730000  -0.0134130000  -0.0299710000  -0.0373640000   0.0092340000   0.0059550000  -0.0195950000   0.0041630000
   6.8639631831   6.1783601018 2610  5.57E+00  -1.4243380000   2.1936030000   2.3578610000  -0.4991210000   1.0983150000   2.4285840000   0.7625040000  -0.8533220000   8.1532280000   0.9037500000  -1.7496370000   7.4710650000   1.1415240000  -2.7690160000   6.9619740000   0.0058430000  -0.0069130000   0.0004340000  -0.0058150000   0.0068480000  -0.0002450000   0.0193980000  -0.0839930000  -0.0415930000  -0.0203490000   0.0648150000   0.0119670000   0.0009220000   0.0192440000   0.0294370000
   6.8605624673   6.1764702297 2666  3.15E+00   1.1027580000  -0.8363840000   1.8328500000  -0.0132110000   0.0105110000   1.8875550000   0.9928230000   0.4333120000   9.0836850000  -0.0071150000   0.2768820000   8.5108840000  -0.9909780000   0.0467060000   7.9860340000  -0.0216810000   0.0164880000   0.0010920000   0.0218290000  -0.0164450000  -0.0011400000  -0.0227310000  -0.0091460000  -0.0091180000  -0.0500770000  -0.0022940000  -0.0345970000   0.0726590000   0.0113970000   0.0437630000
   6.8649376027   6.1788896410 2711  5.46E+00  -1.0903390000  -0.7701330000   1.8834220000   0.0119310000   0.0096780000   1.8544670000   0.9445570000   0.4353140000   7.9477190000   0.0155660000   0.1930370000   8.5898850000  -0.9471370000   0.1076360000   9.2247570000   0.0504050000   0.0356810000  -0.0013080000  -0.0505770000  -0.0357560000   0.0012000000  -0.0410610000   0.0015480000   0.0283530000   0.0103010000  -0.0159870000  -0.0065900000   0.0309330000   0.0145140000  -0.0216540000
   6.8602281152   6.1795099484 2883  3.79E+00   1.2091310000  -1.5635260000   2.4035980000   2.0244760000  -0.9626440000   3.4928090000  -3.4819120000   1.6678680000   4.4656610000  -3.6861800000   1.9972630000   5.6315140000  -3.9377910000   2.4266560000   6.7126050000  -0.0075350000  -0.0056360000  -0.0101540000   0.0078040000   0.0055280000   0.0102910000   0.0093150000  -0.0155870000  -0.0823600000   0.0010840000  -0.0030130000   0.0544020000  -0.0106680000   0.0187090000   0.0278210000
   6.8612921301   6.1776947164 3231  2.99E-01   1.4061390000  -0.1263490000   2.3246470000   0.1177080000   0.2245390000   1.6370710000  -0.4178990000  -0.0792880000  10.1419520000  -0.2649260000  -0.1684110000   8.9792020000  -0.0596740000  -0.2200550000   7.7961930000   0.0166170000  -0.0045090000   0.0087180000  -0.0165890000   0.0045570000  -0.0092220000   0.0017660000   0.0031040000   0.0097790000  -0.0120790000  -0.0035070000   0.0318460000   0.0102850000   0.0003550000  -0.0411210000
   6.8601553990   6.1769761303 3286  7.00E+00  -1.5901660000  -1.8913360000   2.6187330000  -1.9117160000  -1.0760420000   3.8556560000   3.9504860000   2.0430610000   6.0156310000   3.4652160000   2.1279550000   4.9317710000   3.0959510000   2.5403460000   3.8622260000   0.0051260000  -0.0129930000  -0.0196590000  -0.0050490000   0.0129050000   0.0198310000   0.0177870000   0.0190570000   0.0230320000  -0.0141960000  -0.0541710000   0.0115950000  -0.0036680000   0.0352020000  -0.0347980000
   6.8605829002   6.1794459457 3317  4.50E+00  -0.7452170000  -0.4796450000   1.9445580000  -0.6380060000  -1.6836100000   2.5357400000   1.2398190000   3.6956150000   8.4775950000   1.1659120000   3.3048820000   7.3383080000   1.1182450000   2.9496720000   6.2281420000   0.0051970000  -0.0587900000   0.0287960000  -0.0053340000   0.0584950000  -0.0289280000   0.0052520000   0.0210030000   0.0559320000  -0.0079590000  -0.0291720000  -0.0740310000   0.0028440000   0.0084640000   0.0182300000
   6.8639177320   6.1777091474 3337  2.29E+00  -1.7051980000  -1.4751350000   3.7935490000  -1.6829620000  -0.9120600000   2.5519170000   2.4274950000   1.7255900000   6.3349100000   3.1171490000   1.9726900000   7.2534390000   3.7450240000   2.1291810000   8.2372540000   0.0007890000   0.0215220000  -0.0476120000  -0.0010930000  -0.0217590000   0.0474020000   0.0000950000  -0.0040290000   0.0091460000  -0.0005320000   0.0089090000  -0.0205480000   0.0007410000  -0.0046420000   0.0116120000
   6.8608411947   6.1764710704 3458  1.04E+00   2.0252350000  -0.3520770000   2.6782000000   0.7790770000  -0.5940340000   1.9799100000  -1.9260450000   0.9545950000   7.3121570000  -1.4434400000   1.3646210000   8.3432140000  -1.0088680000   1.6975940000   9.3689280000  -0.0020860000  -0.0004090000  -0.0012060000   0.0023930000   0.0003730000   0.0009940000  -0.0253080000  -0.0224150000  -0.0441750000   0.0341630000   0.0316760000   0.0583320000  -0.0091620000  -0.0092250000  -0.0139460000
   6.8633370177   6.1774676673 3556  6.39E+00   0.4964050000  -1.4053360000   2.3170630000  -0.3395630000  -0.4381400000   1.8035320000   1.4788840000   1.1532270000   9.5038710000   0.5601390000   1.1466230000   8.6880000000  -0.2347930000   0.9503990000   7.8220110000  -0.0257640000   0.0298320000  -0.0158850000   0.0258670000  -0.0298980000   0.0155980000   0.0721280000  -0.0100990000   0.0555010000  -0.0594240000   0.0252940000  -0.0325310000  -0.0128070000  -0.0151290000  -0.0226830000
   6.8630697544   6.1757901431 3717  2.82E+00  -1.1741230000  -0.5821370000   1.7692560000   0.2428750000  -0.3157850000   1.9322170000  -0.2866900000   1.7824370000   7.7164550000  -0.4663970000   0.8429500000   8.4453310000  -0.5021900000  -0.1137780000   9.1834270000   0.0014620000   0.0002450000   0.0001880000  -0.0014900000  -0.0004260000  -0.0002540000   0.0152500000   0.0366940000  -0.0265830000  -0.0215860000   0.0127580000  -0.0120420000   0.0063640000  -0.0492710000   0.0386910000
   6.8648275103   6.1793862140 3717  3.07E+00  -1.1631960000  -0.5810300000   1.7687800000   0.2430000000  -0.3161280000   1.9306020000  -0.2885630000   1.7831590000   7.7181100000  -0.4678470000   0.8442590000   8.4479190000  -0.5005390000  -0.1138410000   9.1879270000   0.0065630000   0.0012070000   0.0007750000  -0.0065910000  -0.0013860000  -0.0008400000   0.0153820000   0.0367640000  -0.0267330000  -0.0219040000   0.0152650000  -0.0139000000   0.0065490000  -0.0518490000   0.0406980000
