   6.8690848973   6.8404230823  332  1.29E+00  -0.3887130000  -1.7982530000   5.1408250000  -1.3843300000  -2.2188650000   4.1684100000   2.0167850000   3.6365850000   5.1366610000   2.5261550000   4.3720670000   4.3565910000   3.0250080000   4.9638390000   3.4521140000  -0.0001830000  -0.0001390000  -0.0001800000   0.0000970000  -0.0000410000   0.0000690000  -0.0077640000  -0.0189370000   0.0044300000  -0.0042420000   0.0128100000   0.0260610000   0.0120920000   0.0063070000  -0.0303790000
   6.8666618588   6.8408948298  378  2.75E+00   1.3135010000   0.6192950000   2.0293070000  -0.0189690000  -0.0079110000   1.7517050000   1.1347430000   0.5551130000   9.0474460000   0.0106430000   0.2246910000   8.7596780000  -1.1307510000  -0.0356210000   8.5015950000   0.0161200000   0.0075810000   0.0034030000  -0.0160750000  -0.0075820000  -0.0033390000   0.0515330000   0.0194980000   0.0162060000  -0.0087530000  -0.0140160000  -0.0098810000  -0.0428250000  -0.0054810000  -0.0063890000
   6.8665847473   6.8426843159  705  3.70E+00  -0.6897730000   1.2257960000   2.2302980000   0.0092020000  -0.0137840000   1.6317480000   0.0252140000   1.2299160000   8.3604390000  -0.0664160000   0.2454680000   8.9978950000   0.0221490000  -0.7349020000   9.5962010000  -0.0148370000   0.0262410000   0.0126380000   0.0147980000  -0.0263880000  -0.0127470000   0.0122660000  -0.0047320000   0.0023090000  -0.0213190000  -0.0354010000   0.0242580000   0.0090920000   0.0402800000  -0.0264580000
   6.8666200700   6.8429607690  989  4.59E+00   1.3833090000   0.2955030000   1.8596710000   0.1030020000  -0.5505920000   1.9028770000   0.3035430000   0.1829440000   8.7034520000  -0.2649530000   1.2212980000   8.4609290000  -0.7062140000   2.3190770000   8.3255580000   0.0252020000   0.0166760000  -0.0008230000  -0.0252580000  -0.0166190000   0.0009090000   0.0333550000  -0.0436140000   0.0187370000  -0.0294390000   0.0117670000  -0.0227630000  -0.0038600000   0.0317900000   0.0039400000
   6.8688117552   6.8413257840 1010  4.77E+00  -1.4613400000   0.4872680000   1.9881760000   0.0160770000  -0.0066150000   1.8208330000   0.9240940000  -0.4429080000   8.5875820000   0.0261450000   0.2646980000   8.6902970000  -0.9319450000   0.9342100000   8.6708930000  -0.0366820000   0.0122600000   0.0041640000   0.0367050000  -0.0122610000  -0.0041380000  -0.0502490000   0.0335180000  -0.0022620000   0.0401190000  -0.0207680000   0.0093840000   0.0101060000  -0.0127490000  -0.0071480000
   6.8660941484   6.8433823060 1092  3.48E+00   0.9545410000   1.1202110000   2.0722160000  -0.0159200000  -0.0164900000   1.7516640000   0.7755710000   1.1513000000   8.9785240000  -0.0082020000   0.2448480000   8.8138860000  -0.7500430000  -0.6356530000   8.5273250000   0.0179110000   0.0209820000   0.0059440000  -0.0178990000  -0.0209640000  -0.0059240000   0.0405830000   0.0456390000   0.0018710000  -0.0284780000  -0.0299120000   0.0096680000  -0.0121170000  -0.0157440000  -0.0115590000
   6.8655526796   6.8411853737 1386  5.68E+00   0.1573310000  -0.9803030000   2.7562190000   0.0455460000  -0.5332520000   1.4785370000  -0.4853260000   1.3524350000  10.3881850000  -0.0476270000   1.2220940000   9.2557000000   0.2836980000   1.1427720000   8.1069640000  -0.0046360000   0.0184230000  -0.0528720000   0.0045880000  -0.0185340000   0.0526230000  -0.0347820000   0.0115360000   0.0741250000   0.0291100000  -0.0119380000  -0.0342360000   0.0057210000   0.0005130000  -0.0396400000
   6.8695369610   6.8414235273 1420  1.50E+00  -1.4136280000  -0.2073140000   2.1525640000   0.0182330000   0.0005700000   1.7035610000   0.3136640000   1.2906170000   8.4157570000   0.0044210000   0.2637050000   8.8576230000  -0.3189780000  -0.7906920000   9.2924330000  -0.0225220000  -0.0032860000   0.0070930000   0.0225060000   0.0032150000  -0.0070590000  -0.0088400000  -0.0283040000   0.0124620000   0.0146920000   0.0463390000  -0.0196880000  -0.0058360000  -0.0179640000   0.0071920000
   6.8681251137   6.8400878468 1833  1.97E+00   0.4471720000   0.7688490000   2.4783020000  -0.7395450000   0.5246230000   1.5462500000   1.6985270000  -1.1695000000  10.1499570000   1.3232220000  -0.6966940000   9.1308100000   0.9734320000  -0.2883550000   8.1182800000   0.0218910000   0.0045140000   0.0170820000  -0.0219240000  -0.0045040000  -0.0173550000   0.0073120000  -0.0113860000   0.0157120000  -0.0282200000   0.0380650000  -0.0721190000   0.0209420000  -0.0266890000   0.0566800000
   6.8695900339   6.8442556303 2000  4.57E+00   1.1474730000  -0.8794630000   2.2607770000  -0.0156350000   0.0103300000   1.6739680000  -0.1910060000  -0.7801420000   9.3912590000   0.0083890000   0.2652280000   8.9378600000   0.1904980000   1.2725300000   8.3976720000   0.0306740000  -0.0234960000   0.0154970000  -0.0306910000   0.0233940000  -0.0155160000   0.0052940000   0.0319190000  -0.0203590000   0.0024220000   0.0060040000   0.0061230000  -0.0076990000  -0.0378210000   0.0142550000
   6.8671155380   6.8405380773 2208  9.22E+00  -0.8425220000   0.9883400000   2.3189660000  -0.6233400000  -0.4595070000   1.6994760000   0.1464730000   1.1091750000   8.3130670000   1.1231730000   0.9559190000   8.8986520000   2.1765580000   1.0935180000   9.3742410000  -0.0061010000   0.0404230000   0.0172350000   0.0061810000  -0.0405050000  -0.0173900000   0.0632680000   0.0132510000   0.0276600000  -0.0403130000  -0.0314330000  -0.0067650000  -0.0230360000   0.0182640000  -0.0207400000
   6.8654711354   6.8431063538 2966  6.82E+00  -1.5493840000   0.0767640000   2.5420470000  -0.9407620000   1.1878930000   2.0432970000   1.2624710000  -1.7216600000   9.2932780000   1.7032320000  -2.0114520000   8.2160700000   2.2549300000  -2.0181330000   7.1752610000   0.0239650000   0.0438130000  -0.0196450000  -0.0241010000  -0.0437800000   0.0196470000  -0.0065070000   0.0269890000   0.0369370000  -0.0008960000  -0.0445160000  -0.0410430000   0.0075380000   0.0174940000   0.0041030000
   6.8664159180   6.8412037371 2994  4.64E+00   0.4247310000   0.9000360000   1.7011680000   0.3646750000  -0.4354150000   1.9312680000   0.5019900000   1.1986670000   8.5730290000  -0.6890110000   1.0487680000   8.4750240000  -1.8327860000   0.8195630000   8.3135920000  -0.0025540000  -0.0565010000   0.0097550000   0.0025130000   0.0565150000  -0.0097160000   0.0515120000   0.0015250000   0.0014510000  -0.0465140000   0.0046440000   0.0023120000  -0.0049580000  -0.0061820000  -0.0038020000
   6.8695811849   6.8411441903 2994  5.04E+00   0.4188820000   0.8968910000   1.7010090000   0.3650880000  -0.4356840000   1.9301690000   0.5033000000   1.1987640000   8.5717600000  -0.6908550000   1.0483980000   8.4786690000  -1.8344070000   0.8212870000   8.3176240000  -0.0023910000  -0.0588910000   0.0101460000   0.0023470000   0.0589040000  -0.0101100000   0.0558190000   0.0022270000   0.0013100000  -0.0518860000   0.0035770000   0.0026000000  -0.0038890000  -0.0058170000  -0.0039460000
   6.8678243665   6.8417775532 3155  4.82E+00   0.5673250000   0.8111980000   2.0081340000   1.0719670000  -0.4522860000   1.9477470000  -2.6821910000   0.9676150000   7.4885140000  -1.9507000000   1.1145830000   8.3904940000  -1.2428340000   1.0910610000   9.3599230000   0.0198390000  -0.0495880000  -0.0023510000  -0.0197300000   0.0496110000   0.0023840000   0.0039150000  -0.0093200000   0.0131880000  -0.0275500000   0.0208030000  -0.0529620000   0.0235260000  -0.0115060000   0.0397420000
   6.8676435908   6.8407979770 3366  3.14E+00   1.7112780000  -0.6856620000   2.9059470000   0.8759130000  -0.2327810000   1.8100750000  -0.8215730000   0.7206190000   9.4845310000  -1.6820900000   0.6913220000   8.7157230000  -2.3980260000   0.6538430000   7.7507600000  -0.0009680000   0.0005390000  -0.0013050000   0.0011310000  -0.0005640000   0.0012490000  -0.0207450000  -0.0014520000  -0.0392220000   0.0340470000   0.0029390000   0.0809610000  -0.0134650000  -0.0014620000  -0.0416830000
   6.8651497518   6.8430266046 3456  3.47E+00  -0.6501430000  -1.1542230000   2.2165050000   0.3150640000  -0.1157350000   1.7199940000   0.2100020000   1.2905580000   9.2404400000  -0.6125160000   0.5239700000   8.8732710000  -1.2827300000  -0.3454980000   8.3699020000  -0.0124270000  -0.0133830000   0.0063540000   0.0125000000   0.0134690000  -0.0064400000   0.0207800000   0.0046170000  -0.0023780000  -0.0017200000   0.0380130000   0.0304170000  -0.0191340000  -0.0427150000  -0.0279530000
   6.8652933181   6.8415732426 3529  6.34E+00   0.5536880000  -1.4915370000   2.9054950000   0.4296260000  -0.5970070000   1.6005980000   0.0212350000   1.1275650000   8.2086380000  -0.8100910000   1.2726310000   9.0399660000  -1.5936450000   1.6803210000   9.8294560000   0.0033830000  -0.0247070000   0.0358940000  -0.0034760000   0.0245950000  -0.0361110000   0.0099520000   0.0163110000  -0.0080960000  -0.0016350000  -0.0391740000  -0.0007600000  -0.0082230000   0.0229750000   0.0090730000
   6.8693075568   6.8422180148 3829  4.01E+00   0.9402200000   1.3090480000   2.4084040000   0.9627670000  -0.1376890000   1.8180020000  -2.4275930000   0.0402220000   7.7585200000  -1.7798150000   0.4297120000   8.6546480000  -1.1038350000   0.9300480000   9.5143760000  -0.0005250000   0.0351140000   0.0143480000   0.0006300000  -0.0350920000  -0.0143460000   0.0035790000   0.0083740000   0.0025530000  -0.0322030000  -0.0353380000  -0.0354790000   0.0285200000   0.0269410000   0.0329230000
