   6.8631362623   6.8111098528    0  7.16E+00   0.8040840000   1.2823020000   2.0454950000   0.5058860000  -0.0530050000   1.8156380000  -1.7729930000  -0.3148990000   8.2288540000  -0.9199800000   0.3171320000   8.6180660000  -0.1135590000   0.9484340000   9.1061800000  -0.0077900000  -0.0348850000  -0.0059520000   0.0078290000   0.0349210000   0.0060600000   0.0763260000   0.0595700000   0.0463890000  -0.0042600000  -0.0062710000  -0.0145440000  -0.0721040000  -0.0533340000  -0.0319530000
   6.8615674169   6.8115548659  197  5.02E+00   1.2384480000   0.5213900000   1.9253840000  -0.0147090000  -0.0043240000   1.8435780000  -0.1892520000  -0.8917390000   8.5948230000  -0.0346200000   0.2464460000   8.6622090000   0.2106790000   1.3831510000   8.5750960000  -0.0495180000  -0.0207790000  -0.0032250000   0.0494980000   0.0207690000   0.0032460000   0.0137960000   0.0534610000  -0.0067230000  -0.0152750000  -0.0301330000   0.0147580000   0.0014980000  -0.0233180000  -0.0080560000
   6.8640399987   6.8111594772  960  2.24E+00   0.0433330000   1.3743080000   2.8028470000  -0.4063390000   0.8846330000   1.5931640000   0.9165830000  -0.6859470000   8.0873960000   0.7195180000  -1.3996680000   9.0448720000   0.5699050000  -2.0803100000   9.9906050000  -0.0133420000  -0.0144640000  -0.0359200000   0.0132250000   0.0144950000   0.0355970000   0.0122970000   0.0345950000  -0.0434290000  -0.0140200000  -0.0316420000   0.0373540000   0.0018390000  -0.0029840000   0.0063980000
   6.8620387745   6.8113075138 1003  6.94E+00  -0.8397210000   1.7000290000   2.1659330000  -0.2605040000   0.3092410000   1.8391820000   0.2245990000   0.8309430000   8.6131330000   0.4618960000  -0.3439010000   8.5858800000   0.7825850000  -1.5366370000   8.6208910000  -0.0120600000   0.0289420000   0.0068170000   0.0120650000  -0.0289880000  -0.0067430000  -0.0046000000   0.0446570000   0.0056860000  -0.0249870000   0.0493490000  -0.0128980000   0.0295830000  -0.0939600000   0.0071380000
   6.8641872898   6.8110078369 1190  2.55E+00  -0.1674310000   2.1357360000   2.8312180000   0.8756750000   1.4251250000   2.2598600000  -1.7503430000  -1.7469840000   8.8157070000  -1.5478950000  -2.3696220000   7.8225240000  -1.4504460000  -3.0384560000   6.8484800000   0.0282000000  -0.0192130000  -0.0154030000  -0.0281920000   0.0192800000   0.0154910000  -0.0115460000   0.0112450000   0.0252030000   0.0170260000   0.0028040000  -0.0126140000  -0.0054880000  -0.0141170000  -0.0126780000
   6.8648135870   6.8142810026 1266  4.22E+00  -0.7275330000  -1.1321510000   2.0007880000   0.0099450000   0.0136070000   1.8110300000   1.1440530000   0.4813030000   8.5139760000   0.0222480000   0.1868230000   8.6958460000  -1.1645850000   0.0694980000   8.7884950000   0.0235120000   0.0365110000  -0.0060170000  -0.0235090000  -0.0365400000   0.0060660000  -0.0068380000   0.0106870000  -0.0039680000   0.0445670000  -0.0187370000   0.0057720000  -0.0377330000   0.0080800000  -0.0018530000
   6.8624670414   6.8139699364 1420  6.06E-01  -1.3755100000  -0.2019080000   2.1464710000   0.0177560000   0.0005000000   1.7104590000   0.3156810000   1.2918570000   8.3943070000   0.0082660000   0.2639460000   8.8518120000  -0.3239020000  -0.7921020000   9.2841770000  -0.0080520000  -0.0011870000   0.0025470000   0.0080350000   0.0011110000  -0.0025240000  -0.0058760000  -0.0163350000   0.0063700000   0.0142320000   0.0397950000  -0.0145690000  -0.0083380000  -0.0233830000   0.0081760000
   6.8630257042   6.8113227124 1535  4.54E+00  -0.1427800000  -0.7784800000   1.5559830000  -1.2884430000  -0.5166420000   2.3227030000   3.2541570000   1.3669150000   7.0355700000   2.2868550000   1.1902110000   7.6651770000   1.4729060000   1.0565560000   8.5132310000  -0.0217200000   0.0049710000   0.0145710000   0.0217820000  -0.0049240000  -0.0144130000  -0.0056890000   0.0002250000   0.0268990000  -0.0002370000  -0.0026720000  -0.0482750000   0.0058650000   0.0024000000   0.0212190000
   6.8622443376   6.8140163203 1575  2.37E+00   1.6268420000  -1.1463030000   4.0571350000   2.1247930000  -0.8107120000   2.7211050000  -2.7203520000   1.6025470000   6.8601350000  -3.8799600000   1.7800120000   6.9210850000  -5.0812030000   1.8699920000   7.0999530000  -0.0015330000  -0.0011070000   0.0041660000   0.0016230000   0.0010080000  -0.0043460000  -0.0035400000  -0.0046190000   0.0079440000   0.0774120000   0.0044320000  -0.0256550000  -0.0739620000   0.0002860000   0.0178920000
   6.8622001169   6.8132696663 1745  1.40E+00  -0.3310550000   1.0911470000   2.3517070000  -0.0343810000  -0.0944380000   1.5177950000  -0.3300660000   1.0515930000  10.0828700000   0.0268930000   0.3747960000   9.1670210000   0.5024430000  -0.2423760000   8.3082720000  -0.0022070000   0.0087250000   0.0061010000   0.0021150000  -0.0086370000  -0.0062300000  -0.0017670000   0.0221060000   0.0290000000   0.0073710000  -0.0434680000  -0.0585890000  -0.0055120000   0.0212740000   0.0297160000
   6.8648199050   6.8137727352 2290  5.78E+00   1.4816860000  -0.4510810000   1.9394020000  -0.0362670000  -0.2179130000   1.8728150000   1.0639300000   0.0636780000   8.5912800000  -0.0155780000   0.5718970000   8.5603890000  -0.9644590000   1.3114100000   8.5081780000   0.0304080000  -0.0046730000   0.0013430000  -0.0304490000   0.0046480000  -0.0012760000   0.0356660000   0.0010120000   0.0008060000  -0.0063600000  -0.0440090000   0.0012640000  -0.0292640000   0.0430220000  -0.0021370000
   6.8628863619   6.8102039073 2321  8.46E-01   0.3514260000  -1.4492940000   3.2473490000  -0.4583320000  -1.7144330000   2.1087330000   0.4683610000   2.7322520000   7.1828940000   0.8303740000   3.4166080000   8.0632410000   1.1751600000   4.0441890000   9.0291340000  -0.0090790000  -0.0030550000  -0.0128510000   0.0090860000   0.0028520000   0.0126460000   0.0007860000   0.0008070000   0.0106320000  -0.0141900000  -0.0235950000  -0.0564160000   0.0133970000   0.0229910000   0.0459880000
   6.8639200217   6.8132688464 2321  1.10E+00   0.3458710000  -1.4383610000   3.2360890000  -0.4583820000  -1.7149510000   2.1087500000   0.4691440000   2.7364070000   7.1827760000   0.8307300000   3.4186030000   8.0618750000   1.1747120000   4.0404390000   9.0309030000  -0.0121970000  -0.0042760000  -0.0171810000   0.0122050000   0.0040750000   0.0169780000   0.0022010000   0.0032760000   0.0144640000  -0.0151190000  -0.0248160000  -0.0595140000   0.0129100000   0.0217410000   0.0452530000
   6.8630324948   6.8108311619 2436  7.42E+00  -0.4566600000  -1.9831430000   3.2572170000  -0.1137180000  -1.1693640000   1.9658030000   0.3887440000   2.9674700000   7.3529690000   0.3009780000   2.4891660000   8.4075230000  -0.0179830000   1.8166270000   9.3138120000  -0.0084050000  -0.0199830000   0.0316880000   0.0084100000   0.0198540000  -0.0317210000  -0.0194710000  -0.0290970000   0.0259570000   0.0322430000   0.0347040000  -0.0051130000  -0.0127780000  -0.0054770000  -0.0208110000
   6.8606143634   6.8131048157 2522  8.42E-01  -1.2686090000   0.4153160000   2.9879340000  -1.1659940000  -0.0898190000   1.6602440000   1.7078810000   0.4750590000   7.8116790000   2.1920610000   0.4305520000   8.9117470000   2.5497310000   0.3118140000  10.0195860000   0.0009900000  -0.0052800000  -0.0139840000  -0.0011700000   0.0052460000   0.0136520000  -0.0241770000  -0.0029750000  -0.0367140000   0.0328230000   0.0074100000   0.0384040000  -0.0084650000  -0.0044010000  -0.0013580000
   6.8625901136   6.8111368030 2892  4.09E+00  -1.1262290000  -1.3154170000   2.5171770000  -1.0514030000  -0.0637320000   1.9415550000   1.1538450000   0.6557820000   9.2118420000   1.9350680000   0.3768880000   8.4213880000   2.7154270000   0.1501320000   7.6122550000   0.0022130000   0.0373630000  -0.0171510000  -0.0023120000  -0.0373480000   0.0172020000   0.0439080000  -0.0114710000  -0.0446270000   0.0000030000  -0.0056320000  -0.0016570000  -0.0438120000   0.0170870000   0.0462330000
   6.8620796643   6.8121200295 3251  4.63E+00   0.7716030000  -0.9991890000   2.5855250000   0.2417590000   0.0462060000   1.5117270000  -0.8876380000  -0.4422530000  10.0818280000  -0.4287290000   0.2063280000   9.2333870000  -0.0465360000   0.8072260000   8.2750630000   0.0147770000  -0.0292250000   0.0298970000  -0.0147970000   0.0290820000  -0.0301350000   0.0027970000   0.0080410000  -0.0212180000  -0.0064300000  -0.0189050000   0.0489900000   0.0036530000   0.0110080000  -0.0275340000
   6.8619104384   6.8145796830 3251  4.54E+00   0.7682130000  -0.9944700000   2.5869780000   0.2420460000   0.0461580000   1.5101750000  -0.8874260000  -0.4409980000  10.0862950000  -0.4276840000   0.2057050000   9.2364310000  -0.0487490000   0.8063810000   8.2759710000   0.0145240000  -0.0287950000   0.0296730000  -0.0145430000   0.0286510000  -0.0299110000   0.0022800000   0.0077360000  -0.0207700000  -0.0058760000  -0.0191740000   0.0493710000   0.0036150000   0.0115820000  -0.0283630000
   6.8616261811   6.8118935259 3277  3.49E+00   0.3500410000  -1.7324260000   4.7227120000   0.1470010000  -2.6554070000   3.6242160000  -0.1543950000   6.2295310000   5.7112400000  -0.2729500000   5.0675170000   5.3969310000  -0.3969120000   4.0248730000   4.8407320000  -0.0003160000  -0.0016370000  -0.0018150000   0.0003740000   0.0013600000   0.0018510000   0.0053940000   0.0639260000   0.0007440000  -0.0029180000  -0.0552380000   0.0227740000  -0.0025340000  -0.0084100000  -0.0235550000
   6.8617315098   6.8131558463 3337  3.69E+00  -0.9056420000  -0.1817700000   2.1142390000  -1.8714190000  -0.9203490000   2.7555410000   3.2112100000   2.0543730000   8.0851010000   3.4871840000   1.8897530000   6.9614270000   3.5743500000   1.8225720000   5.7951260000  -0.0314240000  -0.0240150000   0.0208150000   0.0312820000   0.0239390000  -0.0207860000  -0.0091650000   0.0050060000  -0.0159660000   0.0220970000  -0.0130460000   0.0042780000  -0.0127900000   0.0081160000   0.0116590000
   6.8646860914   6.8121918726 3456  4.80E+00  -0.6784000000  -1.1941640000   2.2180850000   0.3139050000  -0.1149770000   1.7262240000   0.2020910000   1.2845670000   9.2384960000  -0.6111790000   0.5269370000   8.8631740000  -1.2682530000  -0.3430030000   8.3482130000  -0.0214360000  -0.0233290000   0.0105790000   0.0215150000   0.0234200000  -0.0106790000   0.0086500000  -0.0079660000  -0.0085260000   0.0067820000   0.0480130000   0.0354890000  -0.0155110000  -0.0401380000  -0.0268640000
   6.8623461244   6.8102991885 3518  3.62E+00  -1.1205170000  -0.1784300000   2.7455110000  -0.5921870000  -0.9760150000   1.7256880000   0.9250290000   2.1261910000   9.9717300000   1.1929480000   2.0275640000   8.8178470000   1.2075460000   1.9250960000   7.6184540000   0.0110900000  -0.0168790000  -0.0215900000  -0.0112200000   0.0167080000   0.0213570000  -0.0215480000   0.0022020000   0.0243990000   0.0360720000   0.0012320000   0.0204460000  -0.0143930000  -0.0032630000  -0.0446110000
   6.8633625655   6.8142145458 3552  7.84E+00  -2.0020240000   0.3483010000   4.0419520000  -2.5340930000  -0.9033800000   4.7757100000   3.6334740000   1.8654650000   3.9224020000   4.6329050000   1.8731970000   3.1712310000   5.6706310000   1.9057600000   2.5924510000   0.0113120000   0.0268280000  -0.0157930000  -0.0116080000  -0.0269940000   0.0157200000  -0.0827420000   0.0012520000   0.0739610000   0.0495800000  -0.0034900000  -0.0656950000   0.0334570000   0.0024040000  -0.0081920000
   6.8603094181   6.8120031813 3719  1.68E+00  -1.4018800000   0.2878020000   2.5305820000  -0.4235700000   0.0207940000   1.5937260000   0.6360090000   1.0262830000   9.8735490000   0.7896590000   0.2207060000   9.0310820000   0.9749340000  -0.6262730000   8.2291520000   0.0287410000  -0.0078060000  -0.0275500000  -0.0288200000   0.0079440000   0.0274410000   0.0015540000   0.0006450000   0.0067190000  -0.0052150000   0.0078260000  -0.0053970000   0.0037410000  -0.0086100000  -0.0012130000
   6.8643737684   6.8142260519 3849  3.70E+00  -1.1474950000   0.0923880000   2.3178950000  -0.5098340000  -1.1262630000   1.9061170000   0.5797900000   2.1371730000   9.5604130000   0.9400880000   2.3175840000   8.4668890000   1.3330190000   2.4297080000   7.4190690000   0.0039090000  -0.0075730000  -0.0025530000  -0.0040240000   0.0074670000   0.0025120000   0.0101860000  -0.0011500000  -0.0186530000   0.0281680000   0.0174460000  -0.0962520000  -0.0382380000  -0.0161890000   0.1149460000
   6.8641814609   6.8117683545 3867  3.01E+00   0.0057060000  -1.4580020000   2.2036450000  -0.0013790000   0.0152170000   1.7066030000  -0.2446940000  -0.8152610000   8.4631770000   0.0037310000   0.2426280000   8.8538210000   0.2484200000   1.3366590000   9.2294600000   0.0001720000  -0.0338880000   0.0114160000  -0.0001470000   0.0339770000  -0.0114320000   0.0087350000   0.0408760000   0.0147240000  -0.0110370000  -0.0548050000  -0.0184910000   0.0022770000   0.0138400000   0.0037830000
   6.8636828207   6.8118453237 3875  5.14E+00   1.5489350000   0.3764610000   2.8467690000   0.9360510000  -0.4839630000   1.7037760000  -2.0008270000   0.9962240000   7.6690950000  -1.7311160000   1.1475610000   8.8264690000  -1.4720870000   1.2232910000  10.0176720000   0.0143410000   0.0200430000   0.0266110000  -0.0141610000  -0.0200760000  -0.0267320000  -0.0108610000  -0.0092640000  -0.0376010000  -0.0056450000   0.0084050000  -0.0433640000   0.0163270000   0.0008910000   0.0810850000
   6.8622233561   6.8148055156 3910  5.50E+00  -0.0256620000   1.5121330000   1.9352770000  -0.0009640000  -0.0159450000   1.7795980000   0.9164680000  -0.4870060000   9.0207500000  -0.0188980000   0.2168120000   8.6741350000  -0.8958500000   0.9962830000   8.4591300000  -0.0004740000   0.0303350000   0.0031090000   0.0005140000  -0.0303900000  -0.0030220000   0.0610200000  -0.0391270000   0.0298830000  -0.0394030000   0.0127110000  -0.0327280000  -0.0216570000   0.0264710000   0.0027580000
   6.8622873001   6.8110821039 3958  2.49E+00   1.4497750000   0.2961290000   1.9027530000  -0.0194180000  -0.0046630000   1.8262960000  -1.1012210000  -0.1816120000   8.7854330000   0.0216070000   0.2179560000   8.6143260000   1.0906380000   0.7103020000   8.5081700000   0.0187530000   0.0038310000   0.0009930000  -0.0187820000  -0.0038610000  -0.0009070000  -0.0496990000  -0.0108540000   0.0121570000   0.0403780000  -0.0006150000  -0.0162970000   0.0093510000   0.0114990000   0.0040540000
