   6.8692503685   6.4104093121   37  1.59E+00   0.9115080000   1.0973480000   1.9129010000  -0.0149390000  -0.0093080000   1.8101070000  -0.4742000000   1.1595610000   8.0962960000  -0.0386330000   0.1974540000   8.6563440000   0.5203840000  -0.6427610000   9.2459800000  -0.0021880000  -0.0026680000  -0.0002680000   0.0022550000   0.0024920000   0.0001810000  -0.0032010000   0.0323140000  -0.0104060000  -0.0004650000  -0.0464710000   0.0123770000   0.0035990000   0.0143340000  -0.0018830000
   6.8689558280   6.4107089737   82  5.24E+00   0.9872550000   1.0872750000   1.5692810000  -0.0123250000  -0.0189220000   2.0036360000  -0.2783020000   1.4362240000   8.3102170000  -0.0144820000   0.2535890000   8.3134670000   0.2885290000  -0.9129200000   8.3445700000   0.0227090000   0.0251230000  -0.0098560000  -0.0227200000  -0.0251240000   0.0099310000  -0.0118700000   0.0637670000   0.0027420000  -0.0043390000  -0.0105570000  -0.0071780000   0.0162190000  -0.0532090000   0.0043610000
   6.8659171058   6.4128956559  115  4.54E+00  -0.8870020000  -1.3529970000   1.7547580000   0.3334620000  -0.6572660000   2.1292240000  -1.6406790000   1.8250110000   7.7029390000  -0.6060850000   1.3874120000   8.0438010000   0.4861580000   1.1889310000   8.5153840000   0.0001860000   0.0001000000   0.0000790000  -0.0001930000  -0.0000990000   0.0000760000   0.0078560000   0.0137450000   0.0110860000  -0.0538000000  -0.0215680000  -0.0390600000   0.0459520000   0.0078210000   0.0278190000
   6.8685664444   6.4140181860  132  6.92E+00   1.5560910000   0.0197730000   1.8969550000  -0.0171680000  -0.0042800000   1.8565070000  -0.4133990000  -0.7398020000   8.2158810000   0.0275880000   0.2362060000   8.5897900000   0.3803900000   1.2702890000   8.9456250000   0.0407190000   0.0006430000   0.0010790000  -0.0406630000  -0.0005470000  -0.0010750000   0.0300050000   0.0864800000   0.0317790000  -0.0048430000  -0.0376270000  -0.0130430000  -0.0252190000  -0.0489480000  -0.0187400000
   6.8692519029   6.4120451212  186  2.94E+00  -0.1828540000  -0.1677400000   2.0347140000  -0.9797230000  -1.3569680000   2.2120490000   2.0861170000   3.0605870000   9.0212850000   1.8069350000   2.8175210000   7.8926640000   1.4619150000   2.2995750000   6.8792130000  -0.0031250000  -0.0046630000   0.0005800000   0.0029700000   0.0044390000  -0.0008920000   0.0012430000  -0.0127440000   0.0291630000   0.0073510000   0.0368920000  -0.0232790000  -0.0084380000  -0.0239230000  -0.0055720000
   6.8659267854   6.4119266403  246  2.09E+00  -0.3050920000   1.4647530000   1.8003900000   0.0021150000  -0.0163310000   1.8686550000   0.0852070000  -0.8920520000   8.2199550000   0.0333030000   0.2550760000   8.5504360000  -0.1015510000   1.3775160000   8.9165080000  -0.0047700000   0.0230540000  -0.0010120000   0.0047790000  -0.0229500000   0.0010310000  -0.0035070000  -0.0347830000  -0.0057720000   0.0115920000   0.0106600000  -0.0057410000  -0.0080940000   0.0240190000   0.0114950000
   6.8680177105   6.4115346378  254  2.99E+00  -1.2806930000   0.2220340000   2.3522870000   0.0179260000  -0.0042380000   1.5861470000  -0.5018480000   0.3001140000  10.1283140000   0.0309070000   0.1833490000   9.0937910000   0.4698060000   0.2571020000   7.9763960000  -0.0230600000   0.0039990000   0.0134910000   0.0229240000  -0.0040380000  -0.0138670000  -0.0031730000   0.0115070000  -0.0102420000  -0.0055310000  -0.0260730000   0.0510570000   0.0088400000   0.0146050000  -0.0404400000
   6.8656406089   6.4133044519  257  3.70E+00   1.0681070000   0.7730930000   1.7103740000  -0.0154230000  -0.0127180000   1.9255240000  -1.1320040000   0.0906470000   8.2400340000  -0.0051710000   0.2506630000   8.4714510000   1.1456180000   0.4236660000   8.6773770000  -0.0463520000  -0.0336160000   0.0092300000   0.0463980000   0.0336200000  -0.0091810000   0.0276530000   0.0045990000   0.0052180000  -0.0400660000  -0.0071100000  -0.0067460000   0.0123680000   0.0025070000   0.0014790000
   6.8665027933   6.4111051579  539  2.26E+00  -0.7152280000   1.0837290000   2.3521100000   0.2025200000   0.2522460000   1.5948490000  -0.3870850000  -0.6304270000   7.9174690000  -0.3544500000  -0.2972000000   9.0686370000  -0.3132050000   0.2131550000  10.1626760000   0.0007840000  -0.0006650000  -0.0007240000  -0.0007530000   0.0007910000   0.0003970000  -0.0006760000  -0.0011750000  -0.0400390000  -0.0019030000  -0.0347050000  -0.0114840000   0.0025480000   0.0357540000   0.0518500000
   6.8655390099   6.4119719931  813  4.74E+00   0.1382250000  -1.4535720000   2.2353880000   0.0010120000   0.0223360000   1.6940340000   0.1868200000   1.0639020000   8.0181150000  -0.0413220000   0.2520540000   8.8832620000  -0.1695610000  -0.5854190000   9.7131900000   0.0036130000  -0.0390790000   0.0143140000  -0.0036630000   0.0389020000  -0.0145000000   0.0161060000   0.0350080000  -0.0388470000  -0.0190950000  -0.0146160000   0.0219230000   0.0030390000  -0.0202150000   0.0171100000
   6.8663781023   6.4126394565  825  8.91E+00   0.3733110000   0.3233180000   1.2600670000  -0.4601180000  -0.6557820000   2.1606890000   1.7927160000   1.8944720000   7.5960260000   0.7521830000   1.5383400000   8.0074610000  -0.0829530000   0.8931390000   8.5236030000   0.0210410000   0.0247510000  -0.0227520000  -0.0211110000  -0.0246800000   0.0228220000   0.0022780000  -0.0239960000   0.0136930000  -0.0252140000   0.0372730000  -0.0171270000   0.0230050000  -0.0133480000   0.0033650000
   6.8673754578   6.4117399380 1145  4.14E+00   1.2345140000  -0.7952550000   1.9429130000  -0.1053520000  -0.5316220000   1.9346200000  -0.1529960000   0.1306600000   8.3118860000   0.1981190000   1.2197140000   8.4257080000   0.4526400000   2.3465340000   8.5797850000  -0.0498540000   0.0098420000  -0.0002920000   0.0499060000  -0.0097250000   0.0002720000   0.0101700000   0.0563730000   0.0102210000   0.0015130000  -0.0383940000  -0.0112050000  -0.0117350000  -0.0180960000   0.0010050000
   6.8690955200   6.4133147736 1452  2.20E+00  -1.2606940000  -0.6905860000   2.1908450000   0.0196220000   0.0053830000   1.7015900000  -0.7124260000   0.7630880000   9.6274630000  -0.0051970000   0.2604070000   8.8769360000   0.6977590000  -0.2542750000   8.0736630000  -0.0257550000  -0.0139500000   0.0097970000   0.0255900000   0.0140400000  -0.0100290000   0.0321080000  -0.0237850000  -0.0373610000  -0.0385610000   0.0293600000   0.0468520000   0.0066180000  -0.0056660000  -0.0092590000
   6.8666148013   6.4100250341 1616  5.81E+00   0.9372450000   0.4278020000   1.7577660000   0.0024270000  -0.5409870000   1.8812210000  -0.4371920000   0.4591380000   9.3553740000  -0.0859250000   1.2284870000   8.5003490000   0.4305300000   1.9811830000   7.7586190000  -0.0420590000  -0.0436030000   0.0055130000   0.0419740000   0.0434760000  -0.0055300000  -0.0034280000  -0.0308370000   0.0411900000  -0.0068830000   0.0313390000  -0.0497470000   0.0103960000  -0.0003750000   0.0085740000
   6.8691203677   6.4125982326 1743  4.09E+00  -0.7325850000  -1.1210570000   2.4331910000  -1.9942730000  -0.2779500000   2.4952670000   4.3327930000   0.9823930000   8.3388850000   3.6286550000   0.6713790000   7.4283460000   2.9492300000   0.6600660000   6.4706060000   0.0207480000  -0.0139680000  -0.0010910000  -0.0210440000   0.0138450000   0.0008890000   0.0184970000   0.0270400000   0.0186220000  -0.0269120000  -0.0470320000  -0.0245960000   0.0087110000   0.0201150000   0.0061750000
   6.8688105519   6.4111708482 1787  2.26E+00  -1.1551010000   0.8242650000   1.8255580000   0.0142330000  -0.0104000000   1.8528330000  -0.9782310000   0.6918060000   9.0110570000  -0.0272150000   0.2065340000   8.5729160000   1.0003530000  -0.1591640000   8.1859640000   0.0067240000  -0.0048220000   0.0002070000  -0.0068450000   0.0048400000  -0.0001860000   0.0432590000  -0.0104540000  -0.0125430000  -0.0110290000  -0.0117440000  -0.0072560000  -0.0321090000   0.0221800000   0.0197780000
   6.8672858818   6.4148591495 2129  3.75E+00  -1.2669500000  -0.4752220000   1.7641150000   0.0179080000   0.0026640000   1.9179280000   0.8041440000  -0.5536390000   8.2600710000   0.0084590000   0.2891840000   8.4684890000  -0.8201100000   1.0408610000   8.6941170000   0.0385250000   0.0143510000   0.0046350000  -0.0385990000  -0.0142450000  -0.0046020000  -0.0037700000  -0.0048180000   0.0034140000  -0.0451930000   0.0577190000   0.0081960000   0.0490370000  -0.0530060000  -0.0116430000
   6.8663289217   6.4123049756 2174  5.62E+00  -1.7429750000   0.4375900000   2.2418370000  -0.3649050000   0.1698300000   1.7889810000   1.1738170000  -0.8306370000   7.9330070000   0.7454900000   0.0323040000   8.6285230000   0.1987840000   0.6183140000   9.5149400000  -0.0084360000   0.0016820000   0.0028030000   0.0083620000  -0.0015110000  -0.0028380000  -0.0021000000  -0.0279840000   0.0058110000   0.0231010000   0.0310610000  -0.0406540000  -0.0209270000  -0.0032480000   0.0348780000
   6.8657286316   6.4117785404 2485  5.03E+00   1.0205690000  -0.8392670000   1.7373740000  -0.0122530000   0.0092060000   1.9609150000  -1.1704740000   0.4576210000   8.2512530000  -0.0090260000   0.2511740000   8.4373070000   1.1741450000   0.0483960000   8.5133360000  -0.0444560000   0.0365180000   0.0096330000   0.0444790000  -0.0365230000  -0.0096130000  -0.0338670000   0.0065420000  -0.0106880000  -0.0161290000   0.0015170000   0.0127590000   0.0499730000  -0.0080540000  -0.0020920000
   6.8666700086   6.4103819774 2982  1.90E+01   1.5438980000  -1.4735220000   3.2529860000   0.0112830000  -2.1620160000   2.9382640000  -0.6075910000   5.2252630000   6.6170090000  -0.0486000000   4.2288870000   6.7311520000   0.4904570000   3.1782690000   6.4517730000   0.0570890000   0.0255180000   0.0116140000  -0.0571640000  -0.0258690000  -0.0119000000   0.0265940000  -0.0532590000  -0.0209650000  -0.0448420000   0.0941000000   0.0572500000   0.0183230000  -0.0404910000  -0.0359990000
   6.8675276724   6.4106866350 3110  2.42E+00   0.0183270000  -1.3574340000   1.7816000000   0.0021150000   0.0160900000   1.9260400000  -1.1177640000   0.5287760000   8.2172980000  -0.0146560000   0.2521880000   8.4577490000   1.1170520000  -0.0252530000   8.7033340000  -0.0004660000   0.0400090000   0.0042300000   0.0005180000  -0.0400170000  -0.0041690000   0.0244230000  -0.0055930000   0.0068200000  -0.0521730000   0.0118920000  -0.0140460000   0.0276980000  -0.0062910000   0.0071650000
   6.8671615772   6.4142550086 3337  4.83E+00  -1.1002610000  -0.0902510000   2.1176410000  -1.9675410000  -0.8929600000   2.9029840000   3.3127990000   1.6218050000   5.5367330000   3.6078800000   1.9738990000   6.6707280000   3.8744780000   2.0494130000   7.8251430000  -0.0109220000  -0.0100500000   0.0097680000   0.0105760000   0.0099410000  -0.0098250000  -0.0173690000  -0.0359780000  -0.0639190000   0.0130440000   0.0503960000   0.0365250000   0.0046710000  -0.0143090000   0.0274510000
   6.8695116357   6.4107666810 3432  4.41E+00   1.2181240000   0.3150150000   1.5030450000  -0.0129590000  -0.0067700000   2.0133200000  -1.1301290000   0.6136790000   8.3272970000  -0.0071370000   0.2108690000   8.2616010000   1.1234630000  -0.0703370000   8.3222370000  -0.0423280000  -0.0110650000   0.0175450000   0.0423370000   0.0110380000  -0.0174120000  -0.0287600000   0.0184030000   0.0113940000   0.0442980000  -0.0302760000  -0.0202890000  -0.0155470000   0.0118990000   0.0087620000
