   6.8676179117   6.8763713424  231  4.47E+00  -0.6586790000  -1.6762160000   2.9613660000  -0.1315310000  -0.8583310000   1.7210130000   0.2921230000   2.3876450000   7.7682140000   0.3107730000   1.8189700000   8.7930050000   0.1729760000   1.3268550000   9.8503700000  -0.0138220000  -0.0214940000   0.0325640000   0.0138270000   0.0213330000  -0.0325860000  -0.0101990000   0.0007470000   0.0130500000   0.0204860000  -0.0066240000  -0.0145520000  -0.0102920000   0.0060380000   0.0015250000
   6.8698395274   6.8767840249  238  6.41E-01   1.2901780000  -0.4096330000   2.8185870000   0.9198600000  -1.7160120000   2.3432820000  -1.0299080000   2.4437630000   7.4603940000  -1.6789900000   3.3703550000   7.7267870000  -2.3849710000   4.3097870000   7.8598240000  -0.0019040000  -0.0067860000  -0.0025400000   0.0019380000   0.0067050000   0.0023190000  -0.0203840000   0.0246840000  -0.0011300000   0.0328620000  -0.0371040000   0.0083290000  -0.0125120000   0.0125010000  -0.0069780000
   6.8653917435   6.8780192752  510  1.56E+00   0.8502100000  -1.2084870000   2.4875770000   0.0713190000  -0.2608070000   1.6379560000  -1.0758220000   1.0687340000   8.2880340000  -0.1688430000   0.7239540000   8.9960950000   0.7928210000   0.4541460000   9.6227490000   0.0082610000  -0.0100300000   0.0089960000  -0.0081480000   0.0099580000  -0.0090400000  -0.0290950000   0.0172060000  -0.0286370000   0.0158450000  -0.0191290000   0.0265510000   0.0131360000   0.0019950000   0.0021300000
   6.8656167319   6.8778769514  991  3.99E+00   0.3099010000   1.4892040000   2.0834780000  -0.0013090000  -0.0184490000   1.7171910000  -0.8265990000  -0.5108310000   9.1992660000  -0.0136060000   0.2475550000   8.8281310000   0.8238260000   1.0109800000   8.4673480000   0.0083660000   0.0406560000   0.0098670000  -0.0084530000  -0.0407290000  -0.0098630000   0.0030170000   0.0016770000   0.0008770000  -0.0210450000  -0.0169950000   0.0040000000   0.0181160000   0.0153920000  -0.0048800000
   6.8668840834   6.8788225124 1257  5.76E+00  -0.1213860000   1.4342310000   2.2164690000  -0.0003690000  -0.0193540000   1.6454900000   0.9067960000   0.8606760000   9.4557710000   0.0397350000   0.1928460000   8.9682910000  -0.9271330000  -0.3114710000   8.4553340000  -0.0029690000   0.0360640000   0.0141750000   0.0030830000  -0.0360290000  -0.0142040000   0.0253530000   0.0335960000   0.0168240000   0.0203450000  -0.0223240000   0.0043610000  -0.0458120000  -0.0113070000  -0.0211560000
   6.8696711484   6.8756518499 1354  2.18E+00   1.2057100000   0.3476030000   2.2520620000  -0.0149690000  -0.0037210000   1.6378330000   0.9711080000   0.6531620000   9.4691630000  -0.0393580000   0.2736120000   9.0075570000  -0.9427630000  -0.1742050000   8.4484660000  -0.0190950000  -0.0054840000  -0.0096020000   0.0191690000   0.0055330000   0.0095740000   0.0026470000  -0.0066110000  -0.0081650000  -0.0484660000  -0.0076460000  -0.0102450000   0.0457450000   0.0142090000   0.0184390000
   6.8677791571   6.8783649269 1381  5.75E+00  -0.7279070000  -0.7420980000   2.4234300000   0.0106650000   0.0125550000   1.5263600000   0.5257930000   0.9481280000   8.3213030000   0.0037510000   0.2341130000   9.1819860000  -0.5360140000  -0.4521480000  10.0113070000   0.0199030000   0.0203240000  -0.0242170000  -0.0199880000  -0.0204510000   0.0240830000   0.0384260000   0.0553480000  -0.0647960000  -0.0108080000  -0.0228940000   0.0251720000  -0.0275340000  -0.0323270000   0.0397580000
   6.8674590487   6.8792466647 1435  6.18E+00   0.6711500000  -1.1872220000   2.2357250000  -0.0054750000   0.0166700000   1.6181090000   0.5351790000   1.0921740000   8.3912190000  -0.0545240000   0.2308990000   8.9158690000  -0.5091870000  -0.5862920000   9.6947780000   0.0103130000  -0.0184170000   0.0094850000  -0.0103910000   0.0183350000  -0.0094230000   0.0002550000  -0.0089730000   0.0246400000   0.0151190000   0.0488160000  -0.0820060000  -0.0152950000  -0.0397620000   0.0573030000
   6.8669540461   6.8779203902 1477  9.77E+00  -0.5742310000   0.1846090000   2.5608850000  -0.2517730000  -0.4428290000   1.4653280000   0.3298570000   1.4837500000  10.3387300000   0.4535870000   1.0685520000   9.2926970000   0.6232310000   0.6017320000   8.2069190000   0.0252260000  -0.0491600000  -0.0859700000  -0.0253370000   0.0491660000   0.0856080000   0.0126230000  -0.0350310000  -0.0817680000  -0.0193840000   0.0477230000   0.1048050000   0.0068730000  -0.0126980000  -0.0226750000
   6.8696473214   6.8779213860 1508  1.73E+01   0.4364670000  -1.8839190000   4.3101320000   0.2519130000  -2.4412200000   3.1006740000  -0.6756920000   5.4896480000   7.1429320000  -0.3742090000   4.6421270000   6.2964810000  -0.3290090000   4.0239410000   5.3744430000  -0.0091190000  -0.0275810000  -0.0597910000   0.0091520000   0.0274890000   0.0598630000  -0.0367190000   0.0695680000   0.0479340000   0.0609070000  -0.1725710000  -0.1709970000  -0.0242210000   0.1030950000   0.1229910000
   6.8667281735   6.8787610899 1634  3.57E+00  -1.0119850000  -0.6789160000   2.8505960000  -0.1789800000  -0.6820370000   1.4924330000   0.3893250000   1.1767330000   8.0908690000   0.3464410000   1.4998850000   9.2192270000   0.3082330000   1.8340150000  10.3563160000  -0.0236390000   0.0000450000   0.0383500000   0.0235620000  -0.0001380000  -0.0386360000   0.0004430000   0.0019630000   0.0048360000   0.0000630000  -0.0094510000  -0.0285100000  -0.0004300000   0.0075820000   0.0239600000
   6.8665264523   6.8791037787 1651  3.31E+00   0.5698030000   1.3511250000   2.0652010000  -0.0070070000  -0.0167650000   1.6879520000   0.1816530000  -0.8472890000   8.5141300000   0.0180600000   0.2701920000   8.8236290000  -0.1961170000   1.3307350000   9.3030430000   0.0109840000   0.0260840000   0.0072520000  -0.0109940000  -0.0260000000  -0.0071670000  -0.0049170000   0.0066560000   0.0156260000   0.0106700000  -0.0146780000  -0.0331980000  -0.0057420000   0.0079370000   0.0174870000
   6.8651465531   6.8797247003 1978  6.08E+00   1.0662960000   1.0968080000   2.0579960000  -0.0131550000  -0.0178220000   1.7865120000   0.9206990000  -0.4564090000   8.5884360000   0.0254120000   0.2631710000   8.7923740000  -0.9412560000   0.9664250000   8.7604130000   0.0281150000   0.0290380000   0.0070820000  -0.0281160000  -0.0290260000  -0.0070850000  -0.0189800000   0.0103630000  -0.0109560000   0.0488570000  -0.0275840000   0.0260870000  -0.0298760000   0.0172100000  -0.0151280000
   6.8659723614   6.8765095276 2024  2.00E+00  -1.1618920000  -0.8298110000   2.0229230000   0.0119200000   0.0115880000   1.8257530000   1.1645960000  -0.0161330000   8.6394580000   0.0074590000   0.2545380000   8.7011250000  -1.1565210000   0.5071320000   8.5841230000  -0.0011960000  -0.0008700000   0.0002090000   0.0012200000   0.0008670000  -0.0002000000   0.0263650000  -0.0072800000  -0.0111630000   0.0104230000   0.0003840000   0.0244260000  -0.0368110000   0.0068990000  -0.0132710000
   6.8664269050   6.8752068567 2063  1.95E+00   0.6714870000  -1.3458670000   2.9693470000   0.2990820000  -0.9614790000   1.6990130000  -0.7494840000   2.2137940000   7.7062270000  -0.5251740000   2.0076990000   8.8404130000  -0.3922640000   1.8533610000   9.9861360000  -0.0113170000   0.0116570000  -0.0387130000   0.0114090000  -0.0118450000   0.0386020000  -0.0052210000   0.0031870000   0.0088370000   0.0136450000  -0.0093350000   0.0091970000  -0.0085160000   0.0063360000  -0.0179230000
   6.8650819255   6.8784014674 2286  6.23E+00   1.7946530000  -0.9367090000   2.8580520000   0.6997440000  -0.5026950000   1.7941200000  -2.1085120000   1.2490280000   7.8238440000  -1.2511210000   1.2093520000   8.6240760000  -0.5600380000   1.1003840000   9.5629490000   0.0302560000  -0.0119640000   0.0294360000  -0.0301440000   0.0119690000  -0.0293670000  -0.0046150000  -0.0046150000   0.0177610000   0.0224290000   0.0081180000  -0.0194940000  -0.0179270000  -0.0035080000   0.0016640000
   6.8685234016   6.8773483530 2304  7.88E+00  -0.9671670000  -1.1215790000   2.9368000000  -1.7351700000  -2.0559440000   3.9729280000   4.0322560000   4.6224940000   4.2238140000   3.1972220000   4.0100500000   4.8078590000   2.2943970000   3.3933980000   5.1413380000   0.0216960000   0.0263620000  -0.0293300000  -0.0217640000  -0.0265340000   0.0292380000   0.0082730000   0.0094780000  -0.0265090000  -0.0625710000  -0.0500490000   0.0654580000   0.0543650000   0.0407420000  -0.0388560000
   6.8691716508   6.8776136203 2554  5.60E+00  -2.0062540000   0.0657220000   3.8175260000  -2.0478160000   0.5877540000   2.4094090000   3.3468600000  -0.1865500000   6.6045840000   3.6665360000  -0.8366760000   7.5845740000   4.2543800000  -1.4372130000   8.4292040000   0.0004650000  -0.0068020000   0.0182690000  -0.0007220000   0.0067390000  -0.0183230000   0.0004540000   0.0367620000  -0.0582820000  -0.0321140000  -0.0234240000   0.0433690000   0.0319170000  -0.0132750000   0.0149670000
   6.8693627892   6.8750739268 2621  1.55E+00   1.5617930000  -0.1312940000   2.4680220000   0.6509160000  -1.0879810000   2.0240280000  -1.3454030000   2.8684260000   7.2802810000  -1.2084100000   2.2471880000   8.2866940000  -1.0966770000   1.5742060000   9.2361370000  -0.0211320000  -0.0222480000  -0.0102960000   0.0211910000   0.0221160000   0.0103140000  -0.0049830000   0.0103260000  -0.0231990000   0.0074970000  -0.0115180000   0.0323080000  -0.0025740000   0.0013250000  -0.0091270000
   6.8683862402   6.8759323020 3033  8.46E+00   1.5471540000   0.0829240000   1.9594490000  -0.0224710000  -0.0031000000   1.7917060000  -0.5698900000  -0.8062690000   8.5985920000  -0.0203010000   0.2913840000   8.6433370000   0.5998810000   1.2854560000   8.8424130000   0.0420570000   0.0023200000   0.0045380000  -0.0420500000  -0.0022420000  -0.0044360000  -0.0329680000  -0.0795100000   0.0071360000   0.0143030000   0.0616770000  -0.0217400000   0.0186580000   0.0177540000   0.0145010000
   6.8693727996   6.8768651982 3454  2.20E+00   1.1633910000  -0.7507360000   2.0852650000  -0.0123100000   0.0065020000   1.7839700000  -0.3628070000   1.3863240000   8.7736620000  -0.0115040000   0.2414590000   8.7802970000   0.3596260000  -0.8650840000   8.5952310000  -0.0094780000   0.0061170000  -0.0024300000   0.0094640000  -0.0060860000   0.0024270000  -0.0099810000   0.0388560000  -0.0110660000   0.0051210000  -0.0303160000   0.0235280000   0.0048740000  -0.0085700000  -0.0124600000
   6.8692078869   6.8790150672 3496  1.26E+00   0.6154500000  -0.8821910000   2.2966960000   0.3019050000   0.3214720000   1.5805160000  -0.1327620000   0.3051620000   9.9673920000  -0.5437700000  -0.2656380000   9.0392540000  -1.0055960000  -0.9680070000   8.2098850000  -0.0019540000   0.0076980000  -0.0045990000   0.0020700000  -0.0075610000   0.0044980000  -0.0101730000  -0.0181510000  -0.0078080000   0.0153830000   0.0294550000   0.0023810000  -0.0053250000  -0.0114400000   0.0055270000
   6.8685727462   6.8791852797 3539  2.32E+00   0.3631010000  -0.7852590000   2.5740160000  -0.2787460000  -0.2567250000   1.4597870000   0.0240780000   0.8751710000   8.2384520000   0.5124320000   0.6805300000   9.2827010000   0.9604880000   0.6332540000  10.3415480000  -0.0158630000   0.0130410000  -0.0276670000   0.0159330000  -0.0131650000   0.0274040000   0.0056380000   0.0075210000   0.0209820000   0.0159470000  -0.0199940000   0.0222220000  -0.0216540000   0.0125970000  -0.0429410000
