   6.8766831471   6.8138401858   76  4.14E+00   0.7508770000  -0.8398130000   2.1067050000  -0.5647180000  -1.2224870000   2.1344130000   0.6267560000   1.9054730000   9.0470270000   1.0437810000   2.5209060000   8.0990790000   1.3627120000   3.0480720000   7.0817110000  -0.0455870000  -0.0132870000   0.0009640000   0.0455480000   0.0131900000  -0.0009480000  -0.0239300000  -0.0317420000   0.0380040000   0.0224700000   0.0246170000  -0.0125900000   0.0014990000   0.0072230000  -0.0254300000
   6.8779581012   6.8138158152  652  4.18E+00  -0.6882030000  -1.0113720000   2.4102430000   0.0086730000   0.0166180000   1.5693830000  -0.1095140000   1.1343960000   8.2898510000   0.0597200000   0.2761430000   9.1250940000   0.0647240000  -0.6732980000   9.8714350000  -0.0086230000  -0.0127740000   0.0104050000   0.0086540000   0.0126450000  -0.0105270000  -0.0172270000   0.0352940000  -0.0426660000   0.0262620000   0.0164150000   0.0107140000  -0.0090660000  -0.0515800000   0.0320740000
   6.8797330542   6.8122885997  740  2.25E+00   0.2649370000  -1.3139340000   2.9787860000   0.0866800000  -0.9944880000   1.6512060000  -0.3682210000   2.1621090000  10.0864500000  -0.1608030000   2.0769720000   8.9496510000   0.0393400000   2.0158860000   7.7620720000  -0.0055690000   0.0098830000  -0.0415050000   0.0055480000  -0.0101190000   0.0412420000   0.0037740000  -0.0000680000  -0.0261810000  -0.0110950000   0.0003180000   0.0746020000   0.0073410000  -0.0000140000  -0.0481570000
   6.8766695624   6.8119303955  817  3.07E+00   1.2490710000  -0.1965960000   2.3540150000  -0.0174550000   0.0035000000   1.5470470000  -0.8098890000   0.5121350000   8.2935820000   0.0452370000   0.2295210000   9.1110700000   0.7844090000  -0.0018570000   9.9933230000   0.0200220000  -0.0031740000   0.0127240000  -0.0198560000   0.0031110000  -0.0128560000  -0.0520120000   0.0180070000  -0.0372490000   0.0555930000  -0.0200250000   0.0290740000  -0.0037470000   0.0020820000   0.0083070000
   6.8774411494   6.8120069301  929  6.30E+00   0.4230920000   1.4630830000   2.0865450000  -0.0073280000  -0.0177320000   1.7451900000   1.1477790000   0.3145500000   8.4503190000   0.0094780000   0.1869580000   8.8318860000  -1.1449510000   0.2291590000   9.0734430000   0.0114200000   0.0393890000   0.0090680000  -0.0115240000  -0.0394180000  -0.0091000000   0.0466450000   0.0157070000  -0.0230240000  -0.0341730000  -0.0264810000   0.0283900000  -0.0123680000   0.0108040000  -0.0053330000
   6.8777048744   6.8138419007 1636  4.16E+00  -0.9059200000   1.2459010000   2.7116920000  -0.4632540000   0.3066000000   1.5450970000   1.1905030000  -0.7829800000   8.0647860000   0.8938630000  -0.3520570000   9.1545280000   0.5091550000   0.1252120000  10.1767010000  -0.0107210000   0.0227090000   0.0281200000   0.0105990000  -0.0225890000  -0.0282960000   0.0088940000  -0.0173920000  -0.0524020000   0.0081330000  -0.0000850000   0.0245110000  -0.0169050000   0.0173570000   0.0280670000
   6.8783495107   6.8132841972 1810  3.84E+00   1.0556430000  -0.7033460000   2.3989940000  -0.0118340000   0.0111000000   1.5893790000  -0.8829780000  -0.1193170000   9.7434010000   0.0043310000   0.3164040000   9.1196000000   0.8723180000   0.5583400000   8.3228510000   0.0174920000  -0.0117550000   0.0132180000  -0.0176200000   0.0117020000  -0.0134150000   0.0063340000  -0.0086770000  -0.0158700000  -0.0334920000   0.0130710000   0.0516210000   0.0272850000  -0.0043410000  -0.0355540000
   6.8782224909   6.8135712864 1934  3.74E+00   0.8279160000   1.0736410000   1.9333050000  -0.0103910000  -0.0140380000   1.7743840000  -0.3164340000   1.3820420000   8.9464680000   0.0538020000   0.2600600000   8.7192300000   0.2757750000  -0.8871270000   8.5257230000  -0.0239100000  -0.0310190000  -0.0044900000   0.0239200000   0.0310660000   0.0045630000  -0.0238780000   0.0434820000   0.0122410000   0.0295310000  -0.0246040000  -0.0127930000  -0.0056620000  -0.0189260000   0.0004800000
   6.8770730412   6.8140017520 2147  2.61E+00   0.6256850000  -0.8876740000   2.3999060000  -0.0091080000   0.0115820000   1.5502950000   0.6806720000  -0.3006800000   8.3220980000  -0.0201040000   0.1954960000   9.1603670000  -0.6595100000   0.8396810000   9.9086880000  -0.0156950000   0.0222050000  -0.0210560000   0.0155780000  -0.0221520000   0.0208370000   0.0263100000  -0.0065910000  -0.0307100000  -0.0263330000  -0.0064500000   0.0317110000   0.0001410000   0.0129890000  -0.0007820000
   6.8755178103   6.8105941995 2147  3.02E+00   0.6216430000  -0.8819410000   2.3969550000  -0.0090560000   0.0115070000   1.5520680000   0.6819870000  -0.3008280000   8.3203100000  -0.0200720000   0.1940530000   9.1573680000  -0.6608580000   0.8409230000   9.9040570000  -0.0181690000   0.0257100000  -0.0243880000   0.0180520000  -0.0256580000   0.0241710000   0.0257990000  -0.0059270000  -0.0300490000  -0.0247200000  -0.0084670000   0.0298110000  -0.0009620000   0.0143420000   0.0004550000
   6.8788095333   6.8124813230 2761  4.34E+00   1.2367190000  -1.0313500000   2.9581650000   0.3766830000  -2.0205470000   2.5899450000  -0.6221200000   2.7688470000   7.3306200000  -0.6731190000   3.9539760000   7.2960290000  -0.8317350000   5.1066730000   7.0722790000  -0.0339010000  -0.0390200000  -0.0145790000   0.0339610000   0.0389530000   0.0143700000  -0.0064740000  -0.0171320000  -0.0104450000   0.0159340000   0.0002150000   0.0259620000  -0.0095210000   0.0169850000  -0.0153090000
   6.8767466751   6.8102682626 3225  2.72E+00  -0.7313910000   0.5412970000   2.2333650000  -0.6449790000  -0.7450580000   1.7574510000   1.8040740000   1.1966570000   7.8082060000   1.1824930000   1.6064420000   8.7519660000   0.5754960000   1.9719620000   9.7050700000   0.0027640000  -0.0419300000  -0.0155330000  -0.0029460000   0.0419210000   0.0154130000   0.0249220000  -0.0177200000  -0.0335760000  -0.0107890000   0.0112140000   0.0091190000  -0.0139510000   0.0065150000   0.0245770000
   6.8763636322   6.8104267688 3358  2.90E+00   0.5478390000   1.1211000000   2.5361820000   0.4124840000   0.1830090000   1.5114500000  -1.1609180000  -0.6339220000  10.1450590000  -0.7673460000  -0.1792030000   9.1591630000  -0.3575980000   0.4715020000   8.2720460000  -0.0029940000  -0.0208690000  -0.0228880000   0.0029870000   0.0207620000   0.0226040000   0.0149410000   0.0298570000  -0.0273120000  -0.0114850000  -0.0367060000   0.0093850000  -0.0034490000   0.0069560000   0.0182100000
   6.8777681564   6.8145065824 3753  4.01E+00   1.3501010000   0.1250850000   2.0522370000  -0.0843420000  -0.3427760000   1.7188220000   1.1693140000   1.0962630000   9.2882500000   0.1303970000   0.8712490000   8.7797370000  -0.9310380000   0.6413920000   8.4085170000   0.0308040000   0.0100510000   0.0072210000  -0.0307280000  -0.0100260000  -0.0071540000   0.0000330000   0.0001610000   0.0114520000  -0.0533970000  -0.0119640000  -0.0419240000   0.0532880000   0.0117780000   0.0304050000
   6.8772685478   6.8136387246 3777  1.72E+00   1.3191180000   0.9138450000   3.0140960000   0.6692290000   1.3698480000   1.8449540000  -1.1194090000  -2.1433030000   7.4023110000  -1.2516770000  -2.2169530000   8.5716080000  -1.3663620000  -2.4036960000   9.7601610000  -0.0095390000   0.0067820000  -0.0172680000   0.0096350000  -0.0065960000   0.0171300000   0.0014090000  -0.0071730000  -0.0051560000   0.0032750000   0.0232970000  -0.0553580000  -0.0047800000  -0.0163110000   0.0606510000
   6.8773413738   6.8103844812 3903  3.42E+00  -0.7891080000  -0.3820220000   2.6694240000  -0.3617910000   0.0341050000   1.4293160000   0.7403110000   0.0676250000  10.5076500000   0.7564040000   0.2287050000   9.3429710000   0.5484460000   0.3021020000   8.1732750000   0.0135260000   0.0131770000  -0.0394600000  -0.0135750000  -0.0132190000   0.0391110000  -0.0144910000  -0.0061870000   0.0038510000   0.0322110000   0.0105690000   0.0145970000  -0.0176720000  -0.0043410000  -0.0180990000
   6.8777437040   6.8127069248 3964  7.68E+00  -0.9246180000  -0.9905510000   2.9706450000   0.1422820000  -1.6026050000   1.9547150000  -0.2250580000   2.4434700000   7.4234730000  -0.1794140000   3.1520420000   8.4100340000  -0.2925940000   3.9441860000   9.3148540000  -0.0304810000   0.0173820000   0.0288890000   0.0304830000  -0.0175990000  -0.0291630000  -0.0112800000  -0.0322550000  -0.0560120000   0.0259670000  -0.0131980000   0.0139620000  -0.0146890000   0.0456690000   0.0423240000
