   6.8720560486   6.2193485258   63  1.51E+00   0.0564650000  -1.3856150000   2.2597050000  -0.7147640000  -0.2754510000   1.7914500000   1.0088710000   1.1123240000   7.6038040000   1.2387220000   0.7397190000   8.6870200000   1.6273770000   0.4830130000   9.7867710000  -0.0061980000   0.0088500000  -0.0037900000   0.0061010000  -0.0090470000   0.0035150000   0.0140890000   0.0026280000   0.0186150000  -0.0356410000  -0.0025970000  -0.0517470000   0.0216490000   0.0001670000   0.0334070000
   6.8737120579   6.2176382575  222  3.86E+00  -1.0528870000  -0.8471110000   1.7961250000   0.0182880000   0.0128940000   1.8983840000  -1.0565470000   0.2436800000   8.9951720000  -0.0022340000   0.2191600000   8.5048590000   1.0332240000   0.2684460000   8.0273010000   0.0331560000   0.0266410000   0.0032070000  -0.0332840000  -0.0266590000  -0.0032240000   0.0234830000   0.0049540000  -0.0095570000   0.0466810000  -0.0072500000  -0.0249810000  -0.0700360000   0.0023150000   0.0345550000
   6.8729102204   6.2193338879  288  7.08E+00  -1.2422130000  -1.8496520000   4.9948510000  -1.6570410000  -1.7303970000   3.4608890000   3.6438970000   4.0684790000   6.3980920000   3.0125460000   3.5179390000   5.5630830000   2.4485280000   2.7368440000   4.8277010000   0.0117150000  -0.0034520000   0.0435880000  -0.0120280000   0.0031400000  -0.0435750000   0.0143940000  -0.0048810000   0.0194430000   0.0060290000   0.0529480000   0.0073840000  -0.0201100000  -0.0477550000  -0.0268390000
   6.8721629054   6.2154720363  305  3.80E+00   1.1492890000  -0.2860620000   1.6119620000   0.1458580000  -0.9867710000   2.2594480000   0.0465290000   1.2194670000   8.6092760000  -0.3641450000   2.0608030000   7.8911630000  -0.5740240000   2.8673640000   7.0822590000  -0.0275630000  -0.0192640000   0.0177790000   0.0275510000   0.0191730000  -0.0177490000   0.0151440000  -0.0048220000  -0.0026530000  -0.0344710000   0.0284120000  -0.0146500000   0.0193380000  -0.0235000000   0.0172720000
   6.8745342660   6.2156315434  345  6.02E+00  -0.3710920000   1.4100870000   1.4808190000   0.0055540000  -0.0140440000   2.0239880000  -0.7270080000   1.1777270000   8.0801510000   0.0082760000   0.2217900000   8.2412370000   0.7164390000  -0.6752500000   8.5327930000  -0.0095130000   0.0359900000  -0.0137650000   0.0095920000  -0.0360900000   0.0138430000  -0.0415360000   0.0554500000   0.0007370000   0.0353400000  -0.0490890000  -0.0128210000   0.0061180000  -0.0062620000   0.0120060000
   6.8705118933   6.2163515758  770  1.75E+00   0.0677680000   2.3772450000   5.7454140000  -1.1476290000   1.5093240000   5.7975060000   3.2600540000  -2.6787050000   1.2094960000   2.0767300000  -2.5243220000   1.3701830000   0.9082220000  -2.4263270000   1.4469710000   0.0135340000   0.0096160000  -0.0005780000  -0.0134280000  -0.0095200000   0.0006910000   0.0520060000  -0.0106080000  -0.0125680000  -0.0532490000   0.0151630000   0.0188210000   0.0011360000  -0.0046510000  -0.0063650000
   6.8712631790   6.2172017404 1032  5.95E+00  -0.4078390000   1.2685280000   2.2853470000  -0.0411090000   0.1184950000   1.6086850000   0.1525460000  -0.0985340000   7.8190790000   0.1237970000  -0.0154030000   9.0146220000  -0.0144790000   0.1260590000  10.2367220000   0.0101950000  -0.0319770000  -0.0189150000  -0.0102200000   0.0320330000   0.0185320000  -0.0047030000  -0.0001050000  -0.0408530000   0.0220740000  -0.0148180000  -0.0623210000  -0.0173460000   0.0148660000   0.1035570000
   6.8711233871   6.2197959764 1184  5.71E+00  -1.9201610000  -0.1168730000   2.0669740000  -0.3643880000  -0.0635390000   1.9635410000   1.3676940000  -0.5351520000   7.9186510000   0.7119790000   0.3726340000   8.3950510000   0.0386450000   1.2677840000   8.8437790000  -0.0371380000  -0.0012530000   0.0024960000   0.0370490000   0.0013590000  -0.0025240000   0.0375710000  -0.0534080000  -0.0275670000  -0.0032470000   0.0094180000   0.0059040000  -0.0342360000   0.0438840000   0.0216910000
   6.8707766520   6.2160121936 1346  4.80E+00   0.3036430000   2.1631000000   5.7306800000   1.5106210000   1.8064480000   5.1656790000  -2.2181010000  -2.1082890000   2.0980620000  -2.6808700000  -3.0996010000   2.4742660000  -3.3329230000  -4.0353010000   2.8860020000   0.0361210000  -0.0106760000  -0.0168650000  -0.0360000000   0.0107160000   0.0170660000  -0.0280750000  -0.0298050000   0.0135170000   0.0728950000   0.0733770000  -0.0362070000  -0.0449410000  -0.0436120000   0.0224890000
   6.8704428352   6.2176377284 1774  2.68E+00  -0.3009160000  -1.3077120000   1.8037450000   0.0031770000   0.0216690000   1.9198500000  -0.7026860000  -0.5747330000   8.9153280000   0.0008640000   0.2493150000   8.4886220000   0.7051270000   1.0494190000   8.0116490000   0.0107960000   0.0472710000   0.0041630000  -0.0108850000  -0.0473700000  -0.0041970000   0.0121700000   0.0126390000  -0.0097800000  -0.0015460000   0.0009790000   0.0042230000  -0.0105340000  -0.0135190000   0.0055910000
   6.8737606626   6.2150241625 1782  3.95E+00  -2.0294100000  -1.2771540000   3.4476660000  -1.3086020000  -0.6288310000   2.1899310000   3.5036230000   1.5573030000   8.4154280000   2.4353090000   1.4083300000   7.9313080000   1.3315340000   1.2941410000   7.4775000000  -0.0199970000  -0.0180140000   0.0347480000   0.0199350000   0.0178450000  -0.0351090000   0.0169220000   0.0048840000   0.0107340000   0.0201090000  -0.0038120000   0.0008650000  -0.0369700000  -0.0009030000  -0.0112380000
   6.8739914383   6.2194239421 2412  9.05E-01  -2.1208410000   0.2420140000   2.0606830000  -0.7319940000  -0.0350940000   2.2072460000   0.3260840000   0.6787520000   8.2942920000   1.3926680000   0.3251330000   7.9683140000   2.4178220000  -0.0751340000   7.5717600000   0.0147190000  -0.0029400000   0.0015350000  -0.0147040000   0.0029510000  -0.0015100000   0.0081390000  -0.0065140000  -0.0064830000   0.0041650000   0.0056480000   0.0059080000  -0.0123180000   0.0008540000   0.0005500000
   6.8705854978   6.2159002811 2584  2.97E+00   1.3880880000  -0.4368750000   1.7550470000  -0.0166140000  -0.0003570000   1.9509730000  -0.2487740000  -0.8417690000   8.1052840000   0.0756380000   0.2374270000   8.4653180000   0.1875100000   1.3805180000   8.6868180000   0.0119320000  -0.0036780000  -0.0016520000  -0.0118590000   0.0038010000   0.0015870000  -0.0162400000  -0.0017820000  -0.0095440000   0.0317600000   0.0099290000   0.0203830000  -0.0155930000  -0.0082710000  -0.0107730000
   6.8749058470   6.2162173630 2648  2.93E+00   2.3830020000   0.4703800000   2.7493510000   1.1891740000  -0.2904240000   2.2685860000  -1.0610990000   0.6009130000   7.9942430000  -2.2075930000   0.8494150000   7.8529870000  -3.3708300000   0.8699180000   7.6086490000   0.0134120000   0.0085590000   0.0053640000  -0.0134730000  -0.0085200000  -0.0055370000   0.0047430000  -0.0158600000  -0.0042070000   0.0194270000   0.0299460000   0.0150050000  -0.0241100000  -0.0141250000  -0.0106240000
   6.8722635944   6.2194399091 3057  4.47E+00  -1.0983210000   0.4199490000   1.9694820000  -0.5667870000  -0.8883410000   1.9689710000   0.3039540000   1.2814800000   7.7322270000   1.0331540000   1.9270280000   8.3266460000   1.8203320000   2.3697100000   9.0605790000   0.0080710000  -0.0198080000  -0.0000710000  -0.0080220000   0.0197970000  -0.0002680000   0.0582000000   0.0326100000   0.0560840000  -0.0432100000  -0.0064610000  -0.0485910000  -0.0150400000  -0.0261390000  -0.0071540000
   6.8737373183   6.2185673760 3150  1.35E+00  -0.2032290000   1.3048010000   2.0552190000  -0.0523440000  -0.1894550000   1.6931480000  -0.4354330000   0.7646120000   9.9020000000   0.1035240000   0.5431440000   8.8797370000   0.6319420000   0.3793070000   7.8477270000  -0.0032740000   0.0320260000   0.0076870000   0.0031250000  -0.0320210000  -0.0080370000  -0.0038140000   0.0051170000   0.0058080000   0.0095590000  -0.0105710000  -0.0168090000  -0.0055960000   0.0054490000   0.0113510000
   6.8746912271   6.2182259127 3177  3.34E+00  -1.3791630000   0.5828830000   2.0728580000  -1.0188320000  -0.7319900000   2.1444820000   0.8036260000   1.7220520000   7.5595220000   1.8964690000   1.5744060000   8.0351140000   2.9478880000   1.4027360000   8.5690790000   0.0134870000  -0.0492200000   0.0026170000  -0.0134270000   0.0490600000  -0.0028910000  -0.0412720000   0.0045830000  -0.0120010000   0.0114130000   0.0020530000  -0.0079330000   0.0297990000  -0.0064750000   0.0202080000
   6.8737011894   6.2163460847 3536  7.71E+00  -1.3222290000  -0.8060280000   1.9198940000   0.0170040000   0.0051780000   1.8887160000  -0.2838610000   1.3348320000   8.9750280000   0.0906350000   0.2693350000   8.5603140000   0.2142030000  -0.8244260000   8.0462990000  -0.0331470000  -0.0200470000   0.0007400000   0.0331440000   0.0202130000  -0.0008810000  -0.0300450000   0.0429730000   0.0124040000   0.0380670000   0.0142670000   0.0178570000  -0.0080190000  -0.0574060000  -0.0301200000
   6.8746429269   6.2173071053 3711  1.79E+00  -0.8892820000  -1.1123090000   1.6242840000   0.0082380000   0.0169620000   2.0472380000  -1.0633370000   0.7148880000   8.1316060000  -0.0001440000   0.2449890000   8.3046950000   1.0783320000  -0.2257600000   8.3085410000  -0.0118020000  -0.0148610000  -0.0055600000   0.0118320000   0.0148440000   0.0055520000   0.0029800000  -0.0008120000  -0.0093320000  -0.0052680000   0.0013310000   0.0191820000   0.0022580000  -0.0005030000  -0.0098420000
   6.8744695373   6.2188781892 3918  5.63E+00  -0.8516330000   1.3781240000   1.6235110000  -0.5751740000  -0.0541570000   2.1352600000   0.4053970000   1.2430680000   8.2349890000   1.0891910000   0.3153430000   8.1321230000   1.7031660000  -0.6084750000   7.8951510000  -0.0059540000   0.0308710000  -0.0110410000   0.0059680000  -0.0308820000   0.0110390000   0.0214760000  -0.0354860000  -0.0127300000   0.0339840000  -0.0408790000   0.0020540000  -0.0554750000   0.0763750000   0.0106770000
