   6.8707150210   6.6855406699   51  9.86E+00   1.5863090000  -2.2843310000   3.6424670000  -0.0609660000  -2.1249560000   3.5129080000   0.2684340000   3.8295570000   6.6303500000   0.1188700000   4.1554410000   5.5352650000  -0.1531330000   4.4951070000   4.4417380000   0.0567970000  -0.0054590000   0.0044780000  -0.0567750000   0.0055360000  -0.0044310000  -0.0147450000   0.0156260000  -0.0445370000   0.0229970000  -0.0176500000   0.0426790000  -0.0082750000   0.0019480000   0.0018110000
   6.8731706725   6.6869697052  156  4.93E+00   2.0280600000   0.5617790000   2.4321870000   0.8000520000  -0.2720190000   2.0436060000  -0.3736180000   0.9084810000   8.5200620000  -1.5411970000   0.7901430000   8.3014910000  -2.5928360000   0.5091700000   7.8897300000   0.0239670000   0.0162870000   0.0075680000  -0.0240160000  -0.0162760000  -0.0076240000   0.0315000000  -0.0082100000  -0.0069970000  -0.0611160000   0.0129430000   0.0101880000   0.0296650000  -0.0047440000  -0.0031350000
   6.8735529544   6.6869040183  295  7.03E+00   0.3990510000  -1.2842800000   1.8500880000  -0.0054970000   0.0151170000   1.8624660000   0.3850420000   1.3549610000   8.6829920000   0.1053810000   0.2172390000   8.5512020000  -0.4618440000  -0.8249520000   8.4806770000  -0.0160680000   0.0516920000   0.0005110000   0.0161490000  -0.0516420000  -0.0004330000  -0.0183780000   0.0084210000   0.0053820000   0.0450030000  -0.0004920000  -0.0100160000  -0.0267060000  -0.0079790000   0.0045560000
   6.8724428564   6.6886967913  462  4.34E+00  -1.3925990000  -1.8832160000   3.4940600000  -1.1663010000  -1.0069870000   2.2314640000   1.1449640000   1.4880760000   7.9909240000   2.1682420000   2.0791430000   7.8357870000   3.1398750000   2.7865810000   7.7633630000  -0.0051480000  -0.0199920000   0.0287300000   0.0052250000   0.0199880000  -0.0288770000  -0.0276080000  -0.0069410000   0.0100460000  -0.0122550000  -0.0312340000  -0.0121580000   0.0397860000   0.0381790000   0.0022590000
   6.8704508979   6.6868097519  591  4.80E+00  -1.4809080000   0.6578270000   1.9269550000  -0.1976610000  -0.2331200000   1.8962020000   1.5365220000   0.3796390000   8.5368380000   0.3814610000   0.6924980000   8.5400840000  -0.7424140000   0.9109900000   8.4618460000  -0.0310610000   0.0215790000   0.0007550000   0.0310750000  -0.0215620000  -0.0007190000   0.0344650000  -0.0149230000  -0.0042970000  -0.0911080000   0.0316720000   0.0045860000   0.0566300000  -0.0167650000  -0.0003250000
   6.8704924614   6.6852331110  715  2.90E+00   1.0448060000   1.0431520000   2.1201790000  -0.0145880000  -0.0086970000   1.7005760000   0.0132100000  -0.7553500000   9.4540680000   0.0109220000   0.2299110000   8.8635750000  -0.0143780000   1.2481420000   8.2666020000   0.0237060000   0.0234820000   0.0093430000  -0.0236890000  -0.0236490000  -0.0094400000  -0.0017170000   0.0459230000  -0.0258640000   0.0034530000  -0.0516260000   0.0266200000  -0.0017530000   0.0058690000  -0.0006590000
   6.8720891737   6.6890600042 1244  8.73E+00   0.3950000000   1.8417300000   2.1763540000  -0.7820130000   0.7660750000   1.9883010000   0.8753380000  -0.1692040000   8.4009420000   1.4253340000  -1.1779740000   8.2628480000   1.9353430000  -2.2008230000   8.3301880000   0.0350140000   0.0319350000   0.0055900000  -0.0349320000  -0.0320710000  -0.0056050000   0.0196240000  -0.0422860000   0.0115870000   0.0133660000  -0.0169950000  -0.0239410000  -0.0330720000   0.0594170000   0.0123700000
   6.8713374636   6.6885939776 1371  3.74E+00  -1.4379780000   0.3576010000   2.1482020000   0.0196670000  -0.0056810000   1.6924120000   0.6350420000  -0.5506880000   8.3303010000  -0.0011050000   0.2468870000   8.8667150000  -0.6418370000   1.0588660000   9.4270230000  -0.0369010000   0.0092180000   0.0115660000   0.0368320000  -0.0091330000  -0.0115770000  -0.0263890000   0.0338710000   0.0254460000   0.0273430000  -0.0357850000  -0.0285530000  -0.0008860000   0.0018290000   0.0031200000
   6.8724185393   6.6895773248 1521  3.84E+00  -0.7134680000  -1.1937180000   2.0860570000   0.0079980000   0.0156050000   1.7589930000  -0.6588350000   1.1651340000   8.3152390000   0.0489280000   0.2658650000   8.7582760000   0.6271090000  -0.6797710000   9.1948790000   0.0020310000   0.0033450000  -0.0008900000  -0.0019370000  -0.0034400000   0.0008810000  -0.0545110000   0.0576290000  -0.0283820000   0.0444190000  -0.0268220000   0.0149230000   0.0099980000  -0.0307130000   0.0134680000
   6.8715686742   6.6891327950 1536  4.43E+00  -0.4984410000   1.5844690000   2.2020970000  -0.5495600000   0.0824970000   1.7942340000   1.5714140000  -0.7925420000   8.0775670000   1.0148570000   0.0331300000   8.7229660000   0.4427760000   0.9435110000   9.2757440000   0.0011880000   0.0351830000   0.0095750000  -0.0012470000  -0.0351270000  -0.0095780000   0.0100690000  -0.0109130000  -0.0163850000   0.0186240000  -0.0385020000  -0.0059950000  -0.0286340000   0.0493590000   0.0223830000
   6.8709780837   6.6880932451 1624  2.67E+00  -1.0011780000  -1.0416050000   1.8881250000   0.0112570000   0.0127050000   1.8842850000   0.6329040000   1.2164450000   8.5404210000   0.0147400000   0.2303670000   8.5634780000  -0.6371120000  -0.6995320000   8.5026630000  -0.0022820000  -0.0023770000   0.0000170000   0.0022980000   0.0023790000   0.0000270000  -0.0173740000  -0.0194890000  -0.0043400000  -0.0284720000  -0.0536980000   0.0046020000   0.0458300000   0.0731850000  -0.0003050000
   6.8747719091   6.6889321863 1753  3.04E+00   0.2202710000   1.4190410000   1.8629900000   0.7612940000  -0.0030390000   1.9463320000  -0.4681170000   0.7323760000   8.9537450000  -1.3740300000   0.1617600000   8.4310900000  -2.3163690000  -0.2403590000   7.8804270000  -0.0094760000   0.0249180000  -0.0014410000   0.0095130000  -0.0249300000   0.0015090000   0.0169420000   0.0234750000   0.0105990000  -0.0339370000  -0.0429820000  -0.0217720000   0.0169570000   0.0195190000   0.0111050000
   6.8719851528   6.6897116039 1846  3.54E+00   0.1723780000  -0.2508510000   2.2989410000  -1.0698430000  -0.5261740000   1.7510600000   1.8441880000   0.9184290000   7.5968950000   1.9614890000   1.1752290000   8.7788760000   2.0155220000   1.5306490000   9.9239680000  -0.0337760000  -0.0075000000  -0.0149890000   0.0335940000   0.0074220000   0.0146900000  -0.0092040000  -0.0079030000  -0.0641430000   0.0104820000  -0.0130320000   0.0166250000  -0.0010960000   0.0210140000   0.0478170000
   6.8739591602   6.6875890062 2094  2.12E+00  -1.4667960000  -1.3129580000   2.3624710000  -0.4922490000  -0.2830140000   1.9455320000  -0.2319620000   0.6963390000   8.5559000000   0.9477340000   0.7443310000   8.4607430000   2.0713230000   0.9287340000   8.2285400000  -0.0066850000  -0.0070970000   0.0028700000   0.0067600000   0.0070740000  -0.0028680000  -0.0147730000   0.0090480000  -0.0068910000   0.0440870000  -0.0142070000   0.0097240000  -0.0293890000   0.0051820000  -0.0028350000
   6.8721277399   6.6869022841 2094  2.15E+00  -1.4800020000  -1.3118350000   2.3710060000  -0.4924610000  -0.2832310000   1.9446090000  -0.2319450000   0.6963800000   8.5542350000   0.9467110000   0.7450250000   8.4625190000   2.0739680000   0.9291820000   8.2329420000  -0.0094380000  -0.0098620000   0.0040850000   0.0095100000   0.0098390000  -0.0040820000  -0.0126470000   0.0090140000  -0.0070860000   0.0359050000  -0.0150270000   0.0111750000  -0.0233290000   0.0060370000  -0.0040910000
   6.8702421807   6.6862229211 2094  2.25E+00  -1.4930240000  -1.3105180000   2.3794610000  -0.4926760000  -0.2834500000   1.9436870000  -0.2319120000   0.6964100000   8.5525790000   0.9456290000   0.7457440000   8.4642770000   2.0766420000   0.9296230000   8.2373500000  -0.0120360000  -0.0123890000   0.0052530000   0.0121050000   0.0123660000  -0.0052500000  -0.0103940000   0.0089820000  -0.0072770000   0.0275370000  -0.0158460000   0.0125910000  -0.0172120000   0.0068870000  -0.0053180000
   6.8720744169   6.6883893807 2110  9.30E-01   1.5915000000  -1.2399080000   3.0024190000   0.8378410000  -0.6448820000   1.8803290000  -2.6411190000   1.6926680000   8.8762560000  -1.5767280000   1.3987250000   8.5001780000  -0.4598860000   1.2438060000   8.1639040000   0.0049410000  -0.0039450000   0.0073170000  -0.0050440000   0.0038730000  -0.0074990000   0.0169880000   0.0058100000  -0.0015750000  -0.0170090000  -0.0161030000  -0.0034560000   0.0001240000   0.0103650000   0.0052130000
   6.8706288372   6.6897326729 2209  5.86E+00   1.4191530000   0.5482600000   2.5125460000   0.2904430000   0.2369300000   1.6325880000  -0.9220890000  -1.0648190000   9.5985020000  -0.5501530000  -0.1508390000   9.0576690000  -0.2048670000   0.6478950000   8.2912890000   0.0035550000   0.0009390000   0.0026760000  -0.0035470000  -0.0010610000  -0.0029400000   0.0361870000   0.0851500000  -0.0732000000  -0.0195550000  -0.0429100000   0.0579040000  -0.0166390000  -0.0421180000   0.0155600000
   6.8711347554   6.6867988314 2362  5.69E+00   0.2768890000  -2.2582760000   2.9916830000  -0.1407740000  -1.0671720000   2.0837720000   0.4934900000   1.1356960000   8.3653610000   0.3070820000   2.2672820000   8.1618770000  -0.0384030000   3.3219310000   7.9133920000   0.0096060000  -0.0274080000   0.0208440000  -0.0096090000   0.0274960000  -0.0209380000  -0.0167680000   0.0248390000  -0.0072300000   0.0032300000   0.0580860000  -0.0084180000   0.0135410000  -0.0830120000   0.0157410000
   6.8737183741   6.6870424383 2611  4.94E+00  -1.0358750000  -1.1970240000   2.1997160000   0.4141240000  -0.6705340000   1.8867630000   0.2646220000   1.5931660000   9.1720840000  -0.7282410000   1.5435880000   8.4959380000  -1.7209080000   1.3599670000   7.8896990000  -0.0374650000  -0.0136270000   0.0080660000   0.0375780000   0.0136350000  -0.0080790000   0.0390710000  -0.0060370000   0.0317770000  -0.0351060000   0.0144790000  -0.0352100000  -0.0040780000  -0.0084500000   0.0034460000
   6.8719196384   6.6863656434 2816  3.21E+00  -0.9288720000  -1.6495960000   2.4531000000   0.3264940000  -0.9289380000   2.0496510000  -0.2109350000   1.1516550000   8.9386350000  -0.5546650000   2.0175640000   8.2526850000  -0.9447510000   2.7647140000   7.4762850000  -0.0163610000  -0.0094000000   0.0052770000   0.0164000000   0.0093550000  -0.0052450000  -0.0160230000   0.0230330000  -0.0306490000  -0.0031080000   0.0286420000  -0.0091750000   0.0190930000  -0.0516290000   0.0397920000
   6.8739104747   6.6891642204 2843  4.11E+00  -2.0036730000   1.3061930000   4.5914140000  -1.4232690000   2.2313920000   3.7549940000   3.5236640000  -4.0846930000   5.8000100000   2.6092280000  -3.7643200000   5.1029680000   1.7519880000  -3.6281800000   4.3277740000   0.0185280000   0.0295440000  -0.0266470000  -0.0185010000  -0.0294010000   0.0267510000   0.0277840000  -0.0209360000   0.0129730000  -0.0516320000   0.0373960000  -0.0253800000   0.0238210000  -0.0166030000   0.0123030000
   6.8732114974   6.6869075102 3103  5.42E+00  -0.5926670000  -1.9260690000   3.3897540000   0.1393910000  -1.6544530000   2.2735000000  -0.5503790000   4.4534560000   7.7624870000  -0.2439320000   3.2818410000   7.8615650000   0.0746840000   2.1546400000   7.7690760000   0.0285750000   0.0105950000  -0.0436500000  -0.0286180000  -0.0106320000   0.0434690000  -0.0160240000   0.0671460000  -0.0165390000   0.0153580000  -0.0709530000   0.0270610000   0.0007080000   0.0038440000  -0.0103400000
