   6.8839448515   6.9543580284  167  8.69E+00   0.0606120000  -2.2849340000   3.4513570000  -0.6639600000  -1.6241880000   2.5150560000   1.4394590000   4.2009380000   6.6537440000   1.3019080000   3.2281260000   7.3825210000   0.8953580000   2.3189410000   8.0271660000  -0.0309060000   0.0282220000  -0.0399690000   0.0309630000  -0.0281870000   0.0399480000  -0.0072810000   0.0633260000  -0.0484210000   0.0294890000  -0.0529890000   0.0418530000  -0.0222650000  -0.0103730000   0.0065890000
   6.8832255875   6.9511241101  167  9.00E+00   0.0588480000  -2.2822030000   3.4518510000  -0.6641450000  -1.6246970000   2.5149300000   1.4411660000   4.2039940000   6.6566530000   1.3029760000   3.2285570000   7.3840850000   0.8938840000   2.3179320000   8.0236820000  -0.0316720000   0.0288420000  -0.0410760000   0.0317290000  -0.0288070000   0.0410550000  -0.0071650000   0.0647970000  -0.0494830000   0.0290820000  -0.0554680000   0.0438930000  -0.0219730000  -0.0093630000   0.0056110000
   6.8832921812   6.9507945356  369  2.40E+00   1.1018070000  -0.7336260000   3.0254290000   0.6096130000  -0.9760550000   1.6759430000  -1.9253560000   2.3665810000   9.7231980000  -1.0781910000   2.0589190000   8.9270400000  -0.3792270000   1.6963480000   8.0158170000   0.0003710000   0.0001200000   0.0008720000  -0.0003680000  -0.0002440000  -0.0011370000  -0.0455710000   0.0103520000   0.0283220000   0.0266130000   0.0067860000   0.0135210000   0.0189560000  -0.0170140000  -0.0415790000
   6.8826917581   6.9528597530  960  2.51E+00   0.2358200000   1.0705060000   2.7403560000  -0.4179540000   0.9169330000   1.5387820000   0.9213370000  -0.8763660000   8.1215350000   0.7198540000  -1.4879120000   9.1115140000   0.6107800000  -1.9658190000  10.1819740000  -0.0206280000  -0.0048150000  -0.0379850000   0.0205270000   0.0048490000   0.0377090000   0.0072390000   0.0110730000   0.0022800000  -0.0125830000  -0.0169050000  -0.0139100000   0.0054450000   0.0057980000   0.0119060000
   6.8822917498   6.9521445966  971  2.53E+00   0.5215790000  -0.7923180000   2.2707770000  -0.7161720000  -0.5327590000   1.7275970000   0.5741880000   1.2352790000   9.7516310000   1.2636570000   1.2616390000   8.7973780000   2.0210650000   1.2159340000   7.8742970000  -0.0391100000   0.0081710000  -0.0171810000   0.0389470000  -0.0082130000   0.0171170000  -0.0011070000  -0.0045590000   0.0101420000  -0.0238630000   0.0099020000   0.0113300000   0.0251330000  -0.0053010000  -0.0214080000
   6.8849215026   6.9526955932 1277  4.80E+00  -0.6260230000   1.2163270000   2.4902860000   0.2040470000   0.6137490000   1.6017580000  -0.1884090000  -1.6326640000   8.1698310000  -0.3802260000  -0.9018320000   9.0366690000  -0.5057770000  -0.1445010000   9.8911040000   0.0348170000  -0.0252430000  -0.0372690000  -0.0348400000   0.0253850000   0.0372150000  -0.0048640000   0.0387470000   0.0449310000  -0.0061860000  -0.0037130000  -0.0029490000   0.0110730000  -0.0351760000  -0.0419290000
   6.8833819689   6.9519525852 2364  2.73E+00   1.0405690000   0.0010240000   2.4185790000  -0.0135220000  -0.0024090000   1.5138100000   0.2728110000   1.1528910000   9.9368440000  -0.0223870000   0.2300380000   9.2155360000  -0.2540310000  -0.6259400000   8.4335650000  -0.0266320000  -0.0000520000  -0.0228940000   0.0266670000   0.0001540000   0.0227840000   0.0180490000   0.0486540000   0.0318950000  -0.0189600000  -0.0422900000  -0.0201760000   0.0008770000  -0.0064660000  -0.0116080000
   6.8829581093   6.9531720306 2405  4.96E+00  -0.6895320000  -1.1740230000   2.1994140000   0.2029300000  -0.2520950000   1.7230780000  -0.2139010000   1.8345990000   8.3426370000  -0.3542010000   0.7136950000   8.8099500000  -0.4902420000  -0.3497030000   9.3009160000   0.0317180000   0.0327440000  -0.0168840000  -0.0317270000  -0.0328380000   0.0169390000   0.0088810000   0.0729630000  -0.0260940000  -0.0074310000  -0.0633720000   0.0178050000  -0.0014400000  -0.0094970000   0.0082340000
   6.8844211098   6.9535521601 2681  4.89E+00  -1.4228860000  -1.2133970000   2.6811250000  -0.2126130000  -1.2892460000   2.0920740000   0.2699720000   3.7445080000   7.8905930000   0.4306770000   2.6148070000   8.0944800000   0.5582070000   1.4954970000   8.4168610000   0.0571280000  -0.0035400000  -0.0278000000  -0.0571290000   0.0036630000   0.0277810000   0.0022620000  -0.0299500000   0.0146200000   0.0010700000   0.0172540000  -0.0209870000  -0.0033310000   0.0125740000   0.0063860000
   6.8834902982   6.9520539779 2932  3.01E+00   0.2405310000   1.2881540000   2.0386740000  -0.0020880000  -0.0173860000   1.7123730000  -0.8710070000   0.9862970000   8.5364960000  -0.0082850000   0.2572090000   8.8399740000   0.8725030000  -0.4860380000   9.1481130000  -0.0087770000  -0.0473300000  -0.0118080000   0.0088250000   0.0472880000   0.0118590000   0.0079420000  -0.0066750000   0.0041200000  -0.0328120000   0.0276140000  -0.0137690000   0.0248230000  -0.0208970000   0.0095990000
   6.8844873284   6.9543840999 3277  8.21E+00  -0.0152770000  -1.3629480000   5.3910480000  -0.0628120000  -2.7578420000   4.5810660000   0.3099140000   6.4317380000   3.3274000000   0.1846160000   5.2905300000   3.6339370000  -0.1338450000   4.1435580000   3.7271980000   0.0014790000   0.0425010000   0.0248080000  -0.0014190000  -0.0428030000  -0.0247190000  -0.0095420000   0.0235720000  -0.0197950000   0.0285470000   0.0003070000   0.0314050000  -0.0190650000  -0.0235770000  -0.0116990000
   6.8804967756   6.9546804243 3526  6.38E+00  -1.5542900000   0.0159220000   3.2010870000  -1.3617970000  -0.1038580000   1.7510500000   3.4788860000   0.1977070000   9.4679200000   2.4960590000   0.4444780000   8.7465580000   1.5464020000   0.6739890000   8.0204130000  -0.0008070000   0.0004530000   0.0056870000   0.0007480000  -0.0005180000  -0.0059140000   0.0902710000  -0.0230350000   0.0649950000  -0.0350050000   0.0099020000  -0.0218140000  -0.0552060000   0.0131980000  -0.0429540000
   6.8842076290   6.9523716145 3586  5.13E+00   0.0526070000  -0.0467410000   1.8402750000  -0.6931640000  -1.3417540000   2.1571700000   0.9143930000   2.3041790000   9.0560550000   1.2985150000   2.6695000000   8.0420540000   1.5693290000   3.0835020000   7.0186210000   0.0135900000   0.0235900000  -0.0058000000  -0.0136380000  -0.0237040000   0.0058260000   0.0147880000   0.0266110000  -0.0620710000   0.0154340000   0.0019430000  -0.0206200000  -0.0301750000  -0.0284400000   0.0826640000
