   6.8888379966   6.4707387890   52  1.06E+00   1.2439520000  -0.5564480000   2.4188850000   0.5356280000   0.4812130000   1.6612950000  -1.3753430000  -1.2331830000   9.8419330000  -1.0428140000  -0.6321860000   8.9166580000  -0.5952480000   0.0272010000   8.0162500000   0.0027570000  -0.0040620000   0.0028420000  -0.0027210000   0.0039640000  -0.0032300000   0.0185720000   0.0239390000  -0.0290490000  -0.0404210000  -0.0493020000   0.0555450000   0.0218140000   0.0254610000  -0.0261080000
   6.8858985793   6.4708074897   65  5.96E+00   1.3126940000  -1.0936960000   1.8325890000   0.3150070000  -0.0756180000   1.9708740000   0.0643620000   1.3599650000   8.2754460000  -0.5155340000   0.3376240000   8.3152200000  -1.3332800000  -0.4791830000   8.5250600000  -0.0074760000   0.0076160000   0.0010810000   0.0074600000  -0.0076850000  -0.0009220000  -0.0217460000   0.0056360000   0.0136900000   0.0307790000  -0.0276500000  -0.0249020000  -0.0090160000   0.0220840000   0.0110530000
   6.8859906259   6.4700917856 1140  1.47E+00   1.3276580000  -0.5169340000   2.3356880000  -0.0087780000  -0.5311190000   1.6810730000  -0.5547770000   1.2828880000   7.8676190000   0.0304550000   1.2520290000   8.8629310000   0.4921070000   1.1499990000   9.9373630000   0.0128620000   0.0001160000   0.0062580000  -0.0127140000  -0.0002190000  -0.0064600000   0.0144950000  -0.0056860000   0.0471740000  -0.0045940000   0.0103270000  -0.0499370000  -0.0100490000  -0.0045380000   0.0029650000
   6.8875303408   6.4740856234 1184  2.58E+00  -1.8569180000  -0.0407820000   2.1505160000  -0.3790760000  -0.0639190000   1.9191120000   1.4376150000  -0.5288910000   8.1156610000   0.7657830000   0.3716900000   8.5057800000  -0.0023000000   1.2593370000   8.7802710000  -0.0169630000   0.0002710000   0.0026720000   0.0169350000  -0.0002210000  -0.0026730000   0.0098910000  -0.0211730000  -0.0143280000   0.0293500000  -0.0171700000   0.0080920000  -0.0392130000   0.0382930000   0.0062370000
   6.8888323540   6.4730606922 1316  4.94E+00  -1.5327100000   1.8031390000   3.8100720000  -0.9431270000   1.6737220000   2.3606830000   1.8800600000  -2.9690880000   8.7918410000   1.7419900000  -2.9166590000   7.6121580000   1.6190080000  -2.6262850000   6.4650610000  -0.0149850000   0.0033310000   0.0367350000   0.0148190000  -0.0030950000  -0.0368340000   0.0042240000   0.0134530000   0.0285890000  -0.0036170000  -0.0325100000  -0.0115100000  -0.0004400000   0.0188210000  -0.0169800000
   6.8866419992   6.4722305895 1437  2.58E+00  -1.5413340000   0.3121670000   1.8515370000  -0.0508670000  -0.0186240000   1.9197240000   1.2102030000  -0.1361750000   8.2668220000   0.1312690000   0.2625980000   8.5317900000  -0.9575970000   0.7000640000   8.6253650000  -0.0274100000   0.0060810000  -0.0012370000   0.0273730000  -0.0060760000   0.0012330000   0.0061630000   0.0001040000  -0.0114110000  -0.0029860000  -0.0037240000   0.0212000000  -0.0031400000   0.0036150000  -0.0097850000
   6.8874094639   6.4724950696 1641  6.12E+00   0.8961520000  -1.8546460000   2.2341770000   0.3710870000  -0.5479950000   2.0625180000  -1.8433270000   0.8867790000   8.2970400000  -0.6699270000   1.2780610000   8.1646030000   0.4364770000   1.6951270000   8.1335410000  -0.0066090000   0.0164490000  -0.0021380000   0.0065910000  -0.0164130000   0.0022440000  -0.1020580000  -0.0309140000   0.0178320000   0.0866370000   0.0217570000  -0.0241870000   0.0154390000   0.0091210000   0.0062480000
   6.8866026286   6.4747896531 1679  1.76E+00  -0.5073340000   1.3936730000   1.9330290000  -0.5103400000  -0.0882390000   1.8857990000   1.6734260000  -0.3721510000   7.9745970000   0.9548530000   0.3546830000   8.5819240000   0.1904960000   1.1464480000   9.0442500000   0.0000120000   0.0120840000   0.0004000000  -0.0001030000  -0.0120260000  -0.0004340000   0.0120060000  -0.0106410000  -0.0195510000   0.0127380000  -0.0162290000   0.0142480000  -0.0246530000   0.0268130000   0.0053370000
   6.8868488135   6.4742311433 1981  5.08E+00  -1.0430340000  -1.0178980000   2.2299150000   0.0109150000   0.0154710000   1.6785820000   0.3411300000  -0.4927100000   9.7110320000   0.0012790000   0.2424960000   8.9194220000  -0.3308910000   0.9852100000   8.0706430000  -0.0275140000  -0.0270470000   0.0143710000   0.0275740000   0.0268570000  -0.0145950000  -0.0260540000   0.0582410000  -0.0656250000   0.0230900000  -0.0537400000   0.0621080000   0.0029040000  -0.0043110000   0.0037410000
   6.8868084361   6.4737943067 2075  3.98E+00  -1.3864990000   0.0518300000   1.8958410000   0.0173650000  -0.0007300000   1.8518070000  -0.0311550000  -0.8945150000   8.2634220000  -0.0055720000   0.2197080000   8.6406900000   0.0359660000   1.4176380000   8.8834170000   0.0251690000  -0.0009300000  -0.0007800000  -0.0251690000   0.0009930000   0.0007640000   0.0008750000  -0.0007780000  -0.0083640000  -0.0044790000  -0.0796810000  -0.0000130000   0.0036050000   0.0803960000   0.0083930000
   6.8867949853   6.4735637979 2293  5.30E+00   1.7308460000   0.0094580000   1.8011280000   0.5359120000  -0.6354780000   2.1694690000  -1.9893840000   1.8819310000   7.5724830000  -1.0429870000   1.3133580000   7.9682700000  -0.0131720000   0.9929500000   8.4986290000  -0.0207580000  -0.0112010000   0.0063960000   0.0206820000   0.0112060000  -0.0062600000   0.0112250000   0.0126030000   0.0125140000  -0.0493320000  -0.0186390000  -0.0397210000   0.0381830000   0.0060300000   0.0270710000
   6.8861861662   6.4740040500 2376  1.03E+00  -0.7357360000  -1.3657660000   2.4563450000   0.2602410000  -0.5674220000   1.7583640000   0.4489460000   1.1819440000   7.9886800000  -0.4269140000   1.2991860000   8.7984440000  -1.3818160000   1.4503270000   9.4710980000  -0.0002280000  -0.0001680000   0.0001050000   0.0000920000   0.0000730000  -0.0003280000   0.0220570000  -0.0009310000  -0.0317010000  -0.0089980000  -0.0025260000   0.0343020000  -0.0129230000   0.0035500000  -0.0023780000
   6.8859669243   6.4712617447 2472  1.38E+00   0.8155880000   1.5308620000   2.2186950000   0.2940230000   0.2569290000   1.7524780000  -0.1873950000   0.5220330000   9.5773830000  -0.5810330000  -0.2182940000   8.7307180000  -0.8962300000  -1.0501030000   7.9776040000  -0.0001430000  -0.0003240000  -0.0001040000   0.0001970000   0.0004680000   0.0000780000   0.0145170000   0.0118380000   0.0274080000  -0.0249590000  -0.0204390000  -0.0485920000   0.0103880000   0.0084580000   0.0212110000
   6.8866845691   6.4742650302 2690  1.89E+00  -1.4504410000   1.3103610000   3.0476760000  -1.0898460000   0.6916160000   1.8584320000   2.2414280000  -1.0873200000   9.7139830000   1.9968590000  -0.9905560000   8.5475240000   1.7938770000  -1.0180580000   7.3971380000   0.0092190000  -0.0158600000  -0.0305990000  -0.0094060000   0.0160070000   0.0303940000   0.0107690000  -0.0111850000   0.0391230000  -0.0166470000   0.0191790000  -0.0558430000   0.0060650000  -0.0081410000   0.0169250000
   6.8871191158   6.4728250225 2953  6.34E+00  -1.3400110000   0.0753830000   1.9425430000  -0.1577360000   0.7602690000   1.8862600000   0.2919690000  -2.0010520000   7.7232400000   0.2187840000  -1.1470420000   8.5386210000   0.4159930000  -0.2519090000   9.3252140000   0.0427720000   0.0248180000  -0.0020300000  -0.0428250000  -0.0246760000   0.0020140000   0.0174810000  -0.0060160000  -0.0078360000  -0.0427830000  -0.0357420000  -0.0257110000   0.0253550000   0.0416170000   0.0335630000
   6.8885151026   6.4726241618 3456  1.02E+00  -0.5970520000  -1.2129340000   2.0326210000   0.2958740000  -0.1119330000   1.7986040000   0.1210530000   1.2622990000   9.2496510000  -0.5613190000   0.5023770000   8.7040580000  -1.1397190000  -0.3163170000   8.1067070000   0.0052580000   0.0064490000  -0.0014210000  -0.0051510000  -0.0063390000   0.0012950000  -0.0128080000  -0.0263810000  -0.0188840000  -0.0053330000   0.0147120000   0.0094310000   0.0180340000   0.0115590000   0.0095790000
   6.8871563588   6.4747673019 3513  3.00E+00  -0.7166280000  -1.3566660000   1.8202630000   0.0089340000   0.0166690000   1.9101570000   1.1462120000   0.2504520000   8.2799730000  -0.0011770000   0.2546780000   8.4779370000  -1.1447980000   0.2482630000   8.7023920000  -0.0168330000  -0.0318460000  -0.0020550000   0.0167670000   0.0318570000   0.0021230000  -0.0227440000  -0.0005210000   0.0074110000   0.0032610000   0.0010310000  -0.0067410000   0.0195490000  -0.0005200000  -0.0007370000
   6.8899906407   6.4726652664 3539  2.40E+00  -0.4231060000  -1.1954810000   2.5255200000  -0.2590600000  -0.2335420000   1.5678300000   0.1122660000   0.7046940000   7.9613600000   0.5119650000   0.6829780000   9.0882180000   0.8238690000   0.7119550000  10.2281030000   0.0059640000   0.0348840000  -0.0348710000  -0.0059360000  -0.0350000000   0.0344980000  -0.0164500000   0.0040900000  -0.0288990000   0.0165270000  -0.0076420000   0.0089010000  -0.0001050000   0.0036680000   0.0203710000
   6.8862190939   6.4717580703 3622  3.38E+00  -1.1218400000   0.5473960000   2.1815850000   0.0120870000  -0.0038560000   1.6238930000  -0.3603630000   0.7897220000   8.0360040000   0.0426460000   0.1870740000   8.9590590000   0.3386630000  -0.2577120000   9.9920940000   0.0344920000  -0.0167920000  -0.0170470000  -0.0344140000   0.0166380000   0.0167690000  -0.0033680000   0.0050310000   0.0189130000   0.0166820000  -0.0248270000  -0.0058690000  -0.0133920000   0.0199500000  -0.0127660000
   6.8862068268   6.4722341124 3777  2.65E+00  -0.3085350000   1.5924070000   2.6932290000   0.5867880000   1.0291920000   1.7811160000  -1.1883910000  -1.7179270000   9.8947690000  -1.0376320000  -1.7033280000   8.6954280000  -0.9437850000  -1.5560780000   7.5137890000   0.0195400000  -0.0122180000  -0.0199570000  -0.0194480000   0.0124120000   0.0196820000  -0.0111630000   0.0067920000   0.0632960000   0.0120680000  -0.0180990000  -0.0320860000  -0.0009970000   0.0111140000  -0.0309350000
   6.8896949825   6.4723881177 3940  8.86E+00  -1.0117110000  -0.8981010000   2.0628510000  -1.5255540000   0.3371100000   2.2876660000   3.1499810000  -0.5790320000   6.6685180000   2.7778920000  -0.2405290000   7.7790040000   2.4473930000  -0.1797570000   8.9378810000  -0.0217600000   0.0522090000   0.0094840000   0.0215660000  -0.0521190000  -0.0094710000   0.0240910000  -0.0345720000  -0.0574100000  -0.0113170000   0.0474020000   0.0004200000  -0.0125810000  -0.0129200000   0.0569770000
   6.8881199418   6.4710465114 3982  1.53E+00   1.4183320000  -0.0308610000   2.0434940000  -0.0177880000   0.0046350000   1.7536050000  -0.2695860000  -0.6921680000   9.4249950000  -0.0592850000   0.2437220000   8.7656550000   0.3135730000   1.1756750000   8.1091780000   0.0048700000  -0.0001630000   0.0009550000  -0.0049410000  -0.0000170000  -0.0010900000   0.0135540000   0.0137200000  -0.0089570000  -0.0351790000  -0.0417210000   0.0269210000   0.0216960000   0.0281810000  -0.0178290000
   6.8870550103   6.4728616480 3989  8.26E+00   0.7424290000   0.6350780000   1.7334680000   0.1751310000  -0.7384020000   2.0028980000  -1.3881350000   1.4520300000   7.8898450000  -0.3939820000   1.6129590000   8.4553610000   0.7624760000   1.6725460000   8.6517600000   0.0083660000   0.0202320000  -0.0039820000  -0.0082910000  -0.0202680000   0.0038860000   0.0607650000   0.0007830000   0.0016570000  -0.0552720000   0.0074450000   0.0280370000  -0.0055680000  -0.0081920000  -0.0295980000
