   6.8881197240   6.8720764240   62  3.20E-01   0.6347370000   0.5833410000   2.4782470000   1.7781700000   1.4658730000   2.5564410000  -3.8654890000  -3.3632470000   7.6604100000  -3.2096920000  -2.4280820000   7.3360130000  -2.6456130000  -1.4840050000   6.9100370000   0.0029250000   0.0022210000   0.0001210000  -0.0027510000  -0.0021860000  -0.0003250000  -0.0201890000  -0.0197260000   0.0008030000   0.0243590000   0.0156040000   0.0066320000  -0.0043450000   0.0040880000  -0.0072310000
   6.8889239534   6.8740829261  594  9.26E+00  -0.7101270000   0.3343370000   1.7058040000  -0.6485730000  -0.9521810000   2.1202630000   0.1558800000   1.7141010000   8.7135110000   1.2143200000   1.9729440000   8.1142940000   2.2164040000   2.2268480000   7.4997330000   0.0027280000  -0.0569890000   0.0183820000  -0.0027210000   0.0570040000  -0.0183250000  -0.0933790000  -0.0220330000   0.0515410000   0.0507790000   0.0103690000  -0.0241440000   0.0425930000   0.0116490000  -0.0274540000
   6.8856004118   6.8748887285  723  7.35E+00  -0.7832950000   1.2241460000   2.7217790000   0.0588110000   0.6336620000   1.5157850000  -0.0720880000  -1.4222230000   8.0747710000  -0.1194260000  -0.9704890000   9.2144170000  -0.0826270000  -0.4033470000  10.2675120000  -0.0230310000   0.0162080000   0.0329150000   0.0230120000  -0.0160310000  -0.0331160000   0.0078290000  -0.0237870000  -0.0781680000  -0.0139050000  -0.0044490000   0.0423680000   0.0060960000   0.0280590000   0.0360010000
   6.8873494674   6.8731627395  984  5.32E+00  -1.2389940000  -0.5144340000   3.0081250000  -0.8632040000  -1.3708790000   1.9681290000   1.9195410000   2.9442800000   9.5022580000   1.5790000000   2.8315810000   8.3277750000   1.2842180000   2.4966470000   7.2284700000   0.0078200000  -0.0179930000  -0.0218360000  -0.0079280000   0.0178300000   0.0216670000   0.0264500000  -0.0047040000   0.0863160000  -0.0244690000   0.0225230000  -0.0728140000  -0.0018730000  -0.0176560000  -0.0133330000
   6.8865487340   6.8740970269 1092  4.37E+00   0.9827470000   1.1526550000   2.0704780000  -0.0162170000  -0.0168540000   1.7396950000   0.7714240000   1.1428670000   9.0097720000  -0.0027960000   0.2492800000   8.8260070000  -0.7502500000  -0.6307730000   8.5468610000   0.0257390000   0.0301360000   0.0085560000  -0.0257200000  -0.0301100000  -0.0085300000   0.0269770000   0.0301190000   0.0012950000  -0.0130990000  -0.0127400000   0.0089310000  -0.0138970000  -0.0174050000  -0.0102530000
   6.8870938953   6.8714745270 1404  8.44E+00  -0.9189700000   0.6327580000   2.4167040000  -1.3755230000  -0.6471120000   1.9665530000   1.3682070000   1.3594360000   7.9383930000   2.5564290000   1.3522220000   8.3189100000   3.6402820000   1.5050990000   8.8441220000  -0.0035090000  -0.0099010000  -0.0035550000   0.0035470000   0.0098150000   0.0033140000  -0.1058000000   0.0091920000  -0.0235680000   0.0462260000  -0.0265260000  -0.0152940000   0.0595370000   0.0174190000   0.0391020000
   6.8898243031   6.8716371338 1404  1.56E+00  -1.6580530000   0.3130640000   3.1491190000  -1.5288110000  -0.6929740000   2.0230170000   2.9791670000   1.7529460000   9.3766540000   2.7949930000   1.5343560000   8.2626800000   2.6623580000   1.2240490000   7.1199300000  -0.0021480000   0.0159390000   0.0178140000   0.0018730000  -0.0159950000  -0.0179660000  -0.0035310000  -0.0146780000  -0.0454510000   0.0016200000   0.0262160000   0.0673400000   0.0021850000  -0.0114830000  -0.0217370000
   6.8862118723   6.8728470589 1404  1.72E+00  -1.6484250000   0.3234170000   3.1437540000  -1.5290110000  -0.6931220000   2.0231490000   2.9767830000   1.7548320000   9.3763220000   2.7942820000   1.5305740000   8.2647930000   2.6656700000   1.2250890000   7.1183570000  -0.0020460000   0.0165530000   0.0182210000   0.0017680000  -0.0166110000  -0.0183730000  -0.0038080000  -0.0147940000  -0.0487720000   0.0019910000   0.0262930000   0.0739980000   0.0020950000  -0.0114420000  -0.0250730000
   6.8860783554   6.8719265252 1508  1.44E+01   0.4320240000  -1.9061950000   4.3254480000   0.2517050000  -2.4386830000   3.1014910000  -0.6735570000   5.4808170000   7.1402870000  -0.3754490000   4.6404730000   6.3021120000  -0.3288930000   4.0227460000   5.3678130000  -0.0086350000  -0.0255500000  -0.0586460000   0.0086690000   0.0254320000   0.0587160000  -0.0331650000   0.0599530000   0.0372120000   0.0561770000  -0.1475010000  -0.1378050000  -0.0230460000   0.0876650000   0.1005240000
   6.8850375556   6.8717743704 1638  1.02E+01   0.4785270000  -1.7434990000   3.3428740000   1.2927240000  -2.2886030000   4.5853360000  -2.1384540000   3.4392040000   2.9603660000  -2.3741600000   4.5205620000   3.5085810000  -2.5655980000   5.3945830000   4.2960550000  -0.0218740000   0.0145830000  -0.0334460000   0.0220460000  -0.0148040000   0.0335720000   0.0181330000  -0.0855620000  -0.0247710000  -0.0151380000   0.0721090000  -0.0115260000  -0.0031670000   0.0136740000   0.0361720000
   6.8870943196   6.8738129425 1708  4.31E+00  -0.5660390000   0.6290950000   2.4773380000   0.0083210000  -0.0066130000   1.4340880000  -0.4882440000   0.3407700000   8.2811350000   0.0412750000   0.2895460000   9.3291950000   0.4513610000   0.1229320000  10.3984000000   0.0265320000  -0.0293360000  -0.0482600000  -0.0264310000   0.0293280000   0.0479650000  -0.0049540000  -0.0083030000   0.0100060000   0.0250200000   0.0114860000   0.0193700000  -0.0201680000  -0.0031750000  -0.0290800000
   6.8880932937   6.8701083630 2397  7.78E+00   0.0778000000  -1.6432360000   2.5306670000  -0.8890030000  -0.8235810000   2.0321460000   0.8502060000   1.4481820000   9.1406510000   1.6305320000   1.8317950000   8.2716610000   2.3607530000   2.0810630000   7.3425620000  -0.0378960000   0.0321080000  -0.0195210000   0.0378240000  -0.0321370000   0.0195400000  -0.0590610000  -0.0347240000   0.0605590000   0.0259650000   0.0293250000  -0.0134610000   0.0331680000   0.0054290000  -0.0471170000
   6.8893335354   6.8736915958 2520  2.38E+00  -0.9014150000   0.5955020000   2.4139910000  -0.0091040000  -0.1380900000   1.4998410000   0.7829490000   0.5553310000   8.2924440000   0.0729580000   0.5214850000   9.2336710000  -0.7354610000   0.3930010000  10.1344070000  -0.0050140000   0.0040880000   0.0050700000   0.0049050000  -0.0041030000  -0.0052080000   0.0001540000  -0.0052260000  -0.0085010000   0.0531100000   0.0183340000  -0.0423420000  -0.0531550000  -0.0130940000   0.0509820000
   6.8886805291   6.8740383267 3002  2.26E+00  -0.1879730000  -0.1716180000   2.3604600000   1.0839790000  -0.0955840000   1.6214940000  -1.3828010000   0.4463240000   8.0147510000  -1.9468430000   0.4261210000   8.9939360000  -2.5575220000   0.4096440000   9.9878760000  -0.0070110000  -0.0004370000   0.0039780000   0.0070630000   0.0003960000  -0.0042390000  -0.0557390000  -0.0014150000   0.0925320000   0.0494330000   0.0008710000  -0.0777030000   0.0062550000   0.0005850000  -0.0145680000
   6.8865675595   6.8745192630 3317  5.18E+00  -0.8298510000  -0.7854320000   2.1804800000  -0.7838830000  -1.9501270000   2.8572930000   0.9021230000   2.9441150000   7.3808750000   1.4487630000   3.8275100000   6.7579790000   1.9774790000   4.6591540000   6.1397340000   0.0021990000  -0.0551390000   0.0320370000  -0.0021620000   0.0551700000  -0.0321750000  -0.0264590000  -0.0437670000   0.0307400000   0.0346290000   0.0579180000  -0.0399190000  -0.0082080000  -0.0141820000   0.0093170000
   6.8887793834   6.8703875352 3317  4.27E+00  -0.8205820000  -0.7798080000   2.1681690000  -0.7840510000  -1.9502790000   2.8576130000   0.9014860000   2.9423310000   7.3768560000   1.4488610000   3.8272800000   6.7594270000   1.9782990000   4.6615130000   6.1418460000   0.0015160000  -0.0478410000   0.0281760000  -0.0014790000   0.0478710000  -0.0283120000  -0.0257340000  -0.0425470000   0.0293230000   0.0323110000   0.0541380000  -0.0363290000  -0.0066130000  -0.0116210000   0.0071420000
   6.8868126067   6.8743384112 3544  2.79E+00  -0.4986720000  -1.0652210000   2.3855980000   0.0078690000   0.0122940000   1.5559380000  -0.1721500000   1.2020460000   9.8274590000  -0.0681350000   0.2188500000   9.1379300000   0.2154160000  -0.6729460000   8.3928890000   0.0004830000   0.0011080000  -0.0008870000  -0.0005450000  -0.0010040000   0.0007430000   0.0059350000   0.0495840000   0.0282840000  -0.0249130000  -0.0287380000  -0.0044380000   0.0190390000  -0.0209500000  -0.0237020000
