   6.8812956182   6.9984073698   99  4.70E+00   0.7520940000   0.3480930000   2.4901270000  -0.0090550000  -0.0065720000   1.4251160000   0.5036830000  -0.1927380000   8.4022320000  -0.0543280000   0.2859240000   9.3237240000  -0.4650570000   0.6766610000  10.3254120000  -0.0323500000  -0.0150250000  -0.0453130000   0.0322490000   0.0151180000   0.0450810000   0.0091390000  -0.0051700000   0.0094440000  -0.0363380000   0.0273910000   0.0261050000   0.0273010000  -0.0223140000  -0.0353170000
   6.8813163987   6.9969968783  192  1.61E+00   0.4644990000   0.7032690000   1.9226060000   0.9870900000  -0.6308530000   1.9530920000  -1.0034230000   1.8839140000   9.0714570000  -1.7789480000   1.3585370000   8.3948610000  -2.6201630000   0.8902380000   7.7524000000   0.0037360000  -0.0094700000   0.0002480000  -0.0036510000   0.0095070000  -0.0001810000  -0.0327650000  -0.0144040000  -0.0208250000   0.0084930000  -0.0065630000  -0.0057230000   0.0241880000   0.0209300000   0.0264810000
   6.8811896147   6.9951515933  364  4.32E+00  -0.9098980000   0.7670700000   2.5782130000  -0.0076870000   0.1607070000   1.4182070000   0.1204930000  -0.7124840000  10.3462680000   0.0535660000  -0.0777370000   9.3390420000  -0.0649850000   0.6075800000   8.3988350000  -0.0251770000   0.0168810000   0.0322580000   0.0251760000  -0.0169800000  -0.0324600000  -0.0014230000  -0.0144480000   0.0328320000   0.0034310000   0.0183530000  -0.0482730000  -0.0020080000  -0.0038060000   0.0156430000
   6.8819987522   6.9971912222  771  1.01E+00   1.0377610000   0.2851400000   2.6329030000   0.3029220000   0.1235500000   1.4448740000  -0.8073560000  -0.5439060000   8.3210990000  -0.5978660000   0.0430800000   9.3133250000  -0.3220740000   0.5642350000  10.3066820000  -0.0129220000  -0.0028050000  -0.0209990000   0.0130130000   0.0029250000   0.0208100000   0.0065850000   0.0016710000   0.0126410000  -0.0022890000   0.0197100000   0.0191430000  -0.0043870000  -0.0215010000  -0.0315940000
   6.8809727311   6.9991753434  872  7.05E+00  -0.0185810000  -2.3305430000   3.4642900000  -0.7543480000  -1.5295260000   2.3841650000   0.8729300000   2.8253570000   8.5770890000   1.3481060000   3.0256840000   7.5619460000   1.8836230000   3.3766070000   6.6220210000   0.0141760000  -0.0154070000   0.0208690000  -0.0142050000   0.0154270000  -0.0207400000   0.0410440000   0.0279510000  -0.0700220000  -0.0029650000  -0.0127780000  -0.0132750000  -0.0380500000  -0.0151930000   0.0831670000
   6.8815195868   6.9957987230 1141  1.07E+01  -0.9293850000  -0.3826130000   2.8135050000  -0.9459480000  -1.8926980000   2.3825350000   1.4525560000   3.2173670000   6.5148000000   1.7645930000   3.7179800000   7.6387440000   2.0056180000   4.1559320000   8.6757960000   0.0003300000   0.0381070000   0.0108100000  -0.0005050000  -0.0384400000  -0.0110110000  -0.0341550000  -0.0517910000  -0.1149010000   0.0449080000   0.0676620000   0.1486810000  -0.0105770000  -0.0155390000  -0.0335790000
   6.8823350282   6.9995763249 1205  5.87E+00   0.4618420000  -1.0681600000   2.5237890000  -0.0053480000   0.0169910000   1.4730620000  -0.4015210000   0.9551600000   8.3981580000  -0.0629280000   0.1954060000   9.2687540000   0.4463730000  -0.4317360000  10.1291770000   0.0125570000  -0.0291810000   0.0281970000  -0.0125100000   0.0290370000  -0.0283190000  -0.0020800000   0.0364760000  -0.0311650000  -0.0141060000  -0.0376230000   0.0218400000   0.0161390000   0.0012920000   0.0094460000
   6.8831558790   6.9987049929 1348  6.44E+00   0.4913570000   1.4738700000   1.9555920000  -0.0039680000  -0.0190120000   1.7851390000  -1.0969180000   0.7406520000   8.6561100000  -0.0235650000   0.1933550000   8.6989570000   1.1034680000  -0.1960340000   8.7761800000   0.0133530000   0.0402260000   0.0046180000  -0.0133450000  -0.0402650000  -0.0045360000  -0.0431610000   0.0328690000   0.0014360000   0.0053530000  -0.0301220000  -0.0070570000   0.0378010000  -0.0027080000   0.0055380000
   6.8837358322   6.9954636550 1575  3.27E+00   1.3887700000  -1.6605960000   3.5045720000   1.8449490000  -0.7440920000   2.5884010000  -3.7380490000   1.6132270000   6.0826380000  -3.3730510000   1.6568520000   7.2066550000  -3.0314330000   1.6514510000   8.3606430000   0.0149770000   0.0301030000  -0.0300480000  -0.0149340000  -0.0300960000   0.0301260000  -0.0072870000  -0.0029870000  -0.0122450000  -0.0052100000   0.0058350000  -0.0390580000   0.0124540000  -0.0028560000   0.0512250000
   6.8845360433   6.9950849583 1593  1.86E+01   1.3902480000   0.3823220000   2.3062750000   0.5034710000  -1.0675650000   1.9458610000  -0.6741640000   1.4470080000   9.2894770000  -1.0417230000   2.2332750000   8.4752560000  -1.1458630000   2.8717430000   7.4859660000   0.0341320000   0.0557290000   0.0138420000  -0.0341030000  -0.0558420000  -0.0138830000   0.0233800000  -0.0227770000   0.0030260000  -0.0400040000   0.0298930000   0.0105250000   0.0165950000  -0.0070030000  -0.0135090000
   6.8813528393   6.9975596261 1708  5.17E+00  -0.6737040000   0.7444800000   2.5888600000   0.0096780000  -0.0081760000   1.3788560000  -0.4612640000   0.3484310000   8.3514370000   0.0550260000   0.3069410000   9.4175150000   0.4140640000   0.1027490000  10.5306140000  -0.0182210000   0.0201050000   0.0321740000   0.0183080000  -0.0201010000  -0.0324450000  -0.0156990000  -0.0098780000  -0.0070280000   0.0184870000   0.0242610000  -0.0181670000  -0.0028740000  -0.0143870000   0.0254660000
   6.8821950558   6.9961657203 2226  4.09E+00  -0.7013210000  -0.6048330000   2.7184000000  -0.1677280000  -0.0227240000   1.3607850000   0.4227450000   0.7096220000  10.5879100000   0.3591280000   0.3141740000   9.4560170000   0.1895180000  -0.1062040000   8.3473250000  -0.0135500000  -0.0147560000   0.0342880000   0.0135340000   0.0147970000  -0.0345820000  -0.0035010000   0.0152190000   0.0494140000   0.0151180000  -0.0001330000  -0.0159310000  -0.0116020000  -0.0151270000  -0.0331890000
   6.8813758674   6.9966326799 2658  2.90E+00   0.2016000000  -1.4645350000   2.1712610000  -0.0029010000   0.0149490000   1.7260960000   0.1889650000   1.3926350000   8.5830660000   0.0183160000   0.2587260000   8.8308490000  -0.2009300000  -0.8815730000   9.0315000000   0.0048300000  -0.0349190000   0.0105440000  -0.0048260000   0.0349040000  -0.0104890000  -0.0037840000  -0.0041250000  -0.0009610000   0.0080930000   0.0101870000   0.0018470000  -0.0043130000  -0.0060470000  -0.0009410000
   6.8826711769   6.9995610653 2676  8.02E+00   1.4808640000  -1.3009960000   4.2734200000   2.1236090000  -1.0510300000   2.8204970000  -3.5794930000   1.8401550000   5.6682210000  -3.8568950000   2.2498220000   6.7776530000  -4.2242700000   2.4896500000   7.8895280000  -0.0192420000  -0.0075250000   0.0436670000   0.0194500000   0.0074590000  -0.0436320000   0.0079130000  -0.0303110000  -0.0567900000   0.0101390000   0.0316550000   0.0179620000  -0.0182600000  -0.0012770000   0.0387930000
   6.8841864855   6.9978056613 2741  5.96E+00  -1.2100010000  -0.6581120000   2.9278320000  -0.4684250000  -0.5935200000   1.5447130000   0.4906590000   1.2271600000  10.2096410000   0.8828000000   1.4435130000   9.1403500000   1.2622890000   1.3825160000   8.0307900000  -0.0189140000  -0.0016710000   0.0351110000   0.0187580000   0.0015880000  -0.0352930000   0.0108280000  -0.0131250000  -0.0340370000  -0.0059650000   0.0316820000   0.0229590000  -0.0047060000  -0.0184740000   0.0112590000
   6.8835638247   6.9959420297 2848  3.50E+00  -0.1075370000  -0.9478480000   2.5525860000   0.0024270000   0.0155440000   1.4568180000   0.4828190000   0.8050510000   8.3914490000  -0.0708560000   0.3063850000   9.3208210000  -0.4349690000  -0.3652940000  10.1761100000  -0.0003400000  -0.0026630000   0.0029350000   0.0002280000   0.0025550000  -0.0031330000   0.0208690000  -0.0050420000  -0.0161130000  -0.0525020000  -0.0169500000   0.0644460000   0.0317450000   0.0221010000  -0.0481340000
   6.8817562839   6.9985235937 2921  1.88E+00   0.4465660000   0.8613180000   1.9560460000   0.4558840000  -0.5466310000   1.7616880000  -1.3477240000   0.2101840000   8.4813280000  -0.8111710000   1.2299840000   8.7118400000  -0.3482630000   2.2298880000   9.0583860000   0.0001210000  -0.0161740000  -0.0021880000  -0.0000690000   0.0162740000   0.0022370000  -0.0026770000   0.0040800000   0.0107930000   0.0241490000   0.0321160000  -0.0076570000  -0.0215240000  -0.0362960000  -0.0031850000
   6.8845460174   6.9969054966 2928  3.72E+00  -1.2909370000   0.4787000000   2.3207760000   0.0156470000  -0.0091650000   1.5823900000  -0.0860100000  -0.7962990000   8.5341360000   0.0103610000   0.2607370000   9.0777050000   0.0814210000   1.3038530000   9.6034010000  -0.0345410000   0.0129420000   0.0195260000   0.0345520000  -0.0128120000  -0.0195760000  -0.0038160000  -0.0261480000  -0.0125000000   0.0056520000   0.0310310000   0.0150380000  -0.0018470000  -0.0050130000  -0.0024880000
   6.8814024962   6.9996563092 3110  7.71E+00   1.3212930000  -0.8422380000   2.8495190000   0.7350850000  -0.3922700000   1.7031690000  -0.5786260000   1.0660780000   9.6718310000  -1.4381740000   0.9641660000   8.8890510000  -2.0961770000   0.9099570000   7.9708120000  -0.0223280000   0.0171480000  -0.0436990000   0.0224220000  -0.0171790000   0.0436610000  -0.0039010000   0.0015870000  -0.0270560000  -0.0724730000  -0.0106150000  -0.0495140000   0.0762810000   0.0090580000   0.0766080000
   6.8819457317   6.9983433532 3130  4.15E+00   2.0339500000  -0.0431780000   3.0228260000   1.1597530000  -0.4286830000   1.9766960000  -0.9824640000   1.2436380000   8.4258090000  -2.1786580000   1.1232160000   8.3383350000  -3.3022590000   0.7445040000   8.2532770000  -0.0116640000  -0.0051470000  -0.0139860000   0.0115860000   0.0051420000   0.0138930000   0.0500250000  -0.0107580000   0.0048170000  -0.0302970000   0.0343230000  -0.0037340000  -0.0196500000  -0.0235610000  -0.0009910000
   6.8811075559   6.9979330315 3277  6.46E+00   0.7339320000  -2.3592590000   3.9174890000   0.2427340000  -1.9086950000   2.6941400000  -0.3818030000   4.7398570000   6.3233860000  -0.4516870000   3.7120800000   6.9312560000  -0.5376300000   2.8423020000   7.7725380000  -0.0115120000   0.0105910000  -0.0286970000   0.0115090000  -0.0104460000   0.0286600000   0.0011200000   0.0418260000  -0.0046010000   0.0041460000  -0.0105210000  -0.0504920000  -0.0052640000  -0.0314500000   0.0551300000
   6.8845611559   6.9958793882 3464  7.36E-01  -1.1411770000  -0.7873470000   2.1483260000   0.0173780000   0.0103000000   1.7069280000  -1.0557800000   0.7152720000   9.0678120000  -0.0125250000   0.2527650000   8.8596220000   1.0502910000  -0.2191820000   8.6223280000  -0.0068210000  -0.0046760000   0.0026270000   0.0067550000   0.0047110000  -0.0025820000   0.0259330000  -0.0114470000  -0.0058280000  -0.0436370000   0.0192170000   0.0099190000   0.0177690000  -0.0078050000  -0.0041360000
   6.8845339418   6.9972316345 3606  2.30E+00  -0.7715920000   0.4655290000   2.5843760000   0.0091730000  -0.0075750000   1.4033160000  -0.5698430000   0.1994530000   8.3734760000  -0.0236470000   0.1777670000   9.4221080000   0.5903950000   0.3632770000  10.3832470000  -0.0082910000   0.0050400000   0.0124430000   0.0083780000  -0.0050540000  -0.0127400000   0.0030480000   0.0144420000  -0.0073900000   0.0125670000  -0.0226320000   0.0452790000  -0.0157010000   0.0082050000  -0.0375910000
