   6.8970257907   6.3554163289  229  5.04E+00   0.2603280000  -0.8543810000   1.7295040000  -0.5677850000  -1.6447660000   2.6214970000   1.0099470000   3.4699540000   6.0481160000   1.1418090000   3.2337800000   7.2139270000   0.9521500000   3.0583220000   8.3362490000  -0.0008190000  -0.0008450000   0.0008580000   0.0008030000   0.0005590000  -0.0008500000  -0.0243340000   0.0102460000  -0.0242720000   0.0381860000  -0.0222540000   0.0756400000  -0.0138360000   0.0122940000  -0.0513760000
   6.8964840280   6.3591599632  274  5.69E+00   0.8781320000  -1.7177950000   2.5411840000  -0.2050840000  -0.7617680000   1.9330960000  -0.3822850000   1.3270250000   9.2745460000   0.4005570000   1.7188150000   8.5013120000   1.0505020000   1.9830220000   7.5302870000   0.0270240000  -0.0239220000   0.0151640000  -0.0271550000   0.0237330000  -0.0153230000  -0.0000250000  -0.0037530000  -0.0208250000  -0.0082500000   0.0045860000   0.0574640000   0.0084060000  -0.0006440000  -0.0364810000
   6.8976106237   6.3574673376  332  1.43E+00  -1.0021930000  -0.8942020000   2.4299220000  -1.0422110000  -2.1111470000   3.1850890000   2.4952040000   5.0374880000   6.5062400000   1.9274670000   4.0732000000   6.2139730000   1.3260510000   3.1923680000   5.7699400000  -0.0003270000  -0.0089020000   0.0054060000   0.0001960000   0.0085540000  -0.0056000000  -0.0207870000  -0.0249640000  -0.0204360000  -0.0029500000  -0.0198520000   0.0119470000   0.0238680000   0.0451640000   0.0086830000
   6.8997667434   6.3596060955  536  3.61E+00   1.7174130000  -1.5078700000   3.4382360000   1.3428610000  -0.7381890000   2.1658830000  -1.4476700000   1.5151510000   7.4175480000  -2.5228010000   1.5697810000   7.9277160000  -3.4732460000   1.7757900000   8.5987760000   0.0072750000  -0.0149810000   0.0245870000  -0.0072350000   0.0147860000  -0.0248960000   0.0263030000   0.0094470000   0.0026490000  -0.0229940000  -0.0214630000  -0.0207500000  -0.0033480000   0.0122110000   0.0184100000
   6.8979723314   6.3583112300  634  4.82E+00   0.2341710000   1.2352860000   2.1130780000  -0.0035230000  -0.0126540000   1.6578290000  -0.0434720000   0.8569100000   7.9562720000  -0.0245800000   0.2062220000   8.9289490000   0.0647670000  -0.3386750000   9.9292580000  -0.0110310000  -0.0579540000  -0.0212300000   0.0110370000   0.0577840000   0.0208760000   0.0053860000  -0.0026060000   0.0197350000  -0.0053660000  -0.0361970000   0.0355780000  -0.0000270000   0.0389730000  -0.0549600000
   6.8987815053   6.3578948721  676  4.37E+00   1.1372350000   1.0574180000   1.7546780000  -0.0144330000  -0.0112730000   1.9067060000  -0.0532440000  -0.8512430000   8.8619410000  -0.0173860000   0.2522290000   8.5083220000   0.0667280000   1.3392470000   8.1189790000   0.0304780000   0.0282560000  -0.0040430000  -0.0304900000  -0.0283770000   0.0040330000   0.0044330000   0.0298100000  -0.0114220000  -0.0049810000   0.0081400000  -0.0009760000   0.0005600000  -0.0378290000   0.0124080000
   6.8961259003   6.3593345442  689  4.59E+00  -0.1513390000  -2.2145310000   4.7418200000   0.2325880000  -2.3746230000   3.4616960000  -0.3587630000   3.8255520000   4.7459350000  -0.4715340000   4.6196140000   5.6069730000  -0.4393210000   5.3931630000   6.4588210000   0.0186070000  -0.0078230000  -0.0620150000  -0.0185940000   0.0074550000   0.0620760000   0.0094720000   0.0042530000   0.0036950000  -0.0183190000   0.0278620000   0.0306780000   0.0088340000  -0.0317480000  -0.0344350000
   6.8982190714   6.3594364994  908  3.24E+00  -1.3860110000  -0.1973920000   1.6598240000   0.0854800000  -0.3672970000   1.9904570000  -0.5257710000   1.9321510000   7.8880280000  -0.1956190000   0.9053720000   8.3644720000   0.3330380000  -0.0773300000   8.7885820000  -0.0239840000   0.0027500000  -0.0053730000   0.0239750000  -0.0028340000   0.0054130000   0.0110650000   0.0078540000  -0.0039360000  -0.0374910000   0.0149590000  -0.0050120000   0.0264340000  -0.0227300000   0.0089070000
   6.8976865494   6.3599180054  972  3.26E+00  -1.0232220000  -0.9644030000   1.6295330000   0.0136620000   0.0071540000   1.9779460000  -0.1574280000   1.4508970000   8.4881790000  -0.0336590000   0.2537290000   8.3463030000   0.1789320000  -0.9286660000   8.2664660000  -0.0027550000  -0.0025630000  -0.0009160000   0.0027280000   0.0026280000   0.0009890000  -0.0015790000   0.0646950000   0.0122280000  -0.0126130000  -0.0145550000  -0.0138630000   0.0142190000  -0.0502050000   0.0015620000
   6.8966942479   6.3558697816  972  3.45E+00  -1.0307820000  -0.9716800000   1.6287200000   0.0137590000   0.0072350000   1.9796640000  -0.1572020000   1.4516460000   8.4850130000  -0.0343680000   0.2526750000   8.3423260000   0.1792310000  -0.9285680000   8.2640870000  -0.0060440000  -0.0056450000  -0.0020200000   0.0060170000   0.0057080000   0.0020950000  -0.0016610000   0.0672430000   0.0126800000  -0.0124210000  -0.0187300000  -0.0146030000   0.0141090000  -0.0485750000   0.0018490000
   6.8985429420   6.3559461714  979  1.04E+01   1.1489580000  -1.7285760000   2.2488590000   0.2860710000  -0.4165340000   2.0009740000   0.1964580000   1.8744680000   8.4935490000  -0.5603870000   1.0799230000   8.3135410000  -1.2768740000   0.1916860000   8.1316610000   0.0241100000  -0.0366070000   0.0069160000  -0.0240130000   0.0367290000  -0.0069360000  -0.0992600000  -0.1147780000  -0.0234540000   0.0637920000   0.0815650000   0.0135160000   0.0353720000   0.0330900000   0.0099570000
   6.8965436208   6.3589339671 1026  3.75E+00   1.5104800000   0.1187970000   1.9121530000  -0.0140710000  -0.0023060000   1.8210120000  -0.8138790000   0.9511260000   9.1972210000  -0.0463890000   0.2177100000   8.6299420000   0.8238140000  -0.4228520000   8.1104580000   0.0291000000   0.0023290000   0.0017000000  -0.0292350000  -0.0022440000  -0.0017910000  -0.0277500000   0.0376550000   0.0284700000  -0.0079840000  -0.0211590000  -0.0151180000   0.0358690000  -0.0165820000  -0.0132600000
   6.8986035792   6.3558541849 1108  2.98E+00  -0.7146570000  -1.1764420000   1.9231850000   0.0143030000   0.0127960000   1.8518280000  -1.0774580000   0.2607670000   9.0268830000   0.0068620000   0.2172460000   8.6409060000   1.0458980000   0.2740360000   8.1179630000   0.0158580000   0.0259160000  -0.0015420000  -0.0160000000  -0.0259450000   0.0014630000   0.0433860000   0.0054900000  -0.0255970000  -0.0146630000  -0.0115050000   0.0209560000  -0.0285820000   0.0060440000   0.0047210000
   6.8980715915   6.3599546340 1286  3.21E+00   1.4920350000  -0.2407770000   2.0942630000  -0.0236070000   0.0021990000   1.7259100000  -0.4491230000  -0.5158800000   8.0504300000   0.0008240000   0.2589560000   8.8106570000   0.4724040000   1.0133440000   9.5850770000   0.0402080000  -0.0064040000   0.0097530000  -0.0401130000   0.0065430000  -0.0099310000   0.0020920000   0.0001530000   0.0043170000  -0.0081670000  -0.0063870000  -0.0133270000   0.0059800000   0.0060960000   0.0091880000
   6.8974385914   6.3593958860 1324  2.50E+00  -0.6978560000  -0.8600430000   2.0269970000  -0.5560400000  -2.0432660000   2.9228210000   1.2349990000   5.1227530000   6.5370610000   1.0844650000   3.9824000000   6.6039760000   0.7718590000   2.8340980000   6.7815670000  -0.0014500000   0.0121380000  -0.0092510000   0.0014160000  -0.0122770000   0.0089220000  -0.0159300000  -0.0408880000   0.0099550000   0.0363650000   0.0774770000  -0.0239820000  -0.0204020000  -0.0364500000   0.0143560000
   6.8962549495   6.3557338277 1344  4.41E+00  -1.6262220000   1.0287460000   1.8597790000  -0.2635420000   1.1304210000   2.2782920000  -0.5845480000  -1.7472320000   8.1399860000   0.4927630000  -1.8743650000   7.7453700000   1.6332830000  -1.8684270000   7.5512720000   0.0117210000   0.0008570000   0.0036110000  -0.0117440000  -0.0009590000  -0.0035180000   0.0519850000   0.0036830000  -0.0010500000  -0.0117200000  -0.0124950000  -0.0230710000  -0.0402410000   0.0089140000   0.0240290000
   6.8989354926   6.3587199475 1390  4.69E+00   1.2520620000   0.9123490000   1.7806160000  -0.0198650000  -0.0080660000   1.8702710000  -0.8900850000   0.8287290000   8.1133320000   0.0038640000   0.2047460000   8.5286980000   0.9075090000  -0.3119530000   9.0326240000   0.0326830000   0.0236150000  -0.0022750000  -0.0325660000  -0.0237200000   0.0022850000   0.0180750000  -0.0045810000   0.0162840000   0.0111200000  -0.0200440000  -0.0068440000  -0.0293120000   0.0247290000  -0.0094500000
   6.8998319712   6.3559235905 1403  1.26E+01   1.2557490000  -0.8702780000   2.1819250000   0.7104930000   0.6298970000   1.9080550000  -1.4429440000  -1.4827890000   7.5024300000  -1.4437080000  -0.8745340000   8.5317750000  -1.1007560000  -0.2640540000   9.4272280000   0.0170380000  -0.0466790000   0.0084500000  -0.0168840000   0.0469050000  -0.0087040000   0.0243250000  -0.0085020000  -0.0217580000  -0.0232300000   0.0546840000   0.0994310000  -0.0012490000  -0.0464080000  -0.0774190000
   6.8952363045   6.3590977242 1879  8.02E+00  -0.7665820000  -1.3827190000   2.1114780000  -0.6128890000   0.1667560000   1.8535750000   1.3398490000  -0.9393890000   7.8034810000   1.1048280000  -0.0233350000   8.6071830000   0.9399760000   0.8988740000   9.3460960000  -0.0041030000  -0.0409380000   0.0067520000   0.0039570000   0.0411080000  -0.0069370000   0.0231440000  -0.0732460000  -0.0661640000  -0.0210320000   0.0399040000   0.0429710000  -0.0019660000   0.0331730000   0.0233790000
   6.8992103433   6.3564700564 2506  5.09E+00  -0.4760340000   1.2462820000   1.8529910000   0.0059650000  -0.0148520000   1.8021270000  -0.2685770000   1.2584970000   9.2713030000  -0.0239410000   0.2494980000   8.6648290000   0.2867500000  -0.7624640000   8.1082310000   0.0219010000  -0.0572930000  -0.0022960000  -0.0219560000   0.0574410000   0.0022380000  -0.0065770000   0.0429700000   0.0296880000  -0.0070160000  -0.0111900000  -0.0169580000   0.0136480000  -0.0319280000  -0.0126710000
   6.8976105489   6.3554893400 2529  2.83E+00  -0.3597800000   1.8885110000   2.0696610000   0.4590720000   0.7875690000   2.0425890000  -1.3254500000  -2.2929240000   8.2281650000  -0.8206320000  -1.2191320000   8.2102800000  -0.3285570000  -0.1564970000   8.2780220000   0.0275270000  -0.0370430000  -0.0009190000  -0.0275830000   0.0369220000   0.0008920000  -0.0102800000  -0.0208010000   0.0067750000   0.0134880000   0.0266040000  -0.0136450000  -0.0031530000  -0.0056820000   0.0068960000
   6.8957833289   6.3574958741 2542  4.25E+00  -0.7721600000   0.7812580000   2.2500560000  -0.6695780000  -0.4877740000   1.7173020000   1.0911820000   1.0512540000   7.6290590000   1.2776520000   1.0871620000   8.8270250000   1.3423700000   1.2071310000  10.0273320000   0.0029990000  -0.0376480000  -0.0159050000  -0.0031380000   0.0375380000   0.0155280000  -0.0158180000   0.0031810000  -0.0596220000   0.0192370000  -0.0141210000  -0.0036320000  -0.0032800000   0.0110520000   0.0636310000
   6.8994760576   6.3595383266 2712  3.42E+00  -1.6922510000  -0.4956170000   2.3349420000  -0.8666970000   0.7985680000   1.9889250000   1.8470340000  -1.5534210000   7.2375000000   1.6319400000  -1.1697040000   8.3431140000   1.3629890000  -0.8378290000   9.4202620000  -0.0213760000  -0.0333840000   0.0089140000   0.0211700000   0.0335740000  -0.0090470000   0.0011270000  -0.0107960000  -0.0197660000  -0.0038510000   0.0218920000   0.0463150000   0.0029300000  -0.0112860000  -0.0264160000
   6.8954822312   6.3589244740 3416  5.11E+00  -0.2635160000   1.1595600000   2.2136380000   0.0020470000  -0.0122150000   1.5940950000  -0.2605990000   0.0304790000  10.1823320000  -0.0755660000   0.2474200000   9.0459400000   0.3237050000   0.4594060000   7.9273430000   0.0119200000  -0.0527450000  -0.0279960000  -0.0120350000   0.0526960000   0.0275720000   0.0134780000  -0.0001860000   0.0008050000  -0.0421210000  -0.0076050000   0.0393370000   0.0287580000   0.0078400000  -0.0397170000
   6.8997414823   6.3570973529 3456  4.08E+00  -0.6755570000  -1.3453340000   2.0048360000   0.2913840000  -0.1093770000   1.8214860000   0.1015030000   1.2744200000   9.2670170000  -0.5210470000   0.4955270000   8.6526770000  -1.1230340000  -0.3277210000   8.0153890000  -0.0257420000  -0.0329160000   0.0048190000   0.0258830000   0.0330410000  -0.0049950000   0.0008310000  -0.0031520000  -0.0011130000   0.0201410000   0.0359040000   0.0241740000  -0.0211140000  -0.0328780000  -0.0228850000
   6.8987266459   6.3578523207 3487  4.96E+00  -0.5863230000   1.0416190000   1.7838240000  -1.1855930000  -0.3895760000   2.1211000000   1.0225870000   1.1549310000   7.8796350000   2.1898520000   0.9650210000   8.0988390000   3.2915770000   0.6883140000   8.3361120000   0.0166370000   0.0396280000  -0.0093820000  -0.0165490000  -0.0397130000   0.0091320000  -0.0444030000   0.0014390000  -0.0047620000   0.0696510000  -0.0012760000   0.0079120000  -0.0253360000  -0.0000770000  -0.0029000000
   6.8960640359   6.3566841647 3722  2.71E+00   1.0237560000   0.7975490000   2.1857060000  -0.0536600000  -0.1698260000   1.6243590000   0.1395490000  -0.0435860000   7.9768520000   0.0300050000   0.5120310000   9.0038170000   0.0414210000   1.1447860000  10.0150590000   0.0245250000   0.0220530000   0.0127040000  -0.0245420000  -0.0219650000  -0.0130300000   0.0070270000   0.0081110000   0.0068400000  -0.0150270000  -0.0313340000  -0.0350860000   0.0080180000   0.0231340000   0.0285730000
