   6.8948238162   6.9220572649  427  6.81E+00  -0.5717280000   0.6860620000   2.2284260000   0.6897710000  -0.0227330000   1.5849730000  -0.3092830000   0.4061700000   8.4211130000  -1.2194640000   0.2298720000   9.0775810000  -2.1841310000   0.1792530000   9.7094340000  -0.0343030000   0.0192390000   0.0174470000   0.0342170000  -0.0192810000  -0.0175990000  -0.0782580000  -0.0046000000   0.0531090000   0.0435930000  -0.0070830000  -0.0261420000   0.0347520000   0.0117250000  -0.0268140000
   6.8926459480   6.9228312689  434  2.47E+00   1.4900010000  -0.2960470000   5.3261440000   2.5190970000  -1.1859870000   4.5600000000  -3.5384370000   2.1155040000   3.9837780000  -4.5918150000   2.4454670000   3.5928860000  -5.6893640000   2.6781250000   3.2109350000  -0.0246090000   0.0213170000   0.0184290000   0.0248630000  -0.0214710000  -0.0184160000  -0.0136610000  -0.0026350000  -0.0031030000   0.0364890000   0.0047210000   0.0094730000  -0.0230820000  -0.0019310000  -0.0063840000
   6.8915121427   6.9201176339  529  4.95E+00  -0.5126430000  -0.9500260000   2.8605520000   0.1554760000  -1.1871450000   1.6989800000  -0.2979360000   2.5473660000  10.0292810000  -0.2067290000   2.4218990000   8.8630080000  -0.2910620000   2.3109400000   7.6531410000   0.0266390000  -0.0095410000  -0.0463890000  -0.0266060000   0.0093070000   0.0461540000  -0.0112940000   0.0021380000   0.0080690000   0.0262960000   0.0022950000   0.0580530000  -0.0150360000  -0.0041990000  -0.0658870000
   6.8923266000   6.9247304132  529  5.16E+00  -0.5091110000  -0.9386180000   2.8544220000   0.1555130000  -1.1878520000   1.6984050000  -0.2974220000   2.5449210000  10.0302840000  -0.2066550000   2.4229010000   8.8638210000  -0.2920400000   2.3154500000   7.6547850000   0.0281110000  -0.0106280000  -0.0489700000  -0.0280780000   0.0103950000   0.0487370000  -0.0113190000   0.0020590000   0.0075890000   0.0263430000   0.0020470000   0.0569400000  -0.0150580000  -0.0038730000  -0.0642960000
   6.8908715425   6.9237865598  594  4.40E+00  -0.7673500000   0.3995960000   1.7336300000  -0.6511410000  -0.9569330000   2.1160020000   0.1570460000   1.7065940000   8.6778080000   1.2145470000   1.9831110000   8.1405540000   2.2314980000   2.2463460000   7.5352470000   0.0016640000  -0.0194590000   0.0055050000  -0.0016760000   0.0194630000  -0.0054550000  -0.0665230000  -0.0172150000   0.0300840000   0.0128700000   0.0030940000   0.0055000000   0.0536660000   0.0141170000  -0.0356340000
   6.8922201487   6.9216360855 1043  8.92E+00  -1.7838150000  -0.5366400000   2.6392310000  -0.8804170000   0.4780020000   1.8365380000   1.1633380000   0.1364910000   9.4095990000   1.7258300000  -0.5352490000   8.5709330000   2.0504880000  -1.4004600000   7.8190310000  -0.0238630000  -0.0267660000   0.0212070000   0.0238470000   0.0268690000  -0.0211850000  -0.0414000000   0.0210230000   0.0468580000   0.0483460000   0.0087660000  -0.0376940000  -0.0069300000  -0.0298920000  -0.0091850000
   6.8940532431   6.9212212742 1373  5.37E-01  -0.9111750000   0.5127830000   2.4105210000   0.0142140000  -0.0074150000   1.4923300000  -0.3275810000   0.9992200000  10.0703520000  -0.0046890000   0.2499140000   9.2396610000   0.3175200000  -0.4944290000   8.3897300000   0.0173380000  -0.0097170000  -0.0172520000  -0.0174010000   0.0098380000   0.0170940000   0.0048320000  -0.0109170000  -0.0131860000  -0.0035990000   0.0076710000   0.0096250000  -0.0011700000   0.0031260000   0.0037190000
   6.8933831431   6.9239721011 1409  2.89E+00   0.6356540000  -0.7294240000   2.0791830000  -0.7619250000  -1.0723810000   2.0183980000   0.7543770000   1.9949550000   9.2717600000   1.3083630000   2.2702360000   8.2491290000   2.0286340000   2.3901460000   7.3254760000  -0.0064810000  -0.0016060000  -0.0002950000   0.0063640000   0.0015690000   0.0003130000  -0.0045470000  -0.0172170000   0.0353320000  -0.0065310000   0.0264290000  -0.0428030000   0.0111950000  -0.0091740000   0.0074540000
   6.8937032849   6.9241020402 1708  1.51E+00  -0.6095450000   0.6757180000   2.5207120000   0.0088720000  -0.0072460000   1.4109600000  -0.4794740000   0.3426700000   8.3089500000   0.0537900000   0.2997840000   9.3721210000   0.4331840000   0.1135720000  10.4511340000   0.0024570000  -0.0026790000  -0.0044930000  -0.0023560000   0.0026750000   0.0041820000  -0.0185270000  -0.0089330000  -0.0134060000   0.0382850000   0.0138630000   0.0393990000  -0.0198580000  -0.0049270000  -0.0256820000
   6.8913205227   6.9236013159 1928  3.20E+00   0.0342560000  -2.0153090000   2.7112140000  -1.1629580000  -1.9206390000   3.4591590000   2.1923740000   4.0433990000   4.5118950000   2.0799070000   3.8653000000   5.6648640000   2.0521830000   3.4617110000   6.7900070000  -0.0168750000   0.0013360000   0.0105490000   0.0168530000  -0.0013120000  -0.0105300000   0.0052740000  -0.0146930000   0.0063190000  -0.0104980000   0.0389720000  -0.0347740000   0.0052460000  -0.0243030000   0.0284360000
   6.8925262382   6.9239449007 2529  5.01E+00   0.1304140000   1.6742270000   3.3091700000   1.4055990000   1.9873150000   2.6110260000  -3.1003460000  -4.0715530000   8.0335730000  -2.5557660000  -3.3322900000   7.2112390000  -2.0091670000  -2.7698540000   6.3055800000  -0.0117840000  -0.0028070000   0.0064350000   0.0118910000   0.0030290000  -0.0065260000  -0.0416410000  -0.0663840000   0.0584320000   0.0232660000   0.0575560000  -0.0233600000   0.0182690000   0.0086060000  -0.0349810000
   6.8949485309   6.9219452496 2580  5.97E+00   0.7692600000  -0.7542950000   2.7223460000   0.3848730000  -0.0661410000   1.4125070000  -0.2887490000   0.4269580000   8.2839270000  -0.8252430000   0.3236210000   9.3432200000  -1.0623550000   0.3956250000  10.4774270000   0.0070950000  -0.0127470000   0.0240370000  -0.0071220000   0.0126610000  -0.0243750000   0.0268370000   0.0135260000  -0.0058380000  -0.0536970000  -0.0236180000   0.0309620000   0.0268880000   0.0101780000  -0.0247860000
   6.8948631766   6.9217438938 2746  3.68E+00   0.2282400000  -2.5649110000   4.3345520000  -0.0104070000  -2.0381590000   3.0783360000  -0.0959350000   3.4154220000   7.3399880000   0.0426490000   4.0315830000   6.3322910000   0.1015110000   4.5864160000   5.2605290000  -0.0067430000   0.0149140000  -0.0355250000   0.0067580000  -0.0148730000   0.0355360000  -0.0080050000  -0.0171660000   0.0207790000   0.0099060000  -0.0065600000   0.0331420000  -0.0019160000   0.0236850000  -0.0539320000
   6.8913805751   6.9247383752 2894  4.28E+00  -1.8653260000  -0.4443730000   2.6284540000  -0.7046140000  -0.4741910000   1.9104900000   2.3352160000   1.2766410000   7.8809190000   1.3599990000   1.1045820000   8.5182030000   0.2803720000   0.9780510000   9.0186340000   0.0434960000  -0.0011200000  -0.0268800000  -0.0435010000   0.0011070000   0.0269050000  -0.0020970000   0.0038510000  -0.0100680000   0.0410900000  -0.0031010000   0.0024070000  -0.0389880000  -0.0007360000   0.0076350000
   6.8917897545   6.9217497973 2997  3.02E+00   0.3294250000   0.9017990000   2.5104080000  -0.0041930000  -0.0084190000   1.4158960000   0.2672920000   0.6091170000   8.3046960000  -0.0522780000   0.1894550000   9.3546490000  -0.2278590000  -0.0784350000  10.4445030000   0.0007710000   0.0021170000   0.0024290000  -0.0008360000  -0.0022070000  -0.0027500000   0.0070120000   0.0064970000   0.0167790000  -0.0304570000  -0.0372780000   0.0602150000   0.0235100000   0.0308710000  -0.0766730000
   6.8916328944   6.9205120647 3052  8.99E+00  -1.5722880000   0.1726560000   2.5702970000  -2.4826690000   0.4592830000   3.5321900000   4.0906940000  -1.3550650000   4.7122440000   4.6348530000  -0.5689720000   5.4713300000   4.9280480000   0.1652160000   6.3790890000  -0.0392920000   0.0124020000   0.0414870000   0.0391970000  -0.0122770000  -0.0414700000  -0.0440260000  -0.0482180000  -0.0345750000   0.0453890000   0.0201150000  -0.0124650000  -0.0012680000   0.0279780000   0.0470230000
   6.8908627780   6.9202312330 3343  1.58E+00   0.3158190000  -1.4540760000   2.5356180000  -0.3643590000  -0.4197350000   1.6720620000   1.3137060000   1.5880560000   8.0785020000   0.6575260000   1.0766960000   8.9358070000  -0.0075080000   0.4792130000   9.7041760000   0.0098620000  -0.0150680000   0.0125610000  -0.0099640000   0.0149720000  -0.0126070000   0.0172530000   0.0087670000  -0.0270140000  -0.0105620000   0.0020200000   0.0248680000  -0.0065890000  -0.0106910000   0.0021930000
   6.8944229784   6.9243686171 3344  1.09E+01   1.5387810000  -0.6659500000   2.5530370000   0.0681580000  -1.1476860000   1.9187170000  -0.1683720000   2.9894910000   7.4662120000  -0.1513130000   2.3859490000   8.4996800000  -0.1553820000   1.6808370000   9.4109110000   0.0519220000   0.0169500000   0.0223930000  -0.0518990000  -0.0171240000  -0.0224190000  -0.0020330000   0.0098830000  -0.0337630000   0.0033380000  -0.0294600000   0.0751760000  -0.0013290000   0.0197510000  -0.0413870000
   6.8935973730   6.9202500712 3559  4.84E+00  -0.8114230000   1.3164110000   1.9563390000   0.0077770000  -0.0140850000   1.7610630000  -1.1598400000   0.1675890000   8.9582120000   0.0069050000   0.2822810000   8.7226230000   1.1669360000   0.2955820000   8.5765100000  -0.0212630000   0.0345400000   0.0051170000   0.0212450000  -0.0345290000  -0.0050140000  -0.0341430000  -0.0098200000   0.0136930000   0.0449150000   0.0164250000  -0.0221310000  -0.0107550000  -0.0066160000   0.0083360000
   6.8924989065   6.9243069859 3983  3.14E+00  -0.5568230000  -0.0910460000   2.0470770000   0.9513450000  -0.3294590000   1.7668660000  -2.8552350000   0.8414910000   9.0445120000  -1.7167370000   0.8345520000   8.7779320000  -0.5721850000   0.8708240000   8.4139860000  -0.0342310000   0.0053970000   0.0063420000   0.0341360000  -0.0054370000  -0.0064770000   0.0056520000   0.0027770000  -0.0067600000  -0.0457470000  -0.0069780000   0.0242100000   0.0401900000   0.0042420000  -0.0173150000
