   6.8942856018   6.4929647849   19  4.50E+00  -0.7781910000   0.0766910000   1.3858690000  -0.7930810000   1.2596440000   2.4065820000   1.4903580000  -1.1506410000   8.3844190000   1.4753730000  -2.0189990000   7.5552050000   1.4119510000  -2.9418310000   6.8387410000   0.0003620000  -0.0286120000  -0.0246950000  -0.0003140000   0.0286120000   0.0247900000  -0.0020920000   0.0271720000   0.0378470000   0.0040980000  -0.0298980000  -0.0515990000  -0.0020540000   0.0027250000   0.0136580000
   6.8920709426   6.4935910234   72  4.75E+00   0.6315610000  -1.0274170000   2.2355980000  -0.0090920000   0.0172480000   1.6386950000   0.3188280000   0.8866420000   8.0654630000  -0.0619390000   0.2567200000   8.9713750000  -0.2667090000  -0.4130980000   9.8760590000  -0.0247240000   0.0402330000  -0.0230500000   0.0246370000  -0.0403970000   0.0228110000   0.0044990000  -0.0165710000   0.0219380000  -0.0288960000  -0.0182910000   0.0290060000   0.0244840000   0.0350270000  -0.0507050000
   6.8909023382   6.4915337334  194  5.09E+00   0.2514620000  -1.0907620000   2.3169960000  -0.0054830000   0.0150240000   1.5687690000  -0.4854000000   0.2657160000  10.1814690000  -0.0680210000   0.2661010000   9.0654320000   0.5480060000   0.2158830000   8.0335440000  -0.0104450000   0.0447740000  -0.0303920000   0.0103030000  -0.0448020000   0.0300730000   0.0001030000  -0.0030220000   0.0371080000  -0.0340290000   0.0077370000  -0.0068160000   0.0340680000  -0.0046860000  -0.0299730000
   6.8921529471   6.4917435223  391  1.38E+00   1.2815280000   1.4994780000   2.2380470000   0.2978430000   0.5037530000   1.8800580000  -0.1917290000   0.1969260000   9.1942140000  -0.5911710000  -0.6612720000   8.5090860000  -0.9327190000  -1.6231770000   7.8887700000  -0.0030540000  -0.0030620000  -0.0010560000   0.0030830000   0.0031860000   0.0011020000   0.0002040000  -0.0140410000  -0.0006810000   0.0050220000   0.0453380000   0.0105450000  -0.0052550000  -0.0314210000  -0.0099100000
   6.8924737107   6.4905214454  504  5.81E+00  -0.4417400000  -1.4689080000   2.2081610000   0.0563520000  -0.1088170000   1.7745190000  -1.0311790000   0.1094350000   8.1695570000  -0.1179220000   0.4804060000   8.8113050000   0.8660990000   0.8536070000   9.2155190000  -0.0074700000  -0.0205170000   0.0064840000   0.0076360000   0.0205380000  -0.0066840000   0.0152900000   0.0044750000  -0.0089970000   0.0733410000   0.0309560000   0.0651590000  -0.0887980000  -0.0354520000  -0.0559610000
   6.8934332577   6.4938730872  734  7.27E+00  -0.1406670000  -0.7730610000   2.0594980000   1.1296260000  -1.0868180000   2.2060040000  -2.3249780000   1.6874810000   6.9535680000  -2.0488970000   2.2868230000   7.9344610000  -1.7696890000   2.7600220000   8.9441780000   0.0865530000  -0.0213960000   0.0099110000  -0.0862810000   0.0213040000  -0.0101060000  -0.0018980000  -0.0103910000  -0.0006270000   0.0133590000   0.0388780000   0.0408800000  -0.0117320000  -0.0283940000  -0.0400590000
   6.8905353853   6.4917229369  770  1.19E+01  -2.5804070000   0.3451860000   5.5408910000  -1.2602200000   1.3336770000   5.7763850000   1.8046790000  -3.2063790000   1.2856020000   2.2871870000  -2.1677310000   1.3610280000   2.9347590000  -1.1610920000   1.4961110000  -0.0460300000  -0.0345240000  -0.0082590000   0.0459670000   0.0344170000   0.0082170000   0.0340820000   0.0459440000   0.0068290000  -0.0690220000  -0.0787700000  -0.0144520000   0.0350030000   0.0329330000   0.0076650000
   6.8908118193   6.4918473632  976  3.39E+00   0.6929650000  -1.2554380000   2.2432390000  -0.0118760000   0.0151740000   1.6672590000   0.7711620000  -0.0622460000   9.7326750000  -0.0240150000   0.2263350000   8.9345450000  -0.7374790000   0.5833250000   8.0933610000   0.0171790000  -0.0309290000   0.0140040000  -0.0170490000   0.0308380000  -0.0141680000  -0.0104400000   0.0107970000  -0.0186170000  -0.0180360000  -0.0044090000  -0.0068580000   0.0283450000  -0.0062960000   0.0256390000
   6.8926882712   6.4913206042 1165  2.26E+00  -2.2757550000  -0.7551660000   3.6496950000  -1.6097200000  -0.4487220000   2.2875310000   4.0152330000   0.7005910000   8.1635260000   2.9572590000   1.0508410000   7.7561600000   1.9474770000   1.4868260000   7.3607200000  -0.0145020000  -0.0067180000   0.0295870000   0.0144600000   0.0065460000  -0.0297620000   0.0239670000  -0.0010410000   0.0090810000  -0.0405650000   0.0004250000  -0.0158810000   0.0166400000   0.0007880000   0.0069750000
   6.8916887016   6.4912157579 1254  3.79E+00  -0.4651680000   1.0997340000   2.2764890000   0.6665340000   0.3253610000   1.6358920000  -1.6104860000  -0.7923190000   9.9825000000  -1.2324870000  -0.2685990000   8.9872460000  -0.7638130000  -0.0125930000   7.9585320000  -0.0174700000   0.0119620000   0.0097810000   0.0174800000  -0.0119350000  -0.0101230000   0.0009430000  -0.0256610000   0.0118290000   0.0094000000   0.0531170000  -0.0467230000  -0.0103530000  -0.0274830000   0.0352360000
   6.8904537101   6.4912047251 1489  1.43E+00   0.5454400000   0.8772800000   1.5007880000  -0.6738200000   0.3099560000   2.0515690000   1.7946720000  -1.2603530000   7.8460850000   1.2540470000  -0.3056840000   8.2518490000   0.5947730000   0.5742330000   8.6198860000  -0.0004190000  -0.0001850000   0.0002110000   0.0004220000   0.0002400000  -0.0001580000  -0.0147940000   0.0067680000   0.0040550000   0.0039830000   0.0236210000   0.0077950000   0.0108090000  -0.0304440000  -0.0119040000
   6.8913929955   6.4935208339 1489  6.24E+00   0.7268900000   0.8101940000   1.5372260000  -0.7006150000   0.3255740000   2.0171000000   1.8714900000  -1.3646170000   8.2455520000   1.1797940000  -0.3979780000   8.3067530000   0.6960910000   0.6740120000   8.3490520000   0.0384580000   0.0130430000  -0.0129160000  -0.0384550000  -0.0131300000   0.0129650000   0.0275510000  -0.0126730000  -0.0013410000  -0.0413610000   0.0061250000   0.0010360000   0.0138060000   0.0066360000   0.0002570000
   6.8912900154   6.4908933065 1489  6.26E+00   0.7286460000   0.8093500000   1.5377060000  -0.7009290000   0.3257610000   2.0166890000   1.8706950000  -1.3642940000   8.2506660000   1.1804600000  -0.3982840000   8.3072970000   0.6978430000   0.6730370000   8.3455540000   0.0387510000   0.0130950000  -0.0129710000  -0.0387460000  -0.0131840000   0.0130190000   0.0259420000  -0.0103120000  -0.0010890000  -0.0408360000   0.0059740000   0.0008310000   0.0148900000   0.0044260000   0.0002110000
   6.8936286814   6.4941689843 1816  3.27E+00   1.4182950000   0.3758930000   2.1705790000  -0.0173170000  -0.0008980000   1.6853280000  -0.3414870000   1.0122360000   8.0917860000  -0.0118300000   0.2648540000   8.9133180000   0.3474970000  -0.5425880000   9.6645190000   0.0346120000   0.0090400000   0.0116650000  -0.0345390000  -0.0091820000  -0.0118390000   0.0129740000  -0.0291300000   0.0243520000  -0.0058530000   0.0127220000  -0.0004780000  -0.0071950000   0.0165510000  -0.0237000000
   6.8929391214   6.4934455807 1840  1.79E+00   0.9104750000  -0.9088760000   2.2995270000  -0.0153960000   0.0097450000   1.6018450000   0.6113130000   0.4860330000  10.0157200000   0.0182740000   0.3292340000   9.0214070000  -0.6055020000  -0.0369240000   8.0682530000   0.0067400000  -0.0066220000   0.0049780000  -0.0065810000   0.0066800000  -0.0052690000  -0.0067580000  -0.0147400000  -0.0048440000   0.0244580000   0.0373030000   0.0244960000  -0.0178590000  -0.0226210000  -0.0193620000
   6.8934879401   6.4924516342 1958  2.82E+00  -0.3986080000  -1.1902720000   2.2053640000  -0.1570690000   0.2040420000   1.6704130000   0.6391150000  -0.7968780000   8.0356450000   0.3364990000  -0.1438590000   8.9791970000  -0.0821700000   0.6485020000   9.7435000000  -0.0037180000  -0.0212580000   0.0080790000   0.0036280000   0.0213710000  -0.0083430000  -0.0038420000   0.0013820000  -0.0208570000   0.0134070000  -0.0142590000   0.0287120000  -0.0094750000   0.0127630000  -0.0075910000
   6.8941099618   6.4902064803 2075  5.06E+00  -1.3599530000   0.0511100000   1.8905900000   0.0170310000  -0.0007080000   1.8467620000  -0.0309520000  -0.8989620000   8.2743290000  -0.0065250000   0.2222420000   8.6483780000   0.0364730000   1.4201160000   8.8922620000   0.0418380000  -0.0015610000  -0.0013220000  -0.0418390000   0.0016280000   0.0013060000   0.0008060000  -0.0110010000  -0.0112190000  -0.0046760000  -0.0700810000   0.0021920000   0.0038720000   0.0810150000   0.0090430000
   6.8938774950   6.4918824640 2171  8.37E+00   0.7493320000  -1.8436660000   3.7288110000   0.4257720000  -1.8145680000   2.3983430000  -0.9924240000   3.9718320000   8.6469070000  -0.8033990000   3.7198690000   7.4920080000  -0.5780850000   3.1018920000   6.5172300000  -0.0113340000   0.0009420000  -0.0467120000   0.0113890000  -0.0012300000   0.0465320000  -0.0023460000  -0.0178420000   0.0409370000   0.0023840000   0.0351340000  -0.0633800000  -0.0000940000  -0.0170040000   0.0226220000
   6.8929224066   6.4909367347 2412  1.86E+00   0.1743370000  -0.3149050000   1.8578530000  -1.2391900000   0.0208230000   1.9375810000   2.0778580000   0.3646750000   9.6009410000   2.2002130000   0.1551500000   8.4295540000   2.4482820000   0.1223750000   7.2784140000   0.0002330000  -0.0000710000  -0.0000830000  -0.0004710000   0.0000520000  -0.0000650000   0.0043020000   0.0178110000   0.0388870000  -0.0132510000  -0.0289530000  -0.0401570000   0.0091870000   0.0111610000   0.0014180000
   6.8929083917   6.4907333702 2444  6.72E+00   0.3151570000   1.5168150000   1.9305310000  -0.0033850000  -0.0179870000   1.7791140000  -0.8201610000  -0.4730610000   8.2021510000   0.0449310000   0.2335720000   8.6975430000   0.7834770000   0.9796600000   9.2628710000   0.0083170000   0.0399150000   0.0039700000  -0.0081820000  -0.0398270000  -0.0040110000  -0.0598240000  -0.0408170000  -0.0244380000   0.0440040000   0.0154270000   0.0022460000   0.0156850000   0.0253020000   0.0222340000
   6.8909088692   6.4909756731 2539  6.78E+00  -0.8230310000   0.6883050000   1.4187890000   0.4692560000   1.0892970000   2.2496790000  -0.3627470000  -0.8207780000   8.3972110000  -0.7625480000  -1.7572290000   7.8608640000  -1.3565390000  -2.6559830000   7.3780290000  -0.0357320000  -0.0110830000  -0.0229710000   0.0357610000   0.0110360000   0.0230650000  -0.0320900000  -0.0406730000  -0.0194640000   0.0473190000   0.0408370000   0.0154370000  -0.0152580000  -0.0001150000   0.0039330000
   6.8913380524   6.4903598436 2826  3.54E-01  -0.5367700000   0.4856360000   2.1248370000  -0.7575730000  -0.8924100000   1.8448440000   1.5551390000   2.0434000000   9.7310670000   1.4056610000   1.8561750000   8.5931540000   1.2069550000   1.6771640000   7.4718050000  -0.0024090000  -0.0148120000  -0.0031050000   0.0022780000   0.0146540000   0.0027960000  -0.0062880000  -0.0028880000  -0.0204450000   0.0005820000  -0.0061160000  -0.0316600000   0.0058370000   0.0091610000   0.0524140000
   6.8945511741   6.4932690702 2826  5.75E-01  -0.5376870000   0.4746650000   2.1246070000  -0.7579020000  -0.8926310000   1.8443860000   1.5521840000   2.0419970000   9.7333190000   1.4057600000   1.8562730000   8.5936880000   1.2115390000   1.6802890000   7.4714570000  -0.0033100000  -0.0203310000  -0.0042600000   0.0031790000   0.0201730000   0.0039550000  -0.0058550000  -0.0024140000  -0.0183610000   0.0001280000  -0.0066650000  -0.0344810000   0.0058580000   0.0092370000   0.0531460000
   6.8943137230   6.4909620795 3177  2.68E+00  -0.6161680000   0.6174990000   1.6005820000  -0.9596630000  -0.6936730000   2.2031360000   0.6097870000   1.5623320000   8.0836000000   1.7714790000   1.4817020000   8.0102510000   2.8919790000   1.4385010000   7.8004880000   0.0028810000   0.0108980000  -0.0050110000  -0.0027810000  -0.0109420000   0.0049430000   0.0220900000   0.0015640000  -0.0100420000   0.0532760000  -0.0073700000   0.0056460000  -0.0754660000   0.0058500000   0.0044640000
   6.8945198895   6.4924507211 3499  4.19E+00   0.9837640000  -1.6035260000   2.9986510000   0.5258330000  -0.9786060000   1.8873090000  -0.9139460000   1.9782710000   9.6497670000  -1.0056000000   2.0333190000   8.5077520000  -1.0192690000   2.1714220000   7.3500830000  -0.0197960000   0.0269890000  -0.0481130000   0.0199050000  -0.0272410000   0.0479470000   0.0010230000   0.0089640000  -0.0567270000  -0.0065760000  -0.0126240000   0.0302410000   0.0054440000   0.0039110000   0.0266530000
   6.8916999657   6.4919444582 3564  5.75E+00   0.1754470000   1.9043450000   2.5259150000  -0.2269490000   0.5964840000   1.7397160000   0.4003180000  -0.1632150000   9.7087780000   0.4726450000  -0.9256010000   8.8027460000   0.3672510000  -1.5532310000   7.8365180000   0.0106550000   0.0346320000   0.0208030000  -0.0106450000  -0.0344790000  -0.0209180000  -0.0131130000   0.0195910000   0.0091790000   0.0213590000  -0.0508340000  -0.0412030000  -0.0082560000   0.0310900000   0.0321400000
   6.8936106294   6.4934986495 3617  6.08E-01   0.3409530000  -1.8112880000   3.0791100000   0.6568960000  -0.9937190000   1.8702290000  -0.9393640000   2.0444830000   7.3826520000  -1.1497660000   2.1158000000   8.5451510000  -1.4996920000   2.1318600000   9.6693520000  -0.0033940000  -0.0089120000   0.0130290000   0.0034890000   0.0086690000  -0.0132590000  -0.0075290000  -0.0032530000  -0.0115650000   0.0190600000   0.0067420000   0.0058140000  -0.0116270000  -0.0032450000   0.0059830000
