   6.9004625655   6.1551700285  380  7.01E-01   0.7451770000   0.4820220000   1.7268460000  -0.0172030000  -0.7280550000   1.8896820000   0.3070380000   0.6327400000   7.8837810000  -0.0271280000   1.5765270000   8.4960400000  -0.2477060000   2.4771560000   9.1931390000  -0.0037290000  -0.0058470000   0.0007510000   0.0036440000   0.0059360000  -0.0010900000   0.0049230000   0.0057360000   0.0133350000  -0.0178850000   0.0183290000  -0.0029020000   0.0130470000  -0.0241530000  -0.0100940000
   6.9021827153   6.1592210812  442  5.73E+00   0.7421990000  -1.3479920000   2.0216620000  -0.0093830000   0.0179850000   1.7646310000   0.0068300000  -0.5006200000   9.6839340000   0.0213670000   0.2143080000   8.7059530000  -0.0227690000   1.0225210000   7.8413680000   0.0200870000  -0.0365510000   0.0068800000  -0.0200690000   0.0363580000  -0.0070570000  -0.0042690000  -0.0320260000   0.0588370000   0.0084200000   0.0150520000  -0.0552120000  -0.0041680000   0.0171660000  -0.0034500000
   6.9026596017   6.1575100540  667  4.04E+00  -1.1496080000  -0.9359830000   2.1926280000   0.0138490000   0.0077460000   1.6841370000   0.1648890000   0.7083390000   9.9367790000  -0.0288500000   0.2642890000   8.8971010000  -0.1399680000  -0.1987800000   7.8362600000  -0.0313700000  -0.0254230000   0.0135760000   0.0313660000   0.0255020000  -0.0140440000  -0.0032980000  -0.0227220000  -0.0511230000  -0.0058940000   0.0109760000   0.0211230000   0.0091960000   0.0116660000   0.0304680000
   6.9010950820   6.1589298111  703  1.63E+00  -1.0411890000  -1.8643040000   2.2046000000  -0.5779320000  -0.4943020000   2.1904730000   0.3088250000   0.5304620000   8.5581520000   1.0479070000   1.2374940000   8.0045690000   1.8564470000   1.8143510000   7.3553870000   0.0011980000   0.0035560000  -0.0000260000  -0.0012890000  -0.0035890000   0.0000550000   0.0200120000   0.0060860000  -0.0165180000  -0.0358640000  -0.0056280000   0.0299690000   0.0159440000  -0.0004240000  -0.0134800000
   6.9038562983   6.1557340925  785  1.19E+01   1.5142220000  -1.7507860000   5.1222510000   1.2549340000  -1.9863460000   3.7428580000  -2.2363690000   3.0597680000   4.2333670000  -2.4689490000   3.8877970000   5.0593040000  -2.2730380000   4.7399490000   5.9543670000  -0.0027820000  -0.0025660000  -0.0148520000   0.0029380000   0.0023480000   0.0149230000   0.0281340000  -0.0145740000  -0.0132770000  -0.0686580000  -0.0587340000  -0.0660330000   0.0403680000   0.0735270000   0.0792390000
   6.9018012547   6.1551747724  811  2.95E+00  -0.6792830000  -1.2284590000   1.8088460000   0.0091990000   0.0166350000   1.8720760000  -0.4192230000  -0.5920470000   9.2241090000   0.0025050000   0.2286670000   8.5205380000   0.4141970000   1.1023820000   7.9171820000   0.0071730000   0.0129480000   0.0007200000  -0.0072350000  -0.0130920000  -0.0007570000   0.0114550000   0.0277490000  -0.0118400000   0.0194340000   0.0322350000  -0.0418510000  -0.0308270000  -0.0598400000   0.0537280000
   6.9018975554   6.1563718458 1357  6.08E+00   0.4381650000  -0.6076910000   1.4692990000  -0.6271180000   0.0426370000   2.0487190000   1.9896680000  -0.3758220000   7.6055380000   1.1678130000   0.2324200000   8.2809080000   0.2380330000   0.7143640000   8.8548320000  -0.0338320000   0.0206360000   0.0183600000   0.0336690000  -0.0205330000  -0.0184280000   0.0470570000  -0.0459810000  -0.0471260000  -0.0103520000   0.0370500000   0.0331160000  -0.0365430000   0.0088280000   0.0140780000
   6.9002317894   6.1581004503 1359  4.08E+00  -0.0007980000   0.0824140000   1.1836260000   0.7963050000  -0.5894480000   2.3078750000  -0.3694570000   1.0681660000   8.1229860000  -1.4774300000   1.2772210000   7.8172670000  -2.4983300000   1.5993590000   7.4091490000  -0.0154050000   0.0129780000  -0.0217100000   0.0153170000  -0.0129950000   0.0216900000  -0.0142260000   0.0125190000  -0.0113830000  -0.0488910000  -0.0030390000  -0.0052350000   0.0632060000  -0.0094630000   0.0166380000
   6.9001783358   6.1551316059 1426  4.44E+00  -1.8057730000   1.5677940000   3.1608070000  -1.5184100000   0.3524480000   2.2415540000   2.6935000000  -0.4466490000   6.6582160000   2.8158950000  -0.4854860000   7.8551320000   2.8896970000  -0.3602070000   9.0521500000  -0.0064990000   0.0272430000   0.0205840000   0.0061740000  -0.0271760000  -0.0207480000  -0.0063470000   0.0106250000  -0.0462570000   0.0056040000  -0.0260600000  -0.0115480000   0.0010690000   0.0153680000   0.0579670000
   6.9000776809   6.1572248330 1556  6.67E-01  -1.0152830000  -0.8624400000   2.0887390000   0.0116830000   0.0096750000   1.7189090000  -0.0173990000  -0.4075170000   7.8619150000   0.0007380000   0.2453000000   8.8231050000   0.0224630000   0.9170600000   9.7995580000   0.0221720000   0.0188600000  -0.0080670000  -0.0221870000  -0.0187340000   0.0077200000   0.0007350000   0.0167740000   0.0259730000  -0.0013680000  -0.0304220000  -0.0449790000   0.0006480000   0.0135220000   0.0193530000
   6.9041852406   6.1552910228 1665  4.69E+00   0.5435920000  -1.4597280000   1.8174430000  -0.0096490000   0.0150830000   1.9026330000   0.8587800000   0.8338900000   9.0238000000   0.0132760000   0.2497420000   8.4855950000  -0.8548050000  -0.3170580000   7.9905720000   0.0146070000  -0.0388410000  -0.0022470000  -0.0144520000   0.0389290000   0.0021710000  -0.0245130000  -0.0144450000  -0.0104640000  -0.0185540000  -0.0161870000  -0.0201250000   0.0429110000   0.0305460000   0.0306650000
   6.9031760560   6.1584346384 1910  2.80E+00   1.1036070000   0.7933340000   1.8998240000  -0.0100630000  -0.0140380000   1.8078050000  -0.3174650000   1.1148740000   9.4014220000  -0.0322770000   0.2217540000   8.6848740000   0.3224210000  -0.5735420000   7.9317520000  -0.0338630000  -0.0245080000  -0.0028160000   0.0337930000   0.0246530000   0.0026110000   0.0028630000   0.0127880000   0.0030460000   0.0084540000  -0.0555490000  -0.0363850000  -0.0112470000   0.0426160000   0.0335450000
   6.9049350064   6.1597667693 2114  2.84E+00   0.6425780000   0.5894950000   1.1828000000   0.3257760000  -0.5233700000   2.1902910000  -1.3728710000   2.0402770000   7.7340530000  -0.6064820000   1.1776550000   7.9483040000   0.1606640000   0.3400360000   8.2870110000   0.0061750000   0.0216950000  -0.0196320000  -0.0062320000  -0.0216240000   0.0197260000   0.0015260000   0.0000640000   0.0098820000  -0.0118140000   0.0093400000  -0.0243020000   0.0103440000  -0.0094740000   0.0143260000
   6.9007345865   6.1588707324 2114  2.23E+00   0.6264630000   0.5706940000   1.1860790000   0.3261410000  -0.5233630000   2.1899300000  -1.3733540000   2.0401580000   7.7367240000  -0.6057540000   1.1799430000   7.9485190000   0.1597950000   0.3395850000   8.2857760000   0.0047100000   0.0171620000  -0.0157380000  -0.0047680000  -0.0170890000   0.0158320000   0.0030720000  -0.0021930000   0.0104310000  -0.0135690000   0.0124140000  -0.0251070000   0.0105550000  -0.0102950000   0.0145830000
   6.9007217144   6.1586508940 2421  4.48E+00   0.0183050000  -2.2235190000   2.6811120000  -0.0228570000  -0.8153200000   2.0329840000   0.0469540000   2.4492190000   7.2547550000   0.0943170000   1.8197970000   8.2726930000  -0.0047580000   1.0843350000   9.2140200000   0.0009330000  -0.0315630000   0.0145320000  -0.0009140000   0.0313530000  -0.0146080000  -0.0101960000   0.0144080000  -0.0349520000   0.0225280000   0.0186730000   0.0044490000  -0.0123510000  -0.0328700000   0.0305790000
   6.9041589463   6.1574641903 2463  5.57E+00   1.4591220000  -1.3078650000   2.0008780000  -0.0558230000  -1.1455110000   2.3129110000  -0.6294090000   1.9306500000   8.5921410000   0.0665610000   2.2820630000   7.7315500000   0.7663050000   2.8472520000   6.9277040000   0.0349570000  -0.0037860000  -0.0072080000  -0.0350840000   0.0036080000   0.0072850000   0.0148980000   0.0215880000  -0.0137690000  -0.0411990000  -0.0574260000   0.0384040000   0.0264290000   0.0360150000  -0.0247120000
   6.9003350467   6.1598263098 2567  1.77E+00  -0.8299950000  -1.0902020000   1.5139220000   0.0115370000   0.0170720000   2.0519510000   0.4917090000  -0.7905090000   8.4240030000   0.0401380000   0.2554740000   8.2256020000  -0.5271710000   1.2698230000   8.0589360000  -0.0086570000  -0.0114000000  -0.0055310000   0.0087240000   0.0113370000   0.0056000000  -0.0229560000   0.0324950000  -0.0030260000   0.0276380000  -0.0245080000  -0.0019880000  -0.0047490000  -0.0079240000   0.0049450000
   6.9041880352   6.1594125409 2951  1.83E+00  -0.6808920000   1.1072050000   1.4362670000   0.0087440000  -0.0135050000   2.0531010000   0.2052200000  -0.8899620000   8.1466700000  -0.0518410000   0.2300400000   8.2555550000  -0.1670730000   1.4026380000   8.3129340000   0.0002250000  -0.0003800000   0.0002100000  -0.0002640000   0.0003950000  -0.0001710000   0.0000240000   0.0463680000   0.0022060000  -0.0094570000  -0.0536760000  -0.0003260000   0.0094720000   0.0072910000  -0.0019200000
   6.9013500790   6.1568624942 3081  7.40E-01   1.2924740000  -1.0891360000   2.2870010000   0.0104420000  -0.6658200000   1.8779860000  -0.6901040000   2.1667000000   9.2322520000  -0.0367370000   1.5130700000   8.5392290000   0.5841000000   0.7790010000   7.8353650000  -0.0202400000   0.0066650000  -0.0065490000   0.0201040000  -0.0066660000   0.0061480000   0.0168270000  -0.0241850000  -0.0203920000  -0.0264810000   0.0429830000   0.0328930000   0.0097900000  -0.0187980000  -0.0121000000
   6.9002471578   6.1596206497 3336  1.89E+00   0.0267490000   1.5368830000   2.0411820000   0.1401310000   0.1207900000   1.7576730000   0.1017180000  -0.6422290000   7.8697310000  -0.2360580000   0.0142110000   8.7661960000  -0.6260440000   0.6191520000   9.6438630000   0.0001850000  -0.0024690000  -0.0005280000  -0.0002410000   0.0026710000   0.0002210000  -0.0148080000   0.0168510000   0.0295650000  -0.0102560000   0.0319840000   0.0369920000   0.0251200000  -0.0490380000  -0.0662490000
   6.9048101064   6.1591116484 3396  4.82E+00   0.6630860000  -1.3643800000   1.9859330000  -0.2171420000  -0.2962390000   1.9469840000   1.4697840000   0.6678150000   8.7976810000   0.3469540000   0.8594360000   8.5151830000  -0.6875590000   0.9401330000   7.9623600000  -0.0241180000   0.0292890000  -0.0010760000   0.0242410000  -0.0293410000   0.0009090000  -0.0015620000  -0.0061050000  -0.0196130000  -0.0119820000   0.0139350000   0.0326040000   0.0134190000  -0.0077770000  -0.0128240000
   6.9034615663   6.1599419135 3592  2.32E+00  -0.4061400000  -1.3905890000   2.2063390000   0.0023410000   0.0198260000   1.6832320000   0.3478720000   0.5984720000   9.9388430000  -0.0154110000   0.2401290000   8.9030450000  -0.3224070000  -0.1024650000   7.8333920000  -0.0096480000  -0.0333750000   0.0122510000   0.0097220000   0.0334060000  -0.0127070000  -0.0078860000  -0.0105740000  -0.0358460000  -0.0034860000   0.0011040000   0.0108910000   0.0112980000   0.0094400000   0.0254110000
   6.9010298994   6.1564672786 3685  1.08E+01   0.2635780000  -1.9912450000   2.8191770000   1.1905950000  -0.9792230000   2.2280550000  -3.0021620000   2.6117280000   8.5286420000  -2.2044380000   1.9053010000   7.9524060000  -1.3056990000   1.6615800000   7.1976390000  -0.0102970000  -0.0112940000   0.0065070000   0.0103620000   0.0110350000  -0.0068350000  -0.0263030000   0.0581640000   0.0125190000   0.0031010000  -0.0832980000   0.0122290000   0.0231370000   0.0253930000  -0.0244200000
   6.9039413260   6.1557931932 3685  1.02E+01   0.2626620000  -1.9823770000   2.8108150000   1.1908690000  -0.9795510000   2.2281070000  -3.0014140000   2.6102370000   8.5310460000  -2.2054430000   1.9093650000   7.9515550000  -1.3070030000   1.6611030000   7.1961420000  -0.0082780000  -0.0089970000   0.0051360000   0.0083450000   0.0087360000  -0.0054710000  -0.0240250000   0.0554430000   0.0112740000  -0.0008340000  -0.0794210000   0.0146450000   0.0247920000   0.0242380000  -0.0255840000
   6.9047938324   6.1558414113 3720  5.20E+00   1.4770040000   0.2554410000   2.1368530000  -0.0181850000  -0.0000030000   1.7007770000   0.4723850000   0.0489980000   9.8817180000  -0.0124450000   0.2559250000   8.8790870000  -0.4652770000   0.4304740000   7.8252510000   0.0396570000   0.0067510000   0.0114890000  -0.0395000000  -0.0068190000  -0.0118990000  -0.0359990000   0.0139400000  -0.0827670000   0.0180730000  -0.0055090000   0.0484860000   0.0177680000  -0.0083630000   0.0346920000
   6.9000445854   6.1595186251 3777  5.27E-01   1.7279470000   0.0537870000   2.0913290000   0.4081570000   0.6509080000   1.9148170000  -0.7626820000  -1.6188830000   7.5198910000  -0.7738850000  -0.9146680000   8.4484940000  -0.8036670000  -0.2609890000   9.4442260000   0.0020650000  -0.0008860000   0.0002630000  -0.0020010000   0.0011040000  -0.0003780000  -0.0018550000   0.0082760000   0.0222130000   0.0039250000  -0.0219970000  -0.0529300000  -0.0021340000   0.0135030000   0.0308330000
   6.9026240705   6.1562273287 3777  1.15E+00  -0.6123760000   2.5626450000   2.6330030000   0.5611400000   1.6766210000   2.7726690000  -1.1936640000  -1.8619980000   7.4947420000  -0.9839920000  -2.8410970000   6.9117520000  -0.8315460000  -3.8524360000   6.3045510000  -0.0077750000   0.0058700000  -0.0009380000   0.0077980000  -0.0059630000   0.0009060000   0.0017030000  -0.0308900000  -0.0168060000  -0.0007920000   0.0547310000   0.0300980000  -0.0009330000  -0.0237480000  -0.0132590000
   6.9003137470   6.1555007011 3790  5.36E+00  -1.3859310000  -1.4128240000   2.5547580000   0.0749500000  -1.3488790000   2.1678140000   0.5076320000   2.2336970000   7.1546090000  -0.1752760000   2.7517100000   7.9218150000  -0.6630500000   3.2139200000   8.9121630000  -0.0223390000  -0.0009770000   0.0058940000   0.0221640000   0.0008420000  -0.0060960000  -0.0211780000   0.0237830000   0.0560870000   0.0206150000  -0.0322150000  -0.0975080000   0.0007370000   0.0085680000   0.0416230000
