   6.9184328067   6.2827337725  376  4.73E+00  -1.1962890000   0.7534360000   1.4015400000  -0.5181310000  -0.4329310000   2.1762740000  -0.0486020000   0.6044410000   8.4305890000   0.9515090000   1.0441300000   7.9717130000   1.9973490000   1.4141020000   7.6291240000  -0.0172330000   0.0301630000  -0.0196760000   0.0172630000  -0.0301140000   0.0197850000  -0.0085080000  -0.0096080000   0.0147270000   0.0306210000   0.0229660000  -0.0324340000  -0.0221430000  -0.0134070000   0.0175980000
   6.9174226689   6.2817907312  468  5.00E+00   0.9280890000   1.4908900000   2.0949300000   0.3728660000   0.0509870000   1.7958280000  -1.2622580000  -0.4325430000   7.8417740000  -0.6900550000   0.1507130000   8.6855500000  -0.1403790000   0.6585040000   9.5384190000   0.0142640000   0.0369210000   0.0076740000  -0.0140750000  -0.0367790000  -0.0078420000   0.0029740000  -0.0005030000   0.0102630000   0.0394810000   0.0436700000   0.0519890000  -0.0426440000  -0.0433090000  -0.0620850000
   6.9188001844   6.2801967688  722  4.74E+00  -0.9120060000  -0.9141810000   1.5017970000   0.0141260000   0.0138880000   2.0131190000  -1.1803320000   0.0152180000   8.4806320000   0.0073400000   0.2370220000   8.2619250000   1.1617310000   0.4827620000   8.1697440000   0.0159470000   0.0159740000   0.0088070000  -0.0159570000  -0.0159770000  -0.0086930000  -0.0827900000  -0.0136760000   0.0234510000   0.0646470000   0.0079790000  -0.0306140000   0.0181530000   0.0056990000   0.0070490000
   6.9190575859   6.2830323071  814  5.43E+00  -0.1744100000  -2.5134040000   3.4677630000   0.7924280000  -1.5980230000   2.6025010000  -1.9639900000   4.2643020000   7.0804960000  -1.4012550000   3.2229330000   7.1369110000  -0.9306820000   2.1431970000   7.3470410000  -0.0267640000  -0.0253630000   0.0238820000   0.0267740000   0.0253270000  -0.0241760000  -0.0163510000   0.0174820000   0.0088020000   0.0094970000   0.0135160000  -0.0251830000   0.0068430000  -0.0309630000   0.0166750000
   6.9174404258   6.2808401624  869  6.59E+00   0.7150360000   1.5744860000   1.9655360000  -0.0849960000   0.2517420000   1.8820840000  -0.0184570000   0.8739060000   8.1316790000   0.1623720000  -0.2073590000   8.6266600000   0.2760070000  -1.3870290000   8.8700880000   0.0175680000   0.0290070000   0.0017920000  -0.0175360000  -0.0291170000  -0.0019480000  -0.0106500000   0.0344650000  -0.0314100000   0.0090010000   0.0287700000   0.0336030000   0.0016180000  -0.0631240000  -0.0020380000
   6.9182960025   6.2840615509  997  4.35E+00  -1.2551040000  -0.4237360000   1.8663200000   0.0073410000   0.0531050000   1.8389090000  -0.0874060000  -0.8739860000   8.0534850000   0.0272360000   0.1407450000   8.6412580000   0.1093730000   1.2174840000   9.1592010000   0.0583540000   0.0220670000  -0.0012880000  -0.0583400000  -0.0219220000   0.0011720000  -0.0025370000  -0.0013510000  -0.0054720000   0.0016410000  -0.0402360000  -0.0089900000   0.0008820000   0.0414420000   0.0145780000
   6.9186003628   6.2826376522 1027  1.44E+00  -1.6552560000  -0.9246010000   2.4314090000  -0.3044790000  -0.6512360000   1.8915360000   1.5820670000   1.5317200000   9.1631700000   0.5953840000   1.4531830000   8.5263080000  -0.4040920000   1.3757380000   7.8373740000  -0.0100570000  -0.0020730000   0.0039470000   0.0102020000   0.0019430000  -0.0042280000   0.0099210000   0.0010710000   0.0042680000   0.0442000000   0.0025110000   0.0342120000  -0.0542660000  -0.0034520000  -0.0381990000
   6.9179592792   6.2836456198 1324  2.02E-01  -0.4577030000  -1.6244380000   2.6558250000  -0.3772960000  -2.4805290000   3.8313320000   0.5614480000   3.6640770000   4.7515380000   0.7304030000   4.7907310000   4.9562970000   0.8033840000   5.9179210000   5.2270530000  -0.0000730000   0.0004720000  -0.0008290000   0.0000080000  -0.0008900000   0.0007310000  -0.0003870000   0.0429120000   0.0125610000   0.0088040000  -0.0185890000  -0.0114020000  -0.0083530000  -0.0239050000  -0.0010610000
   6.9194064631   6.2804298997 1905  1.10E+01   0.7629380000   0.8939590000   1.3527610000   0.3742840000  -0.4274580000   2.0922420000  -1.6814360000   0.3606800000   7.9741340000  -0.7548670000   1.1143800000   8.1000470000   0.3307830000   1.5689340000   8.4119920000   0.0094440000   0.0321830000  -0.0179670000  -0.0094550000  -0.0320820000   0.0180250000  -0.0206370000  -0.0416510000   0.0083900000  -0.0442910000   0.0356990000  -0.0366600000   0.0649390000   0.0058510000   0.0282110000
   6.9156593950   6.2835775828 1943  1.97E+00  -0.0555350000  -0.5416350000   1.3162800000   0.7438460000   0.3667490000   2.1229480000  -1.9370000000  -1.3982620000   8.0091640000  -1.3592900000  -0.4187240000   8.1068220000  -0.7540360000   0.6027630000   8.2208160000  -0.0000040000  -0.0000000000   0.0000450000  -0.0000620000  -0.0001080000  -0.0000440000   0.0358210000   0.0608800000   0.0080050000  -0.0500660000  -0.0853600000  -0.0132780000   0.0143120000   0.0245880000   0.0052730000
   6.9160179727   6.2803964864 2293  3.81E-01  -1.3679040000  -0.3817420000   1.7318140000   0.0167670000   0.0047170000   1.9134880000  -0.1558550000  -0.8208770000   8.9157100000  -0.0027900000   0.2466900000   8.4825800000   0.1603960000   1.3238530000   8.0521060000   0.0023270000   0.0006270000   0.0003300000  -0.0023470000  -0.0007690000  -0.0003350000   0.0039160000   0.0228290000  -0.0077750000  -0.0032020000  -0.0137500000   0.0018580000  -0.0006950000  -0.0089370000   0.0059230000
   6.9150092231   6.2842196378 2304  4.85E+00  -2.0776040000  -1.7288200000   5.1706720000  -1.4297100000  -1.6846090000   3.9549450000   3.0627810000   3.6415650000   3.6387350000   2.6034840000   3.3348380000   4.6567310000   2.2540110000   3.0649240000   5.7889440000   0.0198080000   0.0013130000  -0.0372250000  -0.0197940000  -0.0013030000   0.0370320000  -0.0037710000  -0.0044840000   0.0320890000   0.0130220000   0.0140580000  -0.0954680000  -0.0092650000  -0.0095840000   0.0635730000
   6.9191622094   6.2845526074 2344  1.02E+01  -1.3032720000   0.8172540000   1.6897960000  -1.8172410000   0.2024700000   2.8972020000   3.8540910000   0.0827320000   5.6022450000   3.3634990000  -0.0822880000   6.7184020000   2.7787930000  -0.3959610000   7.7796730000  -0.0008800000  -0.0010260000   0.0020130000   0.0008260000   0.0010420000  -0.0019630000   0.0331250000   0.0050050000  -0.0848940000   0.0254830000   0.0316400000  -0.0125970000  -0.0585540000  -0.0366620000   0.0974410000
   6.9193214075   6.2849491123 2733 -1.54E-01   1.8949330000  -1.0153670000   3.0287350000   0.6991930000  -1.7472460000   2.5893030000  -0.9596080000   3.1622770000   6.1453610000  -1.3364240000   3.4303820000   7.2323830000  -1.6484680000   3.7403670000   8.3040790000   0.0053810000   0.0031870000   0.0019440000  -0.0052790000  -0.0035550000  -0.0020560000   0.0054150000   0.0031670000  -0.0047780000  -0.0172480000   0.0015050000   0.0314320000   0.0117310000  -0.0043040000  -0.0265420000
   6.9160818394   6.2848301418 2826  2.48E+00  -0.5789840000   0.5275410000   2.0172520000  -0.7344780000  -0.8691220000   1.8768530000   1.7678000000   2.1470740000   9.6289660000   1.3613820000   1.8327220000   8.5259900000   0.9148570000   1.4721540000   7.4712440000  -0.0023710000  -0.0211230000  -0.0022230000   0.0022860000   0.0209920000   0.0018460000   0.0232740000   0.0171930000   0.0719670000  -0.0044280000  -0.0013320000  -0.0357610000  -0.0187610000  -0.0157300000  -0.0358290000
   6.9151527789   6.2832490310 2949  4.34E+00   1.2488860000   0.1697680000   2.1270860000  -0.0922620000  -0.4880540000   1.6829020000  -0.1848080000   1.6088130000   9.9451510000   0.1990350000   1.1455250000   8.8920730000   0.4174840000   0.6456820000   7.8419620000   0.0316670000   0.0155380000   0.0103850000  -0.0317000000  -0.0155430000  -0.0107560000  -0.0308500000   0.0233160000   0.0583310000   0.0379700000  -0.0152730000  -0.0470180000  -0.0070880000  -0.0080380000  -0.0109420000
   6.9196439234   6.2842646746 2954  6.90E+00  -1.2966980000  -1.2778650000   2.3328540000   0.1228700000  -0.7125140000   1.8820040000  -0.3438130000   1.0660930000   9.5367140000  -0.1763140000   1.5781320000   8.5352320000  -0.0557760000   2.0758630000   7.5109490000  -0.0402490000  -0.0160760000   0.0127820000   0.0402320000   0.0158310000  -0.0129290000   0.0085180000   0.0363070000  -0.0737970000   0.0026720000  -0.0045800000   0.0094710000  -0.0111730000  -0.0314830000   0.0644740000
   6.9172673166   6.2801381630 3086  1.28E+00  -0.2590830000  -0.6441710000   1.8571580000   1.1895700000  -0.7608150000   2.1027990000  -3.0726860000   1.9965220000   8.7793280000  -2.1748240000   1.5875450000   8.1179860000  -1.2193610000   1.3396700000   7.5088280000  -0.0084670000   0.0006590000  -0.0014780000   0.0084600000  -0.0007810000   0.0011810000  -0.0134520000   0.0187460000   0.0165530000   0.0385430000  -0.0374010000  -0.0395150000  -0.0250850000   0.0187760000   0.0232600000
   6.9197866379   6.2804834499 3289  3.44E+00   0.3796460000   2.1591510000   2.0918790000  -0.8171570000   1.3822250000   2.5427850000   1.7616380000  -2.9089120000   6.3349390000   1.4765300000  -2.2603540000   7.3022790000   1.1871000000  -1.7457760000   8.3533810000   0.0138420000   0.0089880000  -0.0051880000  -0.0138500000  -0.0089400000   0.0053180000   0.0102800000  -0.0314900000  -0.0277540000   0.0026560000   0.0167090000  -0.0252730000  -0.0129270000   0.0147330000   0.0528980000
   6.9181152362   6.2820405909 3324  4.10E+00   0.7928500000   1.2044450000   1.4805930000  -0.0104990000  -0.0184000000   1.9952570000  -0.2950530000   1.3686610000   8.1156430000   0.0148960000   0.2603560000   8.2896900000   0.2863520000  -0.8604260000   8.6044330000   0.0180010000   0.0273820000  -0.0115250000  -0.0179770000  -0.0274340000   0.0116400000   0.0033310000  -0.0217050000   0.0140350000  -0.0083810000   0.0536620000  -0.0332920000   0.0050260000  -0.0319050000   0.0191410000
   6.9167984354   6.2831156250 3590  7.06E+00   1.1423740000  -0.4886360000   1.4506840000  -0.2362120000  -0.0045330000   2.0555950000   1.2660260000  -0.4759570000   8.1382410000   0.4107190000   0.2516740000   8.2887190000  -0.4666230000   1.0281230000   8.2830980000   0.0370150000  -0.0129960000  -0.0162460000  -0.0369980000   0.0129700000   0.0162460000  -0.0729590000   0.0644700000   0.0024200000   0.0629710000  -0.0579880000   0.0075560000   0.0099710000  -0.0064560000  -0.0099770000
