   6.9129014131   6.1130607251    7  1.61E+01   0.7865640000  -1.5532820000   2.2618830000  -0.1739100000  -0.2253350000   1.7770140000  -0.3319420000   0.9506340000   7.7738160000   0.3044870000   0.7471020000   8.7629630000   0.9223600000   0.3994300000   9.6317020000   0.0358790000  -0.0495810000   0.0180430000  -0.0357260000   0.0494080000  -0.0184530000  -0.0115490000  -0.0066930000  -0.0222750000   0.0770150000  -0.0189430000   0.1213430000  -0.0656190000   0.0258090000  -0.0986580000
   6.9149585091   6.1131115768  177  3.28E+00  -0.1568930000   1.3519320000   1.8793600000  -0.0017660000  -0.0201430000   1.7730910000   0.0097630000  -0.5681300000   7.8615810000  -0.0083420000   0.2983810000   8.7119740000   0.0152060000   1.0472340000   9.6259120000   0.0042310000  -0.0373820000  -0.0029180000  -0.0042400000   0.0376000000   0.0026180000   0.0033910000  -0.0508330000  -0.0370160000  -0.0062480000   0.0448770000   0.0175270000   0.0028660000   0.0057380000   0.0197880000
   6.9121568058   6.1104531525  205  1.22E+00   0.3510820000   0.8796620000   1.6858090000   0.7571300000  -0.4464030000   1.9764890000  -2.2695960000   0.6623140000   9.0807670000  -1.3673480000   1.0258310000   8.3793540000  -0.5073520000   1.4292970000   7.6527970000   0.0053520000  -0.0175550000   0.0037860000  -0.0054040000   0.0173720000  -0.0040700000  -0.0389870000  -0.0121810000   0.0273070000   0.0158480000  -0.0027220000  -0.0053560000   0.0231910000   0.0150860000  -0.0216670000
   6.9140354783   6.1120183006  252  6.01E+00   0.1929590000  -2.4987890000   3.0630050000  -0.1304290000  -1.1918510000   2.2638020000  -0.7510260000   2.8701770000   8.3422760000   0.2841880000   2.5058530000   7.8326090000   1.1769220000   2.0461850000   7.2800480000   0.0079640000  -0.0322900000   0.0197300000  -0.0080950000   0.0322330000  -0.0198340000  -0.0564850000   0.0108980000   0.0211530000   0.1124540000  -0.0297350000  -0.0486460000  -0.0558370000   0.0188940000   0.0275980000
   6.9131567654   6.1147006044  252  4.99E+00   0.1918000000  -2.4955130000   3.0640520000  -0.1306490000  -1.1920070000   2.2637380000  -0.7485680000   2.8685460000   8.3395790000   0.2799150000   2.5079050000   7.8337250000   1.1788430000   2.0468500000   7.2821640000   0.0078200000  -0.0317280000   0.0194610000  -0.0079630000   0.0316650000  -0.0195760000  -0.0453210000   0.0067910000   0.0157910000   0.0929000000  -0.0212500000  -0.0381640000  -0.0474360000   0.0145220000   0.0224880000
   6.9116253361   6.1108573798  306  3.35E+00  -0.8474790000  -1.6200710000   2.0135820000  -0.1409080000  -0.4227620000   2.0022450000   0.7364720000   1.8923670000   7.5891010000   0.2573840000   1.0463540000   8.2937110000  -0.1725660000   0.2232600000   9.0594720000   0.0174760000   0.0296210000  -0.0002510000  -0.0175580000  -0.0297670000   0.0002740000   0.0211070000   0.0338170000  -0.0212270000  -0.0048450000   0.0013120000  -0.0172720000  -0.0161790000  -0.0349820000   0.0384760000
   6.9140340189   6.1135512347  552  2.66E+00   1.2619350000   0.2705440000   1.4818030000  -0.0166070000  -0.0035670000   2.0155420000  -0.2404930000   1.3908860000   8.5588110000   0.0565370000   0.2576490000   8.2899390000   0.2014810000  -0.8958590000   8.0596930000  -0.0193050000  -0.0041240000   0.0080770000   0.0193150000   0.0042400000  -0.0080480000  -0.0208590000   0.0430850000   0.0139900000   0.0278470000  -0.0240260000  -0.0145300000  -0.0069980000  -0.0191740000   0.0005100000
   6.9117639078   6.1132002812  770  1.30E+01  -1.6756990000  -2.5501450000   3.7712160000  -1.8182110000  -0.8673830000   3.6195140000   4.0067690000   1.1451640000   4.7378200000   3.3845080000   1.8846020000   5.3522930000   2.6386540000   2.6203360000   5.9310910000   0.0052300000  -0.0615750000   0.0055560000  -0.0051830000   0.0615120000  -0.0055990000  -0.0397420000   0.0390280000   0.0300470000   0.0668080000  -0.0595180000  -0.0437750000  -0.0271120000   0.0205530000   0.0137720000
   6.9149709260   6.1104501511  770  1.35E+01  -1.6722950000  -2.5537840000   3.7585480000  -1.8183330000  -0.8672080000   3.6199320000   4.0083290000   1.1451220000   4.7399400000   3.3856590000   1.8847500000   5.3501950000   2.6366220000   2.6196230000   5.9292580000   0.0053820000  -0.0619700000   0.0050980000  -0.0053340000   0.0619030000  -0.0051450000  -0.0422920000   0.0417230000   0.0324020000   0.0710130000  -0.0634810000  -0.0475100000  -0.0287690000   0.0218260000   0.0151550000
   6.9145241968   6.1103837998  840  4.07E+00  -0.9100070000  -0.7119630000   2.0446330000  -0.2336870000   0.5159200000   1.7291930000   0.7345070000  -1.3082190000   9.8113280000   0.4499850000  -0.6470090000   8.8237810000   0.1521130000  -0.0501760000   7.8010530000   0.0038950000   0.0070480000  -0.0018940000  -0.0039000000  -0.0071070000   0.0014710000   0.0192060000  -0.0495600000   0.0674520000  -0.0000980000   0.0158450000  -0.0032240000  -0.0191020000   0.0337740000  -0.0638050000
   6.9106396904   6.1147236246  934  7.52E+00   0.4230140000  -1.1483000000   1.7452490000  -1.0075770000  -0.5644390000   2.1859080000   1.8966460000   0.2241330000   7.5088290000   1.8940450000   1.3054640000   8.0358810000   1.6869340000   2.3748280000   8.4329440000   0.0426970000  -0.0174150000  -0.0132320000  -0.0428670000   0.0175240000   0.0129330000  -0.0124430000  -0.0350910000  -0.0235940000   0.0207270000   0.0614840000   0.0414660000  -0.0081140000  -0.0265020000  -0.0175720000
   6.9139625734   6.1117780917 1019  9.10E+00  -0.9389530000  -2.1430980000   3.1127120000  -0.4331480000  -1.0117520000   2.0302090000   0.6599550000   2.1591960000   9.3734520000   0.8356550000   2.1291970000   8.2509160000   0.9351260000   2.1180540000   7.0983420000  -0.0169490000  -0.0379040000   0.0362040000   0.0168020000   0.0375960000  -0.0364400000   0.0069010000  -0.0004290000  -0.0820910000   0.0025020000  -0.0023800000   0.0363640000  -0.0092560000   0.0031160000   0.0459630000
   6.9113369478   6.1136434446 1292  8.10E+00   0.6650390000   1.2706560000   1.9246320000   0.0296890000   0.0856230000   1.7659190000  -0.0688190000   0.8292430000   7.8333700000  -0.0121450000  -0.0088460000   8.6826550000  -0.1122400000  -0.6426010000   9.7091020000  -0.0278060000  -0.0518990000  -0.0070140000   0.0278430000   0.0517010000   0.0067260000  -0.0107620000   0.0320880000  -0.0074060000   0.0249680000  -0.0132910000  -0.0533030000  -0.0142430000  -0.0185990000   0.0609970000
   6.9120848741   6.1149157925 1512  8.39E+00  -1.1426670000   1.6053380000   2.0404610000  -1.0371740000   0.2428820000   2.1642600000   1.4680220000   0.3681770000   8.9596090000   1.8057380000  -0.2640200000   8.0061400000   2.4283090000  -0.7964530000   7.0940070000   0.0035330000  -0.0459400000   0.0042140000  -0.0037560000   0.0460420000  -0.0041900000   0.0072280000   0.0235260000   0.0299950000  -0.0621760000   0.0032210000   0.0212480000   0.0551710000  -0.0268500000  -0.0512670000
   6.9141336800   6.1112002607 1516 -2.01E-01   2.0777700000  -1.1953420000   4.0986490000   2.5635610000   0.1052200000   4.3524650000  -5.8488970000  -0.0123180000   3.7588920000  -4.7143460000   0.0952500000   4.0163260000  -3.5460100000   0.1783030000   4.2317600000   0.0076250000   0.0201050000   0.0039180000  -0.0071200000  -0.0201640000  -0.0039470000   0.0070590000  -0.0010570000  -0.0015180000  -0.0309570000   0.0008890000  -0.0000330000   0.0233930000   0.0002270000   0.0015790000
   6.9126442783   6.1142743767 1986  3.25E+00  -1.1505130000  -1.5796400000   2.1694340000   0.0570700000  -0.5870490000   1.9875700000   0.4597090000   0.7312210000   9.1832810000  -0.0636750000   1.3593670000   8.3310630000  -0.6244430000   1.9673680000   7.5007220000  -0.0311890000  -0.0256810000   0.0047100000   0.0312980000   0.0254990000  -0.0047800000   0.0034320000  -0.0080610000   0.0117440000  -0.0047940000   0.0128440000  -0.0204710000   0.0012530000  -0.0046020000   0.0087970000
   6.9105399069   6.1104009532 2061  4.91E+00   1.1478390000   0.7343010000   1.6593320000   0.0972760000  -0.1831150000   1.9859240000  -1.0407970000  -0.1826860000   8.7522060000  -0.1420170000   0.5466930000   8.4458360000   0.5892670000   1.3282190000   7.8859930000  -0.0077470000  -0.0067710000   0.0023680000   0.0076770000   0.0066250000  -0.0025030000  -0.0389700000  -0.0202420000  -0.0044200000   0.0189650000  -0.0151810000   0.0409610000   0.0200760000   0.0355700000  -0.0364070000
   6.9145448147   6.1116029723 2378  9.34E+00   2.3680140000  -0.2004270000   2.5691470000   0.8577170000  -0.5130770000   2.2002400000  -0.7681250000   1.0680940000   8.8058860000  -1.6788070000   1.1835130000   8.0022750000  -2.4044380000   1.3061820000   7.0376290000   0.0414460000   0.0085710000   0.0101380000  -0.0413020000  -0.0086400000  -0.0101840000   0.0659910000  -0.0065120000   0.0415240000  -0.0376700000  -0.0006340000   0.0163080000  -0.0284660000   0.0072160000  -0.0577860000
   6.9116447965   6.1109194616 2393  3.49E-01   2.2900070000  -0.2708290000   2.9821260000   1.5420380000   0.9453210000   2.4793980000  -2.6601030000  -1.3546380000   6.2735430000  -2.8719760000  -1.4475630000   7.4251050000  -3.0295030000  -1.5751060000   8.5830510000   0.0116420000  -0.0188020000   0.0077780000  -0.0113140000   0.0189650000  -0.0078960000   0.0012760000  -0.0033030000   0.0061540000  -0.0041360000   0.0061240000  -0.0118020000   0.0025320000  -0.0029830000   0.0057660000
   6.9110627909   6.1124240038 2624  5.84E+00  -0.7514430000  -0.8295980000   1.3516480000   0.0141280000   0.0136580000   2.0851330000  -1.1465170000   0.3656060000   8.0760230000  -0.0114920000   0.2465820000   8.1381860000   1.1319280000   0.1210130000   8.3170470000   0.0332040000   0.0365730000   0.0317960000  -0.0331690000  -0.0365710000  -0.0316620000   0.0715880000  -0.0078470000   0.0142390000  -0.0453720000   0.0053050000  -0.0203090000  -0.0262510000   0.0025390000   0.0059350000
   6.9123355059   6.1113342188 2681  4.56E+00   0.7390420000  -2.0321590000   2.2573080000  -0.2922570000  -1.7854320000   3.1045860000   0.9396950000   3.1596770000   7.3118690000   0.5080440000   3.5496240000   6.3280230000   0.0919570000   3.9082180000   5.2916240000  -0.0431270000   0.0103080000   0.0354500000   0.0431720000  -0.0103970000  -0.0353340000  -0.0239270000   0.0214700000  -0.0605200000   0.0188260000  -0.0176070000   0.0538440000   0.0050560000  -0.0037730000   0.0065610000
   6.9126085475   6.1147823676 2900  1.66E+00  -1.9408020000   1.7896900000   3.6647220000  -2.4058540000   0.4076690000   3.7564760000   3.6143490000  -0.5570040000   4.2224430000   4.4413680000  -0.4562080000   5.0817630000   5.1892250000  -0.5616030000   5.9722460000   0.0009210000   0.0029440000  -0.0001600000  -0.0013030000  -0.0028010000   0.0002660000  -0.0239080000  -0.0163220000  -0.0194040000   0.0357460000   0.0286540000   0.0252870000  -0.0114570000  -0.0124750000  -0.0059900000
   6.9121919671   6.1122522541 3081  4.57E+00   1.2509580000  -1.0685910000   2.2328880000   0.0105550000  -0.6586340000   1.8946970000  -0.6995380000   2.1638450000   9.1872650000  -0.0179910000   1.5131200000   8.5180240000   0.5815140000   0.7446390000   7.8162220000  -0.0575950000   0.0190210000  -0.0157930000   0.0574620000  -0.0190140000   0.0153660000   0.0135040000  -0.0255160000  -0.0201780000  -0.0268250000   0.0565940000   0.0425390000   0.0134550000  -0.0310840000  -0.0219340000
   6.9116293722   6.1109157017 3111  1.98E+00   1.2119370000  -1.2725420000   1.9761350000   0.2434170000  -0.1725120000   1.9290100000  -1.5154880000   0.6136860000   8.9412830000  -0.4965200000   0.5504700000   8.4203900000   0.5961880000   0.6024950000   7.9803080000   0.0035020000  -0.0040290000   0.0001360000  -0.0037220000   0.0039670000  -0.0003030000   0.0570710000   0.0050190000  -0.0200920000  -0.0603220000  -0.0133380000   0.0117310000   0.0034710000   0.0083810000   0.0085270000
   6.9121157945   6.1132317136 3111  2.09E+00   1.2190730000  -1.2803420000   1.9807680000   0.2435600000  -0.1726120000   1.9275450000  -1.5145660000   0.6150440000   8.9464190000  -0.4968670000   0.5492250000   8.4216980000   0.5943610000   0.6030610000   7.9812110000   0.0064300000  -0.0073540000   0.0003170000  -0.0066490000   0.0072910000  -0.0004810000   0.0557040000   0.0052970000  -0.0193660000  -0.0569600000  -0.0138400000   0.0099510000   0.0014750000   0.0086060000   0.0095780000
   6.9137068419   6.1118796112 3258  4.01E+00   1.4438330000  -0.2108440000   1.6316460000  -0.0190120000   0.0023090000   1.9398680000   0.7463250000  -0.5438050000   7.9789980000   0.0305370000   0.3213150000   8.3784040000  -0.7652670000   0.9920200000   8.9415870000   0.0214380000  -0.0031030000  -0.0045500000  -0.0215530000   0.0032810000   0.0044900000   0.0085720000  -0.0288480000   0.0048370000   0.0062760000   0.0329000000  -0.0228730000  -0.0147340000  -0.0042310000   0.0180960000
   6.9120825304   6.1101971541 3491  4.63E+00  -0.9701260000   0.8973400000   2.0690960000   0.1948280000   0.1757750000   1.6874980000  -0.1068520000   0.2465280000   7.7898330000  -0.4481840000  -0.0559520000   8.8952000000  -0.4685930000  -0.4512490000   9.9756290000   0.0128460000  -0.0079830000  -0.0043300000  -0.0129210000   0.0079430000   0.0037930000   0.0279850000  -0.0014410000  -0.0180400000  -0.0510740000  -0.0093680000   0.0673090000   0.0231630000   0.0108490000  -0.0487320000
   6.9116465830   6.1107418450 3556  4.54E+00   0.7097820000  -1.2763940000   2.0868830000  -0.3473780000  -0.4614280000   1.8510910000   0.0625470000   1.2641240000   9.5960460000   0.6084720000   1.1084530000   8.5732610000   1.1708460000   0.9763380000   7.5929540000  -0.0453500000   0.0349100000  -0.0101610000   0.0451520000  -0.0350090000   0.0099020000   0.0066830000   0.0003390000  -0.0063990000   0.0336020000  -0.0123180000  -0.0711830000  -0.0400880000   0.0120770000   0.0778400000
   6.9146399706   6.1145583363 3572  3.56E+00  -0.6751160000  -1.0700390000   1.3592280000   0.0030940000   0.0164210000   2.1161250000   1.0882700000  -0.1563080000   8.1311380000  -0.0070320000   0.2316780000   8.1172930000  -1.0559070000   0.6554700000   8.1223530000  -0.0063880000  -0.0102260000  -0.0071210000   0.0063390000   0.0102340000   0.0072080000  -0.0277550000   0.0138940000   0.0028370000  -0.0669430000   0.0201520000  -0.0055120000   0.0947470000  -0.0340540000   0.0025880000
   6.9107434638   6.1144718386 3997  3.65E+00   1.8921440000  -0.6287960000   2.5586480000   0.6325730000  -0.8484280000   2.0225670000  -1.9825070000   2.3576340000   8.8855300000  -1.2180940000   1.7933020000   8.2347590000  -0.3815070000   1.2606880000   7.6714640000  -0.0334870000  -0.0058610000  -0.0143350000   0.0334320000   0.0057810000   0.0139570000   0.0383450000  -0.0217270000  -0.0209030000   0.0169760000  -0.0197730000  -0.0280260000  -0.0552660000   0.0415800000   0.0493070000
