   6.9103125883   6.9567797444   43  2.36E+00  -0.5280580000   0.7536430000   2.4536690000   0.0086680000  -0.0118220000   1.4178670000  -0.5252060000   0.2196220000  10.4130610000  -0.0581150000   0.2793820000   9.3316520000   0.5588130000   0.2698800000   8.3471360000   0.0119890000  -0.0171640000  -0.0232840000  -0.0121180000   0.0171690000   0.0230990000   0.0074100000  -0.0050840000   0.0136660000  -0.0009370000   0.0095460000  -0.0484850000  -0.0063440000  -0.0044670000   0.0350050000
   6.9136648141   6.9562648906  124  3.95E+00   0.5112220000  -1.3941520000   2.1667570000  -0.0067260000   0.0193810000   1.7038900000  -0.7835700000  -0.5620080000   9.1645660000  -0.0040820000   0.2395270000   8.8648400000   0.7880170000   1.0609120000   8.5356700000   0.0134580000  -0.0367870000   0.0120750000  -0.0135220000   0.0367260000  -0.0120380000   0.0224920000   0.0237140000  -0.0093350000  -0.0359910000  -0.0383510000   0.0150580000   0.0135630000   0.0146970000  -0.0057600000
   6.9127982887   6.9562368645  397  4.06E+00  -0.9363110000  -1.1826950000   2.8181420000  -0.3011030000  -0.4749320000   1.5468280000   0.6875600000   1.6913750000   8.0827970000   0.5915450000   1.1576800000   9.1407270000   0.4311420000   0.5736740000  10.1537000000  -0.0175960000  -0.0196380000   0.0351710000   0.0175440000   0.0194840000  -0.0352880000  -0.0019680000   0.0073980000  -0.0212030000   0.0078910000   0.0027100000   0.0115770000  -0.0058710000  -0.0099540000   0.0097420000
   6.9148658749   6.9597833616  397  4.05E+00  -0.9261110000  -1.1860520000   2.8176130000  -0.3014590000  -0.4752530000   1.5456600000   0.6899210000   1.6935310000   8.0841710000   0.5926770000   1.1598580000   9.1425920000   0.4290640000   0.5716940000  10.1567910000  -0.0171220000  -0.0195150000   0.0348190000   0.0170700000   0.0193630000  -0.0349340000  -0.0019240000   0.0077580000  -0.0223310000   0.0088420000   0.0057660000   0.0072010000  -0.0068670000  -0.0133720000   0.0152450000
   6.9124592366   6.9571907388  464  1.94E+01   0.3711560000  -1.6152910000   2.5237330000   1.7732680000  -0.5725240000   2.3626780000  -2.7681940000   2.1416330000   6.8805290000  -3.1971070000   1.3295890000   7.6596140000  -3.7112670000   0.5090150000   8.4118270000  -0.0549740000  -0.0408960000   0.0063460000   0.0549890000   0.0407980000  -0.0063160000   0.0135530000   0.0361180000  -0.0350430000   0.0276620000   0.0219150000  -0.0169680000  -0.0412300000  -0.0579340000   0.0519810000
   6.9136829719   6.9585343279  471  4.34E+00   1.4377640000   0.5286830000   2.0561670000  -0.0153280000  -0.0096430000   1.7357320000  -1.1123480000   0.6402070000   8.9807640000   0.0083740000   0.2762580000   8.8157630000   1.0920280000  -0.1450710000   8.6042560000   0.0391890000   0.0145410000   0.0086520000  -0.0392440000  -0.0145080000  -0.0086210000  -0.0285780000   0.0049390000   0.0019600000   0.0192770000   0.0031700000   0.0018100000   0.0093570000  -0.0081430000  -0.0038010000
   6.9108899606   6.9572123851  657  5.64E+00  -0.9135010000  -0.8191580000   1.8175720000  -0.5151210000   0.5172510000   1.8894470000   0.3719590000   0.3334980000   8.7874270000   1.0128290000  -0.6246690000   8.4517130000   1.4979030000  -1.7085550000   8.3182290000   0.0087640000   0.0293570000   0.0016100000  -0.0086910000  -0.0293660000  -0.0014940000  -0.0306960000   0.0243360000   0.0247970000   0.0267850000   0.0126250000  -0.0347770000   0.0038390000  -0.0369520000   0.0098640000
   6.9138312703   6.9552423527  926  5.01E+00   0.2351710000   0.6338390000   2.5599720000  -0.0042680000  -0.0079410000   1.3750470000   0.3817080000   0.4045620000  10.5481730000  -0.0656940000   0.3218210000   9.4602030000  -0.3258920000   0.0412460000   8.3226750000  -0.0084940000  -0.0228050000  -0.0422660000   0.0085490000   0.0228660000   0.0419620000   0.0155180000  -0.0118020000   0.0062440000  -0.0196210000   0.0325520000   0.0290870000   0.0040480000  -0.0208110000  -0.0350270000
   6.9132868499   6.9561788266 1184  4.22E+00  -1.2636710000   0.5499050000   2.6680550000  -0.5200240000  -0.0652500000   1.4982310000   1.6628500000   0.0704890000  10.0733990000   0.9904820000   0.3277450000   9.1997450000   0.2703390000   0.6623780000   8.3709530000  -0.0119140000   0.0098390000   0.0186220000   0.0119580000  -0.0099190000  -0.0188810000  -0.0601290000   0.0277130000  -0.0693500000   0.0210900000  -0.0141170000   0.0153970000   0.0389950000  -0.0135170000   0.0542110000
   6.9137459640   6.9568751722 1260  1.01E+00  -1.5075080000   0.8656180000   3.4296650000  -2.1247910000   0.1717460000   2.3405890000   3.1597160000   0.3272280000   6.8625270000   3.8598170000  -0.1394840000   7.6701220000   4.6494340000  -0.4471210000   8.4751840000  -0.0049240000  -0.0054350000  -0.0085730000   0.0046880000   0.0053700000   0.0084200000   0.0219560000   0.0013540000   0.0175640000  -0.0204130000  -0.0153140000  -0.0095400000  -0.0013070000   0.0140250000  -0.0078710000
   6.9134387595   6.9592250368 1335  3.16E+00   1.2197630000   0.4078380000   2.3561800000   0.0381530000   0.5340240000   1.6356330000  -0.0555030000  -1.8594370000   9.3011410000  -0.1092010000  -0.7163370000   9.0468990000  -0.1299120000   0.3921190000   8.5913810000  -0.0295460000   0.0031230000  -0.0180440000   0.0295570000  -0.0032250000   0.0179270000   0.0019110000   0.0006290000  -0.0127790000  -0.0032900000  -0.0311580000   0.0377290000   0.0013680000   0.0306300000  -0.0248330000
   6.9109534027   6.9566157609 1335  3.50E+00   1.2098280000   0.4119010000   2.3584030000   0.0382770000   0.5341790000   1.6352520000  -0.0560680000  -1.8569930000   9.3053420000  -0.1091000000  -0.7172690000   9.0476990000  -0.1294180000   0.3893470000   8.5883380000  -0.0335370000   0.0034680000  -0.0207290000   0.0335480000  -0.0035710000   0.0206080000   0.0016840000   0.0055630000  -0.0140070000  -0.0030860000  -0.0354090000   0.0388870000   0.0013900000   0.0299500000  -0.0247590000
   6.9125455691   6.9596642074 1363  5.32E+00  -0.6660500000  -1.2460550000   2.8120000000   0.0927980000  -0.6893380000   1.5740610000   0.4243910000   0.8224250000   8.3594530000  -0.1620080000   1.4695850000   9.1487600000  -0.7242660000   2.2832670000   9.7353900000  -0.0175630000  -0.0128580000   0.0284850000   0.0174480000   0.0128340000  -0.0287260000  -0.0023620000   0.0170900000  -0.0071980000  -0.0253210000   0.0085420000   0.0486900000   0.0277980000  -0.0256080000  -0.0412510000
   6.9139401303   6.9559286141 1420  4.50E+00  -1.4689540000  -0.2147580000   2.1448070000   0.0189150000   0.0006770000   1.6746660000   0.3073110000   1.2929930000   8.5034060000  -0.0154130000   0.2503690000   8.8882070000  -0.2976570000  -0.7831180000   9.3266220000  -0.0387520000  -0.0056310000   0.0122860000   0.0387280000   0.0055490000  -0.0122290000  -0.0081700000  -0.0354090000   0.0187460000  -0.0037590000   0.0019490000  -0.0097130000   0.0119530000   0.0335420000  -0.0090900000
   6.9113084592   6.9554535957 1678  5.05E+00  -0.2582100000   1.3148480000   2.3407710000   0.0029030000  -0.0200060000   1.5345650000  -0.5676970000   1.0335430000   9.8638470000  -0.0289480000   0.2186890000   9.1607460000   0.5912000000  -0.4929620000   8.4489380000  -0.0070370000   0.0358570000   0.0216530000   0.0069540000  -0.0357830000  -0.0217130000  -0.0178720000   0.0407450000   0.0299590000   0.0058710000  -0.0388460000  -0.0227850000   0.0120830000  -0.0019740000  -0.0071140000
   6.9129526445   6.9593558528 1900  4.11E+00  -1.2897760000   0.3203920000   1.8408040000  -0.0668170000  -0.6788520000   1.9170340000  -0.9458040000   1.0620640000   8.5975450000   0.1623670000   1.4657450000   8.5017620000   1.2388780000   1.8954470000   8.3312950000  -0.0327880000   0.0268110000  -0.0020320000   0.0328250000  -0.0267950000   0.0020770000  -0.0147780000  -0.0026100000  -0.0024720000   0.0220200000   0.0026910000   0.0053370000  -0.0072790000  -0.0000970000  -0.0029100000
   6.9104004210   6.9571480473 2009  5.22E+00  -0.3621990000  -0.2314080000   2.1251740000  -1.2546050000  -1.2800450000   2.2152220000   2.5910750000   1.8024850000   7.1254830000   2.1916680000   2.5483450000   7.9134700000   2.0522730000   3.3795920000   8.7378470000  -0.0266230000  -0.0312100000   0.0026660000   0.0264490000   0.0312270000  -0.0027030000   0.0029860000   0.0369890000   0.0357880000  -0.0212780000  -0.0441370000  -0.0396090000   0.0184660000   0.0071320000   0.0038570000
   6.9104901046   6.9597510819 2149  2.46E+00  -1.2177140000  -0.4304250000   2.1552800000   0.0185550000   0.0073330000   1.6820170000   0.8005030000   0.9874310000   8.5278990000   0.0118940000   0.2482270000   8.9215470000  -0.8253800000  -0.4956050000   9.2397280000   0.0283200000   0.0100180000  -0.0108130000  -0.0283540000  -0.0100580000   0.0108430000  -0.0404630000  -0.0349860000   0.0145130000   0.0263890000   0.0197160000  -0.0034910000   0.0141080000   0.0153100000  -0.0110520000
   6.9123818918   6.9583951977 2524  5.97E+00   1.5813040000  -1.7287580000   3.8249970000   0.9780460000  -1.6385900000   2.5762650000  -2.1003160000   3.4980300000   6.1200040000  -1.7223830000   3.3144700000   7.2061990000  -1.5909250000   2.9939160000   8.3640410000  -0.0150820000   0.0022960000  -0.0311880000   0.0151170000  -0.0022580000   0.0312600000  -0.0087650000  -0.0115870000   0.0274700000   0.0196020000   0.0328800000  -0.0803330000  -0.0108710000  -0.0213320000   0.0527910000
   6.9130218025   6.9562161807 2550  4.70E+00  -0.7549170000   0.5826710000   2.5056830000  -1.4840630000  -0.3727070000   1.8920420000   1.6518100000   0.9249020000   7.9642290000   2.7453610000   0.8973720000   8.4587400000   3.7465910000   0.9137960000   9.0798380000  -0.0338590000  -0.0443840000  -0.0285850000   0.0338570000   0.0443260000   0.0283260000  -0.0410130000   0.0038670000  -0.0069890000   0.0367600000  -0.0067440000  -0.0069970000   0.0042540000   0.0029360000   0.0142450000
   6.9144814112   6.9582961676 2595  1.08E+01   1.3202670000   0.4489790000   2.7022010000   0.3538890000   0.6265460000   1.5119590000  -0.9609830000  -1.2842650000   8.0722790000  -0.5653440000  -0.9628700000   9.2030630000  -0.4652080000  -0.4626450000  10.2988710000   0.0205060000  -0.0037150000   0.0251510000  -0.0203600000   0.0038380000  -0.0253140000  -0.0460800000  -0.0148060000  -0.0852650000   0.0570810000  -0.0197300000   0.0326280000  -0.0111470000   0.0344140000   0.0528010000
   6.9129047159   6.9559934096 3353  5.57E+00   0.3905450000   1.0959590000   2.0732370000  -0.3291440000   0.0181170000   1.6790020000   0.6493980000  -0.8854270000   9.3135100000   0.6564850000   0.1937850000   8.9218580000   0.4769970000   1.2680960000   8.4741130000  -0.0311960000  -0.0467700000  -0.0171140000   0.0312280000   0.0466470000   0.0170680000  -0.0128170000   0.0527340000  -0.0224310000   0.0252470000  -0.0485600000   0.0232670000  -0.0124620000  -0.0040510000  -0.0007900000
   6.9124958181   6.9555100527 3438  5.49E+00  -1.2650670000   0.0542480000   2.7429840000  -0.4274670000  -0.0431000000   1.4278290000   0.5230950000   0.3809810000  10.4801440000   0.7635080000   0.4096580000   9.3415570000   1.1183240000   0.2109950000   8.2046340000  -0.0203360000   0.0023660000   0.0317350000   0.0201570000  -0.0023410000  -0.0319860000   0.0110440000  -0.0140980000  -0.0167770000  -0.0320420000   0.0360520000   0.0581160000   0.0211770000  -0.0219800000  -0.0410880000
   6.9143249531   6.9595534328 3438  5.80E+00  -1.2724770000   0.0503950000   2.7443780000  -0.4277110000  -0.0430890000   1.4265980000   0.5218270000   0.3823820000  10.4834040000   0.7639130000   0.4115730000   9.3421470000   1.1209730000   0.2083450000   8.2069920000  -0.0212320000   0.0023530000   0.0329290000   0.0210550000  -0.0023270000  -0.0331740000   0.0098820000  -0.0144770000  -0.0109450000  -0.0309230000   0.0368250000   0.0518230000   0.0212190000  -0.0223740000  -0.0406320000
   6.9148573744   6.9560705772 3564  4.05E+00   1.1738200000  -0.0214060000   2.2771050000  -0.0168210000   0.0016540000   1.5649570000   0.9599560000  -0.0340560000   9.7815030000   0.0178380000   0.2884220000   9.0876090000  -0.9632930000   0.4982990000   8.4384170000  -0.0309520000   0.0005970000  -0.0185120000   0.0310640000  -0.0006120000   0.0184920000   0.0501110000  -0.0243630000   0.0418850000  -0.0176460000   0.0243030000  -0.0259490000  -0.0325770000   0.0000750000  -0.0159170000
   6.9133511038   6.9574555667 3880  4.70E+00  -1.0411960000   0.6699050000   2.1393670000   0.0170470000  -0.0074670000   1.6252080000  -0.9269460000   0.7659300000   9.5018650000   0.0103150000   0.3042180000   8.9624910000   0.8996650000  -0.3115460000   8.5197500000   0.0440700000  -0.0281870000  -0.0213820000  -0.0441450000   0.0282630000   0.0214200000  -0.0025870000  -0.0107220000   0.0070840000   0.0184610000   0.0122970000  -0.0215400000  -0.0157990000  -0.0016510000   0.0144180000
