   6.9119135610   6.4764302156  265  5.40E+00   0.8708230000   1.0136090000   2.2487590000   0.3359360000  -0.3297720000   1.6101530000  -0.5295020000   1.1902210000  10.1100220000  -0.5850360000   0.8818320000   9.0043240000  -0.7639240000   0.4185620000   7.9484850000   0.0143790000   0.0360290000   0.0170380000  -0.0142360000  -0.0359720000  -0.0173770000  -0.0116110000  -0.0254740000  -0.0470170000   0.0166750000   0.0257860000   0.0171590000  -0.0052060000  -0.0003680000   0.0301980000
   6.9107158076   6.4779336581  337  4.41E+00   0.5666670000  -2.1650280000   4.6524750000  -0.6405430000  -2.4170540000   3.9330500000   1.4181770000   5.4624690000   5.6182320000   1.2387230000   4.7127060000   4.7082310000   0.8152410000   3.8951490000   3.9127840000  -0.0109290000  -0.0023340000  -0.0064820000   0.0109260000   0.0020440000   0.0065970000  -0.0089870000   0.0183990000   0.0333570000   0.0447660000   0.0261610000   0.0007110000  -0.0357760000  -0.0442700000  -0.0341820000
   6.9101308673   6.4752831384  616  1.27E+00  -1.4026700000   0.2540950000   1.7639630000   0.0175970000  -0.0029180000   1.8889200000  -0.7318190000   1.1368530000   8.7539370000  -0.0435810000   0.2123740000   8.5389940000   0.7650250000  -0.6100400000   8.2922040000   0.0025190000  -0.0004530000   0.0002610000  -0.0025900000   0.0004940000  -0.0002270000   0.0113300000   0.0023670000  -0.0020240000  -0.0225000000  -0.0059610000   0.0034830000   0.0112410000   0.0035540000  -0.0014920000
   6.9108311715   6.4793477022  874  1.11E+00  -0.5298070000  -0.2555260000   1.8763610000  -1.6513620000   0.6073490000   2.3224840000   2.9718210000  -0.9836330000   6.5741780000   3.0819600000  -0.8507250000   7.7381410000   2.9952430000  -0.7072080000   8.9007560000   0.0093440000  -0.0072220000  -0.0038020000  -0.0096000000   0.0073280000   0.0036730000  -0.0115840000   0.0006540000   0.0041820000   0.0246250000  -0.0014000000  -0.0046940000  -0.0127850000   0.0006390000   0.0006410000
   6.9100103114   6.4794846303  964  1.19E+01  -1.3338120000  -2.0794570000   4.8411720000  -0.2269550000  -2.3941280000   3.7352900000   1.1690680000   5.5018410000   4.6651910000   0.4946720000   4.5768580000   5.1547950000  -0.3229140000   3.8378720000   5.5063600000  -0.0316870000   0.0089580000   0.0316510000   0.0317870000  -0.0090470000  -0.0317120000   0.0461230000   0.0865980000  -0.0476920000  -0.0628930000  -0.1218320000   0.0664030000   0.0166700000   0.0353230000  -0.0186490000
   6.9129506431   6.4792177632  996  3.85E+00  -1.3772690000  -0.8249460000   2.4372390000  -0.4499690000  -0.0570110000   1.6976380000   1.7958440000   0.1353050000   9.5769050000   0.8513400000   0.3700950000   8.8710610000  -0.1009150000   0.6112410000   8.1328430000   0.0137610000   0.0113520000  -0.0110330000  -0.0136630000  -0.0114400000   0.0107610000   0.0441960000  -0.0106830000   0.0319900000   0.0220080000  -0.0065290000   0.0195420000  -0.0663030000   0.0173000000  -0.0512590000
   6.9111376430   6.4776691681 1372  2.36E+00  -1.1458890000   0.8619610000   1.8287960000   0.0098070000  -0.0117970000   1.8051040000  -0.4917690000  -0.7287570000   8.2234050000   0.0000050000   0.2872330000   8.6199990000   0.5149810000   1.2054160000   9.1764420000   0.0019610000  -0.0014370000  -0.0000140000  -0.0018940000   0.0015830000   0.0000150000  -0.0127620000  -0.0353750000   0.0000170000  -0.0017540000   0.0180080000  -0.0246390000   0.0144490000   0.0172210000   0.0246210000
   6.9102919823   6.4759260742 1650  5.34E+00   0.0893630000  -1.5327540000   2.1415110000  -0.6819640000  -0.1888750000   1.8427500000   1.9961790000   0.3719300000   7.7122190000   1.2126590000   0.6632570000   8.5965770000   0.4937490000   0.8576910000   9.4974920000   0.0203140000  -0.0355040000   0.0078470000  -0.0205490000   0.0355140000  -0.0079710000   0.0460260000  -0.0210050000  -0.0440870000  -0.0523410000   0.0274350000   0.0457630000   0.0065510000  -0.0064390000  -0.0015530000
   6.9111860813   6.4786344974 1673  1.28E+00  -1.0195640000   0.6816870000   2.3433870000   0.0133190000  -0.0051090000   1.5316800000   0.0517220000   0.4935370000   7.9909820000  -0.0368450000   0.2142180000   9.1683580000  -0.0263460000   0.0158940000  10.3303350000  -0.0083500000   0.0055170000   0.0064100000   0.0082950000  -0.0055900000  -0.0068240000   0.0103650000   0.0186440000  -0.0570050000  -0.0163590000  -0.0207290000   0.0423960000   0.0060500000   0.0021580000   0.0150240000
   6.9149889157   6.4756959745 1722  3.51E+00  -0.9238770000  -0.5129560000   1.8335600000   0.4579600000   0.1143990000   1.8001240000   0.0925070000   0.2529640000   9.4474230000  -0.8319620000   0.0834410000   8.7221690000  -1.6969140000  -0.1669470000   7.9002880000  -0.0225220000  -0.0102320000   0.0004870000   0.0227060000   0.0102780000  -0.0006310000   0.0259150000  -0.0005290000   0.0127840000   0.0203950000   0.0195150000   0.0382470000  -0.0464940000  -0.0190310000  -0.0508880000
   6.9100657392   6.4797863572 1933  2.70E+00   0.7517780000  -1.1714760000   2.2141880000  -0.0094710000   0.0150630000   1.6572180000   0.7660010000   0.0749220000   8.0901560000  -0.0235890000   0.2833370000   8.9247270000  -0.7483580000   0.3986300000   9.7952250000   0.0120540000  -0.0188560000   0.0087600000  -0.0122270000   0.0188710000  -0.0090310000  -0.0116180000  -0.0023760000   0.0221400000  -0.0413350000   0.0168780000   0.0330040000   0.0531270000  -0.0145170000  -0.0548740000
   6.9108957220   6.4775974296 2123  1.65E+00   2.0170290000   0.5921860000   2.6992380000   0.8546980000   0.1837330000   1.8636330000  -2.6751310000  -0.4809740000   8.9081500000  -1.5789510000  -0.1001330000   8.5601340000  -0.5352050000   0.2888990000   8.1894830000   0.0112190000   0.0039440000   0.0080020000  -0.0112790000  -0.0039900000  -0.0081720000  -0.0609740000  -0.0195440000   0.0175700000   0.0649520000   0.0192390000  -0.0177660000  -0.0039180000   0.0003510000   0.0003660000
   6.9128934249   6.4775144365 2211  4.60E+00   1.3376780000  -1.1411530000   1.8328190000   0.0188610000  -0.4450990000   2.0323950000  -0.7706590000   0.1760500000   8.5695030000  -0.1131760000   1.1220450000   8.2015750000   0.6771460000   1.9641360000   8.0090530000   0.0177110000  -0.0093440000  -0.0026730000  -0.0177440000   0.0094090000   0.0027880000  -0.0203230000  -0.0472550000   0.0283130000   0.0179090000   0.0595230000  -0.0421520000   0.0024470000  -0.0123320000   0.0137240000
   6.9126260271   6.4752955620 2412  2.69E+00   0.1321840000  -0.3085110000   1.8475670000  -1.2373930000   0.0205710000   1.9382900000   2.0939000000   0.3598550000   9.6040680000   2.1908520000   0.1528540000   8.4303800000   2.4329520000   0.1297770000   7.2717780000  -0.0212440000   0.0050890000   0.0013390000   0.0209970000  -0.0051090000  -0.0014950000   0.0062810000   0.0179750000   0.0380610000  -0.0183820000  -0.0292750000  -0.0293020000   0.0123480000   0.0113210000  -0.0086020000
   6.9143433919   6.4750875600 3010  6.84E+00   1.6922870000  -0.5928780000   2.6861240000   0.3980090000  -0.9828740000   1.8297090000  -0.2320810000   1.4106650000   7.8130790000  -0.7561830000   2.1094090000   8.5607120000  -1.2946290000   2.6395460000   9.4543730000   0.0377280000   0.0113430000   0.0248410000  -0.0377260000  -0.0113950000  -0.0251740000  -0.0290790000   0.0254710000   0.0518660000   0.0243940000  -0.0077030000  -0.0528800000   0.0046830000  -0.0177160000   0.0013470000
   6.9106687032   6.4785441384 3361  5.44E+00  -0.2219530000  -1.0678040000   2.3431290000   0.0045660000   0.0143320000   1.5685960000  -0.5168490000   0.1506100000  10.1607540000  -0.0061290000   0.3269580000   9.1081420000   0.5126300000   0.2873140000   8.0214160000   0.0104160000   0.0499180000  -0.0358240000  -0.0105400000  -0.0499470000   0.0354750000  -0.0080600000  -0.0161020000   0.0159460000  -0.0119840000   0.0306380000   0.0255860000   0.0201680000  -0.0145070000  -0.0411830000
   6.9100882194   6.4772630304 3506  7.20E+00   2.0089250000  -1.3664720000   2.5011720000   0.8817470000  -0.2909240000   2.1731670000  -2.7669070000   0.8424980000   7.6234540000  -1.6215240000   0.8735270000   7.9373070000  -0.5460490000   0.7284580000   8.4083250000   0.0317520000  -0.0303040000   0.0092340000  -0.0318310000   0.0303700000  -0.0091550000  -0.0241950000  -0.0115550000   0.0059490000   0.0196370000   0.0237850000  -0.0217020000   0.0046370000  -0.0122950000   0.0156740000
   6.9132901249   6.4759049295 3599  2.93E+00  -0.8291330000  -1.1415820000   2.1388190000   0.0117470000   0.0121530000   1.7374590000   0.3702230000  -0.6912200000   8.1650640000   0.0563750000   0.2493510000   8.8525930000  -0.4189740000   1.2029380000   9.3784740000  -0.0069310000  -0.0094580000   0.0032470000   0.0068800000   0.0095930000  -0.0034400000   0.0031700000  -0.0375680000  -0.0360190000   0.0173830000   0.0149660000   0.0333750000  -0.0205020000   0.0224660000   0.0028370000
