   6.9204714665   6.2426626452   47  6.82E+00   2.2964280000  -0.2466490000   2.3154270000   0.9481650000  -0.1944200000   2.1917420000  -0.9145830000   0.7913260000   8.7515630000  -1.7153860000   0.6151760000   7.8881760000  -2.6777350000   0.4210590000   7.2360330000  -0.0582720000   0.0022650000  -0.0053050000   0.0583210000  -0.0022250000   0.0054600000   0.0049580000   0.0024840000   0.0318140000   0.0072990000  -0.0013660000  -0.0464270000  -0.0123050000  -0.0011580000   0.0144590000
   6.9203001739   6.2433776864  105  5.64E+00  -1.3325090000   0.2234520000   2.0115480000   0.0216950000   0.2535260000   1.7394770000   0.0203990000   0.6736530000   7.9687030000  -0.0633830000  -0.2041560000   8.8010270000   0.0027860000  -1.1129690000   9.6114830000   0.0391350000   0.0008310000  -0.0079010000  -0.0391740000  -0.0009820000   0.0076410000   0.0125970000   0.0440480000  -0.0426770000  -0.0249950000   0.0164660000  -0.0087180000   0.0124370000  -0.0603630000   0.0516550000
   6.9240099322   6.2400137872  448  1.75E+00   0.4100680000  -1.6016760000   2.0639340000  -0.5594040000  -0.5636630000   1.9977960000   1.9866500000   1.9137130000   8.5594320000   1.0396990000   1.2492470000   8.3422870000   0.0008150000   0.7521400000   8.0717230000  -0.0109060000   0.0117320000  -0.0007510000   0.0110500000  -0.0117290000   0.0005800000  -0.0022690000   0.0136790000  -0.0019370000   0.0160440000  -0.0212390000   0.0058910000  -0.0139180000   0.0075570000  -0.0037820000
   6.9249375313   6.2406772621  514  3.85E+00  -1.1116890000  -1.3328980000   1.9677000000  -0.3029250000  -0.0726470000   1.8793550000   1.3103490000  -0.2586370000   7.9050340000   0.5108510000   0.4244970000   8.4664450000  -0.1109200000   1.0744360000   9.2305040000  -0.0100880000  -0.0156390000   0.0011090000   0.0099020000   0.0157610000  -0.0011500000   0.0268080000  -0.0148000000   0.0044110000  -0.0336280000   0.0119920000  -0.0236990000   0.0070070000   0.0026860000   0.0193290000
   6.9231560174   6.2428744557  603  3.13E+00  -0.2371280000  -2.0240820000   2.1544240000   0.4276370000  -0.6596190000   2.1329000000  -1.5663310000   2.0037130000   7.4153460000  -0.8015630000   1.4725940000   8.1029330000   0.0472810000   1.0003130000   8.7150450000  -0.0108600000  -0.0223140000   0.0003780000   0.0109380000   0.0222330000  -0.0003350000   0.0337940000  -0.0143210000   0.0211790000   0.0032310000  -0.0143860000   0.0144190000  -0.0371030000   0.0287890000  -0.0356410000
   6.9202208696   6.2409164536  689  2.93E+00  -0.3840280000  -2.4412210000   3.5839440000   0.4575610000  -2.3048900000   4.8492970000  -0.6316660000   3.4321340000   2.6472120000  -0.8253450000   4.4527790000   3.1747250000  -1.0097230000   5.5778450000   3.5263570000  -0.0150650000  -0.0025100000  -0.0226140000   0.0150890000   0.0022940000   0.0228380000  -0.0036530000   0.0295860000  -0.0013170000   0.0079700000  -0.0663970000   0.0034720000  -0.0043410000   0.0370270000  -0.0023800000
   6.9225037834   6.2436547322  689  3.21E+00  -0.3807210000  -2.4436650000   3.5694200000   0.4575640000  -2.3047150000   4.8497100000  -0.6340820000   3.4335440000   2.6442810000  -0.8248560000   4.4531970000   3.1730650000  -1.0079000000   5.5754010000   3.5293840000  -0.0167120000  -0.0028400000  -0.0254870000   0.0167370000   0.0026250000   0.0257120000  -0.0039680000   0.0309380000  -0.0003680000   0.0079670000  -0.0652370000   0.0029790000  -0.0040240000   0.0345150000  -0.0028360000
   6.9224411514   6.2419879550  690  4.13E+00   0.1662970000  -2.3374120000   4.8790170000   0.5929560000  -1.5101370000   6.1480220000  -1.3298690000   2.1308140000   1.4566860000  -1.0749940000   3.0793360000   0.7512780000  -0.8349790000   3.9344690000  -0.0315860000  -0.0109690000  -0.0214540000  -0.0327200000   0.0111880000   0.0212380000   0.0330290000  -0.0129000000  -0.0469110000   0.0256980000   0.0086890000   0.0347480000  -0.0049610000   0.0039920000   0.0123780000  -0.0210460000
   6.9202783075   6.2400763904  760  4.65E+00  -1.2045130000  -1.1080730000   2.1921890000   0.1349540000  -0.4116600000   1.8212420000  -1.1554160000   1.2765820000   9.3213640000  -0.1892080000   1.0765450000   8.6796270000   0.6993480000   0.7286750000   7.9302230000  -0.0308900000  -0.0160310000   0.0085190000   0.0307170000   0.0160150000  -0.0087870000  -0.0123990000  -0.0072030000  -0.0008260000  -0.0257440000   0.0325030000   0.0418770000   0.0383160000  -0.0252840000  -0.0407840000
   6.9231441977   6.2412735379  890  2.35E-01   0.1768160000   1.3673400000   2.1004270000   0.0004450000  -0.0160850000   1.6754850000   0.0923950000  -0.3415390000   7.9075890000  -0.0355740000   0.2259080000   8.9255240000  -0.0790530000   0.8538110000   9.8931310000   0.0001950000   0.0016440000   0.0004370000  -0.0002280000  -0.0014990000  -0.0008040000   0.0045560000   0.0100700000   0.0093850000  -0.0118860000   0.0066100000   0.0264220000   0.0073630000  -0.0168260000  -0.0354400000
   6.9229763952   6.2419761092 1404  3.38E+00   0.3581350000  -2.2043430000   2.2864190000   0.3740530000  -1.9895040000   3.7246700000  -0.1287470000   3.7314180000   6.1701780000  -0.6953600000   3.9893810000   5.1942590000  -1.2399210000   4.0363880000   4.1857440000   0.0000050000  -0.0000050000   0.0000170000   0.0000020000  -0.0000190000  -0.0000340000  -0.0197990000  -0.0047230000  -0.0385610000  -0.0124010000   0.0217970000  -0.0163980000   0.0321930000  -0.0170500000   0.0549760000
   6.9203388974   6.2443750557 1515  7.49E+00   1.2670320000  -0.7080110000   1.5522200000  -0.1272540000  -0.2263990000   2.0752710000   0.5422820000   1.7877520000   7.9478460000   0.0997200000   0.6975440000   8.2270150000  -0.0614280000  -0.4484230000   8.4151500000   0.0342840000  -0.0118520000  -0.0128730000  -0.0343620000   0.0118050000   0.0128990000   0.0360940000   0.0417100000  -0.0156960000  -0.0547920000  -0.0450800000   0.0212740000   0.0187760000   0.0034170000  -0.0056040000
   6.9226601149   6.2426324806 1665  4.35E+00   0.5056460000  -1.3497640000   1.7980830000  -0.0090160000   0.0138350000   1.8772050000   0.8421480000   0.8362150000   9.0644260000   0.0169560000   0.2472570000   8.5162620000  -0.8417070000  -0.3182110000   8.0551360000   0.0008750000  -0.0022320000  -0.0001260000  -0.0007350000   0.0023130000   0.0000970000  -0.0400510000  -0.0247680000  -0.0169900000  -0.0446730000  -0.0347720000  -0.0387380000   0.0845840000   0.0594580000   0.0557560000
   6.9200393405   6.2411263353 1676  3.28E+00   0.5362550000  -1.9494410000   2.7603820000   0.4799300000  -0.8289830000   1.9450630000  -0.3620140000   1.9576220000   9.4580830000  -0.8382210000   1.8316440000   8.3907600000  -1.4394090000   1.6180070000   7.3561660000  -0.0014280000   0.0294980000  -0.0215080000   0.0016830000  -0.0296560000   0.0212850000  -0.0041210000  -0.0041310000   0.0101560000   0.0425970000   0.0195690000   0.0391850000  -0.0387310000  -0.0152810000  -0.0491180000
   6.9215104388   6.2447859846 1774  4.05E+00  -0.2985400000  -1.2957080000   1.7893060000   0.0031110000   0.0213850000   1.9044800000  -0.6927730000  -0.5778710000   8.9500680000   0.0034480000   0.2634290000   8.5261600000   0.6934570000   1.0426190000   8.0263960000   0.0128100000   0.0559980000   0.0049240000  -0.0128880000  -0.0560800000  -0.0049600000   0.0049000000   0.0021840000  -0.0075110000   0.0221380000   0.0320580000  -0.0081740000  -0.0269600000  -0.0341600000   0.0157210000
   6.9241209367   6.2417442603 2117  1.40E+01  -0.8461660000  -2.3119490000   5.4232680000  -1.0894040000  -1.9331370000   4.2055190000   2.7342340000   3.7881070000   5.1536150000   2.0327410000   3.8750240000   4.2499350000   1.2338550000   3.7908160000   3.3120980000  -0.0199350000   0.0311060000  -0.0999630000   0.0199760000  -0.0312540000   0.1001180000  -0.0361380000  -0.0060140000  -0.0414870000   0.0963380000   0.0208270000   0.1082560000  -0.0602410000  -0.0146660000  -0.0669240000
   6.9223880734   6.2400514290 2200  3.76E+00   1.5484700000  -0.0680100000   1.7579120000  -0.0209430000   0.0004290000   1.9128040000   1.0584630000   0.0058860000   8.0587860000   0.0088020000   0.2479700000   8.4995020000  -1.0580330000   0.4977780000   8.8980970000   0.0415090000  -0.0018170000  -0.0041490000  -0.0416470000   0.0018440000   0.0040810000  -0.0241260000   0.0059130000   0.0086280000   0.0096680000  -0.0028230000  -0.0007040000   0.0145960000  -0.0031180000  -0.0078570000
   6.9248679048   6.2419874299 2344  1.20E+01  -1.2727560000   0.8733880000   1.6407440000  -1.8082970000   0.2015590000   2.9044190000   3.8250680000   0.0919660000   5.5906050000   3.3562780000  -0.0830590000   6.7014800000   2.7666460000  -0.4036030000   7.7710640000   0.0098080000   0.0123300000  -0.0231890000  -0.0098520000  -0.0123110000   0.0232250000   0.0246990000   0.0038370000  -0.0709200000   0.0401690000   0.0357840000  -0.0362180000  -0.0648240000  -0.0396400000   0.1071020000
   6.9204046095   6.2410932833 2383  4.01E+00   0.1979440000  -0.9569060000   2.1265590000   0.3492510000   0.3163720000   1.6387770000  -0.4997420000  -0.3332350000   7.7876360000  -0.6225880000  -0.3717460000   8.9731870000  -0.7896010000  -0.2197710000  10.1589850000   0.0051370000   0.0430960000  -0.0166160000  -0.0050730000  -0.0430800000   0.0161950000   0.0001260000   0.0120850000  -0.0268970000   0.0105940000  -0.0307210000  -0.0307900000  -0.0107840000   0.0186210000   0.0581080000
   6.9229114563   6.2446667821 2383  3.53E+00   0.2031280000  -0.9645670000   2.1258360000   0.3493480000   0.3166490000   1.6381190000  -0.5008620000  -0.3379300000   7.7899100000  -0.6238400000  -0.3698220000   8.9733980000  -0.7883520000  -0.2174200000  10.1598880000   0.0044560000   0.0389000000  -0.0149140000  -0.0043920000  -0.0388840000   0.0144980000  -0.0000850000   0.0115030000  -0.0232200000   0.0106000000  -0.0298900000  -0.0351260000  -0.0105790000   0.0183710000   0.0587610000
   6.9201837992   6.2433189247 2429  6.20E+00   0.3006210000  -2.4365000000   3.9001880000   0.0834940000  -1.8672010000   2.6909530000  -0.1984560000   3.8819310000   8.1517510000  -0.0861080000   3.7269070000   7.0229750000  -0.1728370000   3.4867280000   5.8923230000  -0.0094670000   0.0248160000  -0.0527860000   0.0095190000  -0.0251390000   0.0527700000  -0.0085600000  -0.0147650000  -0.0645500000   0.0203050000   0.0105860000   0.0209120000  -0.0117980000   0.0045020000   0.0436540000
   6.9247272745   6.2443836523 2711  2.16E+00  -1.1547060000  -0.8153420000   1.8682510000   0.0127110000   0.0102380000   1.8358570000   0.9603880000   0.4403060000   7.9929080000   0.0239580000   0.1846940000   8.6182530000  -0.9691070000   0.1089590000   9.2521700000   0.0095050000   0.0067400000  -0.0002360000  -0.0096410000  -0.0068090000   0.0001700000  -0.0408660000   0.0024970000   0.0272690000   0.0505570000  -0.0145280000  -0.0323220000  -0.0095550000   0.0120990000   0.0051190000
   6.9223621752   6.2411368051 2734  1.37E+00   1.0036220000   0.7922260000   2.1627320000  -0.0156430000  -0.0105380000   1.6256870000  -0.2666970000   0.1074010000   7.8606570000   0.0623090000   0.2095800000   8.9960000000   0.2348140000   0.4256600000  10.1319340000  -0.0188020000  -0.0148280000  -0.0100130000   0.0189170000   0.0148470000   0.0095800000  -0.0141760000   0.0063040000  -0.0107530000   0.0254930000  -0.0124040000   0.0181620000  -0.0114320000   0.0060810000  -0.0069770000
   6.9222139683   6.2419917875 2837  7.93E+00   0.9497020000   1.1027490000   2.2831210000   0.4769070000  -0.2278690000   1.6800220000  -1.3106720000   0.9422800000   9.9531580000  -0.9244940000   0.4950430000   8.9190180000  -0.4369340000   0.4423320000   7.8182780000   0.0093560000   0.0262930000   0.0117870000  -0.0093250000  -0.0263330000  -0.0122540000  -0.0017350000   0.0341970000   0.0176860000  -0.0193740000  -0.0574790000   0.0190170000   0.0210770000   0.0233220000  -0.0362360000
   6.9243204086   6.2408955853 3132  3.08E+00  -1.4025940000  -0.5478030000   1.6781580000   0.0163080000   0.0076140000   1.9329490000   0.9979150000  -0.2333560000   8.8781360000   0.0017140000   0.2219990000   8.4147400000  -0.9922780000   0.7508630000   8.0467950000  -0.0303290000  -0.0118960000  -0.0054620000   0.0304570000   0.0118130000   0.0054730000   0.0232100000  -0.0059040000   0.0176490000  -0.0100680000  -0.0058480000  -0.0204740000  -0.0132700000   0.0118350000   0.0028140000
   6.9216463264   6.2443220345 3317 -3.92E-03   0.1191250000  -2.2000930000   4.9707850000  -1.3443980000  -2.0175900000   4.9474470000   3.2637560000   4.6900950000   2.5275770000   2.4388340000   3.9852530000   2.9044760000   1.6121660000   3.2208110000   3.2713080000   0.0089490000  -0.0012190000   0.0001690000  -0.0090860000   0.0007820000  -0.0000500000  -0.0343320000  -0.0331440000   0.0149120000   0.0401840000   0.0418460000  -0.0166350000  -0.0057160000  -0.0082650000   0.0016040000
   6.9203761685   6.2407943593 3800  6.80E+00  -0.8232490000  -0.4488640000   1.3647020000   0.4167940000   0.1074940000   2.0970140000  -1.6257450000  -0.6779900000   7.9416980000  -0.7882900000   0.1169030000   8.2618240000   0.1878090000   0.7693310000   8.2983890000  -0.0263100000  -0.0117960000  -0.0155550000   0.0263320000   0.0118500000   0.0154790000  -0.0126750000  -0.0297280000  -0.0252720000   0.0091480000   0.0425700000   0.0428110000   0.0035050000  -0.0128960000  -0.0174630000
   6.9242708240   6.2432968208 3809  4.37E+00  -0.5493970000   0.9251130000   1.8285890000   0.5021020000   0.0239140000   1.7594860000  -1.4026770000  -0.3599380000   9.6628910000  -0.9814450000   0.1787790000   8.6989490000  -0.3335600000   0.7356840000   7.9055260000   0.0278230000  -0.0239010000  -0.0018770000  -0.0279110000   0.0237690000   0.0015930000   0.0123000000  -0.0027310000   0.0193290000  -0.0124690000   0.0144120000  -0.0511200000   0.0002570000  -0.0115490000   0.0320750000
   6.9248691265   6.2415104804 3826  1.29E+01  -1.0798700000  -1.3573080000   2.3028590000  -0.0356200000  -0.7000220000   1.8879520000  -0.6835080000   1.9293000000   9.2806580000   0.0725690000   1.4623850000   8.5217840000   0.8749610000   1.2421660000   7.7492830000   0.0827770000   0.0521250000  -0.0329030000  -0.0829580000  -0.0522090000   0.0327680000   0.0171640000   0.0105560000  -0.0139700000   0.0469030000  -0.0484480000  -0.0519310000  -0.0638860000   0.0379750000   0.0660360000
   6.9236593357   6.2442364214 3942  5.31E+00  -0.0585960000   1.6532590000   2.0254120000  -0.3353740000   0.1171110000   1.8174700000  -0.1915550000  -0.2786440000   9.4477330000   0.6586910000  -0.0496350000   8.6979460000   1.3757060000   0.3145390000   7.8194460000   0.0071390000   0.0398880000   0.0053390000  -0.0073500000  -0.0399460000  -0.0055890000   0.0170500000   0.0161020000  -0.0310060000  -0.0196850000  -0.0309060000   0.0519920000   0.0028470000   0.0148620000  -0.0207360000
