   6.9259017816   6.2382937039  311  4.86E+00  -1.7029290000  -0.1152120000   2.1709680000  -0.2840990000  -0.6980130000   1.9086460000   0.2245060000   1.0426050000   9.5294260000   0.5562300000   1.5310240000   8.5077040000   0.8840830000   1.9890390000   7.4160420000  -0.0330490000   0.0135110000   0.0060860000   0.0329010000  -0.0137570000  -0.0062800000  -0.0055490000  -0.0095680000   0.0132120000  -0.0164300000  -0.0197880000   0.0621920000   0.0221280000   0.0296020000  -0.0752110000
   6.9268422788   6.2375372669  332  6.14E+00  -0.2039390000  -2.3832270000   4.3050340000  -0.9418790000  -1.9765280000   2.9664210000   1.0542060000   2.9031380000   6.2997940000   1.7461820000   3.9022360000   6.4663130000   2.3517610000   4.8765550000   6.7609040000   0.0198470000  -0.0110570000   0.0359560000  -0.0199200000   0.0106870000  -0.0362490000  -0.0485810000  -0.0636760000  -0.0024080000   0.0396800000   0.0430140000  -0.0114420000   0.0089730000   0.0210310000   0.0141440000
   6.9257367480   6.2383380041  444  3.93E+00  -0.7457530000   0.6362780000   2.0328310000  -0.7105600000  -0.7120590000   1.8591890000   1.0202700000   1.4322080000   7.4559030000   1.3519830000   1.4868530000   8.5782000000   1.5604920000   1.6553990000   9.6923490000   0.0013840000  -0.0544350000  -0.0071160000  -0.0015150000   0.0542350000   0.0066900000  -0.0034030000   0.0096300000   0.0177940000   0.0228240000  -0.0092210000   0.0391290000  -0.0192900000  -0.0002090000  -0.0564960000
   6.9298041876   6.2399343119  470  4.47E+00  -0.4009120000  -2.2462870000   2.8493000000   0.3465580000  -1.2632670000   2.2695120000  -0.5071100000   3.0439520000   6.7030090000  -0.6193160000   2.5931020000   7.8045800000  -0.7335080000   2.1476730000   8.9253050000   0.0283590000   0.0372720000  -0.0219570000  -0.0283500000  -0.0374600000   0.0219670000   0.0032710000   0.0158340000  -0.0325830000   0.0031070000   0.0077400000  -0.0299550000  -0.0063880000  -0.0233850000   0.0625280000
   6.9283116575   6.2386060161  586  3.84E+00   0.1857590000  -0.9568090000   1.3849350000  -0.2907940000   0.1172770000   2.0840820000   0.9906690000  -0.9986600000   8.0948310000   0.5508560000   0.0637650000   8.2279340000   0.0363950000   1.1130370000   8.2340100000  -0.0173020000   0.0389900000   0.0253630000   0.0173220000  -0.0389970000  -0.0253570000  -0.0194680000   0.0338850000  -0.0030680000   0.0171140000  -0.0178860000   0.0105370000   0.0023340000  -0.0159920000  -0.0074750000
   6.9289407086   6.2372369839  770  6.77E+00  -0.0413810000   2.2958840000   5.8938840000  -1.1446540000   1.5123140000   5.7955530000   3.2615110000  -2.6640960000   1.2094790000   2.0592030000  -2.5129320000   1.3691680000   0.9119390000  -2.4592910000   1.4481510000  -0.0464310000  -0.0330340000  -0.0041570000   0.0465320000   0.0330870000   0.0042100000   0.0767380000  -0.0158240000  -0.0153080000  -0.1269380000   0.0251430000   0.0246220000   0.0500990000  -0.0093710000  -0.0093670000
   6.9285785831   6.2375840615  814  3.73E+00   0.1571000000  -2.2128790000   3.7758950000   0.8942150000  -1.8467850000   2.7155080000  -1.2991260000   2.6991880000   6.3803190000  -1.6427090000   3.6465690000   7.0058730000  -1.9435250000   4.6137300000   7.5617870000   0.0374630000   0.0184900000  -0.0539030000  -0.0372930000  -0.0188650000   0.0536210000   0.0060580000  -0.0077480000  -0.0105630000  -0.0175440000   0.0340360000   0.0311400000   0.0113160000  -0.0259130000  -0.0202960000
   6.9295289489   6.2350549100 1053  2.19E+00   1.3543310000   0.5908240000   1.6564540000  -0.0199540000  -0.0127810000   1.9409430000  -0.8874130000  -0.4364410000   8.1008080000  -0.0024730000   0.2480920000   8.4432050000   0.9036000000   0.9644800000   8.7641990000   0.0251380000   0.0110440000  -0.0051690000  -0.0250760000  -0.0109970000   0.0051770000   0.0072400000   0.0066650000   0.0026230000  -0.0401940000  -0.0337360000  -0.0136120000   0.0328910000   0.0270250000   0.0109800000
   6.9256450542   6.2376113152 1512  6.42E+00  -0.8616140000   1.7572450000   1.9589690000  -1.0453770000   0.2431660000   2.1640440000   1.4179350000   0.3924700000   8.8599410000   1.8490670000  -0.2828690000   7.9967420000   2.4691320000  -0.8175890000   7.2069420000   0.0037360000   0.0308230000  -0.0041440000  -0.0038300000  -0.0307920000   0.0042410000   0.0160170000   0.0076270000   0.0030840000   0.0169070000  -0.0587720000  -0.0707840000  -0.0328300000   0.0511130000   0.0676030000
   6.9290922547   6.2381691582 1571  1.43E+00   1.1924280000  -0.8951260000   1.7546470000  -0.0152530000   0.0092870000   1.9197430000  -0.1853850000   1.3114560000   8.0181170000  -0.0001580000   0.2637490000   8.4812410000   0.1865520000  -0.8117620000   8.9180250000   0.0197080000  -0.0147730000  -0.0026640000  -0.0196920000   0.0146620000   0.0026540000   0.0049280000  -0.0294990000   0.0122610000  -0.0051030000   0.0320780000  -0.0117870000   0.0001590000  -0.0024680000  -0.0004660000
   6.9267126327   6.2388540465 2085  5.29E+00   0.7695540000  -1.2768330000   1.6078240000  -0.0120020000   0.0115690000   2.0310740000   0.1311590000   1.4449250000   8.3157190000  -0.0486020000   0.2512550000   8.3141580000  -0.0832140000  -0.9232010000   8.1990910000   0.0192340000  -0.0317020000  -0.0104310000  -0.0192620000   0.0317240000   0.0104390000   0.0167150000   0.0537260000  -0.0055140000  -0.0251600000  -0.0437800000   0.0120210000   0.0084730000  -0.0099680000  -0.0065150000
   6.9295470190   6.2356187523 2293  4.38E+00   1.7840230000   0.1418410000   1.7021010000   0.5190850000  -0.6191490000   2.1980350000  -1.9180280000   1.8283060000   7.3897000000  -0.9781240000   1.3252760000   7.9461900000  -0.0525350000   0.9477320000   8.5615620000   0.0296150000   0.0178130000  -0.0115910000  -0.0295580000  -0.0178540000   0.0117080000  -0.0361900000   0.0269450000  -0.0153960000   0.0369420000  -0.0348770000   0.0102650000  -0.0008090000   0.0079730000   0.0050140000
   6.9280561194   6.2369751045 2457  3.05E+00   0.9635840000   1.1672110000   1.8064530000  -0.0107820000  -0.0151570000   1.8639370000  -0.9244850000   0.7160820000   9.0962070000  -0.0090050000   0.1989500000   8.5972190000   0.9243850000  -0.1755950000   8.0283170000   0.0188060000   0.0228650000  -0.0011320000  -0.0189610000  -0.0228200000   0.0010110000   0.0204640000  -0.0006110000  -0.0146050000   0.0153020000  -0.0244500000  -0.0047370000  -0.0356110000   0.0250160000   0.0194630000
   6.9265071428   6.2354804501 2562  3.96E+00  -1.2903700000   0.0522690000   1.5629500000   0.0134270000   0.0046970000   1.9704420000  -0.0039740000  -0.9013960000   8.7322480000   0.0040420000   0.2285470000   8.3651500000   0.0151790000   1.3907520000   8.0499210000   0.0476610000  -0.0017580000   0.0149060000  -0.0476610000   0.0016200000  -0.0148740000   0.0000270000  -0.0248810000   0.0128320000  -0.0007220000  -0.0249960000  -0.0046890000   0.0006960000   0.0500150000  -0.0081740000
   6.9258162932   6.2357249608 2648  4.47E+00   2.4373910000   0.4958320000   2.7299910000   1.1863320000  -0.2903770000   2.2696410000  -1.0576360000   0.5977800000   8.0194280000  -2.2101090000   0.8458100000   7.8529970000  -3.3616390000   0.8739170000   7.5794070000   0.0273460000   0.0171970000   0.0100220000  -0.0274090000  -0.0171590000  -0.0101990000   0.0207670000  -0.0183780000  -0.0021090000  -0.0047600000   0.0318080000   0.0120600000  -0.0159430000  -0.0134680000  -0.0097740000
   6.9264522916   6.2368331425 2879  2.90E+00   1.3411030000   0.7667370000   2.2873840000   1.1869840000  -0.7163970000   2.1042720000  -2.1727600000   1.2046140000   6.9950720000  -2.2787900000   1.5178770000   8.1446790000  -2.1291380000   1.8731520000   9.2385810000   0.0020790000   0.0192240000   0.0023070000  -0.0017610000  -0.0193340000  -0.0026140000   0.0182880000  -0.0036180000  -0.0274900000  -0.0318810000   0.0093160000   0.0573100000   0.0132750000  -0.0055870000  -0.0295130000
   6.9287895911   6.2361966717 2947  3.06E+00   1.2273880000  -0.1656960000   1.4529350000  -0.0143500000   0.0022780000   2.0595780000  -0.5559380000  -0.7684360000   8.2793030000   0.0354860000   0.2225900000   8.2673850000   0.5236370000   1.2880750000   8.1380190000  -0.0296490000   0.0040000000   0.0144910000   0.0296540000  -0.0040580000  -0.0144710000   0.0152980000   0.0429320000  -0.0071910000  -0.0087700000  -0.0495920000   0.0138510000  -0.0065330000   0.0067170000  -0.0066800000
   6.9281940927   6.2399095282 2948  3.91E+00   0.8028850000   1.0856530000   2.1580120000  -0.0253850000   2.1572930000   2.6891270000   0.1218960000  -4.8206940000   7.3206000000   0.1060730000  -3.6593050000   7.1579820000  -0.1253320000  -2.5870500000   6.7410020000   0.0001870000  -0.0001680000  -0.0001690000  -0.0001100000   0.0004270000  -0.0001420000  -0.0151930000   0.0029890000  -0.0188040000   0.0270000000   0.0195620000   0.0296360000  -0.0118840000  -0.0228100000  -0.0105200000
   6.9265518098   6.2356579142 3057  3.47E+00  -1.3873680000  -0.6065460000   1.6888020000   0.0167680000   0.0088500000   1.9430720000  -0.2377340000   1.3379310000   8.0301240000   0.0034460000   0.2549940000   8.4193670000   0.2388120000  -0.8476670000   8.8401040000  -0.0321610000  -0.0141110000  -0.0058040000   0.0321890000   0.0140100000   0.0058300000  -0.0009810000   0.0019900000   0.0025180000  -0.0085320000   0.0451340000  -0.0230490000   0.0094850000  -0.0470240000   0.0205050000
   6.9263845602   6.2389970934 3356  1.00E+01  -1.6289330000  -0.4013650000   1.8534040000  -0.4333680000  -0.8128450000   2.2403180000   0.1473990000   0.8785140000   8.2175330000   0.8486310000   1.7369040000   7.9578520000   1.4825100000   2.5901050000   7.5042650000   0.0765830000  -0.0263540000   0.0247780000  -0.0765480000   0.0263720000  -0.0248160000   0.0481720000   0.0651280000  -0.0330540000  -0.0169750000  -0.0298250000   0.0279780000  -0.0312320000  -0.0353210000   0.0051150000
   6.9251766304   6.2372691462 3357  3.20E+00   0.4319940000  -1.7330520000   2.4323910000   0.2907370000  -0.3346180000   1.7493390000  -1.2283240000   0.7800010000   9.7033540000  -0.5823520000   0.9276520000   8.7450630000   0.1862680000   0.9916390000   7.8430780000   0.0033920000  -0.0339890000   0.0165260000  -0.0035220000   0.0338520000  -0.0168590000   0.0165040000  -0.0034720000  -0.0083570000  -0.0337960000   0.0078010000   0.0140390000   0.0174220000  -0.0041910000  -0.0053500000
   6.9270079751   6.2374968072 3471  5.79E+00   0.1645170000  -1.7981060000   2.8624530000  -0.6208040000  -1.1348890000   1.9912820000   1.5360890000   3.0008900000   9.2460530000   1.1336390000   2.3771110000   8.3041260000   0.7029720000   1.6834930000   7.3959750000  -0.0374140000   0.0315340000  -0.0415950000   0.0373620000  -0.0317440000   0.0411800000   0.0160620000   0.0235040000   0.0432170000   0.0112700000   0.0216240000   0.0087020000  -0.0272800000  -0.0449190000  -0.0515040000
   6.9284231797   6.2399517573 3638  1.29E+01  -0.1468340000  -1.0265790000   2.0096860000   1.0352240000  -1.4521800000   2.4588810000  -1.1351380000   2.0449020000   7.1489710000  -1.8184880000   3.0149740000   7.3831830000  -2.6606420000   3.6966540000   7.9028320000   0.0660900000  -0.0237950000   0.0250480000  -0.0660350000   0.0236910000  -0.0254170000   0.0145580000  -0.0518880000   0.0104390000   0.0238340000   0.0462610000  -0.0454810000  -0.0384470000   0.0057300000   0.0354110000
   6.9264042635   6.2388310964 3769  3.03E+00   1.1681380000  -1.9077510000   3.3538930000   0.5929060000  -1.2594790000   2.0885950000  -1.2745490000   2.9018770000   9.2513180000  -1.1291170000   2.5243310000   8.1553870000  -0.9125410000   2.3011310000   6.9854000000   0.0112160000  -0.0126900000   0.0245680000  -0.0110870000   0.0123390000  -0.0248360000   0.0050280000   0.0079060000  -0.0096940000  -0.0184710000  -0.0085970000   0.0641440000   0.0133130000   0.0010420000  -0.0541810000
   6.9277720406   6.2385052181 3800  6.26E+00  -0.8044880000  -0.4480040000   1.3564930000   0.4164190000   0.1074250000   2.0970590000  -1.6249960000  -0.6766090000   7.9397350000  -0.7905830000   0.1160920000   8.2612470000   0.1894740000   0.7688490000   8.3010780000  -0.0233500000  -0.0106140000  -0.0141800000   0.0233660000   0.0106650000   0.0141030000  -0.0088850000  -0.0264060000  -0.0239320000  -0.0002170000   0.0356490000   0.0411310000   0.0090860000  -0.0092940000  -0.0171220000
   6.9290707759   6.2398934566 3818  9.53E+00  -1.3887670000  -0.0905700000   2.0989920000  -1.6822780000  -1.3933010000   2.9930520000   3.9536650000   2.8741500000   7.3405420000   3.0197240000   2.8510820000   6.5626130000   2.2686430000   2.6374160000   5.6538440000   0.0087000000   0.0388590000  -0.0267720000  -0.0089390000  -0.0391350000   0.0266560000   0.0633190000  -0.0095620000   0.0362420000  -0.0522970000   0.0262650000  -0.0020440000  -0.0107840000  -0.0164260000  -0.0340830000
