   6.9269203394   6.8348820527   28  2.13E+00   0.2705500000  -1.6090080000   3.3372380000  -1.0731050000  -2.2544860000   3.0632200000   2.4147680000   5.4155930000   6.6367790000   1.9952280000   4.3626430000   6.3945400000   1.4297240000   3.3578860000   6.0553330000   0.0212780000   0.0101070000   0.0042650000  -0.0213570000  -0.0104220000  -0.0044590000  -0.0186190000  -0.0198830000  -0.0115000000   0.0457080000   0.0477600000   0.0280380000  -0.0270100000  -0.0275620000  -0.0163450000
   6.9278877826   6.8307404213  288  6.67E+00  -1.3155880000   0.2818840000   1.9845470000  -0.7730390000  -1.1768250000   2.1684350000   2.2941030000   3.1796950000   7.7658770000   1.3769680000   2.4315760000   7.9949210000   0.6158470000   1.5421930000   8.2788320000  -0.0134960000   0.0363880000  -0.0045700000   0.0135450000  -0.0363040000   0.0045220000   0.0501310000   0.0254630000  -0.0063160000  -0.0286380000   0.0182970000  -0.0096520000  -0.0215410000  -0.0438440000   0.0160170000
   6.9292439839   6.8329771607  627  3.16E+00  -1.0017780000   0.9610860000   1.9050230000   0.0133530000  -0.0125400000   1.7888140000  -0.7092970000   1.1873330000   8.4766880000  -0.0518570000   0.2129560000   8.7279530000   0.7446520000  -0.6574490000   8.9186680000   0.0157500000  -0.0151200000  -0.0018080000  -0.0157320000   0.0150460000   0.0018320000  -0.0166000000   0.0430990000  -0.0116960000  -0.0165530000  -0.0220680000   0.0083280000   0.0331340000  -0.0209570000   0.0033430000
   6.9254415257   6.8330681659  762  4.95E+00   1.3866200000  -1.1837420000   2.8166860000   0.4334370000  -0.9353530000   1.8768580000  -1.7824320000   2.6667980000   8.6765150000  -0.7828980000   1.9939090000   8.5749380000   0.1180960000   1.2700140000   8.3365590000  -0.0376730000   0.0098050000  -0.0371830000   0.0376180000  -0.0097930000   0.0370630000  -0.0542760000   0.0296480000  -0.0027300000   0.0532360000  -0.0213100000   0.0116760000   0.0010960000  -0.0083490000  -0.0088260000
   6.9298440492   6.8335690668  762  5.28E+00   1.3855680000  -1.1784820000   2.8104660000   0.4337870000  -0.9360740000   1.8759960000  -1.7824590000   2.6664710000   8.6815690000  -0.7830980000   1.9950640000   8.5765940000   0.1165930000   1.2727440000   8.3349570000  -0.0407230000   0.0103600000  -0.0400200000   0.0406680000  -0.0103480000   0.0399010000  -0.0534050000   0.0289220000  -0.0026980000   0.0543500000  -0.0220940000   0.0111970000  -0.0008890000  -0.0068390000  -0.0083790000
   6.9272964533   6.8328705946  812  4.17E+00  -0.3523850000  -2.0283050000   2.6161100000   0.1318700000  -0.9110910000   1.9767120000   0.5658790000   2.8198500000   8.3366270000  -0.2503870000   1.9636060000   8.2766470000  -1.0143010000   1.0717490000   8.4143170000   0.0155610000   0.0358850000  -0.0205340000  -0.0155140000  -0.0357740000   0.0205750000   0.0142540000   0.0096120000   0.0143920000  -0.0112960000  -0.0007530000  -0.0296360000  -0.0030050000  -0.0089700000   0.0152030000
   6.9258677648   6.8300819742  868  4.27E+00   1.2669880000  -0.0770570000   2.5557180000   0.1585440000  -0.0087630000   1.4716840000  -0.5412780000  -0.2973060000   8.2596890000  -0.3801860000   0.3197240000   9.2711500000  -0.0449470000   0.7935800000  10.2707170000   0.0250610000  -0.0015000000   0.0243830000  -0.0249750000   0.0016150000  -0.0246600000   0.0077590000  -0.0233990000  -0.0216210000  -0.0091930000   0.0473200000   0.0528120000   0.0013480000  -0.0240360000  -0.0309130000
   6.9278000918   6.8318071780 1131  4.46E+00  -0.2808370000  -0.2259950000   2.0048990000   0.2725290000   1.0139650000   1.7391530000  -0.3464350000  -1.0495450000   9.8515770000  -0.4151830000  -1.5914460000   8.7954740000  -0.6852750000  -2.1178380000   7.7348190000   0.0154920000   0.0347420000  -0.0075060000  -0.0154150000  -0.0345660000   0.0073900000  -0.0100920000   0.0145840000   0.0272070000   0.0356860000   0.0116670000   0.0254800000  -0.0256720000  -0.0264270000  -0.0525720000
   6.9298697927   6.8330465554 1132  4.44E+00  -0.2330730000  -1.0518930000   2.5464800000   0.0057200000   0.0136740000   1.4211870000   0.1796990000   0.4486810000   8.2381530000   0.0247570000   0.1957390000   9.3582370000  -0.2121660000   0.0900360000  10.4796580000  -0.0059960000  -0.0267280000   0.0280740000   0.0059580000   0.0266200000  -0.0283690000  -0.0115960000   0.0018550000   0.0426900000   0.0074660000  -0.0171560000   0.0052900000   0.0041680000   0.0154080000  -0.0476850000
   6.9265060807   6.8326561934 1293  4.94E+00  -0.5552480000  -1.1604250000   3.0036460000  -0.5248930000  -0.8767320000   1.6017960000   1.0500330000   2.2123920000  10.1818670000   1.0103960000   1.8709080000   9.0316030000   0.8478900000   1.5225190000   7.8503360000   0.0002060000   0.0022170000  -0.0114230000  -0.0002970000  -0.0023810000   0.0111040000  -0.0045900000   0.0154950000   0.0517020000   0.0240160000   0.0127270000   0.0448350000  -0.0193350000  -0.0280570000  -0.0962180000
   6.9283894669   6.8305387291 1409  6.59E+00   0.8201290000  -0.8981510000   2.0797320000  -0.7591320000  -1.0645170000   2.0230180000   0.7873280000   2.0271290000   9.3128280000   1.3101940000   2.2322750000   8.2411320000   1.9687380000   2.3578270000   7.2673050000   0.0438800000   0.0045920000   0.0015560000  -0.0439960000  -0.0046540000  -0.0015480000  -0.0173320000  -0.0145300000   0.0591100000   0.0016550000   0.0172590000  -0.0556570000   0.0157930000  -0.0026670000  -0.0034610000
   6.9293699475   6.8331228732 1618  6.62E+00  -0.5831550000  -2.1483460000   3.2470860000  -0.7441000000  -2.3096600000   4.8462220000   1.0686230000   3.7577230000   2.2786420000   1.3745030000   4.4970970000   3.0993350000   1.6524990000   5.2243530000   3.9881060000   0.0049360000   0.0049150000  -0.0490950000  -0.0049370000  -0.0049580000   0.0492030000   0.0149640000   0.0404220000   0.0484960000  -0.0155650000  -0.0463370000  -0.0605620000   0.0006020000   0.0059580000   0.0119570000
   6.9267576956   6.8336543528 1712  4.59E+00  -1.0194860000  -1.4938450000   3.6951620000  -1.1264010000  -1.5153210000   2.2116810000   2.9091040000   3.4348360000   8.6640740000   1.9981780000   3.0876880000   7.9240190000   1.2806230000   2.5969180000   7.1101050000   0.0009720000   0.0001200000   0.0138350000  -0.0010470000  -0.0003160000  -0.0140080000   0.0708520000   0.0146830000   0.0444200000  -0.0661910000   0.0039340000  -0.0225660000  -0.0045850000  -0.0184210000  -0.0216800000
   6.9286818358   6.8335723555 1998  2.02E+00  -0.6081560000   1.2540930000   2.1033240000   0.0042200000  -0.0185770000   1.6597360000   1.0158790000   0.4676600000   9.4633510000   0.0141690000   0.2060190000   8.9239460000  -1.0092740000   0.0791260000   8.4170280000  -0.0045770000   0.0095860000   0.0033350000   0.0046970000  -0.0095860000  -0.0033540000  -0.0172620000   0.0055990000  -0.0052540000  -0.0332360000  -0.0217200000  -0.0244740000   0.0503790000   0.0161210000   0.0297460000
   6.9281377702   6.8311118455 2139  6.49E-01  -0.9466900000  -0.6534250000   2.4132200000   0.0136360000   0.0056020000   1.5157750000  -0.0616080000  -0.5539910000   8.3235120000  -0.0289390000   0.2406880000   9.2218460000   0.0748780000   1.0741700000  10.0326830000  -0.0045990000  -0.0031100000   0.0041910000   0.0045820000   0.0032330000  -0.0044420000   0.0035260000  -0.0229680000  -0.0325080000  -0.0072730000   0.0264290000   0.0437210000   0.0037640000  -0.0035840000  -0.0109620000
   6.9271118241   6.8346920640 3311  1.96E+00  -0.4345040000   0.4439290000   1.8002730000   0.7649720000  -0.3300260000   1.8344460000  -0.5083320000   1.1862710000   9.3106640000  -1.4094970000   0.8340930000   8.6473190000  -2.2266430000   0.4955120000   7.9239240000   0.0108620000  -0.0069820000   0.0003010000  -0.0107700000   0.0070030000  -0.0003070000   0.0000140000  -0.0011570000  -0.0077020000  -0.0565860000  -0.0211320000  -0.0345490000   0.0564800000   0.0222680000   0.0422570000
   6.9291629264   6.8337537893 3964  1.67E+00   1.0034540000  -1.4619510000   3.1123270000   0.1106430000  -1.5068650000   2.0034180000  -0.0327620000   1.9537220000   7.8944250000  -0.2266350000   3.0305930000   8.2423590000  -0.4129010000   4.0766530000   8.7176180000  -0.0092550000  -0.0004870000  -0.0115890000   0.0092520000   0.0004660000   0.0113510000  -0.0100400000   0.0569080000   0.0295600000   0.0057890000  -0.0339710000  -0.0294860000   0.0042540000  -0.0229160000   0.0001650000
   6.9264312922   6.8318923215 3964  1.71E+00   0.9884540000  -1.4581810000   3.1112980000   0.1108720000  -1.5074090000   2.0031460000  -0.0327710000   1.9542630000   7.8913500000  -0.2283840000   3.0324490000   8.2424770000  -0.4117790000   4.0771980000   8.7220250000  -0.0125150000  -0.0007240000  -0.0158970000   0.0125110000   0.0007010000   0.0156560000  -0.0088290000   0.0514380000   0.0280060000   0.0044060000  -0.0289170000  -0.0281210000   0.0044270000  -0.0224980000   0.0003560000
   6.9291887269   6.8317613420 3993  4.19E+00  -0.2233050000   0.1708500000   2.1523270000   0.8338620000  -0.5468040000   1.6747830000  -1.3356520000   1.2936650000  10.0602010000  -1.4728750000   1.2114360000   8.8880090000  -1.7091090000   1.2046970000   7.7689200000   0.0402890000  -0.0273540000  -0.0182530000  -0.0401430000   0.0272730000   0.0181010000  -0.0056420000   0.0062840000   0.0166470000  -0.0012910000  -0.0123160000  -0.0895160000   0.0067880000   0.0061130000   0.0730220000
