   6.9274062516   6.2740923506  170  3.22E+00   0.3896270000   0.1295190000   1.6362720000  -0.9760340000   0.5706720000   2.0061280000   2.1832120000  -0.0884590000   9.1449560000   1.7370580000  -0.7906200000   8.3687850000   1.3627890000  -1.4885880000   7.4516390000   0.0108940000  -0.0034610000  -0.0030120000  -0.0109940000   0.0037380000   0.0027470000  -0.0232340000  -0.0441530000  -0.0578980000   0.0338040000   0.0738810000   0.1046550000  -0.0104700000  -0.0300040000  -0.0464930000
   6.9277898678   6.2715669800  633  1.81E+00   0.9805150000  -1.4857830000   2.2707250000   0.0710200000  -0.4699450000   1.8383560000   0.5584010000   1.8202600000   9.2510720000  -0.1016000000   1.0765660000   8.6156180000  -0.8985970000   0.4998700000   7.9581480000  -0.0073080000   0.0082270000  -0.0035070000   0.0074990000  -0.0082060000   0.0033220000  -0.0033590000   0.0173100000   0.0045880000   0.0184240000  -0.0242090000   0.0001610000  -0.0152550000   0.0068790000  -0.0045640000
   6.9292049414   6.2739255035  656  2.64E+00   1.8897850000  -0.7873490000   2.2516280000   0.4653450000  -0.5516290000   2.0348180000  -1.9825570000   1.6086090000   8.3772610000  -0.9159280000   1.2055270000   8.2658030000   0.2270320000   0.9786590000   8.1145850000   0.0024560000  -0.0004070000   0.0003180000  -0.0026170000   0.0003800000  -0.0004280000   0.0630580000  -0.0089260000  -0.0080460000  -0.0582590000  -0.0061570000   0.0078200000  -0.0046390000   0.0151090000   0.0003350000
   6.9252046448   6.2731868559  656  2.74E+00   1.8804060000  -0.7811430000   2.2511220000   0.4658430000  -0.5520600000   2.0340850000  -1.9812650000   1.6090050000   8.3824420000  -0.9167670000   1.2073110000   8.2661310000   0.2244770000   0.9786820000   8.1128550000  -0.0022880000   0.0003710000  -0.0004070000   0.0021250000  -0.0003970000   0.0002950000   0.0674250000  -0.0106550000  -0.0086080000  -0.0604900000  -0.0047520000   0.0078740000  -0.0067720000   0.0154320000   0.0008460000
   6.9272341117   6.2742542283  696  8.77E+00   1.8623700000  -1.4589120000   4.4990440000   1.2521790000  -1.9012910000   3.0349680000  -2.8014850000   4.6276070000   7.0112010000  -2.2752530000   3.7621840000   6.3982030000  -1.8615140000   2.8232350000   5.7460630000   0.0205440000   0.0147460000   0.0490660000  -0.0202550000  -0.0150820000  -0.0492020000  -0.0179520000   0.0143690000   0.0108910000   0.0036420000   0.0379410000   0.0249440000   0.0140200000  -0.0519740000  -0.0356980000
   6.9271774568   6.2706279545  858  6.03E+00  -0.1108520000   0.8175450000   1.9413660000   0.2197610000  -0.6197000000   1.7363800000  -0.8710190000   1.8872040000   9.7262880000  -0.2757300000   1.4146410000   8.8407920000  -0.0125530000   0.7819250000   7.8439370000  -0.0032400000   0.0140710000   0.0019040000   0.0032270000  -0.0140700000  -0.0023690000  -0.0129600000  -0.0174090000  -0.0200660000   0.0255430000   0.0497490000   0.0608360000  -0.0125710000  -0.0323410000  -0.0403050000
   6.9253476765   6.2714569620 1107  4.60E+00  -2.3803190000  -0.6190440000   2.9339680000  -1.2837680000  -0.1369110000   2.2513510000   3.4461530000   0.0647550000   7.8434890000   2.3759630000   0.5211140000   7.8368510000   1.3316350000   0.9544900000   7.8459630000   0.0333080000   0.0146280000  -0.0207560000  -0.0332280000  -0.0147050000   0.0206470000  -0.0226120000   0.0090810000   0.0018340000  -0.0744850000   0.0314910000  -0.0037330000   0.0970170000  -0.0404940000   0.0020090000
   6.9295323605   6.2711708939 1114  3.34E+00  -0.1673460000  -1.3842130000   2.0232910000   0.0066350000   0.0176650000   1.7786610000   0.8908670000  -0.0735300000   7.9865110000   0.0108540000   0.3152850000   8.7388230000  -0.9216120000   0.5235030000   9.4439370000   0.0011640000   0.0097090000  -0.0017370000  -0.0013480000  -0.0096460000   0.0014950000   0.0484370000  -0.0329970000  -0.0446850000  -0.0224700000   0.0382420000   0.0298750000  -0.0257840000  -0.0053080000   0.0150520000
   6.9266305555   6.2728795595 1118  6.43E+00  -1.3340110000  -1.1693630000   2.6404430000  -0.0618420000  -0.8964320000   1.8120410000  -0.1704380000   1.1985800000   7.7237370000   0.1920910000   1.9658520000   8.6253950000   0.4191340000   2.5640080000   9.5862750000  -0.0266950000  -0.0057730000   0.0172220000   0.0267300000   0.0056500000  -0.0177480000  -0.0337260000  -0.0637550000  -0.0583760000   0.0479150000   0.0900000000   0.0809020000  -0.0142240000  -0.0261230000  -0.0220010000
   6.9263723551   6.2728779831 1213  8.13E+00   1.7017870000  -1.4215260000   5.1501750000   0.6553640000  -2.2732370000   4.8139000000  -1.5001190000   3.3114540000   2.9393020000  -1.3644890000   4.4413560000   3.1009800000  -0.8558250000   5.4847650000   3.3677340000  -0.0257440000  -0.0210020000  -0.0082540000   0.0258860000   0.0207860000   0.0083960000   0.0340480000   0.0606720000   0.0163650000  -0.0672490000  -0.0679010000  -0.0272600000   0.0330590000   0.0074460000   0.0107520000
   6.9295329358   6.2718851094 1579  3.55E+00   0.2179600000  -1.9232530000   2.4187340000  -1.0516020000  -1.0108840000   2.2828350000   1.9340980000   2.3811190000   6.6321400000   1.9044420000   2.1144260000   7.7919410000   1.8744660000   1.8890360000   8.9662490000   0.0320120000  -0.0230620000   0.0034420000  -0.0321520000   0.0228450000  -0.0034810000   0.0014310000   0.0096120000  -0.0242430000  -0.0004550000  -0.0042450000  -0.0185250000  -0.0008360000  -0.0051500000   0.0428070000
   6.9258883672   6.2708885910 1626  2.74E+00   0.9266200000  -1.1701000000   2.0806250000  -0.0151690000   0.0187490000   1.7368590000  -0.8212640000   0.3591240000   7.9464000000   0.0001150000   0.2213880000   8.8017320000   0.8385540000   0.1424380000   9.6419830000   0.0218160000  -0.0274940000   0.0079390000  -0.0216420000   0.0274400000  -0.0081510000  -0.0212030000   0.0074430000  -0.0219410000  -0.0024200000  -0.0088970000  -0.0000410000   0.0234490000   0.0015080000   0.0221940000
   6.9298992410   6.2749677643 1734  2.51E+00   2.2112890000  -1.2739400000   2.5820370000   2.0674330000  -0.4405570000   3.8145730000  -4.1132000000   0.6695680000   3.9770680000  -3.8437690000   1.0518510000   5.0213960000  -3.4658740000   1.5089960000   6.0410000000   0.0016080000  -0.0093060000  -0.0137570000  -0.0016490000   0.0092790000   0.0137410000   0.0216570000   0.0274920000   0.0581820000  -0.0284980000  -0.0340620000  -0.0587560000   0.0068820000   0.0065970000   0.0005900000
   6.9299843676   6.2710129551 1879  2.64E+00  -0.9423300000  -1.2503480000   2.0551190000  -0.6052800000   0.1625930000   1.8652620000   1.2964840000  -0.8908480000   7.7473670000   1.0809320000  -0.0077220000   8.5656470000   0.9743520000   0.8510680000   9.3785740000  -0.0011210000  -0.0045210000   0.0005560000   0.0009670000   0.0047050000  -0.0007470000   0.0200240000  -0.0558390000  -0.0487770000  -0.0234640000   0.0348390000   0.0277000000   0.0035930000   0.0208160000   0.0212680000
   6.9292479795   6.2749569061 1879  2.97E+00  -0.9343700000  -1.2616610000   2.0586260000  -0.6056510000   0.1628600000   1.8646690000   1.2989260000  -0.8941000000   7.7494380000   1.0817250000  -0.0077250000   8.5684250000   0.9726630000   0.8536970000   9.3771600000  -0.0020120000  -0.0085350000   0.0011090000   0.0018570000   0.0087200000  -0.0013030000   0.0207420000  -0.0589230000  -0.0517380000  -0.0241100000   0.0385090000   0.0316460000   0.0035230000   0.0202290000   0.0202860000
   6.9258519364   6.2710204960 1923  2.45E+00  -0.0248870000  -1.0750390000   1.6571800000  -0.2656590000   0.2652080000   1.9185420000   0.2289690000   0.8040010000   8.9956530000   0.4527630000  -0.2243780000   8.5139760000   0.7594800000  -1.2046660000   7.9280560000  -0.0063910000   0.0355860000   0.0068970000   0.0063100000  -0.0354250000  -0.0069820000   0.0121740000  -0.0264030000  -0.0200670000  -0.0199070000   0.0294250000   0.0290330000   0.0078140000  -0.0031830000  -0.0088810000
   6.9274174848   6.2748869268 2346  2.33E+00  -2.2491830000   0.4637100000   2.7751000000  -1.2530290000  -0.2970820000   2.1840800000   1.1527210000   0.6901210000   7.8947720000   2.3215440000   0.8378170000   7.9671720000   3.5041410000   0.8230900000   8.0428260000   0.0267820000  -0.0204570000  -0.0159460000  -0.0267310000   0.0204580000   0.0157010000  -0.0044360000  -0.0109070000   0.0015040000  -0.0170220000   0.0214460000  -0.0033480000   0.0214070000  -0.0105400000   0.0020880000
   6.9296547607   6.2739992156 2354  1.06E+01   2.4166990000  -0.2197920000   5.8529990000   2.0389660000   0.7391050000   4.9373380000  -4.0088070000  -0.6098760000   3.9535910000  -3.7702570000  -0.9491470000   2.8182450000  -3.4962280000  -1.6673570000   1.9049330000  -0.0114720000   0.0291810000  -0.0278640000   0.0115030000  -0.0291520000   0.0277230000  -0.0078430000  -0.0120680000   0.0540940000   0.0010030000   0.0505820000  -0.0491580000   0.0068080000  -0.0385420000  -0.0047960000
   6.9261717894   6.2716107896 2416  4.95E+00   1.5097220000  -0.3100730000   1.8163920000  -0.0175750000   0.0048080000   1.8704760000  -1.0052040000   0.0231410000   9.0788190000   0.0140910000   0.2054740000   8.5594740000   0.9872840000   0.5058120000   8.0407560000   0.0364510000  -0.0075320000  -0.0013290000  -0.0365910000   0.0074610000   0.0012550000   0.0291600000   0.0146900000  -0.0156380000   0.0374530000  -0.0040790000  -0.0199180000  -0.0664740000  -0.0105390000   0.0356290000
   6.9258395169   6.2727329825 2679  4.96E+00   1.7314250000   0.9473690000   6.3698490000   1.2976140000   1.8033190000   5.1145980000  -3.1310450000  -3.4800740000   3.4006240000  -2.4145950000  -3.0676000000   2.5412990000  -1.6460100000  -2.5953170000   1.7479590000   0.0115570000  -0.0228640000   0.0335160000  -0.0115860000   0.0228930000  -0.0333800000  -0.0185780000  -0.0092550000   0.0288570000  -0.0124560000  -0.0109100000  -0.0022580000   0.0310630000   0.0201370000  -0.0267350000
   6.9268338175   6.2725669822 2695  5.98E-01   1.4476280000  -0.1586300000   2.0377940000  -0.0190690000   0.0074460000   1.7383100000  -0.0103750000   1.0305400000   7.9268720000  -0.0307370000   0.2407540000   8.7932330000   0.0374790000  -0.5507930000   9.6633450000   0.0202940000  -0.0023420000   0.0041120000  -0.0202900000   0.0021580000  -0.0043350000   0.0055740000  -0.0053120000   0.0081730000  -0.0118750000   0.0114620000  -0.0152960000   0.0062960000  -0.0059660000   0.0073450000
   6.9252819719   6.2729795629 2835  6.04E-01  -0.3994630000   1.3419210000   1.6288010000   0.0074160000  -0.0219370000   1.9336280000  -0.4590020000   1.2971940000   8.7474150000  -0.0076910000   0.2666270000   8.4588660000   0.4529060000  -0.7846620000   8.1441080000  -0.0001660000   0.0005430000  -0.0000740000   0.0001140000  -0.0004290000   0.0000620000   0.0096910000  -0.0220830000  -0.0064820000  -0.0194560000   0.0443130000   0.0127040000   0.0098170000  -0.0223440000  -0.0062090000
   6.9288465497   6.2743439292 2837  5.68E+00   0.6392450000   1.2998430000   1.6430640000  -0.0074900000  -0.0152470000   1.9206560000  -0.6677280000  -0.6662030000   8.1261160000   0.0903380000   0.1787750000   8.4585480000   0.5970390000   1.2139270000   8.8295370000   0.0067400000   0.0136640000  -0.0028490000  -0.0066370000  -0.0136270000   0.0028690000  -0.0219170000   0.0045790000   0.0012010000   0.0145430000  -0.0628880000  -0.0213420000   0.0072710000   0.0582730000   0.0201210000
   6.9297081710   6.2746315213 2954  6.88E+00  -1.2998110000  -1.2719640000   2.3133800000   0.1227670000  -0.7114560000   1.8841540000  -0.3431230000   1.0695480000   9.5351560000  -0.1777350000   1.5768860000   8.5299590000  -0.0546890000   2.0676860000   7.5069540000  -0.0394710000  -0.0155970000   0.0119090000   0.0394530000   0.0153560000  -0.0120550000   0.0084790000   0.0351070000  -0.0723350000   0.0035240000   0.0003140000  -0.0005210000  -0.0119850000  -0.0351790000   0.0730030000
   6.9296452341   6.2705878636 2978  5.15E+00  -0.4109590000   1.7449070000   1.7224010000  -0.3939990000   0.1728460000   2.0152710000   0.7075180000  -1.2515030000   8.0217810000   0.7158670000  -0.1112640000   8.3030450000   0.7487030000   1.0495340000   8.5730740000  -0.0004890000   0.0456120000  -0.0084770000   0.0004900000  -0.0455660000   0.0085220000   0.0018160000   0.0009360000   0.0007780000  -0.0044330000  -0.0323580000  -0.0083710000   0.0026160000   0.0313750000   0.0075480000
   6.9255134833   6.2748226550 3240 -1.74E-01   1.6188580000  -0.3210930000   2.2952620000   0.3161530000  -0.1227970000   1.7279840000  -1.1738980000   0.0134110000   9.7155050000  -0.5955530000   0.4664610000   8.8097750000  -0.0599640000   0.9575990000   7.8976420000  -0.0085650000   0.0012600000  -0.0037970000   0.0085310000  -0.0014300000   0.0034950000   0.0040540000   0.0082200000  -0.0109860000   0.0093170000  -0.0017000000  -0.0075420000  -0.0133370000  -0.0063500000   0.0188300000
   6.9270329967   6.2726293794 3309  4.94E+00  -2.6978430000   0.0887040000   5.3229140000  -2.2417530000   0.2127790000   4.0299510000   4.4155550000  -0.3418550000   3.4109300000   4.1855460000  -0.1704730000   4.5910880000   3.8081980000   0.0892420000   5.6818320000   0.0143120000   0.0038970000  -0.0406280000  -0.0143310000  -0.0039250000   0.0405750000   0.0046480000  -0.0039510000  -0.0681360000   0.0076760000  -0.0046860000   0.0586720000  -0.0123050000   0.0086660000   0.0095170000
   6.9289500367   6.2746720373 3415  2.23E+00  -1.3876910000  -0.4770650000   1.9515800000   0.0176370000   0.0065940000   1.7964880000   0.0265910000  -0.7411790000   8.0264370000  -0.0605710000   0.2348860000   8.7148800000   0.0182250000   1.2496510000   9.3374700000  -0.0155770000  -0.0053170000   0.0016880000   0.0155360000   0.0054840000  -0.0018810000   0.0127750000  -0.0276340000  -0.0231940000  -0.0251290000  -0.0052300000   0.0080810000   0.0123960000   0.0326970000   0.0153060000
   6.9286028116   6.2747710953 3657  6.24E+00  -0.5487090000  -0.5314190000   1.2559410000  -1.0982450000  -0.7752400000   2.5468890000   2.0758990000   0.5841330000   7.7861320000   2.0720160000   1.6271000000   7.2956540000   1.8881150000   2.7873020000   6.9393290000  -0.0057480000  -0.0025670000   0.0135420000   0.0058500000   0.0025370000  -0.0134690000  -0.0107600000   0.0471690000  -0.0090390000   0.0324420000  -0.1263340000   0.0211940000  -0.0217830000   0.0791960000  -0.0122270000
   6.9274090583   6.2711520306 3660  3.82E+00   0.6468410000   2.0809510000   2.6410360000  -0.3275950000   1.0557200000   1.9335940000   0.8170290000  -2.7707830000   8.9206050000   0.5563980000  -1.7207910000   8.4313360000   0.3606220000  -0.6533820000   7.9279810000   0.0261890000   0.0275560000   0.0189160000  -0.0261940000  -0.0275810000  -0.0192600000   0.0102980000  -0.0246130000   0.0114770000  -0.0085830000  -0.0073320000   0.0027950000  -0.0017110000   0.0319700000  -0.0139280000
   6.9279662218   6.2745969965 3782  4.22E+00  -0.5976310000  -1.6200670000   2.5925950000  -1.8365810000  -0.6853500000   2.5799400000   2.2862150000   1.5613450000   6.7423290000   3.3423600000   1.6238340000   7.2777090000   4.4146730000   1.4321920000   7.7473230000   0.0280030000  -0.0211910000   0.0002280000  -0.0281820000   0.0210010000  -0.0005080000  -0.0089350000  -0.0161920000  -0.0085930000  -0.0111110000   0.0358810000   0.0045170000   0.0202260000  -0.0195000000   0.0043560000
