   6.9334322578   6.0192586224  332  3.98E+00  -0.3722180000  -2.6066300000   3.8769280000  -0.7382150000  -1.6943870000   2.7115480000   1.0768560000   3.1143280000   5.8441590000   1.3833460000   3.3347080000   6.9899620000   1.5949450000   3.6964010000   8.1233070000   0.0064810000  -0.0162000000   0.0206650000  -0.0065620000   0.0158350000  -0.0207040000  -0.0179710000   0.0002080000  -0.0489450000   0.0124190000  -0.0268320000  -0.0087950000   0.0056330000   0.0269890000   0.0577800000
   6.9318329474   6.0181507367  477  9.11E+00   0.2350110000  -2.2867990000   2.3773380000  -0.0074040000  -0.7152870000   2.0941360000   0.1159390000   2.7961440000   8.2882900000   0.0424510000   1.5779840000   8.1285710000  -0.1256380000   0.4233390000   8.0024090000   0.0074420000  -0.0482540000   0.0086530000  -0.0074040000   0.0483610000  -0.0087700000  -0.0001450000   0.0920200000   0.0143240000   0.0056740000  -0.0956590000  -0.0178220000  -0.0055670000   0.0035320000   0.0036150000
   6.9336044119   6.0176186415  653  2.12E+00   2.3931570000  -1.4161890000   2.9786760000   1.5332330000  -1.4639750000   4.1840540000  -3.7116720000   2.5208760000   3.6659900000  -2.8336210000   2.9461840000   4.2922070000  -1.9692510000   3.3557810000   5.0292120000   0.0067010000   0.0003720000  -0.0094420000  -0.0067850000  -0.0004870000   0.0093070000   0.0181820000   0.0093050000   0.0211820000  -0.0518280000  -0.0266940000  -0.0588920000   0.0337300000   0.0175040000   0.0378450000
   6.9338287816   6.0150617936  723  7.40E+00   0.7681050000  -0.8094060000   1.7584320000   0.0112390000   0.5578800000   1.8260670000  -0.0505810000  -0.1805520000   9.7279700000  -0.0114230000  -0.7705340000   8.6481930000  -0.0453680000  -1.2885290000   7.5504480000   0.0185450000  -0.0334410000  -0.0017380000  -0.0185140000   0.0336520000   0.0014020000  -0.0068780000   0.0496130000   0.0835840000   0.0126140000  -0.0244200000  -0.0233340000  -0.0057670000  -0.0254040000  -0.0599130000
   6.9310849094   6.0163653347  862  1.69E+00   0.5406880000   1.0020330000   1.2597090000  -0.0068250000  -0.0119080000   2.1247600000   0.3224710000  -0.8615600000   8.2323010000  -0.0186480000   0.2562440000   8.1278150000  -0.3084510000   1.3532110000   7.9764370000  -0.0024240000  -0.0044860000   0.0038100000   0.0024160000   0.0044800000  -0.0037630000   0.0013620000   0.0060920000  -0.0024270000  -0.0214170000   0.0574320000  -0.0045570000   0.0200630000  -0.0635170000   0.0069360000
   6.9346173640   6.0152245750 1324  1.62E+00  -0.6939340000  -0.7452920000   1.8271010000  -0.5591580000  -1.9220960000   2.8273760000   1.0908740000   2.8933660000   6.0323170000   1.0185950000   3.7812830000   6.7936170000   0.9807590000   4.6020840000   7.6332170000  -0.0030610000   0.0262290000  -0.0224110000   0.0028540000  -0.0265840000   0.0221510000   0.0022200000   0.0054000000   0.0135220000  -0.0042910000  -0.0033060000  -0.0211760000   0.0022790000  -0.0017390000   0.0079140000
   6.9348066921   6.0188275346 1583  5.30E+00  -2.6544140000   0.1151960000   2.5336510000  -1.0891530000   0.1086480000   2.3525120000   1.2798130000   0.5529880000   8.4386870000   2.0121970000   0.0022220000   7.6621520000   2.8163680000  -0.4168520000   6.9019120000  -0.0408370000   0.0001650000   0.0047490000   0.0407760000  -0.0001560000  -0.0046670000  -0.0225490000   0.0287650000   0.0312890000   0.0067290000  -0.0312660000  -0.0238490000   0.0158810000   0.0024920000  -0.0075220000
   6.9337431734   6.0196670892 1618  1.03E+01  -1.0882500000  -2.2157920000   6.1218600000  -0.6494190000  -1.9675310000   4.5806850000   0.9754110000   3.8271640000   4.7142110000   1.2066110000   3.8002960000   3.5494890000   1.4307070000   3.9735740000   2.3596440000  -0.0137510000  -0.0078160000   0.0482490000   0.0138010000   0.0078630000  -0.0483690000  -0.0045420000   0.0137150000   0.0217630000  -0.0095870000  -0.0372730000   0.0551190000   0.0140790000   0.0235110000  -0.0767610000
   6.9341010967   6.0198272794 1807  5.93E+00   1.0502660000  -1.1244100000   2.0248140000  -0.0178000000   0.0158880000   1.7850010000   0.7727770000   0.2520770000   9.6395370000  -0.0396340000   0.2196480000   8.7395280000  -0.7202970000   0.2622020000   7.7586220000   0.0286630000  -0.0305730000   0.0064000000  -0.0285020000   0.0305270000  -0.0067180000   0.0526370000   0.0061790000   0.0458050000  -0.0406590000  -0.0118520000  -0.0146470000  -0.0121390000   0.0057190000  -0.0308390000
   6.9339563945   6.0164007918 1883  2.00E+00   1.4378230000   0.1379080000   1.9530710000  -0.0191390000  -0.0014010000   1.7711140000   0.2046670000   0.8643970000   7.7206840000   0.0426930000   0.2220790000   8.7447040000  -0.2317190000  -0.3451280000   9.7474670000   0.0088530000   0.0007990000   0.0010240000  -0.0088670000  -0.0010060000  -0.0014570000   0.0026180000   0.0409920000  -0.0571700000   0.0099480000  -0.0326950000   0.0364170000  -0.0125510000  -0.0080900000   0.0211860000
   6.9330005403   6.0173498820 2165  1.74E+01  -1.9731670000  -0.1565810000   1.9288350000  -0.3272210000  -0.5658510000   2.0309300000   0.3093300000   2.3488870000   8.7295500000   0.5882220000   1.3033850000   8.2037280000   1.0076350000   0.1962010000   7.8486560000  -0.0605800000   0.0151160000  -0.0037290000   0.0604480000  -0.0149480000   0.0035600000  -0.0048480000   0.0440380000   0.0335890000  -0.0340380000   0.0404360000  -0.0183240000   0.0390180000  -0.0846420000  -0.0150960000
   6.9316477029   6.0173057303 2376  4.33E+00   1.1074820000  -0.6979230000   1.3649130000  -0.0134020000   0.0090860000   2.0898800000  -1.1107620000   0.4705990000   8.3644060000  -0.0244180000   0.1832990000   8.1465050000   1.1262490000   0.0780710000   7.9978750000   0.0165250000  -0.0104260000  -0.0107240000  -0.0166620000   0.0103970000   0.0107940000   0.0692580000  -0.0035300000  -0.0064900000  -0.0445710000  -0.0126680000  -0.0044990000  -0.0245500000   0.0162270000   0.0109190000
   6.9332276896   6.0177302308 2623  2.56E+00   2.5896370000  -0.3969990000   2.5463680000   1.2156370000  -0.0510640000   2.4552470000  -2.0688480000  -0.8211050000   7.4384460000  -2.2825440000   0.3538390000   7.4215850000  -2.4519940000   1.5231900000   7.5688640000  -0.0166700000   0.0042060000  -0.0011190000   0.0166010000  -0.0040740000   0.0011420000   0.0074030000  -0.0320290000   0.0119910000  -0.0051740000   0.0034310000  -0.0266270000  -0.0021600000   0.0284660000   0.0146130000
   6.9346546234   6.0169202656 2696  4.57E+00  -0.5550710000  -2.1543130000   2.3389980000   0.6609590000  -1.1717590000   2.4489160000  -0.7642820000   2.1422450000   8.5620060000  -1.1276550000   2.4648890000   7.4794800000  -1.6552140000   2.6828230000   6.4465240000  -0.0302780000  -0.0245040000  -0.0027330000   0.0304510000   0.0243560000   0.0027570000  -0.0043080000  -0.0119360000   0.0230500000   0.0176340000   0.0165800000  -0.0230870000  -0.0135000000  -0.0044960000   0.0000130000
   6.9342397550   6.0196791816 2883  4.60E+00   0.5660560000  -1.5135830000   1.9735900000   1.6951860000  -0.9282040000   2.8392040000  -3.3117020000   2.3132090000   7.8841320000  -3.0128310000   1.9297610000   6.8128700000  -2.9284150000   1.6568370000   5.6986470000  -0.0228340000  -0.0119060000  -0.0175710000   0.0231510000   0.0117560000   0.0175730000  -0.0152220000   0.0075020000  -0.0045380000   0.0362110000  -0.0304140000  -0.0514960000  -0.0213070000   0.0230620000   0.0560330000
   6.9321400176   6.0194381555 3280  7.91E+00   1.8810220000  -0.8649080000   1.9517710000   0.6527610000   0.0146600000   2.2001820000  -1.2147320000  -0.9220630000   7.8454150000  -1.1990230000   0.2647880000   8.0584620000  -1.2637260000   1.3922350000   7.9951020000   0.0232450000  -0.0166120000  -0.0047110000  -0.0231720000   0.0167700000   0.0046290000  -0.0068060000  -0.0416150000  -0.0243160000   0.0072080000   0.1424850000   0.0373050000  -0.0004750000  -0.1010280000  -0.0129080000
   6.9336429587   6.0189169022 3296  4.67E+00   0.8524110000   1.1038860000   1.3469860000  -0.1783140000   0.2384460000   2.1465300000   0.1434870000   0.9612620000   8.1132160000   0.2619920000  -0.2159680000   8.1281950000   0.4966790000  -1.3718670000   7.9810130000   0.0254020000   0.0213270000  -0.0197160000  -0.0254310000  -0.0213440000   0.0196970000   0.0061210000   0.0146740000  -0.0088650000  -0.0180430000   0.0061790000   0.0204840000   0.0119510000  -0.0208360000  -0.0115990000
   6.9338678846   6.0168295937 3296  4.32E+00   0.8472270000   1.0969190000   1.3469870000  -0.1783580000   0.2388040000   2.1457360000   0.1428480000   0.9594670000   8.1106090000   0.2620250000  -0.2155150000   8.1303180000   0.4978380000  -1.3717620000   7.9859890000   0.0240630000   0.0201330000  -0.0187520000  -0.0240920000  -0.0201490000   0.0187330000   0.0065600000   0.0107340000  -0.0090250000  -0.0185760000   0.0103190000   0.0207610000   0.0120460000  -0.0210370000  -0.0117170000
   6.9326866410   6.0154850794 3556  7.16E+00   1.6046610000   0.0603330000   2.1000610000   1.5438370000  -1.1051010000   2.7559210000  -2.3874200000   2.1883090000   5.8999200000  -2.8136460000   2.3060330000   6.9474870000  -3.3117850000   2.2835730000   7.9897690000  -0.0031660000  -0.0618780000   0.0347680000   0.0034720000   0.0616180000  -0.0348870000  -0.0410490000  -0.0001890000   0.0845660000   0.0280850000   0.0100670000  -0.0455980000   0.0126590000  -0.0096190000  -0.0388490000
   6.9311957598   6.0197445137 3625  5.15E+00   1.2846670000   0.8561380000   1.7960080000  -0.0182290000  -0.0103180000   1.8545400000  -0.8385870000   0.2541530000   7.8122570000   0.0061050000   0.2982040000   8.5853720000   0.8441060000   0.2072480000   9.3687510000   0.0322710000   0.0214330000  -0.0014420000  -0.0320640000  -0.0214200000   0.0012190000   0.0504140000  -0.0075390000   0.0498590000  -0.0119450000   0.0136100000  -0.0155510000  -0.0386750000  -0.0060840000  -0.0340860000
   6.9333388361   6.0161563378 3690  3.02E+00  -0.8697870000   0.6967550000   1.2934370000   0.0134630000  -0.0070410000   2.1022960000  -1.0173170000   0.7812990000   7.9768300000   0.0184570000   0.2791600000   8.1569510000   0.9910200000  -0.3119230000   8.3201000000   0.0223640000  -0.0178360000   0.0204510000  -0.0222630000   0.0178180000  -0.0204080000   0.0180870000  -0.0172860000   0.0046500000   0.0318500000  -0.0039910000   0.0027560000  -0.0500380000   0.0212940000  -0.0074490000
   6.9338490058   6.0187245374 3804  9.51E+00  -0.5444710000  -2.1837310000   2.7770610000   0.2077290000  -0.9745060000   2.0340520000   0.0477220000   1.1800480000   7.6516440000  -0.4317940000   2.0254090000   8.2860270000  -0.7267200000   2.9916630000   8.7957440000  -0.0224740000  -0.0361000000   0.0220710000   0.0223650000   0.0359900000  -0.0225370000  -0.0043630000   0.0434680000   0.0171790000  -0.0354910000   0.0308270000   0.0368050000   0.0399630000  -0.0741850000  -0.0535180000
   6.9349018149   6.0154523179 3926  3.79E+00   1.0917030000   0.8642410000   1.3824090000  -0.0135780000  -0.0149120000   2.0482380000   0.1529150000   1.3671770000   7.9003980000   0.0251150000   0.2437230000   8.2066460000  -0.1727400000  -0.8424390000   8.6236020000   0.0265540000   0.0211060000  -0.0160130000  -0.0265540000  -0.0212520000   0.0160660000  -0.0056910000  -0.0067140000   0.0117770000   0.0118060000   0.0124920000  -0.0234140000  -0.0061150000  -0.0056330000   0.0115860000
   6.9321800116   6.0180134949 3970  5.20E+00   1.0734100000   0.3752140000   1.1848670000  -0.1231480000   0.0984690000   2.1503930000   0.8198430000  -0.9660230000   8.0559140000   0.2228570000   0.0929870000   8.0588780000  -0.4397380000   1.0684730000   8.0812740000   0.0289080000   0.0066940000  -0.0233270000  -0.0289000000  -0.0066510000   0.0233880000   0.0288170000  -0.0628290000   0.0026210000  -0.0181240000   0.0575940000  -0.0055670000  -0.0107000000   0.0051930000   0.0028850000
