   6.9349678774   6.3937117419    2  2.17E+00  -1.3127330000  -0.4669080000   1.8389920000   0.0167470000   0.0104990000   1.8489040000  -0.7170870000  -0.5397160000   9.0686920000   0.0461630000   0.1998390000   8.6067560000   0.6814970000   1.0543560000   8.1217040000   0.0198970000   0.0071190000   0.0001770000  -0.0199570000  -0.0072450000  -0.0002010000   0.0133160000   0.0296720000  -0.0141170000   0.0044280000  -0.0258660000   0.0072200000  -0.0176830000  -0.0036800000   0.0069210000
   6.9329546889   6.3911186437   76  4.11E+00   0.6101460000  -0.5728180000   1.7793230000  -0.5434140000  -1.1832950000   2.1663350000   0.7775570000   2.0678780000   9.1442230000   0.9373780000   2.4439020000   8.0129560000   1.1942580000   2.7309180000   6.9103660000  -0.0456820000  -0.0242010000   0.0152930000   0.0455830000   0.0240320000  -0.0153350000  -0.0001890000  -0.0203800000   0.0479930000  -0.0031170000   0.0286140000  -0.0645140000   0.0034060000  -0.0080640000   0.0165630000
   6.9337788655   6.3941693737  242  1.53E+00   1.2043720000   0.3254120000   2.2583230000  -0.0173440000  -0.0063620000   1.6012330000   0.3249440000   0.7399990000  10.0570100000  -0.0146110000   0.1890050000   9.0827470000  -0.3032350000  -0.1829350000   7.9865670000  -0.0116840000  -0.0031600000  -0.0063800000   0.0117760000   0.0032290000   0.0060070000   0.0012440000   0.0083320000  -0.0133740000   0.0013980000  -0.0124210000   0.0420650000  -0.0027340000   0.0040200000  -0.0283170000
   6.9332471733   6.3919677520  350  4.14E+00  -0.3428190000   1.3733280000   2.1955830000   0.0076910000  -0.0156760000   1.6216910000  -0.5370670000  -0.0086370000  10.0017030000  -0.0056990000   0.3191830000   9.0399270000   0.5245320000   0.4484640000   7.9758000000  -0.0074560000   0.0293590000   0.0120240000   0.0073090000  -0.0293750000  -0.0124230000   0.0253460000   0.0021200000  -0.0525960000  -0.0366070000   0.0086910000   0.0806880000   0.0114070000  -0.0107940000  -0.0276930000
   6.9313028098   6.3945415762  536  3.98E+00  -0.1526940000  -0.7361080000   1.9583320000   1.4203410000  -0.7636360000   2.1801420000  -2.2026320000   1.6409370000   6.8686660000  -2.5799350000   1.6233690000   8.0068300000  -2.9445280000   1.6882420000   9.1102900000  -0.0436770000   0.0006900000  -0.0062570000   0.0439100000  -0.0009250000   0.0059940000   0.0113570000   0.0065390000  -0.0355010000  -0.0165770000  -0.0109030000   0.0508800000   0.0049870000   0.0046000000  -0.0151150000
   6.9324611480   6.3918413590  558  6.21E+00   1.8626850000  -1.0877830000   2.1104710000   0.4071240000  -0.4658910000   2.0883280000   0.1774490000   1.7526250000   8.2972300000  -0.7387390000   1.0754580000   8.1612560000  -1.7735130000   0.5230140000   8.0147540000   0.0393940000  -0.0168270000   0.0006340000  -0.0393370000   0.0168570000  -0.0005400000  -0.0553220000  -0.0254460000  -0.0064640000   0.0689830000   0.0189420000   0.0062780000  -0.0137180000   0.0064740000   0.0000920000
   6.9310680186   6.3915738955  610  3.66E+00   1.4340370000   0.0406480000   2.1243750000  -0.0197820000  -0.0047340000   1.6650830000   0.5089620000   0.7527370000   9.8297350000   0.0371960000   0.2346680000   8.9104560000  -0.5284400000  -0.2201470000   8.0327420000   0.0259980000   0.0008340000   0.0081860000  -0.0258570000  -0.0007550000  -0.0083960000  -0.0241920000  -0.0138720000  -0.0293480000  -0.0106990000  -0.0248460000  -0.0409590000   0.0347510000   0.0386390000   0.0705160000
   6.9306956114   6.3939135770  676  5.74E+00   1.1352170000   1.0544360000   1.7433240000  -0.0144080000  -0.0112900000   1.8949150000  -0.0473790000  -0.8456950000   8.8779140000  -0.0251340000   0.2600540000   8.5298610000   0.0666810000   1.3281000000   8.1464420000   0.0298750000   0.0276740000  -0.0039550000  -0.0298920000  -0.0277710000   0.0039600000   0.0058860000   0.0313490000  -0.0122930000  -0.0043600000   0.0492850000  -0.0147370000  -0.0015100000  -0.0805370000   0.0270250000
   6.9336452909   6.3910718002 1233  6.54E+00  -0.2729860000  -0.1871620000   1.3875910000   1.0948860000  -0.3239390000   2.1241230000  -2.6424890000   0.9425090000   7.1514420000  -1.8951780000   0.8600890000   8.0469600000  -1.3857390000   0.7291230000   9.1131190000  -0.0324330000   0.0032350000  -0.0175210000   0.0325790000  -0.0032470000   0.0175950000  -0.0045940000  -0.0042620000   0.0275620000   0.0125460000   0.0094780000  -0.0569170000  -0.0080980000  -0.0052050000   0.0292810000
   6.9328044520   6.3936818103 1286  3.20E+00   1.4894970000  -0.2392040000   2.0808800000  -0.0234840000   0.0022230000   1.7140080000  -0.4555890000  -0.5020330000   8.0731100000   0.0050010000   0.2470760000   8.8354030000   0.4752740000   1.0081960000   9.6041030000   0.0394970000  -0.0062650000   0.0095610000  -0.0394040000   0.0063900000  -0.0097240000   0.0100590000   0.0163920000   0.0182040000  -0.0147730000  -0.0238630000  -0.0257500000   0.0046210000   0.0073470000   0.0077090000
   6.9348716004   6.3924688359 1346  7.36E+00   0.1685620000   2.1870860000   5.8081630000   1.5312370000   1.8317670000   5.1877420000  -2.2177270000  -2.1798020000   1.9141750000  -2.7810280000  -3.1394820000   2.4885190000  -3.3525560000  -4.0618090000   2.9441160000  -0.0277620000   0.0072330000   0.0127060000   0.0278730000  -0.0071580000  -0.0124110000   0.0481040000   0.0852150000  -0.0579450000  -0.0400850000  -0.0750020000   0.0583960000  -0.0081290000  -0.0102880000  -0.0007450000
   6.9328050222   6.3934824622 1382  6.46E+00  -0.5948950000  -2.6070180000   3.0607250000   0.4182520000  -1.5347690000   2.7118490000  -1.7178190000   3.2631920000   6.3578590000  -0.8013230000   3.0269370000   7.0955390000   0.2680010000   2.9814320000   7.5802650000  -0.0161230000  -0.0170680000   0.0055870000   0.0161590000   0.0170260000  -0.0054880000  -0.0152070000   0.0200600000  -0.0355410000   0.0106620000  -0.0335490000   0.0535980000   0.0045090000   0.0135310000  -0.0181560000
   6.9327875304   6.3901931768 1389  2.13E+00  -1.8134600000  -1.2392360000   2.5599210000  -0.5383960000  -0.7807850000   2.0932270000   1.9943640000   2.3953230000   8.0517010000   1.0217130000   1.6878960000   8.1685960000   0.0417760000   1.0027600000   8.2019860000   0.0091210000   0.0032670000  -0.0033790000  -0.0090420000  -0.0032360000   0.0032870000   0.0482310000   0.0368490000  -0.0098480000  -0.0164100000  -0.0164990000   0.0121870000  -0.0318990000  -0.0203810000  -0.0022470000
   6.9347365875   6.3916049788 1478  4.19E+00  -1.7668620000  -0.9773140000   2.7733700000  -0.4946280000  -1.3541150000   2.1768490000   0.8740180000   2.7972700000   6.8400480000   0.8768390000   2.7357690000   7.9996910000   1.0493560000   2.6610230000   9.1093590000  -0.0002570000   0.0000020000   0.0000990000   0.0001250000  -0.0003040000  -0.0002170000   0.0139010000  -0.0019090000   0.0391110000  -0.0100610000  -0.0044730000   0.0743310000  -0.0037090000   0.0066850000  -0.1133250000
   6.9309004455   6.3933012907 1575  3.15E+00   1.8219880000   0.8018210000   2.5837940000   1.7119480000  -0.7429730000   2.5506590000  -2.0006530000   1.4244140000   7.2828180000  -3.1382220000   1.6039580000   7.3577100000  -4.3081730000   1.7192440000   7.2935690000   0.0024420000   0.0341550000   0.0006710000  -0.0023840000  -0.0342250000  -0.0009190000  -0.0498360000   0.0033720000  -0.0052390000   0.0554030000   0.0007020000   0.0148710000  -0.0056250000  -0.0040040000  -0.0093840000
   6.9314892434   6.3942796722 1824  1.73E+01  -0.2798380000  -2.8323790000   3.1373670000  -0.6376620000  -1.2733480000   2.5637730000   0.3481250000   2.0953360000   7.9085840000   1.1270350000   2.5760270000   7.2380250000   2.0080860000   3.1963830000   6.6572810000   0.0131620000  -0.0573020000   0.0211110000  -0.0131500000   0.0573870000  -0.0209750000   0.0645130000   0.0454640000  -0.0426830000  -0.1222410000  -0.0912850000   0.0690190000   0.0577160000   0.0457350000  -0.0264720000
   6.9341293774   6.3920119784 1830  3.19E+00  -0.6645800000  -1.3483100000   1.9268720000   0.0072830000   0.0184190000   1.8005910000   0.6269700000   1.0769200000   9.2738180000   0.0083900000   0.2717740000   8.6354180000  -0.6277730000  -0.6003080000   8.1308120000  -0.0123190000  -0.0250630000   0.0022570000   0.0124130000   0.0251890000  -0.0023320000   0.0222550000   0.0263520000   0.0328290000  -0.0061600000  -0.0017820000  -0.0305820000  -0.0161900000  -0.0246950000  -0.0021720000
   6.9302238100   6.3901129513 1975  3.42E+00   0.3150820000  -1.0583320000   1.7333850000   0.7416890000   0.2472050000   2.0121630000  -0.3424860000   0.4269040000   8.3070670000  -1.3726100000  -0.1476990000   8.3929980000  -2.3511250000  -0.7962790000   8.2350880000   0.0083850000   0.0256920000   0.0054870000  -0.0084380000  -0.0257250000  -0.0055770000   0.0106970000  -0.0004550000  -0.0149570000  -0.0017590000   0.0131990000   0.0318290000  -0.0088840000  -0.0127120000  -0.0167840000
   6.9340106014   6.3927276645 2506  5.81E+00  -0.4811150000   1.2601220000   1.8431670000   0.0060210000  -0.0150000000   1.7902980000  -0.2736770000   1.2748660000   9.2913340000  -0.0191400000   0.2444760000   8.6868170000   0.2882860000  -0.7751950000   8.1313860000   0.0180160000  -0.0471150000  -0.0019260000  -0.0180630000   0.0472390000   0.0018840000  -0.0136930000   0.0679280000   0.0430390000  -0.0015450000  -0.0278020000  -0.0251810000   0.0152850000  -0.0402510000  -0.0178150000
   6.9333711614   6.3937660820 2601  3.93E+00  -1.1544680000  -0.4185120000   2.3138480000  -0.2437390000  -1.3717970000   2.0347480000   0.1580410000   2.4033430000   7.1793700000   0.4422120000   2.8037520000   8.2416860000   0.8000190000   3.0570170000   9.3270110000   0.0432670000  -0.0453710000  -0.0133510000  -0.0432890000   0.0451160000   0.0130440000   0.0089550000  -0.0036340000   0.0171450000  -0.0119550000   0.0151010000  -0.0125880000   0.0030220000  -0.0112120000  -0.0042500000
   6.9341210818   6.3921626767 3191  2.10E+00  -1.1265540000  -0.9150160000   2.0922620000  -0.3176980000   0.1399680000   1.7672300000   0.2011460000   0.7948370000   9.5260140000   0.6059090000   0.0229730000   8.7406290000   1.0016350000  -0.7657960000   7.9558240000   0.0287860000   0.0376140000  -0.0116070000  -0.0289080000  -0.0374650000   0.0114560000  -0.0006810000  -0.0007050000   0.0011080000  -0.0016520000   0.0070480000   0.0024010000   0.0024550000  -0.0064920000  -0.0033580000
   6.9314825096   6.3940393332 3317  7.56E+00  -0.6967160000  -0.4820510000   1.8913290000  -0.7426410000  -1.8839210000   2.7314660000   1.9238300000   4.7260510000   6.9749660000   1.3580050000   3.7018380000   7.0214990000   0.8095450000   2.6217940000   6.9944450000   0.0015010000   0.0456850000  -0.0274470000  -0.0015310000  -0.0458230000   0.0271330000   0.0015550000  -0.0024090000  -0.0041980000   0.0228370000   0.0556970000   0.0089420000  -0.0243630000  -0.0531500000  -0.0044300000
   6.9346419677   6.3919484440 3317  6.94E+00  -0.6888430000  -0.4924610000   1.8899090000  -0.7428010000  -1.8838990000   2.7316310000   1.9238160000   4.7270760000   6.9789280000   1.3577080000   3.7006760000   7.0200640000   0.8100840000   2.6221870000   6.9908260000   0.0017250000   0.0443840000  -0.0269160000  -0.0017550000  -0.0445210000   0.0266050000   0.0032410000   0.0007570000  -0.0041110000   0.0200560000   0.0502790000   0.0087080000  -0.0232680000  -0.0508980000  -0.0042860000
   6.9328519565   6.3919783940 3416  3.93E+00  -0.2681190000   1.1782500000   2.2035630000   0.0021040000  -0.0125020000   1.5802930000  -0.2556190000   0.0255540000  10.2137920000  -0.0719560000   0.2477200000   9.0708820000   0.3160210000   0.4643630000   7.9467240000   0.0092560000  -0.0409330000  -0.0215320000  -0.0093650000   0.0408850000   0.0211240000   0.0104020000  -0.0028060000   0.0141900000  -0.0392100000  -0.0059870000   0.0305920000   0.0289180000   0.0088410000  -0.0443740000
