   6.9478614091   6.6932711316   36  2.07E+00   0.6047070000  -1.2597850000   2.7765860000  -0.5452200000  -2.0348870000   2.5250880000   0.5591420000   3.2426270000   6.4909560000   0.9882830000   3.9597420000   7.3462890000   1.3838210000   4.7145750000   8.2095680000  -0.0187480000  -0.0127270000  -0.0041550000   0.0187570000   0.0124670000   0.0039940000  -0.0153190000  -0.0192780000  -0.0256400000  -0.0056120000  -0.0263680000  -0.0246020000   0.0209220000   0.0459070000   0.0504030000
   6.9462591692   6.6925061013   51  1.35E+01   1.6340810000  -2.3356320000   3.6208520000  -0.0613640000  -2.1267150000   3.5125620000   0.2664170000   3.8270090000   6.6309510000   0.1236670000   4.1682630000   5.5361890000  -0.1557410000   4.5000510000   4.4435310000   0.0633780000  -0.0077760000   0.0040570000  -0.0633530000   0.0078450000  -0.0040190000  -0.0145970000   0.0126500000  -0.0381110000   0.0232700000  -0.0123960000   0.0341600000  -0.0086980000  -0.0003230000   0.0039140000
   6.9484123871   6.6907769141  128  6.69E+00   0.7047020000   1.2607650000   1.9026160000  -0.0124910000  -0.0138920000   1.7760520000   1.1143760000  -0.1417560000   9.0965410000  -0.0024310000   0.2833870000   8.7455050000  -1.0945670000   0.6066400000   8.3495250000   0.0029780000   0.0052680000   0.0005460000  -0.0029170000  -0.0052770000  -0.0005260000   0.0993300000  -0.0426170000   0.0294380000  -0.0479810000   0.0323220000  -0.0093980000  -0.0514100000   0.0103040000  -0.0200600000
   6.9498850381   6.6945438147  314  1.49E+00   0.3867640000  -1.2556010000   2.1907750000  -0.0065380000   0.0188960000   1.6241610000  -0.3090920000  -0.5480300000   9.7923680000  -0.0557490000   0.2328370000   8.9649640000   0.3592300000   1.0456510000   8.2293790000  -0.0006640000   0.0020280000  -0.0009070000   0.0005830000  -0.0021740000   0.0008240000   0.0152310000   0.0149630000  -0.0064380000  -0.0218410000  -0.0085780000  -0.0094580000   0.0066910000  -0.0062390000   0.0159790000
   6.9454761155   6.6915268982  489  6.32E+00   0.2104290000  -0.6173800000   2.1742390000  -1.0075450000  -1.5739830000   2.2818210000   1.9108580000   3.6807610000   8.8659810000   1.7492090000   3.1134320000   7.8269230000   1.7946860000   2.5694230000   6.7266180000   0.0275010000   0.0215620000  -0.0025290000  -0.0277020000  -0.0217880000   0.0023290000   0.0174710000   0.0217560000   0.0339120000  -0.0324830000   0.0117540000   0.0405590000   0.0152130000  -0.0332840000  -0.0742710000
   6.9484277375   6.6941997557  708  4.79E+00  -1.3482440000   0.6662570000   2.0826090000   0.0149510000  -0.0115980000   1.6636340000  -0.0062770000  -0.7611830000   8.3157000000  -0.0155930000   0.2751310000   8.8908180000   0.0282610000   1.2582660000   9.5713850000  -0.0362150000   0.0180490000   0.0111520000   0.0362090000  -0.0179090000  -0.0111900000   0.0034950000  -0.0188230000  -0.0004850000  -0.0082630000  -0.0109680000  -0.0294590000   0.0047730000   0.0296510000   0.0299820000
   6.9485859644   6.6940868683  788  3.57E+00   0.7760870000  -1.9255480000   2.3798760000  -0.2131060000  -0.9230190000   2.0823500000   0.4786070000   3.1053250000   7.8401860000   0.2936550000   1.9678150000   8.1150160000   0.3163560000   0.8362160000   8.5193960000  -0.0048550000   0.0049340000  -0.0014690000   0.0048280000  -0.0048140000   0.0015110000   0.0155790000   0.0175300000   0.0048870000  -0.0292260000   0.0206760000  -0.0283310000   0.0136730000  -0.0383260000   0.0234020000
   6.9468448150   6.6932328165  788  3.61E+00   0.7787570000  -1.9348840000   2.3916630000  -0.2132540000  -0.9234650000   2.0815790000   0.4779700000   3.1084890000   7.8432440000   0.2941680000   1.9696000000   8.1169430000   0.3171820000   0.8345280000   8.5179960000  -0.0013050000   0.0013440000  -0.0004170000   0.0012780000  -0.0012240000   0.0004560000   0.0157080000   0.0192640000   0.0042530000  -0.0292800000   0.0224970000  -0.0285480000   0.0135980000  -0.0418810000   0.0242560000
   6.9451593522   6.6923607732  788  3.71E+00   0.7814520000  -1.9442460000   2.4034590000  -0.2134030000  -0.9239110000   2.0808090000   0.4773130000   3.1116290000   7.8462970000   0.2947300000   1.9713470000   8.1189180000   0.3179920000   0.8328920000   8.5165650000   0.0020660000  -0.0021050000   0.0006600000  -0.0020920000   0.0022260000  -0.0006240000   0.0158280000   0.0210170000   0.0036160000  -0.0293170000   0.0241190000  -0.0286700000   0.0135140000  -0.0452570000   0.0250190000
   6.9460734711   6.6925824193  970  5.97E+00   0.0546350000  -1.3210640000   1.9835280000   0.0035010000   0.0144160000   1.7893440000  -0.7746400000   1.1323900000   8.9659340000   0.0426140000   0.2791410000   8.7427540000   0.7217200000  -0.6430340000   8.4107170000  -0.0023520000   0.0611910000  -0.0089140000   0.0023170000  -0.0611160000   0.0088930000  -0.0409090000   0.0300150000   0.0033320000   0.0318310000  -0.0024720000   0.0102190000   0.0091130000  -0.0276180000  -0.0135300000
   6.9486865002   6.6927587273 1076  5.20E+00  -0.9602670000   0.5659450000   2.2365550000  -0.3106200000  -0.4721220000   1.6487470000   1.3319420000   1.7003550000   9.6131770000   0.6000200000   1.0156860000   8.9928470000  -0.1705640000   0.5470890000   8.2619620000   0.0268050000  -0.0427930000  -0.0242950000  -0.0267200000   0.0427980000   0.0240770000  -0.0006140000   0.0169230000  -0.0053940000  -0.0204240000  -0.0464140000  -0.0107360000   0.0209540000   0.0294860000   0.0163480000
   6.9475031399   6.6927052650 1107  1.98E+00  -2.5734730000  -0.5971040000   3.1425670000  -1.3964620000  -0.0921920000   2.3474490000   1.6686490000   0.9050330000   8.2128510000   2.6081040000   0.4307460000   7.6550590000   3.5098640000  -0.0426700000   7.1199940000  -0.0165780000  -0.0071290000   0.0112000000   0.0166730000   0.0071040000  -0.0111960000  -0.0207640000   0.0099060000   0.0141340000   0.0597530000  -0.0296120000  -0.0386740000  -0.0390830000   0.0197310000   0.0245360000
   6.9477573339   6.6910056195 1206  9.95E+00  -0.1939640000   1.0075900000   2.0695650000   0.5181780000  -0.4441360000   1.6246800000  -0.1760060000   0.5976450000   8.1975300000  -0.9436400000   1.0541900000   8.9766010000  -1.6912910000   1.4532930000   9.8205250000  -0.0253840000   0.0516930000   0.0157890000   0.0253030000  -0.0516600000  -0.0160140000   0.0124660000  -0.0101300000  -0.0059070000   0.0123040000  -0.0002470000  -0.0274940000  -0.0246900000   0.0103440000   0.0336260000
   6.9487797830   6.6931771953 1285  3.92E+00  -0.0265330000  -1.4532420000   2.0726310000   0.0038500000   0.0158230000   1.7019760000  -0.9012240000   0.7066580000   9.4288560000  -0.0237070000   0.2635090000   8.8060030000   0.9014620000  -0.2042620000   8.3310390000  -0.0005160000  -0.0232200000   0.0058610000   0.0003900000   0.0232800000  -0.0058630000   0.0242870000  -0.0122300000  -0.0028230000   0.0372990000  -0.0190260000  -0.0433630000  -0.0614590000   0.0311970000   0.0461880000
   6.9487555132   6.6943517753 1351  5.31E+00   0.3029850000   0.0784460000   2.0513470000  -0.5197910000  -1.2333150000   1.8914730000   0.7964510000   2.3603760000   7.3839440000   0.8721980000   2.5377180000   8.5253860000   1.1256670000   2.5767740000   9.6415560000   0.0191580000   0.0305010000   0.0036120000  -0.0192370000  -0.0307170000  -0.0038800000   0.0168550000  -0.0022230000   0.0466570000  -0.0159410000   0.0148920000   0.0182680000  -0.0008340000  -0.0124520000  -0.0646570000
   6.9461814570   6.6940383812 1437  2.96E+00   1.2825220000  -0.3795040000   2.1663060000  -0.1032050000  -0.0146280000   1.6721670000   1.0669740000  -0.2143900000   9.4815010000   0.1133660000   0.2924280000   8.9803370000  -0.7174470000   0.7795030000   8.2904910000   0.0220660000  -0.0058210000   0.0078620000  -0.0219810000   0.0057540000  -0.0079600000   0.0296710000  -0.0128600000   0.0003760000  -0.0276470000   0.0083180000   0.0181710000  -0.0021100000   0.0046080000  -0.0184500000
   6.9472061851   6.6922440890 1729  3.13E+00   0.4421280000  -1.2186200000   2.0925870000  -0.0031290000   0.0122870000   1.6946680000   0.0862630000  -0.7707480000   8.3403430000   0.0128320000   0.2489970000   8.8694210000  -0.1081230000   1.2869150000   9.4071850000  -0.0159750000   0.0441810000  -0.0143140000   0.0159740000  -0.0440650000   0.0142520000  -0.0065960000   0.0467390000   0.0258860000   0.0098180000  -0.0473090000  -0.0268110000  -0.0032210000   0.0004530000   0.0009870000
   6.9451458983   6.6940347283 1797  6.58E+00   2.2780790000  -0.4944910000   2.6947610000   0.9095240000  -0.1537240000   2.0370680000  -2.8668390000   0.4121100000   7.9142340000  -1.7034410000   0.5466660000   8.2892710000  -0.5403030000   0.6640720000   8.5208410000   0.0317940000  -0.0079240000   0.0152760000  -0.0318230000   0.0079200000  -0.0152780000  -0.0833120000  -0.0104140000  -0.0337220000   0.0505330000   0.0078500000   0.0338950000   0.0328080000   0.0025670000  -0.0001720000
   6.9476167300   6.6911304200 1939  5.25E+00   1.2156130000   0.9188960000   1.9610860000  -0.0202590000  -0.0107010000   1.7934170000   1.1256740000  -0.0357200000   8.9674970000  -0.0008420000   0.2233910000   8.7659290000  -1.1004530000   0.5512460000   8.3728260000   0.0286350000   0.0215170000   0.0038940000  -0.0285420000  -0.0215580000  -0.0039280000   0.0016310000   0.0041930000  -0.0108060000   0.0500070000  -0.0242540000   0.0401030000  -0.0517310000   0.0201010000  -0.0292630000
   6.9479252543   6.6948318110 2020  1.76E+00   0.7913420000   1.1679930000   1.8041890000  -0.0143170000  -0.0120030000   1.8052710000  -0.9075370000   0.8833710000   8.3795570000   0.0124880000   0.2461000000   8.6464960000   0.9198060000  -0.3940870000   9.0011120000  -0.0069920000  -0.0102710000   0.0000390000   0.0070550000   0.0102250000   0.0000430000   0.0419440000  -0.0299270000   0.0203300000  -0.0242550000   0.0183250000  -0.0212450000  -0.0177520000   0.0116470000   0.0008340000
   6.9450676541   6.6906100058 2020  1.64E+00   0.7971690000   1.1769500000   1.8058530000  -0.0144000000  -0.0121080000   1.8069630000  -0.9080430000   0.8826730000   8.3769730000   0.0143110000   0.2477930000   8.6438180000   0.9189940000  -0.3946970000   8.9971530000  -0.0039100000  -0.0057600000   0.0000350000   0.0039750000   0.0057140000   0.0000460000   0.0409000000  -0.0296070000   0.0200270000  -0.0211140000   0.0170310000  -0.0201910000  -0.0198510000   0.0126220000   0.0000820000
   6.9495772029   6.6931695553 2020  1.43E+00  -0.3659640000   0.7084520000   2.1574700000   0.0599450000  -0.4827590000   1.5754840000   0.2980140000   0.9525560000  10.1668470000  -0.1152150000   1.0691720000   9.0931480000  -0.4878450000   1.2988790000   8.0038750000   0.0101300000  -0.0283150000  -0.0139190000  -0.0100480000   0.0281740000   0.0136370000  -0.0094670000   0.0113990000  -0.0325330000   0.0037350000  -0.0177070000   0.0234860000   0.0056510000   0.0064480000   0.0093290000
   6.9497103098   6.6949183982 2661  6.49E+00  -0.5628510000  -1.9814280000   2.7710430000  -0.1792230000  -0.8805900000   1.9454730000  -0.8286140000   1.6837720000   8.0956170000   0.3238680000   1.9279110000   8.4481260000   1.5160340000   2.0793400000   8.6728470000   0.0034050000   0.0096890000  -0.0072850000  -0.0033010000  -0.0097110000   0.0072170000  -0.0804840000  -0.0216710000  -0.0305810000  -0.0023700000   0.0159320000   0.0214010000   0.0827500000   0.0057610000   0.0092480000
   6.9459430780   6.6947968238 2821  6.44E+00   1.3170650000  -1.3671220000   2.3431120000   0.2436890000  -0.3608960000   1.8126980000   0.5478880000   0.7412190000   9.2157240000  -0.4425500000   1.0303000000   8.6202330000  -1.5156910000   1.0615470000   8.1136140000   0.0262480000  -0.0245710000   0.0129950000  -0.0261540000   0.0246090000  -0.0129620000   0.0158200000  -0.0223450000   0.0193180000   0.0043250000   0.0378970000  -0.0194920000  -0.0202390000  -0.0155900000   0.0001410000
   6.9496012149   6.6901006089 2847  4.13E+00   1.5853910000  -1.2795420000   2.6641660000   0.8257860000  -0.1595720000   1.8381530000  -2.2978610000   0.5450760000   7.7121420000  -1.5328310000   0.5852390000   8.5883740000  -0.7755080000   0.5808160000   9.4937580000   0.0208280000  -0.0306730000   0.0226620000  -0.0207090000   0.0306760000  -0.0226440000   0.0141670000  -0.0019080000   0.0210320000  -0.0199760000   0.0047800000  -0.0315780000   0.0056900000  -0.0028740000   0.0105290000
   6.9463768723   6.6900788700 3038  2.04E+00   2.2026700000   1.0223390000   2.8846230000   1.4858480000  -0.0690840000   2.3367160000  -3.3993410000  -0.2797620000   6.9026440000  -2.7547460000   0.3512920000   7.7039460000  -2.0921420000   0.9843340000   8.4633540000  -0.0097570000  -0.0148290000  -0.0074140000   0.0097790000   0.0148610000   0.0074750000  -0.0289540000  -0.0283380000  -0.0375270000   0.0109650000   0.0113790000   0.0189830000   0.0179670000   0.0169270000   0.0184840000
   6.9460529098   6.6913239103 3330  5.84E+00   0.9229900000  -0.7322700000   2.2630460000  -0.0136910000   0.0062560000   1.6145060000   0.6895300000   0.9088290000   9.7259710000  -0.0432320000   0.2755580000   9.0673350000  -0.6468480000  -0.4131250000   8.2625920000  -0.0389190000   0.0307390000  -0.0270150000   0.0390310000  -0.0306340000   0.0268020000   0.0071220000  -0.0039060000  -0.0089230000   0.0178930000   0.0445430000   0.0599680000  -0.0251260000  -0.0407420000  -0.0508320000
   6.9460150090   6.6901778907 3366  1.16E+01   1.6568460000  -1.2471460000   2.8311190000   0.8587550000  -0.2202180000   1.8381780000  -0.8382730000   0.7542740000   9.4882100000  -1.6741150000   0.6150940000   8.6349010000  -2.2981910000   0.6500480000   7.6721140000   0.0260950000  -0.0335750000   0.0324700000  -0.0260060000   0.0335310000  -0.0324940000   0.0408560000   0.0164950000   0.0206470000  -0.0878600000  -0.0267470000  -0.0656660000   0.0469150000   0.0102960000   0.0450440000
   6.9453928898   6.6938730015 3366  1.09E+01   1.6560580000  -1.2321560000   2.8301110000   0.8592230000  -0.2205470000   1.8374940000  -0.8375990000   0.7536150000   9.4878370000  -1.6752830000   0.6165350000   8.6372610000  -2.3002760000   0.6503280000   7.6741950000   0.0253290000  -0.0321530000   0.0315540000  -0.0252380000   0.0321090000  -0.0315800000   0.0400930000   0.0160650000   0.0194400000  -0.0864130000  -0.0262050000  -0.0630230000   0.0462300000   0.0101840000   0.0436090000
