   6.9422063023   6.5849823168   45  2.87E+00  -0.1758210000  -2.0511160000   2.7963090000  -1.3782610000  -1.2008410000   2.5295800000   2.7626580000   2.3724620000   6.1964980000   2.4416390000   2.5224350000   7.3157960000   2.2988650000   2.5481470000   8.5032390000   0.0139440000  -0.0099060000   0.0031130000  -0.0140990000   0.0098420000  -0.0030690000   0.0107910000  -0.0062420000   0.0108030000  -0.0181280000   0.0130780000  -0.0512170000   0.0074910000  -0.0067730000   0.0403690000
   6.9415514244   6.5820739506  194  3.70E+00   0.2919320000  -1.2632890000   2.3778280000  -0.0059530000   0.0171000000   1.5280380000  -0.4559640000   0.2625680000  10.2687710000  -0.0334560000   0.2590750000   9.1425650000   0.4924170000   0.2248060000   8.0879300000   0.0073070000  -0.0315740000   0.0208550000  -0.0074150000   0.0315380000  -0.0211270000  -0.0117070000  -0.0016930000   0.0528760000   0.0025430000   0.0036220000  -0.0529980000   0.0092710000  -0.0018930000   0.0003940000
   6.9410271473   6.5836229832  804  3.02E+00  -0.8309500000   1.2562710000   2.6972120000  -0.8489070000   0.3952550000   1.6425420000   1.7530560000  -0.5253310000  10.1126600000   1.6207280000  -0.5052540000   8.9473450000   1.3222680000  -0.4608510000   7.7986100000  -0.0007510000  -0.0338900000  -0.0416550000   0.0006130000   0.0339820000   0.0413100000  -0.0105740000   0.0015090000   0.0019300000   0.0251590000  -0.0034950000   0.0122690000  -0.0144460000   0.0018940000  -0.0138540000
   6.9424054431   6.5812704149  839  1.50E+00   1.3283310000  -0.5107920000   1.8202590000  -0.0146620000   0.0066420000   1.8342660000  -1.0672620000   0.6467460000   8.9553490000  -0.0298210000   0.2214160000   8.5890320000   1.0791880000  -0.1262760000   8.3226360000  -0.0067020000   0.0025790000   0.0000420000   0.0065800000  -0.0025540000  -0.0000090000  -0.0047440000   0.0087000000   0.0104810000  -0.0257160000  -0.0054820000  -0.0121780000   0.0305810000  -0.0032420000   0.0016640000
   6.9441007908   6.5833081479 1237  2.50E+00   2.1381370000  -0.6459470000   3.9906760000   2.4234340000  -0.1900620000   5.2732510000  -5.1368710000   0.2908180000   1.4361520000  -4.4688830000   0.6853100000   2.3186780000  -3.7462820000   0.8723030000   3.2370950000   0.0070430000   0.0111500000   0.0314070000  -0.0067680000  -0.0112340000  -0.0314280000   0.0023600000  -0.0140000000   0.0012010000  -0.0099240000   0.0260070000  -0.0098970000   0.0072890000  -0.0119230000   0.0087170000
   6.9420614881   6.5816270158 1553  1.87E+00  -2.1085060000  -0.2007120000   3.6507190000  -1.8140490000  -0.0964100000   2.2210980000   2.5070910000   0.8187600000   7.1004450000   3.3569750000   0.4562440000   7.8802750000   4.1654850000   0.0205530000   8.6623420000  -0.0008850000  -0.0003270000   0.0038850000   0.0006690000   0.0002100000  -0.0041120000  -0.0416050000   0.0134000000  -0.0358220000   0.0029670000   0.0128320000  -0.0039130000   0.0388540000  -0.0261150000   0.0399630000
   6.9425280012   6.5849846806 1612  5.29E+00   1.2703980000   0.5630250000   2.2601190000  -0.0150910000  -0.0063920000   1.5667470000  -0.2175510000   0.8612000000   8.0911870000   0.0643940000   0.2452130000   9.0897050000   0.1645380000  -0.3611540000  10.1192880000   0.0321550000   0.0141870000   0.0172600000  -0.0320670000  -0.0143190000  -0.0175090000  -0.0226780000   0.0268270000  -0.0387880000   0.0292380000  -0.0033930000  -0.0037560000  -0.0066480000  -0.0233030000   0.0427930000
   6.9437110234   6.5838639440 1694  1.97E+01   0.6882730000  -1.2304270000   6.1348290000   0.3438240000  -2.2774020000   5.2346770000  -0.4954820000   3.9894800000   3.3991880000  -0.3990460000   4.4603680000   2.3075960000  -0.9654700000   4.8012300000   1.3399380000  -0.0037130000  -0.0114750000  -0.0097790000   0.0038300000   0.0111770000   0.0097450000  -0.0506910000  -0.0029530000  -0.0036950000   0.0823250000   0.0248910000  -0.0396520000  -0.0317510000  -0.0216400000   0.0433800000
   6.9400871518   6.5817935961 1952  9.10E+00  -0.9667190000  -0.2274440000   1.6875400000   0.4465500000  -0.9738140000   2.0697490000  -0.4793220000   1.3183880000   9.0595610000  -0.8288240000   2.0515560000   8.2413140000  -1.0677540000   2.7069840000   7.3117540000  -0.0469600000   0.0247580000  -0.0127200000   0.0469980000  -0.0249060000   0.0126980000  -0.0064340000   0.0248140000  -0.0408990000  -0.0082110000  -0.0010890000   0.0209140000   0.0146060000  -0.0235760000   0.0200070000
   6.9403105876   6.5849423922 2004  8.27E+00  -1.5138990000  -1.0482920000   2.5242530000  -0.2277210000  -1.1147650000   1.9989510000  -0.4596910000   2.6936990000   9.0069970000   0.4182390000   2.2155770000   8.3364740000   1.3783960000   1.9642050000   7.5937520000   0.0313960000  -0.0016310000  -0.0128200000  -0.0315800000   0.0015590000   0.0127690000  -0.0355610000   0.0343070000   0.0272660000  -0.0430510000  -0.0278420000   0.0324580000   0.0787950000  -0.0063930000  -0.0596730000
   6.9425795727   6.5809999090 2236  2.71E+00  -1.1678210000  -1.1267410000   2.6598150000  -2.2095300000  -1.3168840000   3.6333300000   2.8622470000   2.5969880000   5.1393990000   4.0351040000   2.5959120000   5.3562640000   5.2171210000   2.7897740000   5.5275530000  -0.0054730000  -0.0010600000   0.0050770000   0.0053550000   0.0008190000  -0.0051480000  -0.0273840000   0.0124940000  -0.0075880000  -0.0339360000  -0.0338710000   0.0014310000   0.0614370000   0.0216170000   0.0062270000
   6.9411690418   6.5840053508 2291  3.87E+00   0.3570650000  -1.0364860000   2.3731730000   0.2869610000   0.2557340000   1.5325630000  -0.2186960000  -0.1879950000  10.2826290000  -0.6177540000  -0.1806880000   9.1920560000  -0.7732060000  -0.2005840000   8.0146110000   0.0015200000  -0.0272850000   0.0176170000  -0.0014110000   0.0272900000  -0.0179940000   0.0075810000  -0.0016840000  -0.0297860000  -0.0222480000   0.0037380000   0.0466520000   0.0145580000  -0.0020590000  -0.0164890000
   6.9424761281   6.5844897173 2949  1.18E+00   1.0438800000   0.0109820000   2.3062860000  -0.0888090000  -0.5205490000   1.5675720000  -0.0053030000   1.5933200000  10.2064540000   0.0735320000   1.2098660000   9.0752650000   0.3278720000   0.7851670000   8.0078350000  -0.0004800000  -0.0002300000  -0.0004210000   0.0004320000   0.0002070000   0.0000940000   0.0083670000   0.0104610000   0.0426700000  -0.0193180000  -0.0082580000  -0.0483260000   0.0110000000  -0.0021790000   0.0059830000
   6.9428415688   6.5830311269 2950  6.93E+00  -0.8450260000  -1.0273110000   1.8957560000   0.0103750000   0.0130620000   1.7818330000   0.3737160000  -0.7704480000   9.2388650000  -0.0369560000   0.2312990000   8.6755770000  -0.3445480000   1.2839750000   8.2312600000   0.0385730000   0.0468900000  -0.0050950000  -0.0385560000  -0.0469820000   0.0051480000   0.0309950000  -0.0578330000   0.0420980000  -0.0326360000   0.0396860000  -0.0442240000   0.0016240000   0.0182380000   0.0020720000
   6.9419948551   6.5826075479 3136  5.12E+00   0.7636460000  -1.0973330000   1.8184970000  -0.0066480000   0.0140520000   1.8470850000   0.8276880000  -0.5183060000   8.3548650000   0.0307170000   0.2902620000   8.5807960000  -0.8656570000   0.9870370000   8.8653960000  -0.0343770000   0.0495970000   0.0012590000   0.0343310000  -0.0495140000  -0.0012110000  -0.0340740000   0.0197160000   0.0134330000   0.0316250000  -0.0046320000  -0.0156790000   0.0024950000  -0.0151660000   0.0021980000
   6.9403953746   6.5820308042 3391  2.19E+00  -0.6919840000  -1.3257720000   1.7784810000   0.0081380000   0.0160270000   1.8906300000   1.1098910000   0.5704230000   8.6942560000   0.0003820000   0.2858870000   8.4935590000  -1.1072250000  -0.0938790000   8.3765390000  -0.0113660000  -0.0218120000  -0.0018260000   0.0114420000   0.0218580000   0.0019030000  -0.0230210000  -0.0123350000   0.0026400000   0.0217790000   0.0182930000  -0.0101160000   0.0011650000  -0.0060050000   0.0073990000
   6.9442336006   6.5802336615 3443  1.78E+00  -1.2844640000  -2.2983960000   3.9042910000  -0.3153190000  -1.9060460000   2.9134920000   0.9804740000   4.5833500000   5.8539700000   0.6193400000   3.7809090000   6.6683390000   0.2102950000   2.9300690000   7.3446540000   0.0044250000   0.0017820000  -0.0045450000  -0.0043990000  -0.0017670000   0.0044810000   0.0089420000   0.0241300000  -0.0352180000  -0.0156050000  -0.0420490000   0.0591150000   0.0066370000   0.0179040000  -0.0238320000
   6.9437119153   6.5820140026 3842  5.91E+00  -1.3396520000   0.5357840000   2.5007350000  -0.2937470000   1.5875720000   1.9722510000   0.4656770000  -2.1650360000   7.3261390000   0.5698640000  -2.6864180000   8.3476400000   0.6579720000  -3.0930800000   9.4010570000  -0.0271940000  -0.0272320000   0.0136090000   0.0271050000   0.0274570000  -0.0139280000   0.0045070000  -0.0191780000   0.0570980000   0.0039520000  -0.0229160000   0.0262850000  -0.0083700000   0.0418690000  -0.0830640000
