   6.9499343847   6.4093254286   20  9.75E+00  -1.0401760000  -1.4838070000   2.1483880000  -0.0105830000  -0.3405330000   1.9265130000  -0.4688600000  -0.1551770000   8.3167460000   0.1106720000   0.8738190000   8.5841270000   0.5041650000   1.9810670000   8.4835400000  -0.0236430000  -0.0262460000   0.0050470000   0.0237230000   0.0263060000  -0.0052010000  -0.0338950000  -0.0336920000  -0.0321510000   0.0452850000   0.0270990000   0.0552170000  -0.0114690000   0.0065320000  -0.0229130000
   6.9467148852   6.4096611810  405  2.31E+00   0.3853680000  -1.4550910000   1.7414720000  -0.0067070000   0.0167070000   1.9328050000   0.1162960000  -0.8919100000   8.6934920000   0.0010350000   0.2461210000   8.4656830000  -0.1078560000   1.4030600000   8.1899250000   0.0077120000  -0.0289570000  -0.0037320000  -0.0077070000   0.0288800000   0.0037620000  -0.0009710000   0.0147540000  -0.0046240000   0.0034880000  -0.0469430000   0.0134420000  -0.0025220000   0.0322670000  -0.0088480000
   6.9457798078   6.4075883478  467  3.09E+00  -1.7378420000  -1.1381840000   2.3149730000  -0.3236860000  -0.8201090000   2.1347210000   1.2920980000   2.6984700000   7.7533810000   0.6385120000   1.7920710000   8.1468170000  -0.0453700000   0.8114340000   8.3248580000  -0.0027490000  -0.0006120000   0.0003260000   0.0027930000   0.0006630000  -0.0004230000   0.0090700000   0.0107980000  -0.0185930000   0.0225510000   0.0361750000   0.0224250000  -0.0316650000  -0.0470250000  -0.0037350000
   6.9458008591   6.4076350242  610  3.21E+00   1.4069360000   0.0405100000   2.1099910000  -0.0194160000  -0.0046980000   1.6600800000   0.5064810000   0.7556110000   9.8394630000   0.0397850000   0.2320330000   8.9172200000  -0.5280240000  -0.2212130000   8.0438270000   0.0165460000   0.0005460000   0.0051940000  -0.0164080000  -0.0004700000  -0.0053920000  -0.0224680000  -0.0111690000  -0.0247360000  -0.0155270000  -0.0307670000  -0.0511810000   0.0378570000   0.0418600000   0.0761160000
   6.9479398618   6.4086502560  688  3.93E+00  -1.2884490000  -0.1962370000   1.6314940000   0.0175560000   0.0026200000   1.9338720000  -0.6348630000   1.2049990000   8.1948170000  -0.0028280000   0.2605520000   8.4441580000   0.6304830000  -0.7136430000   8.7063630000   0.0562100000   0.0085500000   0.0130200000  -0.0561740000  -0.0085950000  -0.0129570000   0.0118970000  -0.0194550000   0.0070640000  -0.0269200000   0.0442600000  -0.0153370000   0.0149880000  -0.0247600000   0.0082100000
   6.9458713397   6.4093551337 1109  6.52E+00  -1.8237530000   0.1265170000   2.3434390000  -0.9163510000  -1.1484680000   2.1956220000   1.9153520000   2.2669390000   6.8212340000   1.6307870000   2.3044550000   7.9619680000   1.5518040000   2.4185490000   9.0898260000  -0.0232920000   0.0326020000   0.0037870000   0.0230380000  -0.0327960000  -0.0038640000   0.0133780000   0.0069760000   0.0115210000  -0.0342450000  -0.0043220000   0.0714560000   0.0211210000  -0.0024600000  -0.0829000000
   6.9469752070   6.4071911804 1116  1.23E+01   0.8373300000  -2.0584780000   3.6571890000   0.7446020000  -1.6326880000   2.3873760000  -1.2876950000   4.3476550000   8.1339100000  -1.4193990000   3.2381800000   7.5447400000  -1.4182450000   2.1928590000   7.0499270000  -0.0046700000   0.0215450000  -0.0643680000   0.0047730000  -0.0216260000   0.0641950000   0.0202850000   0.1138680000   0.0640170000  -0.0272150000  -0.1465230000  -0.0835570000   0.0068270000   0.0327360000   0.0197130000
   6.9488017798   6.4053331667 1179  1.99E+00   1.1697640000  -0.0409150000   1.6038390000  -0.2520480000  -0.1330170000   1.8995610000  -0.5565430000   0.9416230000   8.9637240000   0.4008770000   0.4269160000   8.4941070000   1.4406970000   0.0924650000   8.0730580000   0.0003230000   0.0000220000  -0.0001030000  -0.0004440000  -0.0000130000   0.0001310000  -0.0059390000   0.0181830000   0.0098270000   0.0115090000  -0.0338180000  -0.0192570000  -0.0054500000   0.0156260000   0.0094030000
   6.9483957250   6.4078617085 1286  2.67E+00   1.4766120000  -0.2366570000   2.0722870000  -0.0232820000   0.0022090000   1.7089440000  -0.4585200000  -0.4963480000   8.0825380000   0.0071300000   0.2424990000   8.8465940000   0.4764130000   1.0058550000   9.6121070000   0.0361920000  -0.0057270000   0.0087510000  -0.0360990000   0.0058480000  -0.0089110000   0.0126580000   0.0216230000   0.0226530000  -0.0160070000  -0.0284070000  -0.0282920000   0.0032550000   0.0066640000   0.0057990000
   6.9497237898   6.4085962140 1385  1.68E+01   1.5988560000   1.3364990000   5.5884440000   1.8408820000  -0.1922260000   6.0457410000  -2.4597490000   0.9866850000   1.4430410000  -3.4672800000   0.7461970000   0.8678010000  -4.2319200000   0.0166350000   0.3607100000  -0.0073250000   0.0467710000  -0.0138830000   0.0075620000  -0.0468400000   0.0142150000   0.0067490000  -0.0381860000  -0.0019470000  -0.0411030000   0.0584900000  -0.0140770000   0.0341170000  -0.0202350000   0.0156920000
   6.9473702498   6.4074574488 1502  3.51E+00   1.1327430000   0.6495950000   1.5029080000  -0.0142900000  -0.0136990000   1.9979350000  -0.5657770000   1.3257140000   8.2395170000  -0.0031830000   0.2580930000   8.3455940000   0.5681680000  -0.8043010000   8.4238050000  -0.0163310000  -0.0094470000   0.0070580000   0.0163390000   0.0094270000  -0.0070030000  -0.0294060000   0.0569930000  -0.0057650000   0.0000350000  -0.0035450000   0.0020090000   0.0293640000  -0.0534270000   0.0037010000
   6.9479763713   6.4078480612 1515  5.05E+00   1.0881530000  -0.6284230000   1.5666780000  -0.1299190000  -0.2378490000   2.0136600000   0.5695360000   1.7777830000   8.0558870000   0.1650560000   0.7269680000   8.3183580000  -0.1131490000  -0.4083720000   8.5453280000  -0.0525770000   0.0168610000   0.0192930000   0.0525520000  -0.0168310000  -0.0192370000  -0.0047770000  -0.0399220000   0.0076540000   0.0018130000   0.0677970000  -0.0112630000   0.0029890000  -0.0279060000   0.0035530000
   6.9492817942   6.4095765022 1762  2.34E+00  -0.0574960000   1.5943560000   2.3216420000  -0.3576660000   0.2510770000   1.6538560000   0.8854570000   0.3653820000   9.9320940000   0.6743050000  -0.2886070000   8.9708100000   0.3982350000  -0.8154380000   7.9287130000   0.0056260000   0.0252040000   0.0124630000  -0.0056320000  -0.0250380000  -0.0127520000  -0.0007820000   0.0175010000   0.0098400000   0.0135840000  -0.0079060000   0.0276400000  -0.0127960000  -0.0097600000  -0.0371910000
   6.9481896511   6.4064679680 2069  4.14E+00  -1.0186930000   0.1559100000   1.5645350000  -1.2884440000   1.2165690000   2.5672560000   2.4857630000  -2.4134530000   6.2579380000   2.2937440000  -1.9649910000   7.2922640000   2.2913180000  -1.5094240000   8.3489100000   0.0022750000  -0.0090270000  -0.0085770000  -0.0023540000   0.0091080000   0.0086800000   0.0028580000   0.0293640000   0.0715960000  -0.0179620000  -0.0072940000  -0.0224760000   0.0151840000  -0.0221510000  -0.0492220000
   6.9483178723   6.4099195035 2116  3.29E+00   1.5427410000   2.3856290000   3.0518140000   0.3412120000   1.5843350000   2.5834410000  -0.7149160000  -3.5669060000   6.5064880000  -0.6581100000  -2.6905220000   7.2551540000  -0.5923370000  -1.7885090000   7.9536810000   0.0197060000   0.0131320000   0.0076770000  -0.0197160000  -0.0131870000  -0.0076590000   0.0027590000   0.0370770000   0.0280850000   0.0010240000   0.0190910000   0.0186430000  -0.0037740000  -0.0561130000  -0.0467470000
   6.9499641034   6.4087909116 2235  1.97E+00  -0.2319070000  -1.2397030000   2.1808040000  -0.0004360000   0.0171850000   1.6183700000   0.0448030000  -0.2678390000  10.0626060000   0.0037250000   0.1835990000   8.9793840000  -0.0308100000   0.8099660000   7.9778650000   0.0050820000   0.0275390000  -0.0123760000  -0.0050780000  -0.0277230000   0.0121130000   0.0004610000   0.0112790000   0.0065200000  -0.0007380000  -0.0260380000  -0.0085610000   0.0002730000   0.0149440000   0.0023050000
   6.9471589044   6.4055814421 2441  4.38E+00  -0.5463080000  -1.4448820000   1.8101950000   0.0051960000   0.0145470000   1.9020260000  -0.3165420000  -0.8409560000   8.8312040000  -0.0265510000   0.2612650000   8.5245030000   0.3449430000   1.3508820000   8.1574440000  -0.0133960000  -0.0354340000  -0.0021890000   0.0133540000   0.0353480000   0.0021950000   0.0014210000  -0.0139480000   0.0010910000  -0.0232300000  -0.0350080000   0.0176690000   0.0218500000   0.0490410000  -0.0187660000
   6.9492866138   6.4073737127 2467  6.38E+00   0.4101190000   0.2315370000   1.6252520000  -0.8844290000  -0.1977330000   1.8873180000   0.5091100000   0.8144280000   8.0588670000   1.6324750000   0.6242920000   8.4549060000   2.6566080000   0.3775320000   9.0671430000  -0.0328650000  -0.0109280000   0.0066640000   0.0329940000   0.0108760000  -0.0068210000  -0.0527750000   0.0050830000  -0.0029300000  -0.0036270000   0.0129460000  -0.0465170000   0.0562730000  -0.0179760000   0.0496030000
   6.9466372380   6.4084478665 2473  4.24E+00  -1.0775770000  -2.1359970000   2.9654260000  -0.8750820000  -0.9543080000   2.2810170000   2.6035300000   2.6570540000   7.5056760000   1.6107120000   2.0543390000   7.8100060000   0.6255780000   1.3890550000   8.0537870000   0.0059760000   0.0348250000  -0.0202040000  -0.0058990000  -0.0347970000   0.0200700000   0.0423930000   0.0221420000  -0.0155130000   0.0089220000   0.0159840000   0.0046960000  -0.0513920000  -0.0381530000   0.0109500000
   6.9453142623   6.4077068833 2482  1.23E+00   0.3826520000  -2.1470580000   3.1498520000   0.5994940000  -1.1906820000   2.0868430000  -0.4972440000   1.5240000000   7.7865250000  -1.0433520000   2.4975010000   8.1129130000  -1.7376450000   3.3706370000   8.5036810000   0.0005680000   0.0024670000  -0.0028440000  -0.0005740000  -0.0024930000   0.0025580000  -0.0239860000   0.0184240000   0.0141310000   0.0412390000  -0.0208590000  -0.0226720000  -0.0172460000   0.0024610000   0.0088270000
   6.9456986262   6.4081448586 2489  5.92E+00   1.2819550000  -0.8639120000   1.8449990000  -0.0157210000   0.0104670000   1.8663620000   0.9081890000  -0.3458820000   8.1975330000   0.0205470000   0.2943380000   8.5762720000  -0.9258680000   0.8147520000   8.9281750000   0.0318390000  -0.0214620000  -0.0005800000  -0.0319460000   0.0215570000   0.0005240000  -0.0379730000   0.0151280000   0.0141500000  -0.0295010000   0.0334850000   0.0137930000   0.0675820000  -0.0487080000  -0.0278870000
   6.9473474522   6.4085412935 2540  5.82E+00  -0.5130410000  -2.6480580000   4.0013040000  -0.9734210000  -1.6382830000   2.8670410000   1.0005590000   2.5864570000   7.2629910000   1.7420850000   3.3339830000   6.7207210000   2.5854890000   3.9472240000   6.1221880000   0.0126880000  -0.0278380000   0.0312170000  -0.0126660000   0.0278260000  -0.0313650000  -0.0033470000  -0.0171750000   0.0049690000  -0.0369230000   0.0002210000   0.0220810000   0.0402480000   0.0169660000  -0.0269020000
   6.9495438223   6.4087844466 2790  2.19E+01  -1.9973430000  -1.2766550000   2.5122040000  -0.3038610000  -0.8766650000   2.0884050000   1.4282360000   2.7466910000   8.0910750000   0.6325610000   1.8338300000   8.1428920000  -0.2597030000   1.0230480000   8.2089980000  -0.0689150000  -0.0162820000   0.0171970000   0.0690110000   0.0163330000  -0.0172710000   0.0380640000   0.0557620000  -0.0012650000   0.0082700000  -0.0246510000  -0.0040010000  -0.0464300000  -0.0311620000   0.0053400000
   6.9467410748   6.4077806199 2926  4.25E+00  -0.4296970000  -1.2403100000   1.5642110000   0.0059950000   0.0149110000   1.9818160000  -0.3126080000   1.4157440000   8.4339370000   0.0203870000   0.2539720000   8.3333880000   0.2944370000  -0.9150500000   8.3151900000   0.0102900000   0.0296570000   0.0098570000  -0.0102880000  -0.0296150000  -0.0097660000  -0.0212490000   0.0622050000   0.0113210000   0.0137100000  -0.0156150000  -0.0168060000   0.0075360000  -0.0466320000   0.0053930000
   6.9485745967   6.4093288145 2993  5.03E+00   0.8801000000   0.4619350000   1.8428790000   0.0979070000  -0.6538390000   1.8404630000  -1.0606690000   0.9596880000   7.9342080000  -0.1874370000   1.3611310000   8.6498240000   0.6569540000   1.9425190000   9.2657650000  -0.0303220000  -0.0433110000  -0.0000980000   0.0304910000   0.0432860000  -0.0000510000  -0.0293260000  -0.0013540000  -0.0266670000   0.0030090000  -0.0288240000   0.0117780000   0.0261480000   0.0302030000   0.0150370000
   6.9489284650   6.4067687356 3263  4.67E+00   0.5021090000  -1.2028400000   2.3396650000  -0.6857890000  -0.4106390000   1.6929830000   0.7535850000   0.8021120000   7.8170440000   1.2608590000   1.1101200000   8.8482840000   1.6932530000   1.1788080000   9.9392010000   0.0296580000  -0.0198040000   0.0160280000  -0.0296770000   0.0197250000  -0.0164350000  -0.0121960000  -0.0197610000  -0.0098650000   0.0160200000   0.0351600000   0.0035500000  -0.0038050000  -0.0153200000   0.0067210000
   6.9457154096   6.4090900307 3785  3.42E+00  -1.2889960000   0.0310470000   2.2888180000   0.0166920000  -0.0033980000   1.5570620000   0.2325020000   0.2547130000  10.2975110000   0.0640790000   0.2135280000   9.0990200000  -0.2827610000   0.2876800000   7.9525320000  -0.0153270000   0.0003930000   0.0084710000   0.0153770000  -0.0004340000  -0.0088460000  -0.0012920000   0.0088530000   0.0672360000   0.0233860000  -0.0180800000  -0.0323680000  -0.0221440000   0.0092680000  -0.0344920000
   6.9480651521   6.4065252536 3896  3.05E+00   1.0660220000   1.2351070000   2.4595040000  -0.1130580000   0.6614080000   1.6472090000  -0.2384570000  -0.5094610000   7.9445820000   0.1317730000  -0.9409060000   8.9915600000   0.6370160000  -1.4775810000   9.9251570000   0.0247990000   0.0120660000   0.0169730000  -0.0247130000  -0.0120100000  -0.0173290000   0.0005340000   0.0020500000  -0.0270320000  -0.0215080000   0.0178280000   0.0108550000   0.0208890000  -0.0199340000   0.0165330000
