   6.9467769780   6.4301052635   20  2.70E+00  -0.7149700000   1.2579670000   1.8601850000   0.0062610000  -0.0115560000   1.7955560000  -0.2646700000   1.2479840000   8.0952710000  -0.0531100000   0.2174060000   8.6966230000   0.3183200000  -0.7450590000   9.2927560000  -0.0015760000   0.0027610000   0.0000900000   0.0015900000  -0.0029320000  -0.0002030000  -0.0009680000   0.0542260000  -0.0277700000  -0.0191010000  -0.0302790000   0.0102780000   0.0200550000  -0.0237760000   0.0176040000
   6.9485360578   6.4317886155  420  7.90E+00   0.7836840000  -1.6418770000   2.7410370000   0.1126930000  -0.6675000000   1.6972190000  -0.3040940000   2.3496910000   9.7224570000  -0.2357640000   1.5226410000   8.8425700000  -0.1311110000   0.6320400000   7.9916340000   0.0177050000  -0.0257090000   0.0273910000  -0.0176820000   0.0257020000  -0.0277780000  -0.0020190000   0.0438870000   0.0519260000  -0.0078040000   0.0273050000   0.0105520000   0.0098000000  -0.0711850000  -0.0620900000
   6.9455781914   6.4333306717  690  2.79E+00   1.1225150000  -2.5286570000   3.9649110000  -0.2965820000  -2.2076470000   3.9925540000   0.5118170000   4.1570190000   3.5179370000   0.4772130000   4.3540070000   4.6383930000   0.5404250000   4.4469570000   5.8116430000   0.0004000000  -0.0000850000  -0.0000000000  -0.0004210000   0.0001030000   0.0000520000   0.0047110000   0.0081490000   0.0840130000  -0.0118500000  -0.0018890000  -0.0881660000   0.0071610000  -0.0062780000   0.0041020000
   6.9467347315   6.4332420412  693  3.88E+00  -1.9878230000   0.4458590000   2.6229700000  -0.6624110000   0.2589270000   1.7695240000   0.5412980000   0.4820820000   8.0852100000   1.2580260000  -0.2240150000   8.7281200000   1.9477880000  -0.9474740000   9.3611280000  -0.0366280000   0.0051360000   0.0234930000   0.0366380000  -0.0052500000  -0.0237670000  -0.0201120000   0.0175980000  -0.0158050000   0.0092750000  -0.0034580000   0.0048620000   0.0108260000  -0.0140270000   0.0112170000
   6.9498683821   6.4346167071  790  3.92E+00  -0.0055160000   1.0159540000   1.6121010000  -0.6400320000  -0.2680680000   1.9464690000   0.2635760000   0.6911510000   9.1236800000   1.1831210000   0.7256500000   8.4534120000   2.0450810000   0.7265670000   7.7088610000   0.0030770000   0.0062940000  -0.0016480000  -0.0032280000  -0.0063050000   0.0016200000   0.0626130000  -0.0000420000  -0.0537340000   0.0065930000   0.0025740000   0.0016540000  -0.0690550000  -0.0025220000   0.0521080000
   6.9469732540   6.4346413213  934  2.56E+00  -0.7912470000  -0.9980880000   1.5319830000   0.1595150000   0.0401180000   1.9959060000  -0.9567880000   1.1744320000   8.2306320000  -0.2316110000   0.2081130000   8.3505110000   0.3838500000  -0.7804630000   8.4373030000  -0.0076190000  -0.0083300000  -0.0037120000   0.0076700000   0.0082940000   0.0037730000  -0.0440700000   0.0484180000  -0.0066520000   0.0559280000  -0.0553590000   0.0080890000  -0.0119090000   0.0069770000  -0.0014970000
   6.9463459167   6.4333400994 1246  2.95E+00   0.6695320000   1.2928500000   1.7129060000  -0.0047620000  -0.0204020000   1.8678860000   0.3376980000  -0.7901210000   8.2458260000   0.0382020000   0.2777930000   8.5556250000  -0.3847770000   1.2896940000   8.8960980000   0.0057830000   0.0112900000  -0.0012880000  -0.0057980000  -0.0111780000   0.0013140000  -0.0237670000   0.0472770000   0.0190230000   0.0113220000   0.0089280000  -0.0049110000   0.0124590000  -0.0563160000  -0.0141390000
   6.9480596591   6.4312676777 1731  3.95E+00  -0.3940930000   1.4456090000   1.9499170000   0.0855050000   0.1902060000   1.8023160000  -0.0414720000   0.8955170000   9.2540140000  -0.1461230000  -0.1522680000   8.7071970000  -0.2510380000  -1.1345490000   8.0866590000   0.0215510000  -0.0563650000  -0.0066110000  -0.0215340000   0.0564820000   0.0065640000   0.0018280000   0.0226900000   0.0057390000  -0.0033780000  -0.0415370000  -0.0118420000   0.0015340000   0.0187310000   0.0061500000
   6.9479604621   6.4313417985 1844  2.90E+00  -0.7848580000   1.1422350000   1.8638770000  -0.6345570000  -0.3174350000   1.8528680000   1.7532260000   0.1963900000   7.8023750000   1.1361950000   0.8392580000   8.5341030000   0.6124180000   1.3746360000   9.4211950000  -0.0006290000   0.0058230000   0.0000760000   0.0004690000  -0.0057250000  -0.0001200000  -0.0214030000   0.0222930000   0.0474370000  -0.0000370000   0.0002990000  -0.0348790000   0.0216010000  -0.0226910000  -0.0125140000
   6.9466260207   6.4305530786 2250  2.95E+00  -1.3613010000   0.1526140000   1.8701680000   0.0534860000  -0.0233630000   1.7997690000  -0.6407200000  -0.5565470000   8.1704680000  -0.0576710000   0.2885180000   8.6920220000   0.5026550000   1.1346960000   9.1993440000   0.0130410000  -0.0015900000  -0.0006730000  -0.0129430000   0.0017290000   0.0005680000   0.0270960000   0.0419040000   0.0267140000   0.0182820000   0.0238950000   0.0132410000  -0.0454760000  -0.0659380000  -0.0398500000
   6.9488980869   6.4323055850 2863  5.76E+00  -2.0702900000  -0.8979620000   3.5849950000  -1.3181190000  -0.9818500000   2.2037040000   1.5814890000   1.9870440000   7.1182230000   2.4342850000   2.1540340000   7.9071830000   3.3045410000   2.0437730000   8.7153790000  -0.0196200000   0.0021170000   0.0358680000   0.0194850000  -0.0023160000  -0.0361210000   0.0088480000  -0.0159020000   0.0088450000  -0.0317290000   0.0367260000  -0.0302710000   0.0230170000  -0.0206250000   0.0216790000
   6.9481888713   6.4307589625 2889  2.93E+00   0.2061510000   1.3109340000   1.9698520000  -0.0044510000  -0.0207700000   1.7222210000  -0.1905480000   1.1830440000   9.5251190000   0.0460330000   0.2479060000   8.8343740000   0.1652310000  -0.6603360000   8.1188470000  -0.0072490000  -0.0457920000  -0.0085190000   0.0072420000   0.0459330000   0.0083980000  -0.0118980000   0.0179700000   0.0111030000   0.0224710000  -0.0409360000  -0.0278630000  -0.0105660000   0.0228250000   0.0168810000
   6.9455516276   6.4344677725 2914  7.33E+00   1.6733970000   0.1352400000   1.5897270000   0.9050420000  -0.8904570000   2.4541740000  -1.3709010000   0.9415480000   8.2188160000  -1.6838680000   1.8280240000   7.4295850000  -1.9904560000   2.8124750000   6.8481200000   0.0165480000   0.0220980000  -0.0186150000  -0.0166380000  -0.0220180000   0.0187120000   0.0202000000  -0.0516480000   0.0647400000  -0.0152160000   0.0302720000  -0.0690020000  -0.0048940000   0.0212950000   0.0041650000
   6.9475256438   6.4320023202 3426  1.04E+00  -1.4356690000  -0.6439840000   1.7418460000  -0.0567760000  -0.3540730000   2.0172710000   0.8846830000   0.0105180000   8.5129720000   0.1380920000   0.9197980000   8.3256120000  -0.6143460000   1.7955680000   8.0537280000   0.0085630000   0.0017930000   0.0017140000  -0.0085420000  -0.0018080000  -0.0016800000   0.0186810000  -0.0249040000   0.0008080000  -0.0049350000   0.0109770000   0.0078180000  -0.0137680000   0.0139410000  -0.0086600000
   6.9455988900   6.4321847426 3537  5.75E+00  -1.2242420000   0.7284930000   2.2315350000   0.0126800000  -0.0118020000   1.5863370000   0.2250150000   0.7159530000  10.1172370000  -0.0886190000   0.2687980000   9.0682290000  -0.1446820000  -0.2170200000   8.0133210000  -0.0329310000   0.0197410000   0.0170980000   0.0329070000  -0.0196320000  -0.0174090000   0.0205830000   0.0015470000   0.0099240000  -0.0398060000  -0.0122930000  -0.0401890000   0.0192460000   0.0106370000   0.0305760000
   6.9471817767   6.4342449999 3601  1.63E+01   0.9810570000   0.1063690000   1.6592270000  -0.3616660000  -0.8678070000   1.9699900000   0.5149760000   2.9125640000   8.6572770000   0.6766640000   1.8505070000   8.3770140000   0.7214900000   0.7132790000   8.1121760000   0.0486150000   0.0353280000  -0.0112700000  -0.0486510000  -0.0351930000   0.0110450000   0.0129680000  -0.1512260000  -0.0365090000  -0.0028370000   0.1296090000   0.0272630000  -0.0100950000   0.0214830000   0.0094720000
   6.9476598423   6.4310098649 3719  3.53E+00  -1.8438490000   1.1733170000   2.4117730000  -0.7791510000   0.2601330000   1.9196400000   1.4511960000  -1.2123140000   7.7690280000   1.4280640000  -0.1946240000   8.3861600000   1.4842020000   0.6729970000   9.1976110000  -0.0097090000   0.0083780000   0.0045450000   0.0096880000  -0.0082140000  -0.0045220000   0.0060790000  -0.0282980000   0.0025680000  -0.0125050000   0.0197420000  -0.0323080000   0.0064480000   0.0083920000   0.0297170000
   6.9481167707   6.4320124178 3922  3.21E+00   0.3998360000  -1.7864110000   2.8258340000  -0.7258050000  -1.3652840000   2.1458290000   1.0249310000   2.5984420000   6.8992050000   1.3095540000   2.6937800000   8.0581020000   1.5916450000   2.9981310000   9.1579700000  -0.0329430000   0.0122460000  -0.0199180000   0.0328720000  -0.0125620000   0.0197480000  -0.0072830000   0.0119380000  -0.0331030000   0.0062430000  -0.0263720000   0.0321050000   0.0011100000   0.0147500000   0.0011670000
   6.9458910100   6.4322499079 3940  7.83E+00  -1.0980690000  -0.9830250000   2.0660200000  -1.5226250000   0.3370870000   2.2864190000   3.1131450000  -0.5582810000   6.6546900000   2.7588700000  -0.2281850000   7.7931170000   2.4893230000  -0.2043110000   8.9471410000  -0.0079370000   0.0245120000   0.0040700000   0.0076810000  -0.0244120000  -0.0040820000   0.0310920000  -0.0410070000  -0.0780460000  -0.0309090000   0.0580570000   0.0547730000   0.0000730000  -0.0171500000   0.0232850000
   6.9469870398   6.4335656874 3989  6.10E+00   0.7052780000   0.5918630000   1.6465110000   0.1740800000  -0.7345740000   2.0098690000  -1.3842870000   1.4375420000   7.8617210000  -0.3888430000   1.6056770000   8.4314730000   0.7623620000   1.6761080000   8.6684830000   0.0031510000   0.0078400000  -0.0021580000  -0.0030670000  -0.0078740000   0.0020650000   0.0494310000  -0.0001420000  -0.0006800000  -0.0521750000   0.0074960000   0.0256960000   0.0026600000  -0.0073200000  -0.0249240000
