   6.9679914978   6.0758671971   90  3.00E+00   1.0365570000  -0.0944090000   1.8148090000  -0.2657500000  -0.4683260000   1.8169580000   0.0089780000   1.5075280000   9.6550810000   0.4430800000   1.1334250000   8.6480450000   0.9203180000   0.6741690000   7.6653860000  -0.0562750000  -0.0161530000  -0.0000010000   0.0560860000   0.0161310000  -0.0004360000   0.0129460000  -0.0142420000  -0.0211990000  -0.0206020000   0.0240300000   0.0274420000   0.0078440000  -0.0097660000  -0.0058060000
   6.9667948598   6.0793909042  260  3.69E+00   0.7029400000   1.0887680000   1.5858410000  -0.0062710000  -0.0079430000   1.9333700000  -0.8305050000  -0.3789370000   8.9990640000  -0.0070710000   0.2350980000   8.4635850000   0.8228470000   0.8611970000   7.8929130000  -0.0320820000  -0.0496090000   0.0156770000   0.0319100000   0.0494720000  -0.0158290000   0.0208910000   0.0160930000  -0.0148250000  -0.0316010000  -0.0247250000   0.0222980000   0.0108820000   0.0087700000  -0.0073220000
   6.9668456097   6.0766704845  425  3.63E+00   1.2469110000  -1.5411750000   2.2723740000   0.6601700000  -0.2157370000   2.0118110000  -0.0853500000   0.7519240000   7.9644370000  -1.2246460000   0.7238670000   8.3795770000  -2.3709220000   0.5668860000   8.5555920000   0.0031890000  -0.0072700000   0.0013770000  -0.0033030000   0.0071980000  -0.0016870000   0.0504180000  -0.0064200000  -0.0317210000  -0.0557410000   0.0136060000   0.0472950000   0.0054380000  -0.0071150000  -0.0152650000
   6.9686515243   6.0794911799  434  3.01E+00   2.6079870000  -0.5141350000   5.6339360000   1.9431860000  -0.9893820000   4.4005580000  -3.2786900000   2.0664830000   4.9954640000  -3.5887490000   2.1396340000   3.8675620000  -3.8963010000   1.9885770000   2.7699520000   0.0048820000   0.0034530000   0.0089880000  -0.0047820000  -0.0034850000  -0.0091540000  -0.0058140000  -0.0141900000  -0.0132550000  -0.0081440000   0.0227400000  -0.0406940000   0.0138580000  -0.0085180000   0.0541140000
   6.9667784433   6.0790978111  688  5.12E+00  -1.1913830000   0.5081910000   2.0111730000  -0.6994280000  -0.7696210000   1.9521330000   0.6540220000   1.6144440000   7.3779820000   1.3450240000   1.6503900000   8.3985060000   1.9044480000   1.6459470000   9.4423480000   0.0169900000  -0.0442230000  -0.0021510000  -0.0170410000   0.0439810000   0.0016800000  -0.0556130000  -0.0040960000  -0.0688650000   0.0496980000   0.0066150000   0.0430470000   0.0059660000  -0.0022780000   0.0262890000
   6.9666101661   6.0774155753  694  1.55E+00  -0.8746680000   0.3235620000   1.8407230000   0.1899250000  -0.5341290000   1.7761360000  -0.1495220000   0.6334620000   7.7306710000  -0.3205250000   1.2087090000   8.7286180000  -0.5032870000   1.7940230000   9.7315560000   0.0378300000  -0.0304760000  -0.0023720000  -0.0378460000   0.0304720000   0.0019270000  -0.0043800000   0.0130030000   0.0231990000   0.0059100000  -0.0160500000  -0.0274480000  -0.0015140000   0.0030510000   0.0046930000
   6.9663124006   6.0782799129  822  2.84E+00   1.2103560000  -0.6264390000   1.9653570000  -0.0117870000   0.0099960000   1.7586060000   0.5472200000   0.6655720000   7.7755170000   0.0245600000   0.2155030000   8.7781780000  -0.5830460000  -0.1501290000   9.7291990000  -0.0285050000   0.0147960000  -0.0048930000   0.0283910000  -0.0149530000   0.0044920000   0.0234490000   0.0295110000  -0.0552840000  -0.0034960000  -0.0253060000   0.0349290000  -0.0198390000  -0.0040480000   0.0207550000
   6.9671303609   6.0772321400  958  4.98E+00   0.9786690000  -0.3780420000   1.4232300000  -0.1353360000   0.2830650000   1.9603820000  -0.0755200000   0.6832540000   9.0392380000   0.2870840000  -0.1878390000   8.3533410000   0.4742480000  -1.2444490000   7.8108400000  -0.0215220000   0.0128010000   0.0103500000   0.0214990000  -0.0125470000  -0.0104150000  -0.0061280000  -0.0247280000   0.0002050000   0.0117690000   0.0688210000   0.0048630000  -0.0056180000  -0.0443470000  -0.0050030000
   6.9673507068   6.0776249230  963  5.11E+00   0.1410880000  -1.5465820000   1.7179160000   0.0026710000   0.0159520000   1.9221780000  -0.9981530000   0.4953290000   9.0288970000  -0.0397950000   0.2168780000   8.4559770000   1.0057980000   0.0473070000   7.9163650000   0.0036840000  -0.0420890000  -0.0055150000  -0.0039220000   0.0420970000   0.0053650000   0.0445180000  -0.0037450000  -0.0200270000  -0.0652130000  -0.0014010000   0.0234330000   0.0209340000   0.0051380000  -0.0032560000
   6.9691063682   6.0755911343 1165  4.04E+00  -0.0683860000  -0.0899650000   1.4336050000  -1.3165230000  -0.4758230000   2.2608860000   2.2306010000   1.2042800000   9.0487920000   2.3513100000   1.1373000000   7.8528990000   2.5836270000   1.0116700000   6.6755210000   0.0269440000   0.0083290000  -0.0179540000  -0.0272730000  -0.0084120000   0.0177990000   0.0010040000  -0.0000980000   0.0572400000  -0.0183560000   0.0085210000  -0.0083820000   0.0176820000  -0.0083400000  -0.0487030000
   6.9687718823   6.0772786840 1317  3.74E+00   0.0407010000   1.3228990000   1.7429890000  -0.0012000000  -0.0218960000   1.8438500000   0.4018840000  -0.5824140000   7.8817850000  -0.0184020000   0.2469550000   8.6279460000  -0.3846390000   1.1107050000   9.3239890000  -0.0019780000  -0.0625470000   0.0046850000   0.0018780000   0.0627260000  -0.0049340000   0.0127890000  -0.0162420000  -0.0175580000  -0.0185920000   0.0196200000   0.0249840000   0.0059030000  -0.0035580000  -0.0071760000
   6.9672025539   6.0782729072 2071  8.01E-01  -2.2869360000  -0.0167740000   2.8998410000  -1.1960160000   0.2228540000   2.0643090000   2.1094870000  -0.1281620000   9.3556020000   2.2403320000  -0.1629360000   8.1936480000   2.3259790000  -0.1737770000   7.0022880000   0.0245990000   0.0054210000  -0.0188980000  -0.0249470000  -0.0053890000   0.0186690000  -0.0022540000   0.0014070000  -0.0044700000   0.0020310000  -0.0025740000   0.0350320000   0.0005710000   0.0011340000  -0.0303330000
   6.9663927876   6.0789384363 2903  2.96E+00   1.4355310000  -0.8616130000   2.0308960000   0.2669450000  -1.4726370000   2.4504650000  -0.2376020000   3.1243110000   6.3959680000  -0.5660460000   2.9748190000   7.4903930000  -0.7610980000   2.7391680000   8.6160440000  -0.0325220000  -0.0170560000   0.0116570000   0.0324970000   0.0167600000  -0.0117300000  -0.0057560000  -0.0115420000   0.0539580000  -0.0068020000   0.0137950000  -0.0387590000   0.0125830000  -0.0019570000  -0.0151250000
   6.9677908290   6.0766737077 2914  4.67E+00   0.2870370000  -2.3351260000   2.4653040000   1.1041600000  -1.0029540000   2.5499320000  -1.9823060000   2.6619780000   6.2873060000  -2.0111130000   2.1084010000   7.3154260000  -2.0404870000   1.5990460000   8.3319210000  -0.0201180000  -0.0328110000  -0.0020430000   0.0202060000   0.0326060000   0.0021030000  -0.0015570000  -0.0059280000   0.0198970000  -0.0001410000  -0.0331840000   0.0512440000   0.0016110000   0.0393170000  -0.0712010000
   6.9677977031   6.0790439249 2930  3.68E+00   2.3055910000  -0.4628760000   3.0501530000   1.0565480000  -0.7736370000   2.1098160000  -1.6227810000   1.6879780000   6.9797670000  -1.9899270000   1.6924110000   8.0952960000  -2.3053050000   1.6221030000   9.2152110000   0.0356050000   0.0087930000   0.0267160000  -0.0353600000  -0.0090400000  -0.0270140000   0.0003290000  -0.0042000000   0.0083410000  -0.0076360000   0.0084970000   0.0047470000   0.0070620000  -0.0040490000  -0.0127910000
   6.9671911250   6.0760261826 3048  4.98E+00   1.1603610000   0.5534000000   1.5765370000  -0.0130250000  -0.0072600000   1.9542750000   0.8181630000  -0.4560140000   8.9111040000  -0.0141950000   0.2338630000   8.4365710000  -0.8155650000   0.9695190000   7.8973320000  -0.0511500000  -0.0244730000   0.0164800000   0.0512920000   0.0243280000  -0.0165950000   0.0139010000  -0.0073140000   0.0039120000   0.0258330000  -0.0335120000   0.0260350000  -0.0398760000   0.0409710000  -0.0298320000
   6.9667610496   6.0787584557 3530  1.33E+00   0.7165930000   1.3826410000   1.9939840000   0.0949810000   0.0166800000   1.7247000000   0.0731930000   0.5851770000   9.8802990000  -0.1573790000   0.2056460000   8.8047560000  -0.4745540000  -0.2222950000   7.7719990000   0.0110640000   0.0242770000   0.0047390000  -0.0109370000  -0.0241510000  -0.0051090000  -0.0101570000  -0.0100850000  -0.0153790000   0.0075900000   0.0017380000  -0.0178920000   0.0024400000   0.0082220000   0.0336410000
   6.9691195687   6.0767846769 3556  1.95E+00  -1.3643790000   0.3772850000   1.7322810000  -0.2974140000  -0.4936280000   1.9760090000  -0.4530400000   1.1152240000   7.8338830000   0.5507410000   1.1540470000   8.3879240000   1.6109220000   1.1476360000   8.8927140000   0.0223410000  -0.0182330000   0.0050600000  -0.0221950000   0.0181740000  -0.0052520000   0.0578690000  -0.0006220000   0.0281880000  -0.0594140000   0.0036670000  -0.0240320000   0.0013990000  -0.0029870000  -0.0039650000
   6.9670193907   6.0785206035 3686  2.40E+00  -2.0972090000   0.0444170000   2.1961380000  -0.6871590000  -0.0475900000   2.0430310000   2.2293730000  -0.3617350000   8.5090230000   1.2665400000   0.3226110000   8.2909850000   0.3838090000   1.0421040000   7.9263980000   0.0162530000  -0.0010810000  -0.0017960000  -0.0161960000   0.0009380000   0.0016310000   0.0437240000  -0.0253790000   0.0008580000  -0.0229790000   0.0019770000   0.0169500000  -0.0208010000   0.0235450000  -0.0176430000
   6.9690313770   6.0772922680 3719  8.34E-01  -1.8542750000   0.7267630000   2.6193530000  -0.8110060000   0.2590890000   1.8216520000   1.2583190000   0.1549410000   7.5348410000   1.5291240000  -0.2540410000   8.6325080000   1.7609570000  -0.6163030000   9.7231560000   0.0239080000  -0.0107530000  -0.0184130000  -0.0241320000   0.0107030000   0.0179490000  -0.0112600000   0.0173840000  -0.0376610000   0.0130120000  -0.0190120000   0.0346970000  -0.0015280000   0.0016770000   0.0034280000
   6.9670071512   6.0793270556 3832  8.04E+00   0.4314410000  -2.2188580000   2.6183090000  -0.4026510000  -0.9828720000   2.0867670000  -0.1164820000   1.3345570000   7.6997740000   0.7601330000   2.0614940000   8.1055430000   1.5296070000   2.8540570000   8.6298350000   0.0226350000  -0.0334810000   0.0143650000  -0.0224930000   0.0334420000  -0.0146440000  -0.0473130000  -0.0300410000  -0.0110680000   0.0010830000  -0.0271770000  -0.0309240000   0.0460880000   0.0572570000   0.0422710000
