   6.9645514403   6.7044875531  128  7.48E+00   0.7205770000   1.2876820000   1.9005810000  -0.0126620000  -0.0142470000   1.7709500000   1.1157140000  -0.1424620000   9.1073860000  -0.0024330000   0.2812960000   8.7540050000  -1.0960480000   0.6089910000   8.3579070000   0.0090900000   0.0161150000   0.0016280000  -0.0090290000  -0.0161250000  -0.0016070000   0.1010620000  -0.0427660000   0.0302870000  -0.0460530000   0.0308400000  -0.0090760000  -0.0550700000   0.0119360000  -0.0212310000
   6.9622677598   6.7034879509  225  5.93E+00  -0.9596300000  -2.1858500000   2.8027010000  -0.5857830000  -0.9146730000   2.0991580000   0.9480580000   1.1380180000   8.9378900000   1.1467940000   1.8856580000   8.0428320000   1.1770500000   2.8399190000   7.3652960000  -0.0046280000  -0.0158140000   0.0088120000   0.0046970000   0.0158040000  -0.0086790000  -0.0120650000   0.0116980000   0.0194320000   0.0236370000  -0.0116110000  -0.0463490000  -0.0116410000  -0.0000770000   0.0267840000
   6.9608650626   6.7026437711  288  3.98E+00  -1.9488440000  -0.3027720000   3.2944670000  -1.6256690000  -1.8379070000   3.1071880000   3.8619580000   4.3652180000   6.4342110000   2.9578270000   3.6201120000   6.2926670000   2.1593840000   2.8028810000   6.1174860000  -0.0086860000   0.0408900000   0.0049270000   0.0085150000  -0.0410570000  -0.0051080000   0.0149390000   0.0014750000  -0.0009460000  -0.0525070000  -0.0276070000  -0.0038370000   0.0377390000   0.0262990000   0.0049640000
   6.9642926901   6.7006819037  314  1.69E+00   0.3808820000  -1.2369670000   2.1784040000  -0.0064620000   0.0186370000   1.6208570000  -0.3072010000  -0.5480950000   9.8016240000  -0.0573640000   0.2313190000   8.9720370000   0.3585430000   1.0469760000   8.2320920000  -0.0035900000   0.0115120000  -0.0051200000   0.0035080000  -0.0116610000   0.0050310000   0.0152780000   0.0149840000  -0.0064770000  -0.0254110000  -0.0154170000  -0.0032620000   0.0102150000   0.0005820000   0.0098280000
   6.9639184473   6.7031419399  439  2.20E+00  -0.3971190000   0.0566490000   1.7277060000  -0.8233520000  -1.3413960000   2.2317760000   1.8898750000   2.7473110000   6.7982830000   1.4738550000   2.6780530000   7.9021580000   1.1407470000   2.6256470000   9.0159050000   0.0091510000   0.0301280000  -0.0109110000  -0.0093090000  -0.0302700000   0.0108890000   0.0087780000   0.0025400000  -0.0048940000  -0.0197000000  -0.0047000000   0.0216470000   0.0110800000   0.0023010000  -0.0167310000
   6.9605094985   6.7045892157  607  3.29E+00   2.0453900000  -1.6765320000   3.4220260000   1.0745660000  -1.0566770000   2.3792990000  -1.0746640000   1.6962990000   8.1023620000  -1.9788610000   2.1972910000   7.5750480000  -2.9353220000   2.7248040000   7.1138730000   0.0221610000  -0.0141540000   0.0237950000  -0.0222420000   0.0142110000  -0.0237990000  -0.0272290000   0.0152840000  -0.0078850000   0.0456240000  -0.0255330000   0.0096220000  -0.0183140000   0.0101910000  -0.0017330000
   6.9632066162   6.7009969556  656  4.04E+00   0.4992160000   0.5018540000   2.2247380000   0.6670170000  -0.7361560000   1.6876640000  -1.0824500000   1.7856530000  10.0500990000  -1.2129760000   1.5323990000   8.8950170000  -1.3696710000   1.3965780000   7.7048650000   0.0068300000  -0.0500250000  -0.0217780000  -0.0066610000   0.0499100000   0.0215140000   0.0020750000   0.0141870000   0.0310710000   0.0067560000  -0.0154220000   0.0224230000  -0.0089990000   0.0013490000  -0.0532300000
   6.9605488560   6.7027891956  685  6.34E-01  -0.8041530000   0.7115620000   2.4103030000   0.0130660000  -0.0093180000   1.4521720000  -0.0187840000   0.2143470000  10.4593220000  -0.0410800000   0.2216940000   9.3115340000   0.0350320000   0.3086080000   8.1473810000   0.0008310000  -0.0007530000  -0.0011310000  -0.0008750000   0.0007310000   0.0007560000   0.0060290000   0.0060380000  -0.0536590000  -0.0118980000  -0.0103400000   0.0346750000   0.0059140000   0.0043240000   0.0193590000
   6.9617211224   6.7027989034 1042  4.02E+00  -2.0240930000  -0.9693860000   2.6965030000  -1.0943010000  -0.0415100000   2.0569450000   1.2385270000   0.8540730000   8.9261500000   2.0314690000   0.4126840000   8.1835660000   2.8291850000  -0.2078150000   7.4888980000  -0.0019230000  -0.0018900000   0.0013450000   0.0018410000   0.0019790000  -0.0012830000   0.0001920000  -0.0102120000   0.0040860000  -0.0517690000   0.0599200000   0.0357040000   0.0516590000  -0.0497970000  -0.0398510000
   6.9603490750   6.7019231379 1074  4.94E+00  -0.3053960000  -1.5306090000   2.7035240000  -0.0793820000  -0.4883730000   1.5678920000   0.0997970000   2.0154940000   9.9477020000   0.1944300000   1.1383350000   9.1123750000   0.1699370000   0.3531220000   8.2121000000  -0.0053200000  -0.0245010000   0.0265740000   0.0053080000   0.0245140000  -0.0268560000  -0.0123060000   0.0562680000   0.0451700000   0.0197900000  -0.0388390000  -0.0163620000  -0.0074720000  -0.0174420000  -0.0285270000
   6.9625799071   6.7042820193 1282  4.02E+00   0.7678380000  -0.8826220000   2.2703760000  -0.0099100000   0.0080180000   1.5586580000   0.1968520000  -0.5297370000   8.2381390000  -0.0656470000   0.2765680000   9.0850000000  -0.1464510000   1.0253540000  10.0156220000  -0.0231020000   0.0264640000  -0.0212130000   0.0230550000  -0.0263400000   0.0210010000   0.0190720000  -0.0286560000  -0.0197310000  -0.0270410000   0.0055640000  -0.0183600000   0.0080160000   0.0229680000   0.0383040000
   6.9639273724   6.7025100984 1339  6.59E+00  -0.5220540000  -1.7769650000   3.3912010000   0.5573860000  -1.9473010000   2.4370840000  -1.1560210000   4.7100190000   8.2027120000  -1.0076060000   3.9112100000   7.3793320000  -0.8384020000   2.8787680000   6.8738030000   0.0012640000  -0.0002870000  -0.0011980000  -0.0012070000   0.0000620000   0.0009200000   0.0076800000  -0.0506540000  -0.0097920000  -0.0022520000   0.0260150000  -0.0354970000  -0.0054840000   0.0248640000   0.0455660000
   6.9616480928   6.7043856408 1535  4.10E+00  -1.1096490000  -1.5916290000   3.0697080000  -1.6694910000  -0.6314170000   2.2880220000   1.8755480000   1.2516350000   7.6579010000   3.0638480000   1.4354680000   7.7476510000   4.2321860000   1.6121650000   7.9068190000  -0.0229130000   0.0392970000  -0.0320630000   0.0229190000  -0.0393690000   0.0318330000  -0.0508340000  -0.0076840000   0.0015500000   0.0148280000   0.0024330000  -0.0107800000   0.0360000000   0.0053240000   0.0094600000
   6.9604717119   6.7035069810 1535  3.63E+00  -1.1164200000  -1.5933070000   3.0786280000  -1.6697320000  -0.6314950000   2.2879130000   1.8790780000   1.2518990000   7.6540830000   3.0631280000   1.4361920000   7.7478550000   4.2308290000   1.6118510000   7.9104660000  -0.0215090000   0.0373840000  -0.0308070000   0.0215140000  -0.0374560000   0.0305790000  -0.0447520000  -0.0069090000   0.0018380000   0.0094920000   0.0019200000  -0.0110610000   0.0352560000   0.0050610000   0.0094510000
   6.9633510436   6.7024424420 1939  5.86E+00   1.2285740000   0.9279990000   1.9579040000  -0.0203860000  -0.0108240000   1.7883100000   1.1267820000  -0.0355080000   8.9797460000  -0.0032820000   0.2237650000   8.7751500000  -1.0999080000   0.5507930000   8.3793610000   0.0319300000   0.0239820000   0.0043450000  -0.0318430000  -0.0240210000  -0.0043770000   0.0088370000   0.0025510000  -0.0094970000   0.0400800000  -0.0218400000   0.0380810000  -0.0490040000   0.0193280000  -0.0285520000
   6.9622779700   6.7041744734 2144  5.23E+00  -0.1382360000  -1.9227540000   2.1469860000  -0.9415670000  -0.8052270000   2.2539190000   0.7034060000   1.9312580000   8.4584770000   1.6716760000   1.7496630000   7.7782280000   2.7527970000   1.5855900000   7.3117470000  -0.0237160000   0.0329920000   0.0031730000   0.0237220000  -0.0329140000  -0.0030380000  -0.0219800000   0.0070660000   0.0347990000  -0.0056610000  -0.0057580000  -0.0406280000   0.0276340000  -0.0013860000   0.0056940000
   6.9647840924   6.7029997605 2406  1.83E+00  -1.2675700000   1.5231870000   2.4851300000  -1.2882370000   0.1562870000   2.0398580000   3.3686430000  -0.7070590000   8.3126810000   2.3941050000  -0.0456840000   8.1981850000   1.3477380000   0.5525250000   8.1900480000  -0.0000970000  -0.0075230000  -0.0024910000   0.0001800000   0.0074530000   0.0023490000   0.0125380000  -0.0150640000   0.0089460000   0.0333550000  -0.0052530000  -0.0163870000  -0.0459760000   0.0203860000   0.0075840000
   6.9605178717   6.7019420879 2415  4.10E+00   2.6009720000   0.5039320000   3.0652600000   1.2994150000   0.3121220000   2.2286760000  -3.1176480000  -0.8950900000   7.1223680000  -2.4021330000  -0.3018870000   7.8368850000  -1.7325430000   0.2188270000   8.6720340000   0.0308080000   0.0045420000   0.0198480000  -0.0308560000  -0.0045230000  -0.0197470000  -0.0003300000  -0.0019380000   0.0123310000  -0.0103550000  -0.0044990000  -0.0391020000   0.0107330000   0.0064190000   0.0266690000
   6.9600151700   6.7012862785 2874  1.40E+00   1.4770000000  -1.2262860000   3.1069540000   0.8979320000  -0.8667860000   1.8864410000  -0.8611720000   1.1391830000   8.0337070000  -1.6264790000   1.8933230000   8.4993810000  -2.4953850000   2.5333800000   8.9699410000  -0.0123080000   0.0076300000  -0.0260570000   0.0123210000  -0.0076410000   0.0257900000  -0.0155260000   0.0009570000   0.0068300000   0.0268200000   0.0033550000  -0.0096320000  -0.0113070000  -0.0043000000   0.0030690000
   6.9648104057   6.7000534145 3085  4.62E+00   1.6462270000  -0.8603550000   2.4713760000   0.3805850000  -1.2264600000   2.1135920000  -1.2841560000   2.8488890000   7.1644220000  -0.7265440000   2.4919620000   8.0963660000  -0.1748820000   2.1475250000   9.0473630000  -0.0473180000  -0.0136980000  -0.0133440000   0.0473930000   0.0136200000   0.0133970000   0.0346280000  -0.0208470000   0.0621570000  -0.0102160000   0.0046270000  -0.0233320000  -0.0244870000   0.0162980000  -0.0388790000
   6.9629158052   6.7040828024 3239  3.00E+00   1.0277830000  -0.7437280000   2.4166860000  -0.0119600000   0.0097030000   1.4925890000   0.4752950000   0.4001960000   8.1675290000  -0.0059260000   0.2588360000   9.2290650000  -0.4758690000   0.0915710000  10.2988270000   0.0279840000  -0.0203210000   0.0247790000  -0.0280590000   0.0202560000  -0.0250640000  -0.0010350000  -0.0020370000   0.0062480000   0.0059570000   0.0057380000  -0.0196270000  -0.0048470000  -0.0036360000   0.0136640000
   6.9600660671   6.7040673917 3265  3.40E+00  -1.2184020000  -0.6712040000   2.0004700000   0.0184620000   0.0122460000   1.7696370000  -0.9830140000  -0.3703700000   9.0853260000   0.0013480000   0.2820570000   8.7861920000   0.9665610000   0.8274320000   8.3560700000   0.0093660000   0.0051860000  -0.0017240000  -0.0094080000  -0.0051980000   0.0017260000  -0.0586920000  -0.0443220000   0.0109340000   0.0372450000   0.0376960000   0.0053440000   0.0214890000   0.0066380000  -0.0162790000
   6.9609678963   6.7026408021 3300  4.44E+00  -1.4085120000  -0.4344360000   2.1652410000   0.0182860000   0.0065390000   1.6639080000   0.8333090000  -0.2596400000   8.3114850000   0.0066620000   0.2256070000   8.9488020000  -0.8408940000   0.7726650000   9.5254940000  -0.0372200000  -0.0114800000   0.0130800000   0.0371100000   0.0115310000  -0.0131480000  -0.0400190000   0.0272380000   0.0271640000   0.0214440000  -0.0188140000  -0.0098390000   0.0186850000  -0.0084750000  -0.0172570000
   6.9604470938   6.7020647283 3337  4.71E+00  -2.3116760000  -1.5869370000   4.6216130000  -2.0628130000  -0.6970500000   3.3438300000   4.4597550000   1.3843670000   4.8585470000   3.7810460000   1.5683460000   5.7924040000   3.1496620000   1.7071740000   6.8032350000  -0.0065230000  -0.0233640000   0.0335190000   0.0066140000   0.0233810000  -0.0335820000  -0.0008850000  -0.0011710000   0.0117880000   0.0177670000  -0.0012450000  -0.0511850000  -0.0169730000   0.0023990000   0.0394600000
   6.9612908054   6.7026897969 3635  3.54E+00   1.2803080000  -0.1383150000   2.0845890000  -0.0153360000   0.0014530000   1.6495790000  -0.7842990000   0.7653550000   8.2640480000   0.0301080000   0.2320220000   8.9226750000   0.7576220000  -0.2503990000   9.6691930000  -0.0424890000   0.0045580000  -0.0142590000   0.0426320000  -0.0046560000   0.0141960000  -0.0012220000   0.0003780000   0.0121760000   0.0409600000  -0.0262480000   0.0155220000  -0.0398810000   0.0259680000  -0.0276350000
   6.9602093154   6.7014929003 3777  1.28E+00   1.3875200000   0.9410630000   2.9995020000   0.6852410000   1.4488190000   1.8976400000  -1.4018220000  -2.9198010000   9.5486790000  -1.3007640000  -2.4340320000   8.4608550000  -1.1313760000  -1.8603500000   7.4347250000  -0.0136720000   0.0099720000  -0.0216110000   0.0138030000  -0.0098160000   0.0213540000   0.0005640000  -0.0115840000   0.0415770000  -0.0073490000  -0.0033780000  -0.0280520000   0.0066550000   0.0148060000  -0.0132680000
   6.9607572717   6.7028588042 3779  4.65E+00   0.5254400000   1.4664470000   2.7765690000   0.6212990000   0.7192130000   1.6207760000  -1.3073050000  -0.8484040000  10.1556760000  -1.1519230000  -1.1686410000   8.9970920000  -0.9639710000  -1.2709380000   7.8219480000   0.0028870000  -0.0222880000  -0.0346080000  -0.0028110000   0.0224320000   0.0343730000  -0.0064880000   0.0296850000   0.0612430000  -0.0002340000  -0.0392140000  -0.0294180000   0.0066460000   0.0093860000  -0.0315900000
