   6.9666352910   6.5358931849  104  4.89E+00  -0.3381110000   1.2984180000   1.8422510000   0.0034770000  -0.0167570000   1.8149830000  -0.9297900000  -0.3553050000   8.2750370000   0.0037060000   0.1994410000   8.7131620000   0.9309440000   0.8951450000   9.0046790000   0.0139560000  -0.0536740000  -0.0011090000  -0.0138740000   0.0537010000   0.0010740000   0.0072760000   0.0136100000  -0.0042570000  -0.0329410000  -0.0421840000   0.0045800000   0.0255830000   0.0285460000  -0.0002880000
   6.9665392717   6.5382243307  252  1.71E+01  -0.6035780000   0.0779980000   1.6640950000  -0.4951210000  -1.3687410000   2.2462410000   1.7842040000   2.1515000000   7.2623110000   0.8911040000   2.8141800000   7.8940150000   0.0576300000   3.2544850000   8.4897530000  -0.0027160000   0.0352430000  -0.0142040000   0.0024190000  -0.0353080000   0.0140100000   0.0935000000  -0.0785630000  -0.0637420000  -0.1887780000   0.1402200000   0.1314330000   0.0955760000  -0.0615920000  -0.0674970000
   6.9689818803   6.5363458668  534  1.07E+01   0.7047510000  -1.6642740000   1.9687930000   1.4884120000  -1.1168260000   2.9255440000  -1.7103940000   2.8521150000   7.0168720000  -2.7138900000   2.3526010000   6.5233860000  -3.7301920000   1.7520240000   6.3523260000   0.0349480000   0.0244620000   0.0427160000  -0.0350740000  -0.0244110000  -0.0427300000   0.0579720000   0.0245700000   0.0490340000  -0.0309420000  -0.0042310000  -0.0642210000  -0.0269040000  -0.0203900000   0.0152010000
   6.9685914974   6.5359188357  636  7.30E+00   0.1953460000   1.5175510000   1.7264110000  -0.0034450000  -0.0178820000   1.8813080000  -0.9428440000   0.8372590000   8.2925870000  -0.0063230000   0.2236010000   8.5708460000   0.9524890000  -0.3237430000   8.7700220000   0.0046360000   0.0356300000  -0.0036000000  -0.0045460000  -0.0357000000   0.0036070000   0.0458120000  -0.0235990000   0.0085820000   0.0580100000  -0.0419340000   0.0185390000  -0.1039120000   0.0656030000  -0.0271280000
   6.9693803542   6.5374251555  843  2.60E+00   1.3405260000   0.5026620000   1.5515290000  -0.0151220000  -0.0063230000   1.9396490000   1.1447470000   0.0184150000   8.3733120000  -0.0070890000   0.2891820000   8.3860460000  -1.1483610000   0.4520790000   8.5476790000   0.0165170000   0.0062150000  -0.0047320000  -0.0165810000  -0.0061740000   0.0048500000   0.0101970000  -0.0094380000   0.0114770000  -0.0330400000   0.0197730000  -0.0196820000   0.0229070000  -0.0103770000   0.0080860000
   6.9675199376   6.5397173547 1466  4.57E+00   0.2932870000  -1.8751260000   2.2775660000   1.1343030000  -0.5614110000   2.1500090000  -2.7844400000   1.0052950000   7.1456860000  -2.0208780000   1.2999670000   8.0316740000  -1.3819580000   1.6284590000   8.9449950000  -0.0206330000  -0.0323150000   0.0031340000   0.0208310000   0.0323150000  -0.0031080000  -0.0389120000  -0.0089300000  -0.0317300000   0.0580290000   0.0122780000   0.0452350000  -0.0193160000  -0.0033470000  -0.0135310000
   6.9666480776   6.5382271751 1535  4.22E+00  -1.1356950000   0.6347600000   2.0083030000   0.0138750000  -0.0033030000   1.7009450000  -0.2449360000  -0.6350430000   9.5835730000  -0.0071280000   0.2319560000   8.8711210000   0.2525430000   1.1250950000   8.1366400000   0.0528040000  -0.0293610000  -0.0141530000  -0.0528660000   0.0291810000   0.0139890000   0.0125430000   0.0419670000  -0.0338620000  -0.0166690000  -0.0525870000   0.0408930000   0.0041880000   0.0108000000  -0.0068660000
   6.9656274995   6.5390397150 1787  2.48E+00  -1.1365450000   0.8110870000   1.7921930000   0.0139250000  -0.0102050000   1.8123500000  -1.0076370000   0.6996420000   9.0793970000  -0.0386630000   0.2017020000   8.6437090000   1.0387250000  -0.1635180000   8.2687670000   0.0167040000  -0.0119500000   0.0003400000  -0.0168310000   0.0119680000  -0.0003210000   0.0079660000   0.0078520000   0.0042880000  -0.0465890000  -0.0054740000   0.0012460000   0.0387500000  -0.0023950000  -0.0055540000
   6.9650587691   6.5358157172 1879  9.05E-01  -1.1180020000   0.9261760000   2.0125310000   0.0101690000  -0.0101040000   1.7062680000  -0.8309580000  -0.2089620000   8.1846820000  -0.0023800000   0.2397350000   8.8533080000   0.8523980000   0.7087800000   9.5220530000  -0.0133800000   0.0111480000   0.0036140000   0.0134980000  -0.0110800000  -0.0037230000   0.0313030000   0.0173320000   0.0256530000  -0.0429160000  -0.0240990000  -0.0339010000   0.0114940000   0.0066990000   0.0083580000
   6.9685176208   6.5356515203 2051  5.28E+00  -0.6578700000  -0.9199330000   2.2940670000   0.0077660000   0.0083280000   1.5726960000   0.3194170000   0.8758990000  10.0464970000  -0.0248470000   0.2035180000   9.1422330000  -0.2981000000  -0.3246360000   8.0926900000   0.0303150000   0.0422780000  -0.0329570000  -0.0302720000  -0.0422070000   0.0325980000   0.0076270000   0.0152490000   0.0000060000  -0.0013130000  -0.0035090000   0.0485930000  -0.0063570000  -0.0118110000  -0.0482400000
   6.9678985296   6.5396451464 2152  6.35E+00   1.4749400000   0.5089730000   1.7811300000  -0.0206340000  -0.0067540000   1.8178030000   1.0795580000   0.1496260000   9.0971290000   0.0337220000   0.3054100000   8.5953110000  -1.0947500000   0.3104380000   8.2608320000   0.0403950000   0.0139300000  -0.0009250000  -0.0402850000  -0.0139100000   0.0009930000  -0.0165200000  -0.0086030000   0.0071360000   0.0187450000   0.0187980000  -0.0212130000  -0.0023350000  -0.0102140000   0.0140080000
   6.9673927663   6.5368683448 2164  5.55E+00   0.5486940000  -1.4560480000   1.7655280000  -0.0035330000   0.0191870000   1.8967870000   0.6919740000   1.1557710000   8.6717120000   0.0089810000   0.2285580000   8.5046210000  -0.7156420000  -0.6437630000   8.3608450000   0.0147900000  -0.0394650000  -0.0034970000  -0.0147460000   0.0395060000   0.0035700000  -0.0188730000  -0.0173210000  -0.0009090000  -0.0227470000  -0.0406390000  -0.0113280000   0.0415750000   0.0579200000   0.0121640000
   6.9659502702   6.5369696545 2251  1.31E+01  -0.4277960000  -2.2524300000   2.3282300000   0.6765130000  -1.0923350000   2.4156990000  -0.3334950000   3.0364300000   7.3877550000  -1.2131930000   2.2287350000   7.6033390000  -2.1074840000   1.5754410000   7.6943640000  -0.0326540000  -0.0342880000  -0.0025560000   0.0325890000   0.0342490000   0.0026460000   0.0357620000   0.0460030000  -0.0166380000  -0.1523990000  -0.1438270000   0.0363950000   0.1167020000   0.0978640000  -0.0198480000
   6.9677447501   6.5390472969 2291  2.81E+00   0.9706360000   0.6093500000   2.2624740000  -0.0099430000  -0.0065080000   1.5402930000   0.3569240000   0.4944230000   8.0497950000  -0.0543730000   0.2639210000   9.1457510000  -0.3275980000  -0.0107640000  10.2505740000  -0.0370070000  -0.0232480000  -0.0273620000   0.0369300000   0.0231880000   0.0269950000   0.0180170000   0.0023990000  -0.0219580000  -0.0273460000  -0.0001010000   0.0237070000   0.0094050000  -0.0022370000  -0.0013820000
   6.9663326393   6.5361529422 2390  5.17E+00  -1.3885310000  -0.6943060000   1.8419330000   0.0174220000   0.0134790000   1.8374300000   0.7808830000  -0.5289720000   8.9945160000  -0.0349220000   0.1911590000   8.6178820000  -0.7541930000   1.0495720000   8.2446460000  -0.0363740000  -0.0183510000   0.0001290000   0.0364490000   0.0182260000  -0.0001230000  -0.0271960000   0.0396580000  -0.0144970000   0.0218880000  -0.0511250000   0.0132890000   0.0052330000   0.0115930000   0.0012030000
   6.9689819794   6.5381100199 2417  5.22E+00  -1.7482590000  -0.0846650000   2.1716110000  -0.2947230000   0.0490460000   1.7276920000   0.4879240000   1.1119550000   9.5363460000   0.5390580000   0.2095080000   8.7479590000   0.6894720000  -0.8211720000   8.1324530000  -0.0260430000  -0.0023480000   0.0079590000   0.0259880000   0.0025250000  -0.0080260000   0.0039720000   0.0265720000   0.0404320000  -0.0168480000   0.0274780000  -0.0242610000   0.0129310000  -0.0542270000  -0.0161040000
   6.9661801303   6.5366666406 2613  2.74E+00  -1.5620330000   0.2206410000   2.0430160000  -0.4763430000  -0.6695410000   1.9254220000   0.0434950000   0.6474360000   8.3069070000   0.8828430000   1.4578060000   8.4476760000   1.7711460000   2.2758200000   8.6079050000   0.0179480000  -0.0146810000  -0.0019470000  -0.0178750000   0.0147480000   0.0018830000   0.0007630000  -0.0015260000   0.0022710000  -0.0567530000  -0.0478700000  -0.0136830000   0.0559180000   0.0493290000   0.0114760000
   6.9688176323   6.5358337423 2613  2.64E+00  -1.5687650000   0.2244260000   2.0419880000  -0.4766110000  -0.6700900000   1.9246990000   0.0444270000   0.6478990000   8.3050240000   0.8822630000   1.4600310000   8.4474670000   1.7724120000   2.2761890000   8.6136210000   0.0146270000  -0.0119450000  -0.0015740000  -0.0145550000   0.0120130000   0.0015100000   0.0004640000  -0.0022240000   0.0024280000  -0.0576450000  -0.0476650000  -0.0146040000   0.0571090000   0.0498200000   0.0122390000
   6.9667696162   6.5368868790 3066  5.23E+00   0.9098320000  -1.2377510000   2.6247060000   1.4255410000   0.0735810000   1.9087330000  -3.1608490000   0.2591430000   9.5100360000  -2.6618590000   0.2026230000   8.4302400000  -2.0177230000  -0.0130760000   7.4645690000  -0.0137310000  -0.0350870000   0.0190390000   0.0139090000   0.0350940000  -0.0193590000  -0.0031710000  -0.0087550000   0.0340930000  -0.0078170000   0.0196460000  -0.0388700000   0.0108100000  -0.0108970000   0.0050970000
   6.9696072320   6.5387304066 3066  4.99E+00   0.9123660000  -1.2359170000   2.6229980000   1.4259020000   0.0735840000   1.9084900000  -3.1587250000   0.2622640000   9.5116370000  -2.6611240000   0.2018270000   8.4314820000  -2.0223590000  -0.0157320000   7.4633540000  -0.0134760000  -0.0345370000   0.0187270000   0.0136550000   0.0345440000  -0.0190450000  -0.0033810000  -0.0085340000   0.0339610000  -0.0068700000   0.0191480000  -0.0393070000   0.0100720000  -0.0106210000   0.0056630000
   6.9682281755   6.5395177398 3362  8.04E+00  -2.3716470000   1.7876790000   4.0397170000  -1.7729870000   1.0375020000   3.1049010000   3.7294300000  -1.8365290000   5.1612680000   3.2826310000  -1.6236110000   6.2642270000   2.8104600000  -1.5511290000   7.3762500000   0.0313750000  -0.0392960000  -0.0489550000  -0.0313160000   0.0392910000   0.0490180000   0.0215470000  -0.0188830000  -0.0529080000   0.0029720000   0.0235720000  -0.0049730000  -0.0245790000  -0.0046840000   0.0578180000
   6.9679973532   6.5390580849 3657  5.50E+00  -1.0662460000  -2.1376150000   2.5913740000  -1.1494990000  -0.7953210000   2.4446470000   2.3268500000   0.7302590000   8.0385710000   2.1078210000   1.7060010000   7.4601420000   1.8988700000   2.7834310000   6.9898930000  -0.0036810000   0.0596330000  -0.0064950000   0.0037590000  -0.0596500000   0.0066060000  -0.0060760000   0.0400340000  -0.0112900000   0.0094940000  -0.0729430000   0.0139190000  -0.0034960000   0.0329250000  -0.0027390000
   6.9687917225   6.5385443084 3815  3.29E+00   0.8800000000  -0.7871070000   2.2642800000  -0.2602640000   0.0111980000   1.5388820000   0.6668600000   0.3865250000   8.0004710000   0.4855440000   0.2386990000   9.1458630000   0.2130200000   0.1156210000  10.3067480000   0.0287930000  -0.0201980000   0.0182270000  -0.0288540000   0.0201260000  -0.0185300000  -0.0075140000   0.0001770000   0.0148270000   0.0233810000   0.0028580000  -0.0589120000  -0.0158060000  -0.0029640000   0.0443880000
