   6.9665356927   6.0357649308  689  5.70E+00   0.1936280000   0.6265750000   7.2517270000   1.0395790000   0.0822550000   6.1481680000  -2.1946090000   1.2532390000   0.5347350000  -1.9426920000   0.0801330000   0.6433870000  -1.5511250000  -1.0759970000   0.8211460000  -0.0091590000   0.0058980000   0.0119160000   0.0091500000  -0.0057640000  -0.0118420000  -0.0048870000   0.0564570000  -0.0023440000  -0.0309010000   0.0284340000  -0.0130740000   0.0357970000  -0.0850240000   0.0153440000
   6.9683680700   6.0396506922 1067  3.83E+00   0.3361390000  -1.0602820000   1.2384090000  -0.0043880000   0.0128890000   2.1150140000   0.2136190000   1.4006410000   8.2249600000  -0.0566100000   0.2765620000   8.0660550000  -0.1703830000  -0.9181510000   8.0801620000  -0.0032310000   0.0101440000   0.0082390000   0.0032080000  -0.0100260000  -0.0081090000   0.0062890000  -0.0203930000   0.0102770000  -0.0129140000   0.0611740000  -0.0238720000   0.0066480000  -0.0408990000   0.0134650000
   6.9661133767   6.0364307804 1150  4.83E+00   0.7916230000   0.6758570000   1.2284510000  -0.0133570000  -0.0089640000   2.0869110000   1.1465440000   0.3048190000   8.0025400000   0.0055930000   0.2328270000   8.1358830000  -1.1339080000   0.2102600000   8.3911380000  -0.0317610000  -0.0270290000   0.0338450000   0.0316800000   0.0270210000  -0.0337240000  -0.0527150000   0.0002860000   0.0167720000   0.0349590000  -0.0042240000  -0.0230690000   0.0178370000   0.0039450000   0.0061760000
   6.9673891401   6.0351995446 1384  5.03E+00   1.0582470000   0.4493200000   1.7270140000   0.4220670000  -0.9089180000   2.0540640000  -0.1073080000   1.0250490000   7.7464420000  -0.8069560000   1.8428850000   8.2938630000  -1.4614900000   2.7902280000   8.6612710000   0.0125170000   0.0267670000  -0.0064960000  -0.0125740000  -0.0267930000   0.0061270000   0.0327630000  -0.0276400000  -0.0322810000  -0.0021510000  -0.0277050000   0.0239010000  -0.0305550000   0.0553700000   0.0087500000
   6.9668382082   6.0371493434 1595  6.94E+00   1.5028720000  -0.9725660000   2.2627370000   0.0004040000  -1.1889340000   2.1445440000   0.2042470000   3.5438590000   8.3999640000  -0.0147350000   2.4097510000   8.1613500000  -0.2898910000   1.3339220000   7.6215960000   0.0260500000   0.0037490000   0.0019770000  -0.0259460000  -0.0038310000  -0.0024270000  -0.0008100000   0.0165710000  -0.0145260000   0.0228300000   0.0521450000   0.0673710000  -0.0221240000  -0.0686330000  -0.0523950000
   6.9670974793   6.0398116461 1895  2.69E+00   1.0294770000  -1.6348250000   2.1996830000  -0.1218770000  -0.8336510000   2.0815140000   0.2254650000   2.3881360000   7.1784510000   0.2419510000   1.8399460000   8.1868540000   0.1367270000   1.1847520000   9.1427240000  -0.0195990000   0.0136080000  -0.0019970000   0.0196050000  -0.0138460000   0.0018950000  -0.0079920000  -0.0370120000   0.0535280000   0.0145660000   0.0301410000  -0.0290650000  -0.0065800000   0.0071090000  -0.0243620000
   6.9684259189   6.0362374287 1899  1.43E+00  -0.4938580000  -1.9387290000   2.6723820000   0.4430880000  -1.0617430000   2.0435100000  -0.7115830000   1.3677880000   7.4472380000  -0.7649110000   2.1921610000   8.2778470000  -0.8959740000   3.0989890000   8.9656510000   0.0080300000   0.0074530000  -0.0054870000  -0.0079190000  -0.0076320000   0.0049920000  -0.0067730000   0.0194990000   0.0042970000   0.0056010000   0.0211180000   0.0415000000   0.0010610000  -0.0404380000  -0.0453030000
   6.9696871395   6.0374444752 2526  3.06E+00  -2.0886870000  -0.1014710000   2.1902140000  -0.5700240000  -0.2519170000   1.9615910000   2.0661690000   0.4551400000   8.9728390000   1.0939800000   0.6546860000   8.3445130000   0.0910140000   1.0055910000   7.8295070000  -0.0320170000   0.0031530000   0.0047570000   0.0321540000  -0.0033050000  -0.0050110000  -0.0011710000   0.0099140000   0.0085380000   0.0061950000  -0.0213500000  -0.0160290000  -0.0051610000   0.0115890000   0.0077460000
   6.9653180561   6.0385362661 2526  3.36E+00  -2.0945500000  -0.0983320000   2.2012650000  -0.5703410000  -0.2521070000   1.9604640000   2.0639010000   0.4556510000   8.9763250000   1.0957660000   0.6548180000   8.3470200000   0.0938940000   1.0057340000   7.8290710000  -0.0340870000   0.0034190000   0.0053200000   0.0342240000  -0.0035740000  -0.0055810000  -0.0058580000   0.0109210000   0.0055400000   0.0112870000  -0.0225170000  -0.0128370000  -0.0055650000   0.0117500000   0.0075580000
   6.9674316282   6.0398639657 2546  3.89E+00   1.8761360000  -1.4019980000   2.3071630000   0.4220470000  -1.4170190000   2.6287430000  -0.9162400000   3.3593670000   6.0747670000  -0.7762420000   2.8278460000   7.1670410000  -0.7270490000   2.3707200000   8.2722140000   0.0143050000   0.0001350000  -0.0031360000  -0.0142500000  -0.0003060000   0.0032440000  -0.0142520000   0.0386950000  -0.0661970000   0.0176030000  -0.0260370000   0.0231330000  -0.0034070000  -0.0124870000   0.0429560000
   6.9697695940   6.0358943572 2675  1.13E+00  -0.4758590000  -1.3574950000   1.8362120000   0.0011840000   0.0153760000   1.8639020000   0.2730910000   1.1496690000   9.2551250000   0.0365250000   0.2149240000   8.6069320000  -0.2764420000  -0.6146020000   7.8604070000   0.0001070000   0.0003060000  -0.0000590000  -0.0000330000  -0.0001490000  -0.0002350000  -0.0109110000  -0.0140030000  -0.0212620000   0.0057190000  -0.0217540000   0.0010780000   0.0051170000   0.0356000000   0.0204770000
   6.9681303805   6.0371602730 2892  1.77E+00  -0.5490380000  -1.3761250000   1.8289540000   0.0062230000   0.0176010000   1.8406530000   0.7980470000   0.0646060000   9.4370030000   0.0202510000   0.1938460000   8.5940070000  -0.8097390000   0.4763480000   7.8048010000  -0.0069010000  -0.0174600000  -0.0001740000   0.0071180000   0.0173450000  -0.0001060000  -0.0303290000   0.0150980000  -0.0246290000   0.0336390000  -0.0257490000   0.0187400000  -0.0035270000   0.0107670000   0.0061690000
   6.9686572621   6.0384607512 2964  3.05E+00   1.2634380000  -0.8599420000   1.7234850000  -0.0161690000   0.0104510000   1.9061420000   0.2081960000  -0.6704000000   9.1739360000  -0.0018130000   0.2469260000   8.4863370000  -0.2056830000   1.1746920000   7.8282730000   0.0301980000  -0.0205750000  -0.0042830000  -0.0301590000   0.0203870000   0.0041670000  -0.0029890000   0.0155180000  -0.0080670000  -0.0050240000   0.0185790000  -0.0207330000   0.0079750000  -0.0339090000   0.0289160000
   6.9678445824   6.0374492323 3318  9.51E+00   1.4712270000   1.5347160000   2.4043670000   2.0368710000   0.0699340000   2.8487790000  -4.2323660000   0.4624610000   7.7414560000  -3.7445560000   0.0219890000   6.7699280000  -3.2219310000  -0.2372510000   5.7985980000  -0.0182210000   0.0473570000  -0.0143710000   0.0185630000  -0.0472810000   0.0142790000   0.0058020000   0.0100530000  -0.0070510000   0.0384370000  -0.0458890000  -0.0783100000  -0.0445810000   0.0357600000   0.0854530000
   6.9677893749   6.0387878390 3383  2.66E+00  -1.2489810000  -0.6699360000   1.7363590000   0.0152530000   0.0085790000   1.9060680000   0.9357870000  -0.0130540000   9.1192390000  -0.0155620000   0.3024440000   8.5248230000  -0.9215910000   0.4730450000   7.8536350000   0.0039100000   0.0020800000   0.0004840000  -0.0037390000  -0.0021160000  -0.0006700000  -0.0159510000  -0.0043160000  -0.0169140000  -0.0514670000   0.0270210000  -0.0267190000   0.0672480000  -0.0226690000   0.0438180000
   6.9699460017   6.0354872270 3483  3.66E+00   1.1421900000  -0.6332420000   1.4234790000  -0.0188850000   0.0108810000   2.0942640000  -0.3844710000   1.3567030000   7.9664200000   0.0180680000   0.2626660000   8.2435850000   0.3932600000  -0.8806580000   8.2973960000   0.0109200000  -0.0060540000  -0.0063060000  -0.0108970000   0.0060140000   0.0062510000  -0.0150610000   0.0336530000  -0.0208870000   0.0011120000   0.0166710000   0.0306060000   0.0139270000  -0.0502850000  -0.0096650000
   6.9650561753   6.0378369447 3726  7.24E+00  -1.9183580000   0.0706760000   1.8260040000  -0.3781840000  -0.0819360000   2.0108930000  -0.1652760000   0.8109230000   8.9329760000   0.6638980000   0.3149240000   8.2900820000   1.6764970000   0.0450990000   7.6869500000  -0.0364580000   0.0036090000  -0.0043030000   0.0362390000  -0.0035990000   0.0042770000   0.0325180000   0.0025310000  -0.0124030000  -0.0836300000  -0.0069560000   0.0310740000   0.0513300000   0.0044150000  -0.0186450000
   6.9687031873   6.0391419699 3797  5.23E+00  -0.6006750000   1.0908120000   1.4879290000   0.0110540000  -0.0143240000   1.9624320000   1.0127110000   0.6107870000   7.8850290000  -0.0087520000   0.2408580000   8.3792300000  -1.0235030000  -0.1011090000   8.9312980000   0.0284160000  -0.0513870000   0.0220680000  -0.0285840000   0.0513170000  -0.0221280000   0.0293850000   0.0121530000  -0.0086600000   0.0166030000   0.0018510000  -0.0207170000  -0.0458200000  -0.0139350000   0.0294370000
