   6.9711346567   6.4928212045   74  4.45E+00  -1.0786880000   1.0266580000   1.7104560000   0.0151990000  -0.0118120000   1.9344030000  -0.3495620000  -0.8647340000   8.3606150000   0.0155000000   0.2403180000   8.5501300000   0.3299780000   1.3663100000   8.4533760000  -0.0194040000   0.0184200000  -0.0039740000   0.0194220000  -0.0183940000   0.0039310000  -0.0034440000   0.0012790000  -0.0180640000   0.0093850000   0.0064580000   0.0355470000  -0.0059590000  -0.0077640000  -0.0174400000
   6.9722454759   6.4916418842  177  3.34E+00  -0.4459930000  -1.2017020000   1.8545060000  -1.5352040000  -1.3174360000   2.8743560000   1.6801170000   2.4332290000   7.0857260000   2.7734320000   2.6799650000   6.6690850000   3.9331580000   2.8979130000   6.4369360000   0.0127120000   0.0013570000  -0.0118650000  -0.0126230000  -0.0013700000   0.0117390000  -0.0267860000  -0.0078810000   0.0241100000  -0.0252950000   0.0002140000  -0.0258830000   0.0519930000   0.0076790000   0.0019000000
   6.9723823298   6.4905545847  290  1.41E+01  -0.2228110000  -1.7700130000   2.0496760000   0.0252040000  -0.1176040000   1.7997720000  -0.7951930000  -0.2258090000   8.2373600000  -0.0248510000   0.5144620000   8.6342110000   0.7020110000   1.2261350000   9.1645290000  -0.0089620000  -0.0598940000   0.0090270000   0.0090830000   0.0599920000  -0.0090610000   0.0535410000   0.0527570000   0.0416120000  -0.0103520000  -0.0116590000  -0.0237060000  -0.0433100000  -0.0411970000  -0.0178730000
   6.9745711782   6.4933635638  332  1.60E+00  -0.4070710000  -1.9740130000   4.9892020000  -1.3485230000  -2.2430870000   3.9934380000   3.1016810000   5.3546630000   4.5401110000   2.4784810000   4.3627640000   4.5848630000   1.7982290000   3.3847920000   4.7607060000  -0.0206530000  -0.0060060000  -0.0218110000   0.0204880000   0.0056270000   0.0217340000  -0.0021920000   0.0030380000   0.0080570000   0.0303440000   0.0312110000  -0.0227850000  -0.0279870000  -0.0338710000   0.0148050000
   6.9744556046   6.4938860658  332  5.66E+00  -0.4323360000  -1.6203120000   6.6623800000  -1.2572060000  -1.4426650000   5.3178270000   2.5802060000   3.4034710000   3.2049130000   2.2950340000   2.9496090000   2.1545750000   2.0029500000   2.3770470000   1.2005780000   0.0227680000  -0.0049180000   0.0371180000  -0.0227800000   0.0049210000  -0.0371550000   0.0007790000  -0.0065270000   0.0077050000  -0.0141370000  -0.0118450000  -0.0566510000   0.0133700000   0.0183680000   0.0489830000
   6.9720698887   6.4924243060  371  6.82E+00   0.3628520000   1.4630700000   2.2340570000   0.1487910000   0.2676510000   1.6225540000  -0.0918770000   0.2320070000  10.0259340000  -0.3432720000  -0.1786180000   8.9731970000  -0.4163850000  -0.8391400000   7.9949290000  -0.0086510000  -0.0482900000  -0.0247510000   0.0086880000   0.0484980000   0.0245230000   0.0042350000  -0.0311170000  -0.0288330000  -0.0166420000   0.0486670000   0.0216140000   0.0123700000  -0.0177580000   0.0074470000
   6.9702729356   6.4933544012  599  3.26E+00  -0.8295280000  -1.0342130000   1.9845650000   0.0078360000   0.0108360000   1.7389610000  -0.3158810000  -0.7146730000   8.1835320000  -0.0084700000   0.2737270000   8.7816130000   0.3353690000   1.2079020000   9.4155090000   0.0330830000   0.0412950000  -0.0097530000  -0.0330400000  -0.0411370000   0.0096150000  -0.0064200000  -0.0311840000  -0.0127910000  -0.0001500000   0.0227410000   0.0021580000   0.0065270000   0.0082860000   0.0107700000
   6.9712289148   6.4905189246  793  4.14E+00  -1.8067340000  -0.6037850000   2.3693070000  -0.3854180000  -0.6485780000   1.8669650000  -0.2256740000   1.5709790000   7.9640860000   0.7536890000   1.4187790000   8.5297860000   1.6985840000   1.3288190000   9.1604800000  -0.0202210000   0.0006100000   0.0070940000   0.0203530000  -0.0007180000  -0.0072260000   0.0674270000  -0.0053460000   0.0473320000   0.0001320000  -0.0058500000  -0.0095420000  -0.0676910000   0.0113040000  -0.0376590000
   6.9724126693   6.4934083413  841  9.55E+00  -0.4125010000   0.3092820000   1.2458040000   0.6716670000  -0.5332610000   2.1403540000  -0.4811750000   2.1319370000   8.1189910000  -1.1914050000   1.1703900000   8.1208560000  -1.9529210000   0.3208790000   8.0179670000  -0.0356340000   0.0276860000  -0.0293910000   0.0356260000  -0.0277090000   0.0294540000   0.0137840000   0.0318390000  -0.0058280000  -0.0504300000  -0.0849310000   0.0061410000   0.0366550000   0.0531150000  -0.0003760000
   6.9708021422   6.4925034019 2045  6.22E+00  -1.7460930000   1.1590050000   2.1702940000  -0.5487980000   0.1483160000   1.9037450000   1.9195560000  -0.8176130000   8.6853490000   1.0049810000  -0.0916380000   8.4519790000   0.1768480000   0.7603330000   8.3264760000  -0.0333270000   0.0281210000   0.0073790000   0.0334030000  -0.0282320000  -0.0073920000   0.0283490000  -0.0104700000   0.0132830000  -0.0118260000  -0.0199890000  -0.0181260000  -0.0166000000   0.0305710000   0.0048570000
   6.9742853010   6.4938374470 2397  3.04E+00   0.9360990000   0.9679590000   1.9588970000  -0.0123980000  -0.0140300000   1.7289810000   0.1989090000   1.2082010000   9.4263050000   0.0240330000   0.2490780000   8.8358150000  -0.2140120000  -0.6984250000   8.1835050000  -0.0260670000  -0.0269560000  -0.0063210000   0.0261200000   0.0271200000   0.0061800000  -0.0157130000  -0.0601930000  -0.0412770000   0.0184970000   0.0520740000   0.0389470000  -0.0028370000   0.0079540000   0.0024710000
   6.9707844642   6.4910488334 2564  2.33E+00   0.1226150000   1.2866550000   2.2574380000  -0.5913680000   0.1085000000   1.6073140000   1.5693120000   0.2089990000  10.0575930000   1.0194060000  -0.0032690000   9.0488810000   0.6111360000  -0.1418060000   7.9810920000   0.0124550000   0.0205810000   0.0112540000  -0.0124830000  -0.0205170000  -0.0115910000   0.0035090000   0.0026520000  -0.0161140000  -0.0334180000  -0.0144300000  -0.0321340000   0.0299380000   0.0117140000   0.0485840000
   6.9717691376   6.4929488066 2614  1.87E+00   1.1148110000  -0.6068610000   1.8598900000  -0.2604580000  -0.3799530000   1.8360340000   0.1490750000   1.8352440000   7.9256620000   0.4754370000   0.9702120000   8.6207780000   0.7245710000   0.0599050000   9.3171640000  -0.0316070000   0.0051920000  -0.0005260000   0.0316480000  -0.0053200000   0.0005070000   0.0059580000  -0.0325400000   0.0257660000   0.0004390000   0.0315530000  -0.0236040000  -0.0064380000   0.0011140000  -0.0021430000
   6.9701423783   6.4930693808 2681  7.61E+00  -1.3245120000  -1.6967180000   3.3594320000  -0.3195340000  -1.8798750000   2.5343840000   0.7621640000   2.5713360000   7.1361880000   0.6027870000   3.7069210000   7.3178520000   0.4646040000   4.8290170000   7.5025340000   0.0709680000  -0.0129620000  -0.0583510000  -0.0710860000   0.0128390000   0.0580740000  -0.0029300000   0.0352260000   0.0071350000  -0.0057400000   0.0235050000   0.0021300000   0.0087890000  -0.0586080000  -0.0089890000
   6.9720271382   6.4929193371 2690 -1.29E-01  -1.6154630000   1.4123180000   3.1147250000  -1.1327000000   0.7422960000   1.9235050000   1.4563270000  -0.4212040000   7.7631290000   2.0742970000  -1.1415970000   8.4506740000   2.7452660000  -1.8303150000   9.0914850000   0.0006980000  -0.0010270000  -0.0019510000  -0.0008330000   0.0010260000   0.0016050000   0.0111220000  -0.0059050000   0.0057790000   0.0057250000  -0.0173250000   0.0171100000  -0.0167130000   0.0232320000  -0.0225430000
   6.9726395473   6.4935475076 2694  4.59E+00  -1.3490170000   0.5491610000   2.4767140000  -0.5129560000  -0.0430490000   1.5869230000   1.0741850000   0.2547410000  10.1995980000   0.9411320000   0.3360480000   9.0590770000   0.8661310000   0.3610600000   7.9194560000   0.0350700000  -0.0248730000  -0.0374550000  -0.0352010000   0.0248520000   0.0371130000  -0.0012290000  -0.0007470000  -0.0486590000  -0.0086050000   0.0066510000  -0.0297890000   0.0099650000  -0.0058830000   0.0787900000
   6.9711947218   6.4947995822 2713  1.63E+00   0.9877570000   0.6348410000   1.5291740000   0.9002410000  -0.6599960000   2.2317410000  -2.6411140000   1.4713720000   7.2415810000  -1.6741620000   1.4486270000   7.9205350000  -0.6603530000   1.3850080000   8.5714930000   0.0005540000   0.0081500000  -0.0044050000  -0.0005320000  -0.0081380000   0.0044580000  -0.0102010000  -0.0017540000  -0.0091480000  -0.0380200000   0.0067410000  -0.0197000000   0.0481990000  -0.0049980000   0.0287960000
   6.9703589981   6.4932915309 2725  3.91E+00  -0.9438770000   0.7403930000   2.0629800000   0.3200520000  -0.0393830000   1.6527930000  -0.2519670000   1.0379080000   9.8212190000  -0.6039480000   0.2685550000   9.0090380000  -0.8335980000  -0.4017940000   8.0324940000  -0.0261450000   0.0161820000   0.0084210000   0.0262260000  -0.0160550000  -0.0087140000   0.0076390000   0.0062520000  -0.0097330000  -0.0062780000   0.0135040000   0.0563100000  -0.0014430000  -0.0198840000  -0.0462840000
   6.9735906939   6.4926525403 2853  3.53E+00  -1.2604030000  -0.7262290000   1.7643120000   0.0195760000   0.0050360000   1.8562190000   0.4936210000  -0.7297840000   8.2897140000   0.0025920000   0.2804280000   8.5482970000  -0.5139270000   1.2275470000   8.9127390000  -0.0084940000  -0.0048220000  -0.0005940000   0.0084430000   0.0049530000   0.0006360000  -0.0252320000   0.0433020000   0.0222450000  -0.0096100000   0.0288320000  -0.0054800000   0.0348930000  -0.0722640000  -0.0168070000
   6.9720943371   6.4945417484 2895  4.85E+00   1.5249330000  -0.6445390000   2.3377450000   1.1560550000  -1.8765630000   3.1263670000  -1.0658310000   3.2599290000   6.4216280000  -2.1568540000   3.6884940000   6.3725150000  -3.1847220000   4.0714250000   6.0346150000   0.0052940000   0.0176580000  -0.0113790000  -0.0053170000  -0.0178720000   0.0111990000  -0.0129430000   0.0046610000  -0.0210130000  -0.0460500000   0.0188080000   0.0241510000   0.0590170000  -0.0232560000  -0.0029590000
   6.9716042808   6.4908876051 3019  8.59E+00  -0.3297420000  -0.6849650000   2.0990520000   0.9876510000  -0.5069230000   1.8723700000  -2.6202720000   1.8315830000   9.0443970000  -1.7457960000   1.1701420000   8.6684230000  -0.9809600000   0.5525240000   7.9661180000   0.0618310000   0.0083580000  -0.0107250000  -0.0617980000  -0.0083640000   0.0103480000   0.0167240000  -0.0152430000  -0.0316250000  -0.0353680000   0.0332920000   0.0761230000   0.0186110000  -0.0180440000  -0.0441210000
   6.9738060472   6.4933400274 3073  5.01E+00  -1.3108180000   1.3590920000   2.2570240000  -0.6870950000   0.0529180000   1.8046180000   0.1781440000   0.2677310000   8.2364670000   1.2926320000   0.0650310000   8.5959060000   2.3655850000   0.0212150000   9.1569140000  -0.0099810000   0.0209450000   0.0072100000   0.0101110000  -0.0209840000  -0.0073470000  -0.0217200000   0.0130330000   0.0074260000  -0.0297820000  -0.0202850000  -0.0480410000   0.0513730000   0.0072900000   0.0407520000
   6.9715658060   6.4919908569 3130  6.65E+00   0.9613960000  -0.7923610000   2.1407170000  -0.0158180000   0.0086190000   1.6617260000  -0.7418700000  -0.0451360000   8.1127650000  -0.0180130000   0.2924170000   8.9573690000   0.7738200000   0.5201660000   9.7302280000  -0.0442360000   0.0363080000  -0.0217410000   0.0443990000  -0.0362520000   0.0214940000   0.0279850000   0.0023930000   0.0233420000   0.0366930000   0.0260640000   0.0501350000  -0.0648410000  -0.0285120000  -0.0732300000
   6.9726429315   6.4918315150 3526  4.67E+00  -1.4009200000   1.3697880000   1.9655820000  -0.9038870000  -0.1233720000   2.0917650000   0.7479370000   0.8666670000   8.7552670000   1.6583670000   0.4361910000   8.1612990000   2.6096270000   0.0234120000   7.5486460000  -0.0131810000   0.0395980000  -0.0033150000   0.0131060000  -0.0395710000   0.0033880000   0.0081350000  -0.0013200000  -0.0035620000  -0.0494150000   0.0167030000   0.0277640000   0.0413550000  -0.0154100000  -0.0242750000
   6.9747312489   6.4902260262 3537  1.79E+00  -1.4919510000   0.0357890000   2.0939500000  -0.5464620000  -1.0634730000   2.0157780000   0.5908790000   2.1636510000   9.3678480000   0.9583040000   2.1584690000   8.2694950000   1.5128880000   2.2126590000   7.2262550000   0.0006080000  -0.0007910000  -0.0000460000  -0.0008130000   0.0006390000  -0.0000210000   0.0232360000   0.0041650000  -0.0264090000  -0.0388800000  -0.0091780000   0.0256230000   0.0158500000   0.0051640000   0.0008530000
   6.9735596577   6.4921629649 3599  3.10E+00   0.6930350000   0.6701910000   1.6677080000   0.2562110000  -0.6416750000   1.8864430000  -1.4092890000   2.0706490000   8.8652980000  -0.5044830000   1.4062290000   8.4981350000   0.4647590000   0.7238310000   8.2299500000  -0.0089390000  -0.0267110000   0.0044550000   0.0087920000   0.0267810000  -0.0045710000  -0.0098380000   0.0090600000   0.0120190000  -0.0446710000   0.0274420000  -0.0053810000   0.0546570000  -0.0365710000  -0.0065220000
   6.9719422618   6.4924153061 3873  1.48E+01  -1.4220610000  -1.6638450000   3.1889530000  -0.4556970000  -1.0676920000   1.8752440000   0.8663740000   3.1708170000   9.2592670000   0.8394270000   2.2128410000   8.5242090000   0.8689280000   1.2928270000   7.7764960000  -0.0371990000  -0.0229390000   0.0504120000   0.0370730000   0.0228850000  -0.0506890000   0.0047900000   0.0505700000   0.0365650000  -0.0089650000  -0.0377170000  -0.0242470000   0.0043000000  -0.0127990000  -0.0120410000
