   6.9712289991   6.9849603150  267  5.22E+00  -0.6006230000   0.9973740000   1.8461450000   0.0525250000  -0.3399770000   1.6852010000   1.0229520000   0.5720370000   8.5420350000  -0.1260300000   0.8416580000   8.7994570000  -1.1528210000   1.1188980000   9.3208220000  -0.0076860000   0.0156780000   0.0019420000   0.0075650000  -0.0156500000  -0.0018630000   0.0538290000  -0.0102430000   0.0073330000  -0.0469850000   0.0058220000  -0.0316700000  -0.0067230000   0.0043920000   0.0242570000
   6.9748218737   6.9839977796  317  5.02E+00   0.5741970000   0.5865960000   2.4705150000  -0.0066170000  -0.0045740000   1.3833580000  -0.2778640000  -0.0424230000  10.5362550000   0.0318340000   0.1496000000   9.4104730000   0.2508380000   0.6036810000   8.3360530000  -0.0211920000  -0.0215860000  -0.0397670000   0.0211660000   0.0214910000   0.0395050000  -0.0097010000   0.0145850000   0.0176530000   0.0131560000  -0.0365600000  -0.0104780000  -0.0034290000   0.0220700000  -0.0069130000
   6.9730354298   6.9818475299  364  3.37E+00  -0.9704380000   0.7958890000   2.4770850000  -0.0069740000   0.1584040000   1.4326440000   0.1167920000  -0.7405650000  10.3012690000   0.0638360000  -0.0969630000   9.3149440000  -0.0687420000   0.6597810000   8.3961920000  -0.0225750000   0.0148950000   0.0243600000   0.0225780000  -0.0150140000  -0.0245870000  -0.0043790000   0.0003060000   0.0149250000   0.0131640000  -0.0295840000   0.0065440000  -0.0087880000   0.0293970000  -0.0212420000
   6.9721496968   6.9827332867  422  5.24E+00   0.3855970000  -0.6251330000   2.5261440000  -0.0020630000   0.0067850000   1.3958810000  -0.4517250000   0.6407940000  10.4179770000   0.0725180000   0.2264490000   9.4390060000   0.3832930000  -0.1176130000   8.3668630000  -0.0175010000   0.0285110000  -0.0510900000   0.0174620000  -0.0284820000   0.0508330000  -0.0217390000   0.0106180000   0.0081700000   0.0412160000  -0.0211480000  -0.0212910000  -0.0194380000   0.0105010000   0.0133780000
   6.9702345037   6.9818573800  750  1.28E+01  -0.9300260000   0.5038920000   2.3918130000  -0.8780590000  -0.6619920000   1.7715460000   2.1942170000   2.4452630000   9.0026800000   1.7151880000   1.3679400000   8.7824650000   0.9620280000   0.4899090000   8.4073230000   0.0033650000  -0.0751700000  -0.0400410000  -0.0033350000   0.0752110000   0.0398590000  -0.0000020000   0.0481870000  -0.0012940000   0.0522060000  -0.0178960000   0.0274210000  -0.0522340000  -0.0303320000  -0.0259440000
   6.9701425867   6.9817271124  926  6.70E+00   0.2345010000   0.6285590000   2.5308020000  -0.0042210000  -0.0078670000   1.3632590000   0.3799000000   0.4026680000  10.5734700000  -0.0624380000   0.3211890000   9.4878300000  -0.3267200000   0.0435750000   8.3373440000  -0.0108430000  -0.0289450000  -0.0532590000   0.0108990000   0.0290030000   0.0529440000   0.0125240000  -0.0118280000   0.0000870000  -0.0116390000   0.0363650000   0.0541560000  -0.0009420000  -0.0245960000  -0.0539280000
   6.9712520742   6.9842560525  989  3.79E+00   1.5180780000   0.0974620000   1.9947680000   0.1078640000  -0.5801810000   1.8251540000   0.2602360000   0.2499480000   8.7582270000  -0.2089930000   1.3080390000   8.6393210000  -0.7376870000   2.3472100000   8.5165170000   0.0364340000   0.0175300000   0.0044100000  -0.0364520000  -0.0174720000  -0.0043580000  -0.0139030000   0.0209060000  -0.0013810000   0.0152010000  -0.0142390000  -0.0001460000  -0.0012790000  -0.0067250000   0.0014750000
   6.9713377072   6.9808828511 1109  4.52E+00  -0.2170670000  -0.2197080000   2.3663940000  -1.1249100000  -1.3723430000   2.0347390000   2.6568240000   3.2067060000   9.0872920000   2.0701360000   2.7902630000   8.2237250000   1.4208840000   2.2539860000   7.4293100000   0.0121160000   0.0153520000   0.0043090000  -0.0121850000  -0.0155130000  -0.0046080000  -0.0646240000  -0.0517140000  -0.0823430000   0.0417540000   0.0379020000   0.0423790000   0.0229400000   0.0139730000   0.0402640000
   6.9707955538   6.9813931572 1293  4.24E+00  -0.4907380000  -1.3066790000   3.0476770000  -0.5364290000  -0.8896510000   1.5753820000   0.9520990000   2.2057860000  10.2190490000   1.0584320000   1.8465150000   9.0684270000   0.9633130000   1.6211740000   7.9146550000   0.0008320000  -0.0079420000   0.0277310000  -0.0009000000   0.0077980000  -0.0279360000  -0.0174180000   0.0258990000   0.0564210000   0.0298730000  -0.0335590000  -0.0521640000  -0.0123860000   0.0078040000  -0.0040510000
   6.9737277281   6.9822484337 1404  9.32E+00  -1.0363010000   0.6357860000   2.4901040000  -1.5414240000  -0.6980900000   2.0353330000   2.8207710000   1.8454770000   9.3748790000   2.7814290000   1.3444300000   8.2828270000   2.8547570000   1.2793220000   7.0865930000   0.0058380000   0.0156000000   0.0052930000  -0.0060460000  -0.0156840000  -0.0053580000   0.0086080000   0.0432760000   0.0277440000  -0.0182420000  -0.0696050000   0.0059250000   0.0098410000   0.0264130000  -0.0336040000
   6.9724182237   6.9816485181 1512  7.09E+00  -0.0529810000   1.1277970000   1.7608220000  -1.4199180000   0.4906480000   2.2368100000   3.2755980000  -1.4781560000   7.3651570000   2.6109930000  -0.6915760000   7.9420630000   1.8590930000   0.1635240000   8.3918480000   0.0367550000   0.0171140000  -0.0127860000  -0.0367210000  -0.0171610000   0.0127660000   0.0036570000  -0.0059520000  -0.0137270000   0.0481590000  -0.0516980000  -0.0083340000  -0.0518500000   0.0576970000   0.0220810000
   6.9712573436   6.9824744868 1591  2.00E+01  -0.5591570000   1.9753730000   2.9648030000  -0.5005270000   0.8145390000   1.6417040000   1.8803260000  -1.4605000000   9.5704060000   0.9619050000  -1.3417800000   8.9046090000  -0.0674420000  -1.0370130000   8.3602710000  -0.0022590000   0.0457860000   0.0520680000   0.0023960000  -0.0457360000  -0.0522780000  -0.0639260000   0.0198460000  -0.0321490000   0.1023560000  -0.0412310000   0.0388880000  -0.0385670000   0.0213340000  -0.0065290000
   6.9738453197   6.9830826832 1593  9.41E+00   1.2964120000   0.3198510000   2.1917900000   0.5045230000  -1.0673700000   1.9453270000  -0.6881660000   1.4680160000   9.2941520000  -1.0213980000   2.2376280000   8.4834040000  -1.1464610000   2.8504310000   7.4850500000   0.0244370000   0.0427260000   0.0075770000  -0.0243940000  -0.0428540000  -0.0076230000   0.0078910000   0.0043010000  -0.0281660000  -0.0226990000   0.0091140000   0.0351050000   0.0147650000  -0.0132860000  -0.0068930000
   6.9716309486   6.9813369031 1764  8.86E+00  -0.9384150000  -1.3042160000   2.1320800000  -0.6073180000   0.0870150000   1.7378420000   0.1963020000   0.7848290000   8.6375750000   1.1266570000   0.0967620000   8.6417940000   2.0501380000  -0.5221970000   9.0627260000  -0.0027220000  -0.0116060000   0.0033470000   0.0028420000   0.0115640000  -0.0032120000   0.0408840000  -0.0252730000   0.0315140000  -0.0466110000   0.0242150000  -0.0651540000   0.0056070000   0.0011000000   0.0335060000
   6.9742842922   6.9821015348 1813  6.32E+00   0.9335900000  -1.2158620000   2.0222830000  -0.0114380000   0.0169560000   1.7364360000   0.2993150000   1.4057840000   8.9611620000   0.0098050000   0.2460130000   8.7787750000  -0.3083710000  -0.9108690000   8.6502420000   0.0251460000  -0.0327700000   0.0076190000  -0.0251280000   0.0328340000  -0.0075570000   0.0131210000   0.0593640000   0.0132910000   0.0034110000  -0.0055500000  -0.0116860000  -0.0165500000  -0.0538780000  -0.0016670000
   6.9738683671   6.9829289819 1842  2.70E+00   1.0073360000  -0.5384140000   2.3159200000  -0.0132210000   0.0037370000   1.5453760000  -0.2389970000   1.2418610000   9.7610040000   0.0361160000   0.2431840000   9.1774560000   0.2144450000  -0.7214840000   8.4868110000  -0.0259030000   0.0137980000  -0.0196050000   0.0258970000  -0.0136810000   0.0194770000  -0.0126370000   0.0266750000   0.0085200000   0.0124400000   0.0040930000   0.0200820000   0.0002030000  -0.0308860000  -0.0284740000
   6.9747391057   6.9812801958 1873  2.12E+00  -0.7148390000   0.5879000000   2.3648790000   0.2956540000  -0.0872650000   1.4226830000  -0.1015500000  -0.0942100000   8.3926510000  -0.5330690000   0.4147170000   9.3350980000  -0.9298100000   0.8693400000  10.3464970000  -0.0204060000   0.0136510000   0.0189510000   0.0203500000  -0.0135700000  -0.0191400000  -0.0142330000   0.0158020000   0.0427090000   0.0136420000  -0.0141280000  -0.0521950000   0.0006470000  -0.0017550000   0.0096750000
   6.9746386124   6.9839908798 2228  5.91E+00  -1.6148290000  -0.5314170000   2.1395390000  -0.3052760000  -0.7238560000   1.9513890000  -0.3173630000   0.9307790000   8.7365320000   0.5826560000   1.6032950000   8.4052910000   1.5063270000   2.2019010000   8.0743300000   0.0709940000  -0.0104140000  -0.0101860000  -0.0709610000   0.0104680000   0.0102360000   0.0110080000   0.0020050000  -0.0020140000   0.0301920000   0.0307320000  -0.0146280000  -0.0412340000  -0.0327900000   0.0165930000
   6.9716409755   6.9805430562 2529  2.54E+00   0.1815530000   1.3919010000   3.0427310000   1.2752300000   1.8581440000   2.3474120000  -2.9011100000  -3.9389450000   8.2954070000  -2.3240490000  -3.1539810000   7.6968360000  -1.7344810000  -2.3734170000   7.0125500000   0.0340600000   0.0145920000  -0.0217300000  -0.0339320000  -0.0143690000   0.0214680000   0.0305060000   0.0400250000  -0.0365100000  -0.0432350000  -0.0553470000   0.0558640000   0.0126020000   0.0150980000  -0.0190920000
   6.9703180601   6.9811308443 2532  1.40E+00  -0.5476240000  -1.6219940000   3.7888690000   0.2394990000  -2.7789120000   4.3113250000  -0.6986160000   6.4739700000   4.0717490000  -0.4399010000   5.3381310000   4.1499640000  -0.1327670000   4.1871420000   4.0435610000  -0.0085910000   0.0124560000  -0.0056820000   0.0085490000  -0.0127860000   0.0057080000   0.0052680000  -0.0101290000  -0.0112550000  -0.0160300000   0.0386020000   0.0258200000   0.0108040000  -0.0281430000  -0.0145910000
   6.9714262816   6.9832435197 3277  3.48E+00  -0.4613880000  -0.1130210000   6.8498940000  -0.5919470000  -1.3600550000   6.1206490000   0.9596590000   3.6922760000   1.3666530000   1.1756690000   2.7555470000   0.7105010000   1.1431620000   1.7263850000   0.1015980000  -0.0001390000  -0.0015040000  -0.0008990000   0.0001790000   0.0015320000   0.0009040000  -0.0116400000  -0.0251940000  -0.0116030000   0.0285550000   0.0562670000   0.0246880000  -0.0169550000  -0.0311010000  -0.0130910000
   6.9727510836   6.9800795403 3301  4.39E+00   0.7523130000  -1.1169650000   1.8955630000  -0.0077950000   0.0123140000   1.7622470000  -0.3943530000   1.3489940000   8.8817390000  -0.0150820000   0.2610340000   8.6875790000   0.3972100000  -0.8484050000   8.6772050000  -0.0274150000   0.0407400000  -0.0047930000   0.0273850000  -0.0406680000   0.0049070000   0.0067050000  -0.0143590000   0.0109630000  -0.0125830000   0.0257040000  -0.0246420000   0.0059080000  -0.0114160000   0.0135640000
   6.9724921293   6.9838712767 3454  3.06E+00   1.2723100000  -0.8174050000   2.0590100000  -0.0138300000   0.0076040000   1.7361590000  -0.3715430000   1.3662520000   8.9160080000  -0.0070830000   0.2501870000   8.8294640000   0.3657720000  -0.8528710000   8.6564150000   0.0309900000  -0.0198600000   0.0077800000  -0.0310090000   0.0199150000  -0.0077590000  -0.0009470000   0.0053560000  -0.0042740000  -0.0003990000  -0.0037220000   0.0089190000   0.0013650000  -0.0016890000  -0.0046660000
   6.9731527928   6.9805900169 3584  7.71E+00  -0.2154370000   1.3727520000   2.7005610000   0.1148640000   0.4931840000   1.4411940000  -0.3094690000  -1.1692720000   8.2076420000  -0.2067470000  -0.7256510000   9.3504850000  -0.0954110000  -0.1478760000  10.4063580000  -0.0084120000   0.0224820000   0.0320500000   0.0084400000  -0.0223350000  -0.0322490000  -0.0068300000  -0.0244740000  -0.0836450000   0.0003640000  -0.0138380000   0.0313020000   0.0064380000   0.0381650000   0.0525420000
   6.9729213014   6.9838598025 3584  7.43E+00  -0.2232740000   1.3620040000   2.6974800000   0.1149970000   0.4934610000   1.4409560000  -0.3105730000  -1.1729220000   8.2097340000  -0.2064350000  -0.7261760000   9.3503630000  -0.0947130000  -0.1445410000  10.4057420000  -0.0082870000   0.0213580000   0.0307600000   0.0083150000  -0.0212120000  -0.0309560000  -0.0069150000  -0.0243620000  -0.0826250000   0.0003020000  -0.0151320000   0.0284810000   0.0065860000   0.0393480000   0.0543400000
   6.9744246233   6.9827163618 3748  4.17E+00   1.3771320000  -0.8952280000   2.6973340000   0.7453970000  -0.1693680000   1.6809470000  -0.2944680000   0.6228540000   8.5402030000  -1.3695900000   0.6364290000   8.9224560000  -2.4868450000   0.4893180000   9.1979350000  -0.0129680000   0.0148730000  -0.0208840000   0.0128980000  -0.0148830000   0.0207640000  -0.0788920000  -0.0109700000   0.0202580000   0.0477320000   0.0184670000  -0.0042460000   0.0312310000  -0.0074870000  -0.0158920000
