   6.9889928589   6.5738716932   54  7.10E+00   0.2207440000   0.5232450000   1.7623810000   1.3809100000   0.9368200000   2.2395180000  -3.2327030000  -2.3733270000   7.9946970000  -2.4678380000  -1.5027830000   7.8871470000  -1.8252080000  -0.5225370000   7.7899120000   0.0754310000   0.0268540000   0.0310010000  -0.0754010000  -0.0269520000  -0.0311910000   0.0051100000   0.0229460000  -0.0006810000   0.0065210000  -0.0260880000  -0.0017700000  -0.0116610000   0.0032400000   0.0026400000
   6.9868042016   6.5722621407  252  4.89E+00  -0.5874070000   0.0018050000   1.6710130000  -0.4979200000  -1.3683250000   2.2465890000   1.7819330000   2.1757150000   7.2900680000   0.9217210000   2.7944950000   7.8950670000   0.0498770000   3.2477730000   8.4590370000  -0.0009250000   0.0133400000  -0.0056140000   0.0006970000  -0.0133790000   0.0054810000   0.0444890000  -0.0421020000  -0.0326200000  -0.1080730000   0.0862220000   0.0766360000   0.0638110000  -0.0440810000  -0.0438830000
   6.9882943532   6.5736779882  530  8.83E+00   1.0790500000   1.3014530000   2.5828550000   0.0994410000   0.6094600000   1.5741550000  -0.4050110000  -1.6272710000  10.0346290000  -0.1826720000  -0.8332970000   9.1163960000  -0.0224740000  -0.1852900000   8.0984750000   0.0244060000   0.0172380000   0.0250010000  -0.0243870000  -0.0172340000  -0.0253190000  -0.0209830000  -0.0709680000   0.0683760000   0.0150140000   0.0412160000  -0.0053500000   0.0059510000   0.0297490000  -0.0627080000
   6.9886349154   6.5723601797  618  1.59E+01  -2.0132570000  -1.0725390000   2.9517470000  -1.3756390000   0.1437460000   2.1357050000   3.1377710000  -0.9753100000   8.3318160000   2.6495790000   0.1185370000   8.0193220000   1.8703150000   0.9236650000   7.7971030000  -0.0183690000  -0.0350680000   0.0235160000   0.0184120000   0.0350380000  -0.0235930000   0.0132070000  -0.0900930000   0.0270000000  -0.0461370000   0.1618260000  -0.0486350000   0.0328870000  -0.0717030000   0.0217120000
   6.9869465241   6.5729216208  618  1.54E+01  -2.0160030000  -1.0740510000   2.9574620000  -1.3760000000   0.1438860000   2.1351800000   3.1387140000  -0.9758980000   8.3343650000   2.6505960000   0.1150500000   8.0197060000   1.8705840000   0.9262660000   7.7965290000  -0.0188280000  -0.0358590000   0.0241960000   0.0188690000   0.0358230000  -0.0242780000   0.0128080000  -0.0880500000   0.0268360000  -0.0378920000   0.1511090000  -0.0462750000   0.0250430000  -0.0630230000   0.0195200000
   6.9852944659   6.5734549616  618  1.49E+01  -2.0183780000  -1.0748570000   2.9627020000  -1.3763660000   0.1440170000   2.1346610000   3.1396400000  -0.9763760000   8.3368800000   2.6516750000   0.1113140000   8.0201660000   1.8708220000   0.9289460000   7.7959300000  -0.0191980000  -0.0364800000   0.0247670000   0.0192380000   0.0364380000  -0.0248530000   0.0122130000  -0.0855640000   0.0265310000  -0.0292830000   0.1396550000  -0.0437010000   0.0170310000  -0.0540490000   0.0172570000
   6.9892926746   6.5737827871  636  5.15E+00   0.1872440000   1.4484550000   1.7205130000  -0.0033100000  -0.0170420000   1.8677540000  -0.9350560000   0.8422280000   8.3181900000  -0.0146870000   0.2229830000   8.5985690000   0.9508170000  -0.3280920000   8.7916730000   0.0016890000   0.0128510000  -0.0012950000  -0.0016180000  -0.0129140000   0.0013080000   0.0639480000  -0.0351200000   0.0130940000   0.0253740000  -0.0233860000   0.0113580000  -0.0893930000   0.0585690000  -0.0244640000
   6.9877274454   6.5735967701  657  2.18E+00  -0.4170980000  -0.9058880000   1.6173160000  -0.5011170000   0.4971840000   1.9310150000   0.4014090000   0.2789610000   9.0143910000   0.8803930000  -0.6827450000   8.4799000000   1.4666650000  -1.5047360000   7.8751150000  -0.0004090000   0.0065440000   0.0014580000   0.0003420000  -0.0065010000  -0.0014320000  -0.0098790000   0.0423180000   0.0153400000   0.0015270000  -0.0489340000  -0.0110270000   0.0084190000   0.0065730000  -0.0043400000
   6.9880626671   6.5726230939  780  4.93E+00   0.4379860000  -0.9275100000   1.5414380000  -0.6104470000  -0.1545650000   1.9597690000   2.1718320000   0.0789700000   8.4611300000   1.0982320000   0.5151370000   8.3470140000   0.0248580000   1.0523680000   8.3893160000  -0.0375950000   0.0277310000   0.0150570000   0.0377030000  -0.0277740000  -0.0149770000  -0.0174310000   0.0138070000   0.0091860000   0.0523320000  -0.0381640000  -0.0222590000  -0.0350090000   0.0244000000   0.0129940000
   6.9892168847   6.5717343312  814  3.35E-01   0.2701540000  -2.1617790000   4.1370570000   0.9676590000  -2.0332410000   2.8451710000  -1.9233360000   4.7700420000   7.6024800000  -1.8083070000   3.9925190000   6.7165470000  -1.5689180000   3.2111620000   5.8865040000  -0.0039830000  -0.0008190000   0.0074270000   0.0041120000   0.0005430000  -0.0075080000   0.0062880000   0.0122940000   0.0177840000  -0.0092090000  -0.0289480000  -0.0388310000   0.0027920000   0.0169310000   0.0211270000
   6.9868927318   6.5729265517  889  3.63E+00  -0.6765120000  -1.1428380000   1.6933970000   0.0075700000   0.0128870000   1.9091940000   1.1345600000   0.4786690000   8.3680100000   0.0000580000   0.2712250000   8.5021670000  -1.1297880000   0.0130380000   8.6089670000   0.0274880000   0.0464400000   0.0086850000  -0.0275180000  -0.0464310000  -0.0086230000  -0.0289700000  -0.0088190000   0.0030360000   0.0054110000   0.0069630000  -0.0002940000   0.0235890000   0.0018470000  -0.0028040000
   6.9875788173   6.5738228363 1195  1.00E+00   1.1141270000   0.8848930000   1.6573260000  -0.0137930000  -0.0122950000   1.9040890000   0.6285880000   1.2248550000   8.5765650000  -0.0103180000   0.2533410000   8.5248600000  -0.6221520000  -0.7217090000   8.4111450000   0.0027150000   0.0021590000  -0.0005800000  -0.0027100000  -0.0021380000   0.0006260000  -0.0116630000  -0.0208150000  -0.0041680000  -0.0109510000  -0.0120200000   0.0032050000   0.0226090000   0.0328140000   0.0009170000
   6.9857710810   6.5735113015 1574  2.61E+00   1.2977560000  -0.1373230000   2.0587100000  -0.0170830000   0.0015450000   1.6747900000  -0.9015920000   0.1849390000   8.1859390000  -0.0004770000   0.2176270000   8.9136060000   0.9055050000   0.3403010000   9.6298260000  -0.0411540000   0.0043480000  -0.0120230000   0.0413050000  -0.0043590000   0.0119170000   0.0296080000   0.0075350000   0.0248320000  -0.0088550000  -0.0110820000  -0.0079140000  -0.0209040000   0.0035580000  -0.0168120000
   6.9875241884   6.5734898207 1694  1.98E+01   0.6483290000  -1.2575320000   6.2022090000   0.3441410000  -2.2750180000   5.2325710000  -0.4883620000   3.9827920000   3.4002170000  -0.3932150000   4.4567180000   2.3178780000  -0.9760340000   4.8004590000   1.3374630000  -0.0016110000  -0.0055660000  -0.0052190000   0.0017240000   0.0053000000   0.0051870000  -0.0498350000   0.0012060000  -0.0145170000   0.0973070000   0.0108310000   0.0003400000  -0.0475860000  -0.0117700000   0.0142090000
   6.9890879363   6.5738160314 1716  2.45E+00   0.2734640000   1.2833200000   1.5551600000  -0.0020530000  -0.0177080000   1.9363660000   0.1201110000   1.4216270000   8.4323660000   0.0041780000   0.2633460000   8.4641750000  -0.1302230000  -0.9240590000   8.4461400000  -0.0077230000  -0.0364730000   0.0106990000   0.0077300000   0.0365070000  -0.0106480000  -0.0029960000  -0.0198390000  -0.0014180000   0.0079590000   0.0549900000   0.0036290000  -0.0049690000  -0.0351840000  -0.0022630000
   6.9890531105   6.5742916005 1781  9.14E+00   0.8135690000   1.1390050000   2.3298120000   0.4116420000  -0.1690040000   1.5550920000  -1.0430220000   0.2587900000  10.2323950000  -0.7492240000   0.6520240000   9.1244710000  -0.5016360000   0.7116920000   8.0057980000   0.0103330000   0.0335670000   0.0197820000  -0.0102880000  -0.0335800000  -0.0200650000  -0.0159630000  -0.0395170000   0.0479120000   0.0332290000   0.0652300000  -0.1114440000  -0.0173100000  -0.0257000000   0.0638140000
   6.9875224150   6.5733737828 2011  5.25E+00  -1.3933390000   0.3063300000   2.1481830000   0.0149150000  -0.0008150000   1.6239360000  -0.5814540000   0.8031900000   8.1206400000   0.0357390000   0.2952550000   8.9879990000   0.5679180000  -0.3523930000   9.8876230000  -0.0273250000   0.0059450000   0.0101140000   0.0274120000  -0.0060230000  -0.0102780000  -0.0103070000  -0.0034500000  -0.0040970000  -0.0230160000   0.0579050000  -0.0626080000   0.0332360000  -0.0543770000   0.0668680000
   6.9873054823   6.5728733085 2031  5.84E+00   1.5978570000   0.0699630000   2.1082370000   0.3477940000  -0.8755210000   1.8865330000  -1.1035630000   2.2425470000   7.4877720000  -0.6334720000   1.7861080000   8.5034270000  -0.2585310000   1.4724580000   9.5753010000   0.0338860000   0.0255620000   0.0060120000  -0.0337500000  -0.0257430000  -0.0060580000  -0.0264390000   0.0290320000  -0.0386470000   0.0288020000  -0.0348900000   0.0249670000  -0.0024980000   0.0060410000   0.0137250000
   6.9864459562   6.5730638215 2164  6.05E+00   0.5464480000  -1.4507950000   1.7565230000  -0.0035270000   0.0191190000   1.8866710000   0.6931540000   1.1514580000   8.6856670000   0.0129100000   0.2237080000   8.5183130000  -0.7196590000  -0.6358000000   8.3877020000   0.0143000000  -0.0381750000  -0.0033620000  -0.0142580000   0.0382080000   0.0034450000  -0.0219110000  -0.0193050000  -0.0004060000  -0.0294870000  -0.0508490000  -0.0138580000   0.0513560000   0.0701210000   0.0141810000
   6.9884623163   6.5710228540 2242  5.45E+00   0.9070050000  -0.8110380000   2.1719330000  -0.0089950000   0.0079730000   1.6132750000  -0.3300050000   0.9700220000   9.8755290000   0.0696780000   0.2949930000   9.0213260000   0.2654740000  -0.4925230000   8.1594580000  -0.0423470000   0.0378900000  -0.0259080000   0.0423300000  -0.0377460000   0.0256370000  -0.0038000000  -0.0247930000  -0.0216860000   0.0167090000   0.0365500000   0.0251600000  -0.0128930000  -0.0119000000  -0.0032020000
   6.9866972163   6.5740213161 2401  5.64E+00   0.7537240000  -0.9633720000   1.9347880000  -0.6214030000  -0.6487150000   1.9063890000   1.9072790000   0.8657790000   9.1538500000   1.1561840000   1.4390680000   8.4830890000   0.2807270000   2.0421270000   7.8362530000  -0.0214730000   0.0048850000  -0.0004300000   0.0215890000  -0.0050670000   0.0003280000  -0.0211170000   0.0126130000  -0.0105690000   0.0978450000  -0.0629560000   0.0592400000  -0.0768420000   0.0505250000  -0.0485690000
   6.9890066953   6.5703537317 2529  6.82E-01   1.5329640000   0.1025810000   2.3901740000   0.7359460000   1.2353060000   1.9531580000  -1.5619720000  -1.8620840000   9.5405270000  -1.3528050000  -1.9626890000   8.4112380000  -1.1945580000  -2.1527390000   7.2412440000  -0.0004500000   0.0007760000  -0.0003310000   0.0005880000  -0.0005160000   0.0001400000   0.0034610000  -0.0094460000  -0.0399280000  -0.0034910000   0.0206830000   0.0700890000  -0.0001080000  -0.0114980000  -0.0299700000
   6.9871470283   6.5748679222 2644  3.77E+00  -1.4744330000   0.3470180000   2.5271730000  -0.2722420000   0.2018990000   1.5167430000   0.3552890000  -0.2051090000  10.3423650000   0.5305860000  -0.1021670000   9.2053730000   0.6989400000  -0.0607170000   8.0141830000  -0.0316890000   0.0038270000   0.0264800000   0.0315390000  -0.0038020000  -0.0268570000   0.0044180000  -0.0011490000  -0.0343450000  -0.0102360000   0.0036930000   0.0789230000   0.0059680000  -0.0025690000  -0.0442020000
   6.9885542646   6.5711185356 2660  1.99E+00  -1.1259140000  -0.3569970000   2.2908500000   0.0150900000   0.0044310000   1.5510540000  -0.3835980000   0.6684520000   8.0763680000  -0.0432590000   0.2773630000   9.1658290000   0.4116490000  -0.1886290000  10.1533990000   0.0197320000   0.0062120000  -0.0128840000  -0.0196860000  -0.0063220000   0.0125560000  -0.0070600000   0.0117270000  -0.0491110000  -0.0079330000   0.0011000000   0.0377700000   0.0149470000  -0.0127160000   0.0116690000
   6.9890520852   6.5743454000 2883  4.28E+00   0.5283250000  -1.4397090000   1.7702820000   1.5690350000  -0.8816570000   2.7441910000  -3.8417420000   2.0340040000   6.3117780000  -2.8373320000   1.8722450000   6.9229670000  -1.8977140000   1.7420970000   7.6756800000  -0.0196560000  -0.0104970000  -0.0183380000   0.0195410000   0.0105450000   0.0183270000  -0.0253380000   0.0056770000  -0.0036600000  -0.0151940000  -0.0019580000  -0.0420790000   0.0406450000  -0.0037670000   0.0457500000
   6.9878125319   6.5741808988 2908  8.22E+00  -1.3861770000   0.2075890000   2.2584850000   0.0882620000  -0.1079320000   1.5514250000  -0.6356080000   0.7048490000  10.1452500000  -0.1278920000   0.4443330000   9.1279970000   0.3781470000   0.1752230000   8.1131050000  -0.0514480000   0.0110130000   0.0245990000   0.0513290000  -0.0109850000  -0.0248670000   0.0059590000  -0.0036640000  -0.0114380000   0.0040340000  -0.0011340000  -0.0102860000  -0.0098740000   0.0047700000   0.0219930000
   6.9886770478   6.5739010740 3067  8.84E-01   0.8463390000  -1.1688380000   1.6684860000  -0.0074530000   0.0183730000   1.9311570000  -1.0761160000  -0.2261290000   8.4130050000  -0.0132560000   0.2395640000   8.4595910000   1.0699690000   0.7158440000   8.4878150000   0.0076190000  -0.0106010000  -0.0023290000  -0.0076260000   0.0106030000   0.0024000000   0.0252530000   0.0112800000   0.0012060000  -0.0391650000  -0.0176200000  -0.0017700000   0.0139190000   0.0063380000   0.0004920000
   6.9868214920   6.5700588573 3137  6.19E+00   0.1771210000   1.3069740000   1.6278060000  -0.0045140000  -0.0176400000   1.8669290000  -0.5807910000  -0.6852660000   8.8744610000   0.0115090000   0.2388720000   8.5305160000   0.5835380000   1.1993760000   8.2964500000  -0.0075150000  -0.0547610000   0.0098740000   0.0074740000   0.0546850000  -0.0097850000   0.0274470000   0.0480390000  -0.0072760000   0.0122660000   0.0132470000  -0.0185020000  -0.0396720000  -0.0612100000   0.0256890000
   6.9870124354   6.5725341330 3309  5.10E+00  -2.3231680000  -0.1819470000   4.5043630000  -2.2365070000   1.1294310000   5.2728720000   2.9397910000  -1.8868070000   2.5698270000   4.1319570000  -1.8289960000   2.3979600000   5.2743910000  -1.6816850000   2.0134320000  -0.0015780000  -0.0225540000  -0.0132020000   0.0013770000   0.0227370000   0.0133610000  -0.0511430000   0.0019570000  -0.0055280000  -0.0112060000  -0.0154330000   0.0394430000   0.0625490000   0.0132940000  -0.0340730000
   6.9850049727   6.5717836904 3518  6.82E+00   0.2189170000  -1.7639110000   2.8561720000  -0.5868480000  -0.9180580000   1.7674580000   1.0509430000   2.3556290000   9.8457000000   0.9762110000   1.9770300000   8.7061430000   1.1332920000   1.5440330000   7.6127610000   0.0231330000  -0.0243870000   0.0312270000  -0.0232770000   0.0242430000  -0.0314860000   0.0173240000   0.0125170000   0.0503420000  -0.0339370000  -0.0037450000  -0.0391080000   0.0167560000  -0.0086290000  -0.0109750000
