   6.9843855629   6.5991022163    7  3.37E+00   0.8469620000   0.4255180000   1.7897050000  -0.3571050000  -0.3928170000   1.7432940000   1.1219650000   1.5205410000   7.8832910000   0.5791220000   0.8922260000   8.7533310000   0.1733990000   0.4323590000   9.7276170000   0.0007840000   0.0005230000  -0.0000390000  -0.0009270000  -0.0007030000  -0.0000800000   0.0259910000   0.0307950000  -0.0177280000  -0.0511940000  -0.0602300000   0.0490980000   0.0253470000   0.0296150000  -0.0312510000
   6.9829432677   6.5996474771   45  3.30E+00  -0.1748750000  -2.0772190000   2.7788480000  -1.3787010000  -1.2005900000   2.5306100000   2.7730590000   2.3722590000   6.2120480000   2.4434120000   2.5382250000   7.3179830000   2.2892670000   2.5368850000   8.4820030000   0.0175430000  -0.0128250000   0.0036330000  -0.0177110000   0.0127590000  -0.0035960000   0.0058430000  -0.0069100000   0.0295510000  -0.0189130000   0.0181520000  -0.0287300000   0.0132370000  -0.0111750000  -0.0008580000
   6.9826476946   6.5961288833   72  3.68E+00   0.7078420000  -1.1607710000   2.2525750000  -0.0100500000   0.0185630000   1.5917410000   0.3088060000   0.9003520000   8.1208830000  -0.0688960000   0.2708740000   9.0426000000  -0.2514880000  -0.4355990000  10.0006020000   0.0135250000  -0.0222890000   0.0124460000  -0.0135970000   0.0221640000  -0.0126120000   0.0132520000  -0.0025090000   0.0010320000  -0.0175840000   0.0368940000  -0.0437770000   0.0044040000  -0.0342600000   0.0429120000
   6.9838685072   6.5985722714   74  5.89E+00  -0.9580430000   0.9105720000   1.7068590000   0.0136360000  -0.0103760000   1.9021190000  -0.3608540000  -0.8695010000   8.4337970000  -0.0072980000   0.2392420000   8.5930640000   0.3585890000   1.3720290000   8.5094290000   0.0430960000  -0.0408510000   0.0086640000  -0.0430960000   0.0408520000  -0.0086810000   0.0017510000   0.0044580000  -0.0139760000  -0.0111810000  -0.0326460000   0.0303930000   0.0094310000   0.0281870000  -0.0164000000
   6.9819107131   6.5995771123  320  1.76E+01  -0.6300770000  -1.3678830000   1.9610160000  -0.7248140000  -0.1145740000   1.9725970000   2.1516050000  -0.3656200000   8.4386040000   1.3879050000   0.5395760000   8.3669840000   0.4660910000   1.3066270000   8.3063440000  -0.0113310000   0.1501630000   0.0014010000   0.0114170000  -0.1501920000  -0.0014010000   0.0045700000  -0.0248180000   0.0029640000   0.0365760000   0.0064570000  -0.0029500000  -0.0412320000   0.0183890000  -0.0000140000
   6.9848619101   6.5971850344  499  1.05E+00   0.2255010000   1.7501190000   2.2361520000   0.1870310000   0.4077820000   1.7289490000   0.3980280000  -0.0236630000   9.5667610000  -0.3615530000  -0.5004630000   8.8223910000  -1.0748980000  -1.0597930000   8.0358190000  -0.0002100000  -0.0083790000  -0.0031610000   0.0003360000   0.0085070000   0.0030850000  -0.0057560000  -0.0108070000  -0.0104560000   0.0262840000   0.0346520000   0.0372620000  -0.0206540000  -0.0239740000  -0.0267300000
   6.9845148803   6.5975606045  556  7.31E+00   0.5051700000   1.2945240000   1.4823100000  -0.3908890000   0.0357290000   1.9682290000   1.4239350000  -0.7446040000   8.2630920000   0.7324330000   0.1705350000   8.3720450000  -0.0534050000   1.0442580000   8.5300340000   0.0279470000   0.0392360000  -0.0151240000  -0.0278990000  -0.0392480000   0.0152100000  -0.0339650000   0.0338470000   0.0090300000   0.0499510000  -0.0418890000  -0.0158780000  -0.0160330000   0.0080540000   0.0067620000
   6.9838531654   6.5979348485  739  2.53E+00  -0.5133110000   1.3483640000   1.6668480000   0.0106220000  -0.0136120000   1.8660340000   1.0421250000   0.6625960000   8.3476610000  -0.0309380000   0.2843170000   8.5522910000  -1.0396090000  -0.2053260000   8.8089150000  -0.0028870000   0.0074580000  -0.0010620000   0.0028030000  -0.0074680000   0.0011380000  -0.0369940000  -0.0229720000   0.0134520000  -0.0157350000   0.0079110000  -0.0063190000   0.0528130000   0.0150710000  -0.0072090000
   6.9832686785   6.5988397466  770  1.23E+00  -1.4587160000   1.6595960000   5.3063920000  -0.2491520000   2.4333870000   5.3881460000   0.5801140000  -5.3442840000   2.4021860000   0.5295490000  -4.1966790000   2.0634170000   0.3585850000  -3.0750980000   1.8059770000   0.0064150000   0.0041240000   0.0004810000  -0.0064250000  -0.0040180000  -0.0002920000  -0.0059980000  -0.0402610000   0.0161920000   0.0099550000   0.0666710000  -0.0261000000  -0.0039470000  -0.0265160000   0.0097180000
   6.9824513297   6.5950224271  898  9.12E+00  -0.3718750000  -1.0937740000   1.6554660000  -0.4738710000   0.2542330000   1.9507880000   1.3383600000  -1.2834320000   8.1026760000   0.8682150000  -0.1845730000   8.4664980000   0.3999330000   0.9088730000   8.6957360000  -0.0028540000   0.0376100000   0.0082200000   0.0028170000  -0.0375410000  -0.0082140000   0.0426190000  -0.0990780000  -0.0381310000  -0.0164370000   0.0376110000   0.0310470000  -0.0261450000   0.0613970000   0.0070780000
   6.9842750204   6.5982658263 1165  4.33E+00  -1.0643550000   0.3415470000   2.1566580000  -2.1844770000  -0.1818160000   2.7234740000   4.4552890000   0.5511810000   8.1080540000   3.9589500000   0.5952750000   7.0024940000   3.5496110000   0.5761370000   5.8988250000  -0.0451750000  -0.0210840000   0.0227970000   0.0449280000   0.0210570000  -0.0228340000   0.0326190000  -0.0061270000   0.0605470000  -0.0372570000   0.0098420000  -0.0567870000   0.0048850000  -0.0036880000  -0.0037240000
   6.9819597377   6.5967443630 1354  4.72E+00  -0.1908920000  -1.9896740000   3.4147160000  -0.7541680000  -1.4948800000   2.1376940000   0.7544500000   2.5888490000   7.0939290000   1.4574520000   3.0230820000   7.9866960000   1.9299700000   3.4205560000   9.0203790000   0.0043320000  -0.0038720000   0.0097440000  -0.0043230000   0.0036170000  -0.0099680000  -0.0494250000  -0.0236010000  -0.0372940000   0.0413110000   0.0079350000  -0.0170370000   0.0081050000   0.0159210000   0.0545560000
   6.9839720150   6.5958418903 1470  6.15E+00   1.2370740000   0.5081280000   1.8308340000  -0.0107430000  -0.0068840000   1.8394300000  -1.1314400000   0.0427940000   8.8453220000  -0.0058730000   0.2715390000   8.6992380000   1.1115640000   0.4434010000   8.3234720000  -0.0575860000  -0.0237680000   0.0003690000   0.0574780000   0.0237550000  -0.0004370000   0.0333760000   0.0030960000  -0.0189640000  -0.0524550000  -0.0023470000   0.0395260000   0.0191880000  -0.0007360000  -0.0204950000
   6.9808534722   6.5972346580 1549  3.68E+00  -2.4328580000  -0.0011850000   2.5529040000  -0.9837040000  -0.4948480000   2.2229360000   2.8540250000   1.4308670000   7.3595020000   1.8630640000   1.1372620000   7.9363330000   0.8135120000   0.8745330000   8.4211870000  -0.0358430000   0.0122160000   0.0081540000   0.0358840000  -0.0122120000  -0.0081440000   0.0106840000   0.0063320000  -0.0127850000   0.0090670000  -0.0044170000   0.0096260000  -0.0197920000  -0.0019190000   0.0031490000
   6.9820052783   6.5995468064 1840  5.02E+00   0.9696300000  -0.9587610000   2.2949950000  -0.0158590000   0.0104750000   1.5622120000   0.6317460000   0.5024460000  10.0957550000   0.0132320000   0.3198230000   9.0919740000  -0.6235670000  -0.0467730000   8.1334700000   0.0242220000  -0.0237620000   0.0179210000  -0.0240790000   0.0238130000  -0.0181670000   0.0182990000  -0.0050670000   0.0346080000   0.0102730000   0.0315510000   0.0025200000  -0.0287150000  -0.0265360000  -0.0368820000
   6.9812762752   6.5995358740 2143  1.88E+00   0.2528780000   1.4322070000   1.7085870000  -0.0041010000  -0.0153990000   1.8635130000  -0.7826790000   1.0641690000   8.3274300000   0.0310420000   0.2630410000   8.5876900000   0.7639250000  -0.5872860000   8.8125300000   0.0018190000   0.0101130000  -0.0010820000  -0.0017330000  -0.0101760000   0.0011090000   0.0038810000  -0.0130920000   0.0022460000   0.0423740000  -0.0303290000   0.0116240000  -0.0463410000   0.0434840000  -0.0138960000
   6.9813891024   6.5954398702 2268  7.96E+00   0.3533040000   0.5020600000   1.3905930000   0.2793640000  -0.8489170000   2.0791400000  -0.1407770000   0.6785470000   8.4814960000  -0.5076980000   1.7500100000   8.2053630000  -0.8955670000   2.9034660000   7.8886150000   0.0012150000   0.0221030000  -0.0112530000  -0.0012150000  -0.0221070000   0.0113260000  -0.0040810000   0.0130680000  -0.0032220000   0.0418130000  -0.1263330000   0.0339470000  -0.0377320000   0.1132690000  -0.0307980000
   6.9837456253   6.5973590355 2444  3.14E+00   0.2996360000   1.4399870000   1.8939280000  -0.0031500000  -0.0169920000   1.7471470000  -0.8174070000  -0.4865250000   8.2772060000   0.0277680000   0.2396780000   8.7683770000   0.7934120000   0.9884130000   9.2965990000   0.0034590000   0.0165120000   0.0016910000  -0.0033450000  -0.0164290000  -0.0017230000  -0.0530120000  -0.0404340000  -0.0244190000   0.0316600000   0.0139180000   0.0038060000   0.0212370000   0.0264330000   0.0206440000
   6.9818610211   6.5971871591 2477  4.82E+00  -1.1277880000  -0.5743460000   2.1060790000   0.0139870000   0.0099280000   1.6510290000  -0.1952150000  -0.5861810000   9.7406460000  -0.0585290000   0.2758040000   8.9529990000   0.2403530000   1.0534100000   8.1612350000   0.0453920000   0.0232050000  -0.0180960000  -0.0454590000  -0.0233300000   0.0179920000   0.0118610000  -0.0040130000  -0.0013080000  -0.0082350000   0.0494420000  -0.0403250000  -0.0035590000  -0.0453030000   0.0417370000
   6.9803828354   6.5992291311 2494  4.61E-01  -0.6313030000  -1.5999990000   2.9021650000   0.0207920000  -0.9565930000   1.7037370000  -0.3019400000   1.6085310000   7.7754590000  -0.0083640000   2.0521880000   8.8181790000   0.2441500000   2.4168370000   9.9142350000  -0.0093280000  -0.0092750000   0.0170680000   0.0093810000   0.0091240000  -0.0173650000   0.0002170000   0.0000490000   0.0155320000  -0.0011630000  -0.0000700000  -0.0346300000   0.0008930000   0.0001710000   0.0193950000
   6.9844047652   6.5965243805 2655  1.55E+00   1.3364340000   0.6006960000   1.6143960000  -0.0137250000  -0.0051720000   1.9313170000  -0.1000200000  -0.9212110000   8.4633580000  -0.0044660000   0.2363890000   8.4591880000   0.0877170000   1.4194130000   8.4403750000   0.0207810000   0.0093160000  -0.0048640000  -0.0207840000  -0.0093350000   0.0049360000   0.0018000000   0.0267480000   0.0002790000  -0.0030060000  -0.0475090000  -0.0005040000   0.0012090000   0.0207800000   0.0001540000
   6.9817083976   6.5977758713 2696  3.23E+00  -0.2968340000  -1.8405200000   3.1553860000   0.8712490000  -1.5278510000   2.2037520000  -1.4245170000   2.4749670000   6.9194230000  -1.5344390000   3.1384750000   7.8905940000  -1.7561130000   3.6030830000   8.9534560000  -0.0237080000  -0.0064450000   0.0192740000   0.0238550000   0.0062110000  -0.0195020000  -0.0074450000  -0.0142850000   0.0036780000   0.0169160000   0.0226670000  -0.0202760000  -0.0096180000  -0.0081480000   0.0168250000
   6.9826028491   6.5957724873 2741  2.79E+00  -1.5281690000   0.1439680000   2.4307980000  -0.4323690000  -0.5693970000   1.6558500000   0.6331160000   1.2040900000  10.1022070000   0.8175290000   1.2022130000   8.9219120000   1.0088030000   1.4157260000   7.7784740000  -0.0184170000   0.0119200000   0.0129510000   0.0182840000  -0.0120720000  -0.0131440000  -0.0049250000   0.0137900000   0.0377990000   0.0037020000  -0.0282310000  -0.0389420000   0.0013560000   0.0145930000   0.0013370000
   6.9847980417   6.5984519555 2949  3.40E+00   0.9737270000  -0.0274730000   2.2882010000  -0.0878430000  -0.5231590000   1.5576790000   0.0071900000   1.5958170000  10.2347930000   0.0664290000   1.2146780000   9.1015170000   0.3203060000   0.7945150000   8.0103310000  -0.0312020000  -0.0145760000  -0.0215790000   0.0311510000   0.0145440000   0.0212310000   0.0095480000   0.0114270000   0.0435910000  -0.0284700000   0.0026520000  -0.0162350000   0.0189730000  -0.0140470000  -0.0270080000
   6.9830561868   6.5952352270 3542  5.01E+00   1.0180420000  -0.9803110000   2.2286120000  -0.0149990000   0.0139770000   1.6375900000   0.4469250000  -0.4974110000   9.7650230000  -0.0843530000   0.2322420000   9.0166540000  -0.3728290000   1.0027030000   8.1484660000   0.0231690000  -0.0223340000   0.0132370000  -0.0231280000   0.0221790000  -0.0134150000   0.0136300000   0.0055730000  -0.0101150000  -0.0224480000  -0.0265870000   0.0369220000   0.0087770000   0.0211690000  -0.0266290000
   6.9834120073   6.5965890759 3946  7.20E+00   0.4388980000  -0.6369080000   1.5136790000  -0.9431690000  -0.8803600000   2.1690520000   2.8333430000   2.1992280000   8.0131560000   1.7200390000   1.8303420000   7.9198790000   0.5581910000   1.5512730000   8.1144760000   0.0305620000   0.0054060000  -0.0144130000  -0.0304120000  -0.0053680000   0.0143960000  -0.0008650000   0.0065480000   0.0188370000   0.0519010000  -0.0011330000  -0.0463910000  -0.0511860000  -0.0054530000   0.0275710000
