   6.9836851169   6.4741610902  133  1.91E+00   1.2254680000   0.8182270000   2.0209690000  -0.0161320000  -0.0130480000   1.6981670000  -0.2691400000  -0.6113740000   8.1396540000  -0.0080900000   0.2409450000   8.8705630000   0.2785750000   1.1317880000   9.5940520000   0.0229670000   0.0154040000   0.0059740000  -0.0229240000  -0.0152780000  -0.0060900000   0.0122510000   0.0372570000   0.0310900000  -0.0173850000  -0.0505570000  -0.0398110000   0.0050920000   0.0131740000   0.0088370000
   6.9844568179   6.4705585689  320  8.70E-01   0.2931740000  -1.3105280000   2.0359950000  -0.0063530000   0.0173140000   1.7151010000   0.9097200000   0.4742000000   9.5495610000   0.0129830000   0.2488330000   8.8383860000  -0.9062060000   0.0227720000   8.1227810000  -0.0062400000   0.0278600000  -0.0067530000   0.0064170000  -0.0278370000   0.0065900000  -0.0105100000  -0.0022610000  -0.0067960000   0.0252690000   0.0054330000   0.0157350000  -0.0149350000  -0.0031940000  -0.0087750000
   6.9830296931   6.4749654704  350  4.41E+00  -0.3543040000   1.4040190000   2.1834660000   0.0076880000  -0.0161320000   1.5994370000  -0.5492760000  -0.0078140000  10.0314030000   0.0071380000   0.3018430000   9.0694860000   0.5278420000   0.4610010000   8.0358150000  -0.0095930000   0.0374660000   0.0153190000   0.0094640000  -0.0374850000  -0.0156470000   0.0179210000   0.0006410000  -0.0400020000  -0.0056400000   0.0131030000   0.0241120000  -0.0121530000  -0.0137240000   0.0162180000
   6.9832147434   6.4719749366  414  2.07E+00   1.3076480000  -0.6389280000   1.7821260000  -0.0166720000   0.0136860000   1.8222230000  -0.3431100000   1.2580150000   8.1650570000   0.0020140000   0.2191060000   8.5883280000   0.3424740000  -0.7629210000   9.1760080000   0.0087600000  -0.0043360000  -0.0002190000  -0.0087320000   0.0042250000   0.0002760000   0.0008820000  -0.0000690000   0.0136940000  -0.0098180000   0.0232030000  -0.0411740000   0.0089080000  -0.0230230000   0.0274230000
   6.9800234741   6.4745360014  693  1.44E+00  -1.9605120000   0.4040760000   2.5587580000  -0.6594450000   0.2580010000   1.7755910000   0.5245190000   0.4896080000   8.1367390000   1.2639050000  -0.2173710000   8.7181140000   1.9436160000  -0.9527320000   9.2908550000  -0.0232610000   0.0025840000   0.0139200000   0.0232900000  -0.0027010000  -0.0141830000  -0.0014890000  -0.0040060000   0.0029630000   0.0288000000  -0.0191810000   0.0170400000  -0.0273400000   0.0233050000  -0.0197400000
   6.9811504011   6.4725896755 1204  3.75E+00  -1.2275140000   0.9131210000   1.7575310000   0.0176990000  -0.0062810000   1.8266850000   0.4805230000   1.2044650000   8.1681600000  -0.0635380000   0.2488100000   8.6088310000  -0.4438780000  -0.7297310000   9.1367760000  -0.0276200000   0.0203490000  -0.0015170000   0.0275280000  -0.0204750000   0.0015200000   0.0166040000   0.0088380000   0.0027180000  -0.0270290000  -0.0067490000  -0.0095480000   0.0105170000  -0.0019620000   0.0068280000
   6.9805029910   6.4704672369 1390  5.42E+00   1.0785690000   0.7778360000   1.7387560000  -0.0173070000  -0.0066510000   1.8190230000  -0.8935730000   0.8406440000   8.1736430000  -0.0043920000   0.1989470000   8.6104010000   0.9153540000  -0.3181050000   9.1695670000  -0.0504180000  -0.0361230000   0.0037180000   0.0505150000   0.0360290000  -0.0036930000  -0.0040870000   0.0121260000   0.0064740000  -0.0238560000  -0.0052620000  -0.0308820000   0.0278470000  -0.0067700000   0.0243830000
   6.9824326711   6.4745600945 1455 -3.57E-01  -0.6949270000  -0.9454390000   2.3303830000   0.0069540000   0.0124020000   1.5245320000  -0.0278680000   0.1105820000   7.9982540000  -0.0184750000   0.2467090000   9.1769560000   0.0507900000   0.3895140000  10.3531250000   0.0044920000   0.0061330000  -0.0052850000  -0.0045110000  -0.0061490000   0.0048990000   0.0036170000  -0.0016370000  -0.0170890000  -0.0089280000  -0.0020990000  -0.0100390000   0.0053290000   0.0037530000   0.0275130000
   6.9839200567   6.4732577931 1616  2.92E+00   0.9610800000   0.6128550000   1.6973140000   0.0026950000  -0.5525530000   1.8499540000  -0.4413400000   0.4936320000   9.4293430000  -0.0845030000   1.2371050000   8.5742470000   0.4307680000   1.9863250000   7.7891390000   0.0153530000   0.0186550000  -0.0025100000  -0.0154400000  -0.0188100000   0.0024440000   0.0014150000  -0.0164630000   0.0244340000  -0.0290910000  -0.0106590000  -0.0025900000   0.0277620000   0.0272770000  -0.0217780000
   6.9828565125   6.4742310440 1703  2.13E+00   1.1982570000  -0.6933450000   2.1180070000  -0.0156890000   0.0079500000   1.6594590000  -0.4609970000  -0.4083250000   8.1049290000  -0.0101590000   0.2975320000   8.9237530000   0.4714860000   0.8766210000   9.7760500000   0.0074540000  -0.0042500000   0.0027570000  -0.0073390000   0.0043930000  -0.0030050000   0.0088410000   0.0013070000   0.0167850000   0.0221250000   0.0478630000   0.0393800000  -0.0310810000  -0.0493130000  -0.0559160000
   6.9839714584   6.4718703563 1733  1.15E+00   0.4137350000   1.2793280000   1.5780190000  -0.0022380000  -0.0204050000   1.9258250000  -0.1026460000   1.4153790000   8.5854670000  -0.0098250000   0.2631160000   8.4746680000   0.0951300000  -0.9039220000   8.3363650000  -0.0069780000  -0.0217960000   0.0058580000   0.0069690000   0.0218620000  -0.0058130000   0.0028720000  -0.0267720000  -0.0031190000  -0.0042090000   0.0338330000   0.0040670000   0.0013470000  -0.0071280000  -0.0009940000
   6.9805042271   6.4744288545 1909  9.44E+00  -1.3257100000  -1.9745510000   2.6560620000  -0.6251700000  -0.9094310000   2.2518010000   0.8534730000   0.9213980000   8.2833770000   1.2675190000   1.9255580000   7.8321370000   1.4007770000   2.9870880000   7.4248760000   0.0377610000   0.0574200000  -0.0218280000  -0.0376740000  -0.0573440000   0.0218060000  -0.0162200000   0.0143760000   0.0004280000   0.0445030000   0.0453810000  -0.0293850000  -0.0283700000  -0.0598320000   0.0289790000
   6.9849843863   6.4717663306 2441  3.99E+00  -0.5516960000  -1.4591690000   1.7923140000   0.0052850000   0.0147740000   1.8851720000  -0.3162380000  -0.8341890000   8.8513820000  -0.0248300000   0.2675810000   8.5399620000   0.3432430000   1.3391370000   8.2109610000  -0.0147460000  -0.0390080000  -0.0024220000   0.0147130000   0.0389540000   0.0024590000   0.0018140000  -0.0136630000   0.0033330000  -0.0092690000   0.0081120000  -0.0015010000   0.0074890000   0.0056060000  -0.0018680000
   6.9830957604   6.4726514163 2585  3.17E+00   0.3813820000  -0.9913790000   1.9954070000  -1.1072340000  -0.8953620000   2.1141190000   3.1032570000   2.2365470000   8.4476910000   2.0096760000   1.9110370000   8.1344840000   0.8938520000   1.5506350000   7.7628330000   0.0173060000  -0.0011220000  -0.0014180000  -0.0172490000   0.0010300000   0.0011390000   0.0220670000   0.0051200000   0.0037540000   0.0555640000   0.0210910000   0.0238760000  -0.0776890000  -0.0261190000  -0.0273520000
   6.9844754519   6.4729634351 2634  5.27E+00   1.5988990000   1.5601240000   3.5085810000   1.5344030000   0.8934610000   2.1636830000  -2.1644360000  -1.2858290000   7.0081170000  -2.9095910000  -1.4408310000   7.9188740000  -3.4152580000  -1.5053250000   9.0214010000   0.0008900000   0.0087120000   0.0174110000  -0.0007100000  -0.0085500000  -0.0176500000   0.0234690000   0.0069020000   0.0005520000  -0.0112120000  -0.0089900000  -0.0703150000  -0.0124370000   0.0019260000   0.0700010000
   6.9848932477   6.4716511539 2654  6.59E+00  -1.2518670000  -1.0245390000   1.8241100000  -0.9548770000  -1.6456700000   3.0075480000   2.2207940000   3.4486000000   5.4253560000   1.6795890000   3.2700120000   6.4880280000   1.3661060000   3.0677140000   7.5699490000   0.0104710000  -0.0219570000   0.0418220000  -0.0105640000   0.0219570000  -0.0416790000   0.0350640000   0.0060200000  -0.0350880000  -0.0677160000  -0.0161520000   0.0920060000   0.0327450000   0.0101320000  -0.0570610000
   6.9831684254   6.4703137784 3220  4.58E+00  -1.9792900000  -0.5649090000   2.5928860000  -0.8234790000  -1.1791110000   2.2111490000   1.1434930000   2.4655050000   9.0245490000   1.4903690000   2.3722000000   7.8937820000   1.9750490000   2.3657250000   6.8444350000   0.0443580000  -0.0235920000  -0.0146180000  -0.0445050000   0.0235050000   0.0146530000   0.0043840000   0.0076820000   0.0233300000   0.0034480000  -0.0146450000  -0.0688890000  -0.0076860000   0.0070500000   0.0455240000
   6.9806243874   6.4720460752 3324  5.46E+00   0.7103960000   1.0782800000   1.4813070000  -0.0094210000  -0.0167170000   1.9390250000  -0.2898450000   1.3604530000   8.2566310000   0.0541950000   0.2444710000   8.3808200000   0.2514530000  -0.8407450000   8.6758240000  -0.0185840000  -0.0283000000   0.0118250000   0.0186410000   0.0282030000  -0.0117000000  -0.0071550000  -0.0093760000   0.0155410000   0.0306670000  -0.0633580000  -0.0101650000  -0.0235690000   0.0728310000  -0.0055010000
   6.9802529182   6.4735905436 3641  4.30E+00   0.3888380000   2.3043400000   3.2068030000   0.5359980000   1.3298910000   1.9819820000  -0.7127850000  -2.3068680000   7.1898510000  -0.9348180000  -2.2510960000   8.3273370000  -1.2868540000  -2.1025490000   9.4595030000  -0.0037640000   0.0250200000   0.0313900000   0.0038120000  -0.0248080000  -0.0315100000  -0.0148880000   0.0065190000   0.0318850000   0.0337270000  -0.0168050000  -0.0648520000  -0.0188870000   0.0100750000   0.0330880000
   6.9846513455   6.4700386045 3746  7.88E-01  -1.1977760000  -1.2792010000   2.4122090000  -0.2163690000  -0.4064350000   1.7230870000   1.2354510000   0.8591140000   9.6316840000   0.4068240000   0.9697710000   8.8272490000  -0.3847880000   1.2109880000   7.9854330000  -0.0080950000  -0.0072680000   0.0056550000   0.0082100000   0.0071130000  -0.0058770000  -0.0162980000   0.0115070000  -0.0203080000   0.0157810000  -0.0214070000   0.0235510000   0.0004020000   0.0100550000  -0.0030210000
   6.9822519873   6.4717411167 3785  5.88E+00  -1.3639510000   0.0350210000   2.3015140000   0.0176340000  -0.0033630000   1.5343480000   0.2326440000   0.2725800000  10.3397310000   0.0465040000   0.2244150000   9.1371990000  -0.2696900000   0.2612150000   7.9942920000  -0.0369940000   0.0010190000   0.0204260000   0.0370310000  -0.0010490000  -0.0207610000   0.0037770000   0.0078760000   0.0769700000   0.0092010000  -0.0134930000  -0.0619610000  -0.0130160000   0.0056460000  -0.0146730000
   6.9833002632   6.4729472824 3869  3.35E+00   1.2102380000   0.9517090000   1.8398700000  -0.0118860000  -0.0145940000   1.8228910000   1.0372450000  -0.0640190000   8.2100600000   0.0047770000   0.2214630000   8.6794670000  -1.0577180000   0.5983690000   9.0556070000   0.0287500000   0.0227570000   0.0003800000  -0.0288590000  -0.0227360000  -0.0004340000  -0.0124740000   0.0088480000   0.0004050000   0.0360170000  -0.0224340000  -0.0028010000  -0.0234340000   0.0135640000   0.0024500000
   6.9810967350   6.4725628928 3933  4.71E+00  -0.2193580000  -1.5189580000   1.9044830000   0.0051250000   0.0193520000   1.8283500000   1.1035100000   0.0589450000   8.2069120000   0.0055590000   0.2868440000   8.6442310000  -1.1194600000   0.4124450000   9.0538730000  -0.0052550000  -0.0358350000   0.0017770000   0.0051340000   0.0358690000  -0.0018090000   0.0440560000  -0.0151940000  -0.0181120000   0.0077800000   0.0153550000   0.0006010000  -0.0517150000  -0.0001950000   0.0175430000
