   6.9895319820   6.7089588156  151  5.58E+00   0.9518360000   0.2392880000   2.1861030000  -0.0816460000  -0.4335080000   1.6033310000   0.6499730000   0.3232760000   8.2292000000   0.1195970000   0.9647910000   9.0878840000  -0.3919610000   1.7901020000   9.8045910000  -0.0394090000  -0.0256290000  -0.0222770000   0.0393220000   0.0256630000   0.0220500000   0.0163440000  -0.0072890000  -0.0313210000   0.0064410000  -0.0421070000   0.0060730000  -0.0226990000   0.0493620000   0.0254750000
   6.9857080586   6.7098078932  314  2.56E+00   0.3726660000  -1.2109670000   2.1607140000  -0.0063560000   0.0182730000   1.6158910000  -0.3045070000  -0.5483310000   9.8155670000  -0.0594660000   0.2292460000   8.9826760000   0.3574140000   1.0489480000   8.2360800000  -0.0082380000   0.0265930000  -0.0117980000   0.0081560000  -0.0267450000   0.0117000000   0.0151310000   0.0144850000  -0.0060120000  -0.0301250000  -0.0244450000   0.0049760000   0.0150760000   0.0101130000   0.0011340000
   6.9870855302   6.7098754569  769  1.42E+01   1.0981120000   1.1824950000   1.8858590000   1.3236830000  -0.3588440000   2.2622500000  -1.6895810000   1.6826330000   8.3896830000  -2.5238400000   0.9392590000   7.8559230000  -3.0957550000   0.0175930000   7.2970580000  -0.0066520000   0.0453510000  -0.0110580000   0.0066550000  -0.0453050000   0.0110460000   0.0781550000   0.0484970000   0.0410030000  -0.0569490000   0.0161260000  -0.0070830000  -0.0212090000  -0.0646690000  -0.0339080000
   6.9892573311   6.7066451327  965  3.08E+00   1.0888560000  -0.8047650000   2.2326380000  -0.0124860000   0.0072260000   1.5878930000   0.4232930000  -0.5042730000   8.2607900000   0.0663040000   0.2837650000   9.0604640000  -0.4793130000   0.9935400000   9.8677590000   0.0167490000  -0.0123270000   0.0097390000  -0.0167790000   0.0124380000  -0.0099090000  -0.0104530000  -0.0073860000  -0.0004600000   0.0458400000  -0.0188080000  -0.0355480000  -0.0353570000   0.0260820000   0.0361780000
   6.9896448287   6.7099204262 1078  5.38E+00   1.1165870000  -1.0932380000   1.8467580000  -0.0139820000   0.0133140000   1.8334810000  -1.0929220000   0.6214510000   8.8086840000  -0.0281650000   0.1918340000   8.6212150000   1.1135450000  -0.0753980000   8.4473940000   0.0304180000  -0.0298000000   0.0003520000  -0.0305180000   0.0297960000  -0.0003100000   0.0262290000   0.0024120000  -0.0017640000  -0.0440780000  -0.0103690000   0.0011890000   0.0179500000   0.0079620000   0.0005320000
   6.9892907524   6.7072737193 1100  3.64E+00  -0.7441990000   1.1057730000   2.2522950000   0.0076460000  -0.0129300000   1.5268790000   0.4784260000  -0.1400030000  10.1919060000  -0.0088910000   0.1739410000   9.1400520000  -0.4630490000   0.6920130000   8.1803760000  -0.0141430000   0.0210490000   0.0135700000   0.0142150000  -0.0211510000  -0.0137950000   0.0206160000   0.0007030000   0.0462650000  -0.0195960000  -0.0168720000  -0.0469460000  -0.0010910000   0.0162700000   0.0009060000
   6.9882564680   6.7081986127 1165  2.40E+00  -0.8632240000   0.2966510000   2.0048550000  -2.1018960000  -0.2675200000   2.6070520000   3.5558410000   0.6842520000   6.0832670000   3.7619810000   0.7419180000   7.2245240000   4.1718240000   0.7638340000   8.3479410000   0.0117910000   0.0053920000  -0.0057980000  -0.0120030000  -0.0054150000   0.0057930000   0.0203010000  -0.0005810000   0.0304310000  -0.0459640000   0.0022350000  -0.0626460000   0.0258750000  -0.0016310000   0.0322200000
   6.9857187478   6.7087106040 1339  7.83E+00  -0.5259240000  -1.8242580000   3.4227680000   0.5580910000  -1.9471330000   2.4364520000  -1.1508420000   4.7075490000   8.2050880000  -0.9964220000   3.9196190000   7.3707770000  -0.8552540000   2.8770670000   6.8790130000  -0.0052700000   0.0005100000   0.0047170000   0.0053330000  -0.0007280000  -0.0049930000   0.0053500000  -0.0520990000  -0.0082060000   0.0019980000   0.0255770000  -0.0402180000  -0.0074110000   0.0267410000   0.0487000000
   6.9886446908   6.7086504846 1346  4.49E+00   0.2040100000   2.1531200000   5.8081090000   1.5566880000   1.8673090000   5.2192210000  -2.2877980000  -2.3997280000   1.7524770000  -2.8781840000  -3.1207620000   2.4129060000  -3.3388880000  -4.0313040000   3.0053690000  -0.0176970000   0.0037040000   0.0077110000   0.0176560000  -0.0037200000  -0.0075950000  -0.0307730000  -0.0627740000   0.0381880000   0.0224770000   0.0782020000  -0.0337570000   0.0083370000  -0.0154120000  -0.0045470000
   6.9891258184   6.7079725224 1483  6.98E-01   1.3880150000  -0.9611730000   5.4169260000   2.3320170000   0.0611170000   5.7222020000  -5.4039790000   0.2554450000   1.1557010000  -4.2792680000   0.1673110000   1.4854750000  -3.1176980000   0.0619510000   1.8110000000   0.0097870000   0.0104990000   0.0032280000  -0.0095360000  -0.0105120000  -0.0029630000  -0.0075800000  -0.0002720000  -0.0032290000  -0.0482290000   0.0061920000  -0.0110920000   0.0555580000  -0.0059070000   0.0140560000
   6.9871208824   6.7053460015 1558  2.33E+00   1.1998850000  -1.5757000000   2.6602690000  -0.2863150000  -1.5508170000   2.2730710000   0.0697600000   2.8953550000   8.8830580000   0.5128590000   3.1017190000   7.8051310000   0.8995690000   3.3083010000   6.7389770000   0.0294820000  -0.0005280000   0.0076980000  -0.0295360000   0.0004020000  -0.0076700000  -0.0093230000  -0.0020400000   0.0148470000   0.0287350000   0.0093450000  -0.0600340000  -0.0193580000  -0.0071800000   0.0451610000
   6.9874463930   6.7098342051 1595  2.94E+00  -0.8713980000  -1.7478200000   3.0031960000   0.0282670000  -1.3675120000   2.0208120000  -0.1503200000   2.5687950000   9.3833240000  -0.0157480000   2.7721280000   8.2626960000   0.0758700000   2.9776590000   7.1334530000   0.0243670000   0.0102590000  -0.0266000000  -0.0243840000  -0.0104680000   0.0265550000   0.0037250000   0.0110080000  -0.0576870000   0.0038560000  -0.0022210000   0.0023780000  -0.0075640000  -0.0085780000   0.0553540000
   6.9853555883   6.7064133656 1972  8.10E+00  -1.1890400000   0.2693760000   2.1287260000  -0.3891320000  -1.0488000000   1.8202940000   1.3923960000   2.9297930000   9.2719930000   0.7199710000   2.2142270000   8.5605550000   0.0854590000   1.3166600000   8.0777170000  -0.0205150000   0.0338670000   0.0078630000   0.0205690000  -0.0338190000  -0.0080850000   0.0372070000   0.0267030000   0.0507290000  -0.0187580000   0.0129670000  -0.0494920000  -0.0185020000  -0.0397170000  -0.0010150000
   6.9860608701   6.7073284716 1972  8.25E+00  -1.1909370000   0.2716280000   2.1298750000  -0.3893520000  -1.0494670000   1.8194790000   1.3919100000   2.9290930000   9.2763240000   0.7213090000   2.2154040000   8.5618340000   0.0861580000   1.3196620000   8.0764250000  -0.0209640000   0.0346100000   0.0080690000   0.0210170000  -0.0345630000  -0.0082920000   0.0367200000   0.0263280000   0.0506590000  -0.0181250000   0.0132700000  -0.0493870000  -0.0186480000  -0.0396450000  -0.0010490000
   6.9870705593   6.7082624066 1972  8.36E+00  -1.1924220000   0.2731980000   2.1308640000  -0.3895770000  -1.0501240000   1.8186650000   1.3913780000   2.9283600000   9.2805930000   0.7226770000   2.2165600000   8.5631960000   0.0868810000   1.3227130000   8.0751350000  -0.0213050000   0.0351750000   0.0082360000   0.0213580000  -0.0351300000  -0.0084600000   0.0361350000   0.0258580000   0.0504710000  -0.0173990000   0.0136520000  -0.0491610000  -0.0187900000  -0.0395560000  -0.0010860000
   6.9883816140   6.7092118638 1972  8.41E+00  -1.1934870000   0.2740760000   2.1316920000  -0.3898080000  -1.0507730000   1.8178540000   1.3908020000   2.9275950000   9.2847990000   0.7240740000   2.2176920000   8.5646380000   0.0876270000   1.3258120000   8.0738450000  -0.0215410000   0.0355690000   0.0083620000   0.0215950000  -0.0355240000  -0.0085870000   0.0354540000   0.0252940000   0.0501670000  -0.0165830000   0.0141100000  -0.0488150000  -0.0189250000  -0.0394480000  -0.0011270000
   6.9859312649   6.7069838155 2450  6.41E+00   1.3435140000   0.7732970000   1.6863600000  -0.0166330000  -0.0093930000   1.8710410000   0.9986390000   0.8163320000   8.6551310000  -0.0036210000   0.2432950000   8.5206530000  -0.9974950000  -0.3131110000   8.4989590000   0.0362700000   0.0208720000  -0.0049030000  -0.0362780000  -0.0208740000   0.0050210000  -0.0270420000  -0.0145260000   0.0061160000  -0.0432250000  -0.0257560000  -0.0175700000   0.0702750000   0.0402840000   0.0113360000
   6.9878798179   6.7063100054 3310  5.37E+00   1.2402950000  -0.4839260000   1.8715360000  -0.0166960000   0.0041110000   1.7656060000   0.2575530000   1.3659360000   9.1126620000   0.0247710000   0.2512200000   8.7135040000  -0.2709060000  -0.8568960000   8.4115550000  -0.0560230000   0.0217760000  -0.0047000000   0.0560530000  -0.0216820000   0.0047470000   0.0069030000   0.0516140000   0.0250490000   0.0021660000  -0.0323380000  -0.0269980000  -0.0090990000  -0.0193710000   0.0019030000
   6.9884605943   6.7096908926 3361  2.62E+00  -0.2660400000  -1.2423450000   2.3985510000   0.0047980000   0.0163670000   1.5026000000  -0.5653700000   0.1328680000  10.2462610000  -0.0006800000   0.2720540000   9.2157910000   0.5586790000   0.3471080000   8.1812060000  -0.0068450000  -0.0316450000   0.0224440000   0.0067300000   0.0315950000  -0.0226870000  -0.0095300000  -0.0063200000   0.0170120000   0.0078220000   0.0100010000  -0.0144980000   0.0018230000  -0.0036310000  -0.0022710000
   6.9882489193   6.7078223331 3489  2.48E+00  -1.2927120000   0.5133950000   1.7630910000   0.0140710000  -0.0029700000   1.8468910000   1.1387430000   0.0083820000   8.4597470000  -0.0035590000   0.1764510000   8.6231330000  -1.1249000000   0.5293240000   8.7331860000   0.0223090000  -0.0088230000   0.0014490000  -0.0223310000   0.0087920000  -0.0013970000  -0.0182020000   0.0153730000   0.0005900000   0.0227980000  -0.0297180000   0.0011150000  -0.0045740000   0.0143760000  -0.0017560000
