   6.9895811755   6.9423599297  378  4.04E+00   1.1909800000   0.5603870000   1.9715630000  -0.0172850000  -0.0071590000   1.7132170000   1.1035660000   0.5445970000   9.1052230000   0.0210010000   0.2048760000   8.8533510000  -1.1080420000  -0.0102750000   8.5693530000  -0.0488960000  -0.0229830000  -0.0104210000   0.0489680000   0.0229770000   0.0104630000  -0.0260430000   0.0011650000  -0.0064650000   0.0405820000  -0.0073240000   0.0099960000  -0.0146110000   0.0061650000  -0.0035730000
   6.9855995560   6.9428446882  417  2.16E+00   1.7521240000  -0.7506120000   3.0893100000   0.8501670000  -1.7653670000   2.4439040000  -1.3427330000   3.5294240000   6.3630200000  -1.6044490000   3.5208600000   7.4809550000  -1.8091420000   3.3791130000   8.6221590000   0.0118990000   0.0133110000   0.0085000000  -0.0118450000  -0.0134740000  -0.0085080000  -0.0103820000  -0.0088910000   0.0619580000   0.0035940000   0.0162350000  -0.0480960000   0.0067340000  -0.0071800000  -0.0138540000
   6.9878580996   6.9429805753  513  1.20E+01   0.4393940000   0.4769660000   1.8720880000  -0.8412600000   0.4452530000   1.8147330000   1.4736970000   0.4219700000   9.2827820000   1.4771640000  -0.5974320000   8.6984240000   1.5911790000  -1.5395560000   8.0073700000  -0.1224530000  -0.0030080000  -0.0054800000   0.1224050000   0.0031030000   0.0054820000   0.0076290000   0.0043260000  -0.0067360000  -0.0148170000  -0.0142030000   0.0088370000   0.0072350000   0.0097820000  -0.0021030000
   6.9852401337   6.9423286071  656  4.19E+00   0.2294440000   0.5951390000   2.2138190000   0.6884900000  -0.7537890000   1.6543520000  -0.9235660000   1.7282630000  10.0385410000  -1.3146240000   1.6355330000   8.9463530000  -1.5424930000   1.4587320000   7.8449410000  -0.0086090000   0.0254320000   0.0104750000   0.0087390000  -0.0254950000  -0.0106660000   0.0030920000  -0.0083110000  -0.0253910000  -0.0321390000   0.0009160000  -0.0583190000   0.0289160000   0.0074580000   0.0839020000
   6.9886922457   6.9429829023  734  2.90E+00  -0.0226340000  -0.7265730000   2.3322450000   1.3883040000  -1.0971090000   2.1385000000  -2.5165120000   2.2855550000   9.2249160000  -2.5944910000   2.3311800000   8.0661370000  -2.4679100000   2.1771130000   6.8939280000  -0.0071500000   0.0018250000   0.0009220000   0.0073330000  -0.0019940000  -0.0010750000   0.0119510000  -0.0123570000  -0.0261910000  -0.0266830000   0.0271290000   0.0399510000   0.0145490000  -0.0146030000  -0.0136080000
   6.9863406993   6.9411707819  734  2.90E+00  -0.0037810000  -0.7306990000   2.3470870000   1.3882110000  -1.0970510000   2.1382740000  -2.5154800000   2.2875910000   9.2263610000  -2.5966900000   2.3308490000   8.0665890000  -2.4680150000   2.1752950000   6.8923380000   0.0000300000  -0.0000600000  -0.0000620000   0.0001530000  -0.0001100000  -0.0000900000   0.0123070000  -0.0123380000  -0.0237370000  -0.0277660000   0.0275120000   0.0417330000   0.0152750000  -0.0150040000  -0.0178420000
   6.9857614698   6.9432513466 1024  1.35E+00  -1.0057360000  -1.5327140000   3.2773440000  -1.2466100000  -0.9150880000   1.9358900000   2.1005730000   2.0571200000   7.2435340000   2.2391940000   1.9221040000   8.4091590000   2.5077100000   1.8543760000   9.5701450000   0.0027520000  -0.0071890000   0.0155180000  -0.0028800000   0.0070360000  -0.0155740000   0.0077170000   0.0060910000  -0.0088970000  -0.0239220000  -0.0083320000  -0.0257460000   0.0163320000   0.0023940000   0.0346990000
   6.9894408331   6.9430763317 1463  5.88E+00   2.3119240000  -0.9025560000   3.5824650000   1.6029950000  -0.3277990000   2.3091220000  -4.0070830000   0.6219710000   7.2805220000  -2.9823240000   0.9375570000   7.7582530000  -1.9055010000   1.0558510000   8.1385540000   0.0175920000  -0.0142730000   0.0315790000  -0.0176290000   0.0142780000  -0.0316340000   0.0112690000  -0.0115350000  -0.0025150000   0.0436290000   0.0318070000   0.0289010000  -0.0548600000  -0.0202770000  -0.0263320000
   6.9856441168   6.9404155918 1671  9.05E+00   0.7978110000   1.3388640000   2.1333120000   0.0677120000   0.0115960000   1.6539720000   0.3614560000   1.1697780000   8.4907620000  -0.2356920000   0.2606480000   8.9574270000  -0.5729540000  -0.8200370000   9.3913800000   0.0202710000   0.0368660000   0.0132900000  -0.0203460000  -0.0369220000  -0.0133200000   0.0216980000  -0.0015990000  -0.0051360000  -0.0214120000   0.0637250000  -0.0143410000  -0.0002100000  -0.0620700000   0.0195080000
   6.9853942050   6.9429760886 1671  9.05E+00   0.7950680000   1.3380510000   2.1356820000   0.0677750000   0.0116180000   1.6524400000   0.3619820000   1.1690580000   8.4919350000  -0.2369410000   0.2605930000   8.9598870000  -0.5726820000  -0.8193360000   9.3958590000   0.0201210000   0.0367110000   0.0133500000  -0.0201970000  -0.0367680000  -0.0133810000   0.0226160000  -0.0005210000  -0.0056540000  -0.0227400000   0.0621350000  -0.0137720000   0.0002000000  -0.0615570000   0.0194580000
   6.9893342094   6.9449735876 2395  3.10E+00   1.1488210000   1.2359620000   2.7099640000   0.7278380000   0.2920870000   1.5684120000  -2.0690840000  -0.8721180000   9.8278320000  -1.3344290000  -0.3534520000   9.0470000000  -0.6365460000   0.2885040000   8.3780450000   0.0086470000   0.0193540000   0.0233210000  -0.0086660000  -0.0194220000  -0.0235000000  -0.0196200000  -0.0039090000   0.0260430000   0.0417130000   0.0136110000  -0.0532920000  -0.0220740000  -0.0096340000   0.0274290000
   6.9850349033   6.9435828762 2395  5.11E+00   1.0620610000   1.3270130000   2.7249900000   0.7318080000   0.2922890000   1.5625750000  -2.0427150000  -0.8587970000   9.8591560000  -1.3465720000  -0.3550050000   9.0621830000  -0.6681590000   0.2696030000   8.3635250000   0.0092730000   0.0289910000   0.0324760000  -0.0092850000  -0.0290580000  -0.0326860000   0.0026350000   0.0113140000   0.0027820000   0.0236640000   0.0030790000  -0.0364580000  -0.0262860000  -0.0143250000   0.0338860000
   6.9871705876   6.9431581667 2395  5.13E+00   1.0523480000   1.3331890000   2.7231450000   0.7322180000   0.2923470000   1.5620340000  -2.0400450000  -0.8575060000   9.8622140000  -1.3480720000  -0.3552350000   9.0641040000  -0.6711400000   0.2678110000   8.3618450000   0.0090260000   0.0292840000   0.0325740000  -0.0090380000  -0.0293510000  -0.0327890000   0.0054230000   0.0132480000  -0.0004000000   0.0202330000   0.0006800000  -0.0328460000  -0.0256440000  -0.0138600000   0.0334620000
   6.9897651598   6.9426816674 2395  5.12E+00   1.0424570000   1.3387880000   2.7206580000   0.7326310000   0.2924110000   1.5615010000  -2.0373810000  -0.8562320000   9.8652710000  -1.3496060000  -0.3554660000   9.0660780000  -0.6740880000   0.2660350000   8.3601240000   0.0087420000   0.0294600000   0.0325410000  -0.0087540000  -0.0295270000  -0.0327610000   0.0082650000   0.0152260000  -0.0036950000   0.0165960000  -0.0018950000  -0.0289560000  -0.0248500000  -0.0132630000   0.0328710000
   6.9856220587   6.9404375482 2405  1.52E+01  -0.9087390000  -1.4257070000   2.1944560000   0.2064040000  -0.2493460000   1.7173140000  -0.2280160000   1.8403910000   8.3214000000  -0.3547330000   0.7153940000   8.8207430000  -0.4792640000  -0.3546420000   9.3431540000  -0.0404750000  -0.0427120000   0.0173640000   0.0404690000   0.0426230000  -0.0173170000   0.0100230000   0.0914330000  -0.0365450000  -0.0052510000  -0.0525910000   0.0140070000  -0.0047660000  -0.0387540000   0.0224910000
   6.9858554030   6.9435390824 2681  1.57E+00  -1.5501770000  -1.2328040000   2.6074920000  -0.2112350000  -1.2900510000   2.0929000000   0.2698000000   3.7539410000   7.9036820000   0.4338450000   2.6202890000   8.0864980000   0.5571380000   1.4871910000   8.4102780000   0.0083670000  -0.0003180000  -0.0032140000  -0.0083690000   0.0004450000   0.0031830000   0.0014580000  -0.0276250000   0.0147400000  -0.0002340000   0.0384420000  -0.0288910000  -0.0012220000  -0.0109450000   0.0141830000
   6.9898279485   6.9448675661 2681  1.38E+01  -1.8884400000  -1.7202080000   3.2928040000  -0.3034040000  -1.8896120000   2.7181330000   0.2688430000   4.2288430000   5.9535970000   0.5331130000   3.6858800000   7.0033280000   0.9652040000   3.2374150000   8.0077460000  -0.0579180000   0.0062010000   0.0210470000   0.0579310000  -0.0062150000  -0.0209310000  -0.0020510000   0.0323780000  -0.0512700000  -0.0137900000  -0.0330100000   0.0404550000   0.0158290000   0.0006450000   0.0106990000
   6.9857015606   6.9428188751 2844  4.73E+00   0.1937340000   1.3380300000   2.2890240000  -0.0015150000  -0.0200290000   1.5083510000   0.8285300000   0.0991000000   8.4003440000  -0.0085520000   0.2272020000   9.1828740000  -0.8267470000   0.4337460000  10.0300140000   0.0051330000   0.0359940000   0.0206650000  -0.0052490000  -0.0359780000  -0.0207480000  -0.0315010000   0.0101490000   0.0365870000   0.0546050000  -0.0214550000  -0.0665550000  -0.0229890000   0.0112900000   0.0300510000
   6.9885591011   6.9436920734 2975  2.51E+00   0.4791750000   0.3408020000   2.2289280000  -0.1619220000   1.6905490000   1.9333080000   0.5399040000  -3.9066220000   8.8965550000   0.2596190000  -2.8218550000   8.4570380000   0.0436880000  -1.7518340000   7.9601300000   0.0111820000  -0.0235280000   0.0050870000  -0.0111610000   0.0235480000  -0.0053100000   0.0165080000  -0.0505300000   0.0171100000  -0.0125870000   0.0140710000   0.0027090000  -0.0039430000   0.0364390000  -0.0195950000
   6.9861639652   6.9439692318 2975  2.43E+00   0.2274650000   0.6148720000   2.1848930000  -0.2878790000   2.0179710000   2.2351570000   0.7817780000  -4.5840450000   8.1206190000   0.5142890000  -3.4226750000   7.8789630000   0.2555520000  -2.2758660000   7.6652910000   0.0058780000  -0.0159930000  -0.0006210000  -0.0058640000   0.0160130000   0.0004330000   0.0166140000  -0.0709680000   0.0165070000  -0.0091580000   0.0369640000  -0.0124850000  -0.0074700000   0.0339850000  -0.0038340000
   6.9862916628   6.9439466877 3437  4.43E+00   1.2428000000  -0.3785190000   1.9955750000  -0.0198180000   0.0054260000   1.7167600000   0.9815940000  -0.3452740000   9.1184190000   0.0128420000   0.2394890000   8.8449210000  -0.9705570000   0.8499120000   8.5432770000  -0.0590680000   0.0179520000  -0.0130050000   0.0591280000  -0.0179930000   0.0130500000  -0.0156750000   0.0105510000  -0.0049660000   0.0450470000  -0.0298570000   0.0140010000  -0.0294320000   0.0193460000  -0.0090800000
   6.9897591331   6.9407131512 3526  2.65E+00  -1.6153880000   0.1749470000   3.1364840000  -1.3711200000  -0.1056590000   1.7452210000   3.4213820000   0.2436620000   9.5506770000   2.5180190000   0.4262370000   8.7675170000   1.6378290000   0.6407010000   7.9551060000   0.0010930000  -0.0013360000  -0.0066220000  -0.0011890000   0.0012680000   0.0063560000   0.0512250000  -0.0082990000   0.0418720000  -0.0027190000  -0.0058020000   0.0051600000  -0.0484100000   0.0141700000  -0.0467660000
   6.9865522924   6.9415561185 3526  2.29E+00  -1.6191870000   0.1821090000   3.1449810000  -1.3714190000  -0.1057420000   1.7448860000   3.4179650000   0.2455400000   9.5524010000   2.5193940000   0.4255700000   8.7685730000   1.6419510000   0.6392890000   7.9537290000   0.0002390000  -0.0003610000  -0.0017560000  -0.0003380000   0.0002920000   0.0014870000   0.0470570000  -0.0072810000   0.0384770000   0.0006280000  -0.0067080000   0.0080970000  -0.0475860000   0.0140580000  -0.0463040000
   6.9860700534   6.9405727821 3705  6.73E+00   0.5036130000   1.2172140000   1.5578420000  -0.1942840000  -0.1521810000   1.8490800000  -0.2327280000   1.5227750000   8.5944500000   0.3342500000   0.4980310000   8.5047310000   0.9203810000  -0.5256300000   8.6893730000   0.0170890000   0.0335190000  -0.0070870000  -0.0170840000  -0.0335030000   0.0072590000   0.0036500000  -0.0041010000   0.0186910000  -0.0181970000   0.0270450000  -0.0421270000   0.0145420000  -0.0229590000   0.0232640000
   6.9897717325   6.9409149653 3858  7.69E+00   0.3070600000  -0.8785700000   2.6198820000   1.1721070000  -0.2168160000   1.6399000000  -2.8647510000   0.6419030000   9.8858790000  -2.0050890000   0.6860760000   9.0279050000  -1.5031750000   0.6689200000   7.9829780000  -0.0027980000  -0.0021960000   0.0031200000   0.0028970000   0.0021340000  -0.0033370000  -0.0629300000  -0.0060070000   0.0269590000   0.1051090000   0.0092580000  -0.0531850000  -0.0422780000  -0.0031880000   0.0264420000
   6.9884472795   6.9403872218 3940  6.86E+00  -1.4114330000  -0.8905140000   2.2280190000  -1.6621170000   0.4306970000   2.4021080000   2.4569750000  -0.1505230000   8.4862980000   3.0506180000  -0.4922320000   7.5917740000   3.6428790000  -0.8871850000   6.6786930000  -0.0106880000   0.0562700000   0.0074340000   0.0106530000  -0.0562320000  -0.0073420000   0.0583530000  -0.0374790000  -0.0877150000  -0.0369040000   0.0267900000   0.0533560000  -0.0214140000   0.0106520000   0.0342670000
