   6.9952430514   6.1610018822   63  3.18E+00  -0.0945560000  -1.5364080000   1.9026100000  -0.0001880000   0.0158180000   1.8196960000  -0.9127830000   0.0598640000   7.9125750000   0.0116810000   0.2732420000   8.6588890000   0.9109080000   0.4404870000   9.3805480000  -0.0021660000  -0.0363850000   0.0019000000   0.0023840000   0.0364050000  -0.0021630000  -0.0400940000  -0.0115740000  -0.0304390000   0.0503780000   0.0160340000   0.0388120000  -0.0105020000  -0.0044800000  -0.0081100000
   6.9957192518   6.1617694062  678  7.14E+00  -0.5481420000   0.5028760000   1.6090110000  -1.3579600000  -0.6518890000   2.3033000000   3.6290150000   1.3580700000   8.0676210000   2.4543310000   1.5102280000   7.8468380000   1.3450460000   1.4198900000   7.4383650000   0.0207650000   0.0295850000  -0.0178410000  -0.0208010000  -0.0296860000   0.0175390000   0.0518370000  -0.0210550000  -0.0022410000  -0.0445530000   0.0366780000   0.0170790000  -0.0072480000  -0.0155230000  -0.0145350000
   6.9995877060   6.1604267235  689  5.71E+00   1.4257440000  -2.0592330000   4.4249720000   0.2055420000  -2.3586480000   3.4218910000  -0.0851930000   3.4704320000   5.3937320000  -0.4478760000   4.5726620000   5.6504290000  -0.6949390000   5.6939620000   5.9971650000   0.0365840000   0.0088610000   0.0300360000  -0.0365840000  -0.0092810000  -0.0301750000   0.0135030000  -0.0174590000   0.0012120000  -0.0106320000  -0.0280850000  -0.0203530000  -0.0028710000   0.0459640000   0.0192800000
   6.9975935656   6.1606380182  689  5.56E+00   1.4204510000  -2.0589490000   4.4326440000   0.2056520000  -2.3587670000   3.4220500000  -0.0873640000   3.4719390000   5.3894010000  -0.4465330000   4.5740630000   5.6507730000  -0.6939910000   5.6919770000   5.9999580000   0.0365110000   0.0088940000   0.0303350000  -0.0365090000  -0.0093180000  -0.0304740000   0.0131030000  -0.0172280000   0.0011180000  -0.0107670000  -0.0246100000  -0.0191980000  -0.0023380000   0.0422610000   0.0182180000
   6.9957294033   6.1608689042  689  5.37E+00   1.4144390000  -2.0588390000   4.4397190000   0.2057700000  -2.3588830000   3.4222170000  -0.0895520000   3.4734670000   5.3850680000  -0.4451710000   4.5755050000   5.6511480000  -0.6930390000   5.6899400000   6.0027280000   0.0362990000   0.0088930000   0.0305190000  -0.0362960000  -0.0093210000  -0.0306580000   0.0127190000  -0.0170600000   0.0010090000  -0.0109590000  -0.0208770000  -0.0179410000  -0.0017620000   0.0383660000   0.0170700000
   6.9951328649   6.1647373235  689  5.16E+00  -0.4997510000  -1.8753710000   6.3178650000   0.5209680000  -2.0700070000   5.1144080000  -0.3211100000   3.8327140000   3.5482740000  -0.9722220000   4.0277520000   2.5947220000  -1.5194020000   4.2876160000   1.5644290000  -0.0285570000   0.0054110000   0.0336230000   0.0284730000  -0.0056170000  -0.0336920000   0.0010230000   0.0075290000  -0.0133660000   0.0092390000  -0.0200390000   0.0500020000  -0.0101790000   0.0127160000  -0.0365670000
   6.9998211499   6.1641499067  814  6.20E+00   0.3522500000  -0.5275220000   7.3051070000   0.3607080000  -0.9768290000   6.0527010000  -0.8217580000   3.0776560000   1.3824650000  -0.6523240000   2.0261280000   0.8656040000  -0.5122030000   1.0007680000   0.2800170000   0.0004990000  -0.0262500000  -0.0731070000  -0.0005180000   0.0263430000   0.0730420000  -0.0045650000   0.0178430000   0.0021050000   0.0037070000   0.0014100000   0.0160960000   0.0008760000  -0.0193460000  -0.0181360000
   6.9972132019   6.1637663219  981  1.89E+00  -0.0006250000   1.3178070000   1.5466330000  -0.0003600000  -0.0178780000   1.9380500000   0.1007480000   1.3618690000   8.8284600000   0.0021090000   0.2569620000   8.4629610000  -0.1004920000  -0.8608330000   8.0430820000   0.0000120000  -0.0320490000   0.0094430000   0.0000030000   0.0322020000  -0.0095150000  -0.0009890000  -0.0091430000  -0.0052650000   0.0044720000   0.0452700000   0.0202090000  -0.0034980000  -0.0362790000  -0.0148720000
   6.9950852591   6.1630176197 1165  2.85E+00  -1.3867770000   0.5540370000   1.9460430000  -2.2623070000   0.1491560000   3.1685720000   3.5630050000   0.0279660000   5.1770140000   4.1125710000  -0.0786460000   6.2225020000   4.7355840000  -0.0610810000   7.2057430000   0.0203940000   0.0094830000  -0.0286490000  -0.0208160000  -0.0094900000   0.0286290000   0.0009160000   0.0093080000  -0.0145510000   0.0032770000  -0.0172610000   0.0327870000  -0.0037710000   0.0079610000  -0.0182160000
   6.9997497656   6.1640015286 1316  1.51E+01  -2.6468390000   1.7905720000   3.3786260000  -0.9491790000   1.7292320000   3.1856300000   1.7101790000  -2.2223870000   7.0981020000   1.7126590000  -2.9459640000   6.1275350000   1.9113270000  -3.6274320000   5.1804960000  -0.0632740000   0.0022630000   0.0071910000   0.0632740000  -0.0023810000  -0.0072270000   0.0124450000   0.0351670000   0.0476550000  -0.0277380000  -0.0265800000  -0.0356100000   0.0152930000  -0.0084690000  -0.0120090000
   6.9998385853   6.1624456790 1517  6.19E+00   0.1407850000  -2.3146920000   2.6481770000  -0.3990450000  -0.9154020000   2.1019910000   0.1671380000   1.6520450000   9.1266540000   0.6833550000   2.0188380000   8.1184490000   1.3039290000   2.2376660000   7.1153510000   0.0154610000  -0.0401760000   0.0156830000  -0.0156380000   0.0400070000  -0.0157690000  -0.0072590000  -0.0182930000   0.0275970000  -0.0198400000   0.0191420000   0.0038830000   0.0272760000  -0.0006800000  -0.0313940000
   6.9954858147   6.1615512234 1532  5.74E+00  -0.9642550000   0.9697940000   1.8560140000   0.4256470000   0.3770820000   1.8303320000  -1.2041590000  -1.2949520000   9.2516330000  -0.7629870000  -0.3978780000   8.7135490000  -0.2881030000   0.3369720000   7.9502720000  -0.0208080000   0.0088420000   0.0003210000   0.0207650000  -0.0089370000  -0.0006980000   0.0379030000   0.0591750000  -0.0600400000  -0.0221840000  -0.0182740000   0.0466660000  -0.0156750000  -0.0408070000   0.0137510000
   6.9987873073   6.1632407905 1891  6.88E+00   0.5410740000  -1.3814680000   1.7807760000   0.8262390000   0.0845880000   1.9676610000  -2.0441740000  -0.2185490000   7.4132440000  -1.3988900000   0.1777730000   8.3220550000  -1.0662160000   0.4373490000   9.4014420000  -0.0038240000  -0.0199180000  -0.0025690000   0.0041160000   0.0200110000   0.0024750000  -0.0210350000  -0.0084020000   0.0172220000   0.0546440000   0.0269210000   0.0070250000  -0.0339010000  -0.0186120000  -0.0241520000
   6.9985441545   6.1630765072 1948  1.59E+00  -1.4759460000  -0.4412210000   1.8916790000  -0.0938580000  -0.5897650000   1.9248980000  -0.2255020000   1.9263340000   7.5494360000   0.1694500000   1.3219500000   8.4615740000   0.6600360000   0.7421870000   9.3670910000   0.0341000000  -0.0037040000   0.0007980000  -0.0340540000   0.0034850000  -0.0009310000   0.0152590000  -0.0110910000   0.0217280000  -0.0273400000   0.0160680000  -0.0321880000   0.0120350000  -0.0047580000   0.0105930000
   6.9988997212   6.1644254236 1957  8.70E+00   0.0940860000   1.2160930000   1.5229750000  -0.1956220000   0.0153740000   1.9744530000   0.8359080000  -0.8232460000   7.9938220000   0.3310180000   0.1731010000   8.4396670000  -0.1133440000   1.2275740000   8.7148880000  -0.0200560000  -0.0830600000   0.0312480000   0.0199690000   0.0831770000  -0.0313250000   0.0222400000  -0.0326230000  -0.0249860000  -0.0236620000   0.0234110000   0.0332530000   0.0015080000   0.0090950000  -0.0081890000
   6.9953994440   6.1619111107 2288  6.29E+00   0.0075420000  -1.5006270000   1.5790080000  -0.0037320000   0.0162520000   2.0196640000   0.2213810000   1.4192090000   8.4342620000  -0.0463270000   0.2458710000   8.3526670000  -0.1684360000  -0.9027310000   8.1104350000   0.0003050000  -0.0403620000  -0.0117600000  -0.0003250000   0.0404180000   0.0117290000   0.0202950000   0.0514190000  -0.0051990000  -0.0282480000  -0.0442130000   0.0153670000   0.0079720000  -0.0072610000  -0.0101370000
   6.9981988879   6.1646225748 2666  3.19E+00   0.4596390000  -1.6379960000   1.7889280000  -0.1823830000  -0.2414900000   2.0034140000  -0.7192740000   0.4142690000   8.7616990000   0.3327410000   0.7358610000   8.3709860000   1.3513900000   1.0302540000   7.8371760000   0.0144730000  -0.0315370000  -0.0048420000  -0.0146140000   0.0314760000   0.0047880000   0.0096430000   0.0020020000  -0.0127870000  -0.0225250000  -0.0048670000   0.0283140000   0.0130230000   0.0029260000  -0.0154730000
   6.9978867955   6.1601444391 3066  4.93E+00  -1.5205520000  -0.2673510000   1.8918140000   0.0212100000   0.0041180000   1.8157320000  -0.9151490000   0.4688910000   9.3657160000   0.0072590000   0.1827660000   8.7060350000   0.8995720000   0.0778620000   7.9124870000  -0.0385200000  -0.0067780000   0.0018930000   0.0383240000   0.0067710000  -0.0021270000   0.0043230000   0.0097520000  -0.0123780000  -0.0277850000  -0.0184750000   0.0417490000   0.0236570000   0.0087310000  -0.0291370000
   6.9956496692   6.1603173888 3454  3.52E-01  -0.8084450000  -1.9551350000   2.7784560000  -0.2637680000  -0.9202950000   1.9259120000   0.6707900000   1.8815960000   9.5892590000   0.4511880000   1.9610680000   8.4367060000   0.3587640000   2.0532660000   7.2850070000   0.0012140000   0.0022750000  -0.0019330000  -0.0012670000  -0.0025480000   0.0017030000   0.0092860000   0.0009520000   0.0031090000  -0.0211340000   0.0002930000  -0.0410010000   0.0119000000  -0.0009710000   0.0381220000
   6.9973466548   6.1640544748 3514  3.05E+00   1.1810440000  -1.1922670000   2.0897980000  -0.1112410000  -0.7888350000   1.9694360000   1.0736790000   1.9119280000   9.0886870000   0.1849900000   1.7327020000   8.3679580000  -0.7313940000   1.4897600000   7.6632030000  -0.0526450000   0.0164510000  -0.0049170000   0.0528470000  -0.0165400000   0.0047060000  -0.0245580000  -0.0086140000  -0.0166790000   0.0309400000   0.0133900000   0.0173540000  -0.0065840000  -0.0046880000  -0.0004640000
   6.9971161694   6.1632994151 3561  5.60E+00   0.1022610000   0.5323890000   1.4937850000   0.1909390000  -0.7371270000   1.9560380000  -1.3175960000   1.8882100000   9.0593650000  -0.3482720000   1.6104520000   8.3926570000   0.6190060000   1.2383540000   7.7784510000   0.0038400000  -0.0555230000   0.0202000000  -0.0040090000   0.0554920000  -0.0204220000  -0.0506520000   0.0093200000   0.0382970000   0.0099360000   0.0112660000  -0.0168480000   0.0408840000  -0.0205550000  -0.0212260000
   6.9965865976   6.1627122067 3643  1.77E+00  -0.7467240000  -1.2353650000   1.7244300000   0.0037170000   0.0173700000   1.9049570000  -1.0061560000   0.4054790000   7.9719620000   0.0180730000   0.2763070000   8.5128140000   1.0210720000   0.0658550000   9.0162280000  -0.0037920000  -0.0063890000  -0.0009420000   0.0039890000   0.0063570000   0.0008120000   0.0220920000  -0.0087940000   0.0118830000   0.0403380000   0.0019150000   0.0207870000  -0.0626280000   0.0069110000  -0.0325400000
