   6.9900272305   6.4912204789   53  2.47E+00  -0.2186720000  -1.3194590000   1.6704120000   0.0016580000   0.0152900000   1.9214010000  -1.0988160000  -0.0954440000   8.6434440000  -0.0011600000   0.2438190000   8.4799150000   1.1051840000   0.6068550000   8.2907200000   0.0069960000   0.0424290000   0.0079990000  -0.0070650000  -0.0424500000  -0.0079470000   0.0267580000   0.0097820000  -0.0044360000  -0.0325250000  -0.0131990000   0.0054140000   0.0058360000   0.0034380000  -0.0010310000
   6.9922327394   6.4940187393   66  4.77E-01   1.3273530000  -0.1682430000   1.8582270000  -0.1372410000  -0.2326770000   1.7790330000  -0.7479360000   1.0054960000   8.1246030000   0.2313190000   0.6884140000   8.7106840000   1.1760740000   0.3380350000   9.3355150000   0.0061390000   0.0002540000   0.0003590000  -0.0060080000  -0.0003080000  -0.0004030000  -0.0156070000   0.0024740000  -0.0038350000  -0.0002360000   0.0062060000  -0.0111970000   0.0157120000  -0.0086250000   0.0150770000
   6.9948140178   6.4907354856  414  2.29E+00   1.2588640000  -0.6161330000   1.7752010000  -0.0160450000   0.0133240000   1.8137110000  -0.3425740000   1.2634100000   8.1745530000   0.0028290000   0.2162450000   8.6057900000   0.3412720000  -0.7657950000   9.1963500000  -0.0141770000   0.0069780000   0.0004730000   0.0142080000  -0.0070970000  -0.0004250000  -0.0048050000   0.0171570000   0.0061850000  -0.0047690000   0.0079530000  -0.0345270000   0.0095420000  -0.0249920000   0.0282940000
   6.9915782746   6.4921023195  577  8.41E+00  -0.6723660000   0.2321340000   1.9860030000   0.8295550000  -0.1947000000   1.6813300000  -0.7574480000   0.5581290000   7.9312950000  -1.4521530000   0.5632300000   8.9260660000  -2.2530650000   0.6644870000   9.8470390000  -0.0421670000   0.0119670000   0.0084680000   0.0421670000  -0.0120180000  -0.0087900000   0.0310020000   0.0050360000  -0.0552980000   0.0312790000  -0.0173090000  -0.0057820000  -0.0622810000   0.0123240000   0.0614010000
   6.9924282046   6.4937549150  594  5.99E+00  -1.7126760000  -0.7551600000   2.8832540000  -0.7458980000  -1.0689880000   1.9762390000   0.5851740000   1.6760940000   7.7087450000   1.3510710000   2.2187150000   8.4207240000   2.2336810000   2.7323620000   8.9195630000   0.0377220000  -0.0122980000  -0.0355190000  -0.0377570000   0.0121420000   0.0351410000   0.0146560000   0.0026400000  -0.0088110000   0.0407700000   0.0367750000   0.0607520000  -0.0553920000  -0.0392580000  -0.0515630000
   6.9932514219   6.4947923797  665  2.11E+00  -1.3504850000   0.3583870000   1.6554790000   0.0170180000  -0.0052200000   1.8922340000  -0.9600820000  -0.3560470000   8.3035150000  -0.0053980000   0.2803350000   8.5177100000   0.9642290000   0.8367630000   8.7488870000   0.0090080000  -0.0023750000   0.0015500000  -0.0089140000   0.0024550000  -0.0015200000   0.0194460000   0.0064130000   0.0071260000   0.0398040000   0.0340130000   0.0049300000  -0.0593440000  -0.0405050000  -0.0120850000
   6.9927668103   6.4904398398  693  9.13E-01  -1.9258550000   0.3851290000   2.5193200000  -0.6586090000   0.2576820000   1.7781130000   0.5183900000   0.4924550000   8.1566210000   1.2642750000  -0.2135900000   8.7131390000   1.9431090000  -0.9556320000   9.2645950000  -0.0072200000   0.0007000000   0.0041500000   0.0072580000  -0.0008170000  -0.0043990000   0.0090840000  -0.0152790000   0.0115330000   0.0286250000  -0.0181750000   0.0153830000  -0.0377470000   0.0335700000  -0.0266670000
   6.9908577605   6.4908973481  964  1.15E+01  -1.2949200000  -2.1706680000   4.8525340000  -0.2279030000  -2.3981130000   3.7351560000   1.1663010000   5.5146570000   4.6737500000   0.5000220000   4.5788460000   5.1596760000  -0.3218790000   3.8492130000   5.4940860000  -0.0256780000   0.0054320000   0.0268870000   0.0257800000  -0.0055040000  -0.0269390000   0.0446300000   0.0890620000  -0.0484370000  -0.0736970000  -0.1370740000   0.0729270000   0.0289650000   0.0480840000  -0.0244390000
   6.9937346752   6.4914262915 1261  4.73E+00   1.2234350000   0.0562910000   2.1469620000  -0.0154640000  -0.0025800000   1.6082590000  -0.1372950000  -0.3895250000   8.0869970000  -0.0049360000   0.2369210000   9.0296070000   0.1411490000   0.9086820000   9.9683990000  -0.0554280000  -0.0026030000  -0.0241550000   0.0554710000   0.0027170000   0.0239090000   0.0102880000   0.0477710000   0.0685970000  -0.0083020000  -0.0373950000  -0.0493190000  -0.0020290000  -0.0104890000  -0.0190320000
   6.9928653694   6.4918169961 1680  5.03E+00   1.2901980000  -1.4987320000   2.9251190000   0.4136210000  -1.1418150000   1.9413740000  -1.0192050000   2.3017420000   7.2548110000  -0.8278020000   2.2917250000   8.4066040000  -0.5063730000   2.4624720000   9.5555920000  -0.0328100000   0.0133280000  -0.0368430000   0.0329080000  -0.0135230000   0.0367400000   0.0106100000   0.0122740000   0.0181800000  -0.0322800000  -0.0309720000  -0.0664770000   0.0215720000   0.0188940000   0.0484010000
   6.9913802423   6.4923851424 1898  4.01E+00  -0.1554920000  -1.5190440000   1.6500100000   0.0059120000   0.0154040000   1.9531140000  -0.6280660000   1.2615940000   8.4608950000  -0.0028510000   0.2695900000   8.4069980000   0.6104780000  -0.7575260000   8.3709130000  -0.0041470000  -0.0393190000  -0.0077770000   0.0041170000   0.0393800000   0.0078380000  -0.0012410000  -0.0013230000   0.0023590000  -0.0170400000   0.0352460000  -0.0039560000   0.0183110000  -0.0339840000   0.0015360000
   6.9938478867   6.4935457500 1940  6.32E+00  -1.3078750000  -0.1154550000   1.6468080000   0.0160920000   0.0023370000   1.8855700000   0.6814240000  -0.6546650000   8.3114410000  -0.0077570000   0.2625450000   8.5083470000  -0.6735680000   1.1408500000   8.7818190000   0.0606480000   0.0054130000   0.0109690000  -0.0607150000  -0.0053140000  -0.0109070000  -0.0158200000   0.0206320000   0.0125390000  -0.0366330000   0.0490430000   0.0013910000   0.0525190000  -0.0697740000  -0.0139920000
   6.9924843178   6.4910570824 2033 -5.28E-01  -0.2792890000   2.3668490000   3.9349500000  -1.5941630000   2.0830210000   3.3789400000   3.3167440000  -4.6322200000   6.1299880000   2.9117070000  -3.5718260000   5.7908920000   2.4766790000  -2.5509820000   5.4008410000   0.0004350000   0.0001950000   0.0001850000  -0.0006790000   0.0000570000  -0.0002810000   0.0058930000  -0.0226910000   0.0032100000  -0.0048790000   0.0265280000  -0.0004630000  -0.0007700000  -0.0040890000  -0.0026510000
   6.9939333911   6.4929509388 2293  2.94E+00   1.8084110000  -0.0591540000   1.8549210000   0.5550460000  -0.6569900000   2.1347680000  -2.0838520000   1.9100100000   7.7835240000  -1.0556610000   1.3845540000   8.0700560000  -0.0096380000   1.0231790000   8.3810930000  -0.0168100000  -0.0080160000   0.0037540000   0.0167590000   0.0080240000  -0.0036580000  -0.0169990000   0.0207460000  -0.0020610000   0.0647130000  -0.0491590000   0.0133610000  -0.0476620000   0.0284050000  -0.0113960000
   6.9926015270   6.4913318874 2293  3.04E+00   1.8018190000  -0.0648290000   1.8582560000   0.5555670000  -0.6574040000   2.1339850000  -2.0860340000   1.9102210000   7.7878990000  -1.0563790000   1.3874610000   8.0725970000  -0.0091020000   1.0232160000   8.3785070000  -0.0214790000  -0.0102100000   0.0047520000   0.0214270000   0.0102190000  -0.0046600000  -0.0167610000   0.0201590000  -0.0021860000   0.0630750000  -0.0477980000   0.0130430000  -0.0462610000   0.0276300000  -0.0109490000
   6.9908021973   6.4938213835 2393  8.22E+00   1.3229110000   1.9252180000   2.4216250000   1.1185880000   2.0859480000   3.8053930000  -2.4469040000  -3.3784100000   6.1652820000  -2.0104790000  -3.6174490000   5.0746740000  -1.7136850000  -3.7573330000   3.8687410000  -0.0034450000   0.0027610000   0.0234320000   0.0034520000  -0.0027310000  -0.0233120000  -0.0253180000   0.0140630000   0.0379510000   0.0073930000  -0.0057230000   0.0733190000   0.0179170000  -0.0083700000  -0.1113900000
   6.9912539339   6.4917431743 2441  3.45E+00  -0.5476290000  -1.4484210000   1.7878820000   0.0052400000   0.0146530000   1.8801040000  -0.3161900000  -0.8318300000   8.8573690000  -0.0238970000   0.2695770000   8.5444950000   0.3424620000   1.3352080000   8.2271620000  -0.0137410000  -0.0363470000  -0.0022570000   0.0137100000   0.0363020000   0.0023030000   0.0019440000  -0.0133040000   0.0040000000  -0.0039950000   0.0237060000  -0.0076990000   0.0020820000  -0.0103560000   0.0036530000
   6.9923573572   6.4900528731 2740  6.23E+00   1.1912230000  -1.4750710000   2.4898430000   0.4700900000  -0.2944510000   1.7686310000   0.1790770000   0.7642980000   8.1651260000  -0.8915910000   0.9046240000   8.7261880000  -1.9325570000   0.8077680000   9.2955070000   0.0171820000  -0.0281870000   0.0171420000  -0.0173080000   0.0281550000  -0.0173760000   0.0578170000  -0.0208880000  -0.0273020000  -0.0313110000   0.0372920000   0.0112050000  -0.0263800000  -0.0163720000   0.0163310000
   6.9917442130   6.4915765710 2936  5.84E+00  -1.0128930000  -1.1727770000   1.9614190000   0.0121100000   0.0146960000   1.7868040000  -1.0705580000   0.1369830000   9.2258910000   0.0023370000   0.3163870000   8.7168750000   1.0721390000   0.3136690000   8.1842660000  -0.0271580000  -0.0314250000   0.0046410000   0.0270350000   0.0314430000  -0.0046850000  -0.0419430000  -0.0177610000   0.0192700000   0.0114280000   0.0285290000  -0.0041540000   0.0306380000  -0.0107860000  -0.0150720000
   6.9945697210   6.4916255340 2975  3.77E+00  -0.2001630000   0.6633440000   1.9455470000  -0.3535320000   2.1240500000   2.4995400000   0.8327120000  -4.2916710000   8.3523220000   0.6540180000  -3.6696870000   7.3694960000   0.4545540000  -2.9156470000   6.5107310000   0.0038670000  -0.0368470000  -0.0140910000  -0.0039010000   0.0371160000   0.0138520000  -0.0009000000   0.0071240000   0.0114320000  -0.0039890000   0.0080360000  -0.0473540000   0.0049230000  -0.0154290000   0.0361620000
   6.9949889812   6.4907072714 3066  4.84E+00   0.9289180000  -1.0583040000   2.5477370000   1.4139080000   0.0705530000   1.9173970000  -3.2231340000   0.1741690000   9.4480800000  -2.6676030000   0.2087110000   8.4120000000  -1.8942270000   0.0711400000   7.5017970000   0.0142500000   0.0330380000  -0.0185640000  -0.0140740000  -0.0330420000   0.0181810000   0.0119640000  -0.0110490000   0.0115250000  -0.0486630000   0.0261100000   0.0070180000   0.0365230000  -0.0150570000  -0.0181610000
   6.9936977602   6.4917973626 3066  4.47E+00   0.9277180000  -1.0659500000   2.5511480000   1.4143160000   0.0706760000   1.9170870000  -3.2208670000   0.1769060000   9.4505670000  -2.6682570000   0.2091070000   8.4124620000  -1.8979680000   0.0679750000   7.5002940000   0.0122740000   0.0285380000  -0.0160370000  -0.0120980000  -0.0285420000   0.0156550000   0.0116740000  -0.0111300000   0.0120600000  -0.0481970000   0.0263590000   0.0064670000   0.0363460000  -0.0152260000  -0.0181460000
   6.9920727096   6.4929378054 3066  4.12E+00   0.9262760000  -1.0741580000   2.5548750000   1.4147280000   0.0708060000   1.9167740000  -3.2186150000   0.1796570000   9.4530400000  -2.6688320000   0.2094580000   8.4129130000  -1.9017530000   0.0648290000   7.4988130000   0.0102420000   0.0238720000  -0.0134220000  -0.0100640000  -0.0238750000   0.0130410000   0.0113300000  -0.0112030000   0.0126830000  -0.0475810000   0.0265760000   0.0057300000   0.0360740000  -0.0153700000  -0.0180320000
   6.9901649009   6.4941294942 3066  3.81E+00   0.9246330000  -1.0828360000   2.5588670000   1.4151420000   0.0709420000   1.9164570000  -3.2163770000   0.1824210000   9.4554970000  -2.6693280000   0.2097660000   8.4133550000  -1.9055840000   0.0617010000   7.4973540000   0.0081920000   0.0191320000  -0.0107710000  -0.0080150000  -0.0191350000   0.0103910000   0.0109340000  -0.0112690000   0.0133880000  -0.0468200000   0.0267600000   0.0048140000   0.0357080000  -0.0154880000  -0.0178220000
   6.9935043308   6.4934852597 3113  5.58E+00  -0.3324780000   1.4932170000   2.0034120000   0.0043150000  -0.0223520000   1.6975730000   0.1055390000   1.2124290000   9.5809740000   0.0494610000   0.2344580000   8.8720910000  -0.1432750000  -0.6832090000   8.1556560000  -0.0090810000   0.0409620000   0.0082700000   0.0091210000  -0.0408390000  -0.0083730000  -0.0054760000   0.0514170000   0.0349450000   0.0152300000  -0.0475100000  -0.0302120000  -0.0097930000  -0.0040300000  -0.0046300000
   6.9914896001   6.4901427177 3309  9.79E+00  -2.4088140000  -0.1987450000   4.3685200000  -2.2122710000   1.1178150000   5.2635390000   2.8999260000  -1.8610230000   2.5963460000   4.1119000000  -1.8184580000   2.4351950000   5.2136690000  -1.6563100000   2.0141290000  -0.0059150000  -0.0388440000  -0.0263950000   0.0056550000   0.0390620000   0.0265850000  -0.0743450000   0.0038110000  -0.0066290000   0.0513220000  -0.0152110000   0.0329850000   0.0232830000   0.0111830000  -0.0265450000
   6.9929281344   6.4931261612 3396  5.68E+00   0.3421940000  -1.5337660000   1.9909720000  -0.2280740000  -0.3202740000   1.8319260000   1.4453310000   0.6345560000   9.1476150000   0.4326870000   0.8624510000   8.5599140000  -0.6526480000   1.1018370000   8.1531620000  -0.0261770000   0.0557810000  -0.0072750000   0.0263180000  -0.0558100000   0.0072880000   0.0222880000  -0.0051120000   0.0277190000  -0.0063120000   0.0014620000  -0.0363690000  -0.0161170000   0.0036780000   0.0086370000
   6.9945735210   6.4949045792 3548  1.04E+01   0.3562080000  -2.0165980000   2.6226680000  -0.1636750000  -0.9394380000   1.9857630000   0.2423950000   1.2793460000   9.3302380000   0.2545300000   2.0279990000   8.3283630000   0.3615230000   2.7047480000   7.3362640000  -0.0224250000   0.0464300000  -0.0274320000   0.0223970000  -0.0465340000   0.0274410000   0.0037420000  -0.0727950000   0.0942280000  -0.0137320000   0.0434450000  -0.0485750000   0.0100180000   0.0294550000  -0.0456620000
   6.9946891689   6.4917004794 3587  1.41E+01   1.7759890000  -1.1129840000   2.8367270000   2.2951250000   0.1237720000   3.0354110000  -3.7393890000   0.2933470000   5.4224720000  -4.0782890000   0.0175840000   6.4939010000  -4.7733630000  -0.1668980000   7.3654650000   0.0221740000   0.0526670000   0.0084940000  -0.0218800000  -0.0527490000  -0.0084140000  -0.0504760000  -0.0077200000   0.0442440000   0.0093590000  -0.0186160000   0.0609050000   0.0408230000   0.0264180000  -0.1052280000
   6.9937799460   6.4924405916 3641  7.55E+00   0.3231870000   2.0963120000   3.2571650000   0.6504530000   1.5315000000   2.0446100000  -0.8444660000  -1.6466110000   7.5050690000  -1.2739010000  -2.5883860000   8.1984070000  -1.4681010000  -3.5033780000   8.9251170000   0.0102290000  -0.0175470000  -0.0379320000  -0.0101630000   0.0177360000   0.0375350000   0.0472310000   0.0765440000  -0.0526750000  -0.0557680000  -0.0571530000   0.0344230000   0.0084710000  -0.0195790000   0.0186500000
