   6.9971687527   6.2280418175  399  1.56E+00  -0.6537990000  -1.1156060000   2.1630160000   0.0114440000   0.0171660000   1.6341140000  -0.2841960000   0.1478410000  10.1044050000   0.0644420000   0.2347960000   8.9909670000   0.2198540000   0.3481260000   7.8498630000   0.0089860000   0.0153020000  -0.0072350000  -0.0090340000  -0.0153800000   0.0068330000  -0.0104640000   0.0026920000  -0.0116260000   0.0298740000  -0.0004320000  -0.0308340000  -0.0193620000  -0.0021830000   0.0428620000
   6.9962297957   6.2288929158  517  1.54E+00  -0.7426390000   1.1860460000   1.3573350000  -0.0220730000   0.2108650000   2.0746800000   0.7219680000  -1.1355420000   8.1678850000   0.0393850000  -0.1629960000   8.1775810000  -0.5945060000   0.8177430000   8.2474530000   0.0119520000  -0.0161730000   0.0118720000  -0.0119670000   0.0161690000  -0.0117700000   0.0160530000  -0.0179320000   0.0052520000  -0.0241480000   0.0251560000  -0.0102300000   0.0081100000  -0.0072210000   0.0048770000
   6.9973614406   6.2278925959  528  2.95E+00  -0.0799420000  -2.1260040000   2.9830670000   0.2146830000  -1.1957120000   2.0239120000  -0.6256820000   2.2814280000   7.1219440000  -0.4350190000   2.4624770000   8.2540090000  -0.1148920000   2.6632970000   9.3871440000   0.0105440000   0.0331910000  -0.0342960000  -0.0104640000  -0.0334480000   0.0340910000   0.0126770000   0.0067000000   0.0282270000  -0.0306920000  -0.0140260000  -0.0623750000   0.0179350000   0.0075830000   0.0343530000
   6.9984094794   6.2282075228  561  5.95E+00   0.6633500000   0.0007110000   1.2635140000  -0.3877810000  -0.7314460000   2.1825170000   0.2993760000   0.5027310000   8.2484210000   0.7296590000   1.5939280000   8.0778370000   1.0477490000   2.6413610000   7.7091380000   0.0275740000   0.0192120000  -0.0240870000  -0.0275400000  -0.0191570000   0.0240020000  -0.0113790000  -0.0122510000  -0.0105580000   0.0305490000   0.0530480000   0.0097800000  -0.0192050000  -0.0408530000   0.0008630000
   6.9960067588   6.2285059295  898  1.14E+00   1.3477790000   0.4600240000   1.9093940000  -0.0178660000  -0.0046540000   1.7422370000   0.4981810000  -0.3559040000   9.6987120000   0.0289660000   0.2551230000   8.7769160000  -0.5156150000   0.8463190000   7.8922270000  -0.0008480000  -0.0003310000  -0.0001260000   0.0009790000   0.0001960000  -0.0001010000   0.0154810000  -0.0271230000   0.0419410000   0.0051390000   0.0107630000  -0.0196000000  -0.0207510000   0.0164950000  -0.0221140000
   6.9982319353   6.2289202328 1006  1.88E+00   1.1246830000   0.5340690000   1.2804780000  -0.0098100000  -0.0024940000   2.0538270000  -0.1436440000  -0.9131920000   8.4020990000  -0.0013860000   0.2303410000   8.1808380000   0.1228210000   1.4067560000   8.1197870000   0.0065940000   0.0031110000  -0.0045020000  -0.0065950000  -0.0031720000   0.0046410000  -0.0007280000   0.0059370000   0.0110880000   0.0004730000  -0.0218510000  -0.0226450000   0.0002560000   0.0159750000   0.0114180000
   6.9996833684   6.2280391451 1063  1.48E+00   0.2055350000  -1.8026170000   2.4268280000   0.3920920000  -0.4840980000   1.7951800000  -0.5011610000   0.8760830000   9.7910710000  -0.7796900000   1.1762500000   8.6839240000  -0.8846800000   1.4598590000   7.5726670000  -0.0010680000  -0.0076900000   0.0036450000   0.0011570000   0.0074950000  -0.0038730000   0.0139110000  -0.0030500000   0.0079730000  -0.0305110000   0.0166860000  -0.0601650000   0.0165110000  -0.0134420000   0.0524200000
   6.9982500320   6.2259554892 1087  9.30E+00   1.0292760000  -2.2651800000   2.6464430000  -0.2319850000  -1.3672100000   2.4766230000  -0.5690120000   2.1520390000   7.6014470000   0.4008700000   2.8311390000   7.4012450000   1.3618220000   3.3812010000   7.3080680000   0.0296360000  -0.0210500000   0.0039790000  -0.0294650000   0.0211090000  -0.0041350000  -0.0255300000  -0.0254900000   0.0145470000   0.1520580000   0.1064160000  -0.0350690000  -0.1266990000  -0.0809850000   0.0206780000
   6.9986230187   6.2263003165 1131  5.43E+00  -0.3679220000  -0.5261790000   1.2213540000   0.1816220000   0.6599830000   2.0460640000  -0.0831030000   0.2464110000   8.2529710000  -0.3214080000  -0.9352980000   8.2078540000  -0.5595030000  -2.1195760000   8.2911290000  -0.0118350000  -0.0255530000  -0.0177210000   0.0118130000   0.0254410000   0.0177480000   0.0107280000   0.0531550000   0.0108620000   0.0018060000   0.0093080000  -0.0234940000  -0.0125120000  -0.0623510000   0.0126050000
   6.9960650210   6.2280783633 1403  1.59E+00   0.0377490000   1.4036210000   1.7609200000   0.0003410000  -0.0127970000   1.7958620000  -0.3157210000   1.0734780000   7.9203270000   0.0294140000   0.2277900000   8.6574610000   0.2895550000  -0.5813270000   9.5018290000  -0.0004850000  -0.0185670000   0.0004090000   0.0005600000   0.0183980000  -0.0005670000  -0.0041770000  -0.0004780000   0.0112430000   0.0003630000   0.0265490000  -0.0479570000   0.0037400000  -0.0259020000   0.0368720000
   6.9952368754   6.2269726289 1697  6.40E+00  -0.2560110000   0.5581850000   1.8614730000  -0.4620710000  -0.7926200000   1.8016710000   1.0996380000   1.9173260000   9.8526580000   0.8831380000   1.6612230000   8.6746210000   0.5612180000   1.4466460000   7.5212650000  -0.0074370000  -0.0487210000  -0.0022530000   0.0073940000   0.0485630000   0.0018590000   0.0101110000   0.0207600000   0.0865800000   0.0136230000  -0.0110750000  -0.0231910000  -0.0236900000  -0.0095280000  -0.0629950000
   6.9976188208   6.2251350647 1755  5.17E+00   0.4036430000   0.1538260000   1.6455500000  -0.0637440000  -1.2700610000   2.0710070000   0.1797340000   2.5788430000   9.3947040000   0.0775790000   2.5273450000   8.2202560000   0.0549500000   2.5448660000   6.9887860000   0.0109920000   0.0333890000  -0.0100980000  -0.0109910000  -0.0337400000   0.0097990000   0.0062600000   0.0049630000   0.0171930000  -0.0092020000  -0.0108390000   0.0701190000   0.0029410000   0.0062280000  -0.0870140000
   6.9990202446   6.2254403028 1855  2.38E+00   0.1209990000   0.8629330000   1.2805420000   1.0302310000   0.6103960000   2.3438040000  -1.5031900000   0.1686340000   8.0132600000  -1.8801770000  -0.8850920000   7.7555700000  -2.2382130000  -1.9193590000   7.3796460000   0.0103720000  -0.0028850000   0.0121350000  -0.0103850000   0.0028340000  -0.0121400000  -0.0189480000  -0.0537680000  -0.0206820000   0.0056470000   0.0165640000   0.0150970000   0.0133130000   0.0372560000   0.0055890000
   6.9973553327   6.2284592884 2114  1.46E+01   1.7833470000   0.3257200000   2.2272740000   0.4868120000  -0.7665670000   1.8843690000  -0.7121030000   1.5048160000   9.6825140000  -0.9116990000   1.7004860000   8.5367690000  -1.1471040000   1.7142060000   7.3588360000   0.0495770000   0.0416800000   0.0130490000  -0.0493690000  -0.0418630000  -0.0133280000  -0.0000760000  -0.0133270000   0.0113640000   0.0105740000   0.0236380000   0.0286060000  -0.0107060000  -0.0101270000  -0.0396920000
   6.9988842051   6.2257972047 2229  2.20E+00   1.6485180000  -1.2776330000   2.4041100000   0.2421420000  -1.4888700000   2.4618540000  -0.0603980000   2.7424100000   8.5375200000  -0.5568250000   2.9827630000   7.5001740000  -0.8347710000   3.2223890000   6.3867550000  -0.0150970000  -0.0022960000   0.0006340000   0.0151560000   0.0020830000  -0.0006270000   0.0136650000   0.0009740000  -0.0066760000  -0.0310220000   0.0004030000  -0.0008610000   0.0172980000  -0.0011640000   0.0075300000
   6.9986744567   6.2291144499 2244  5.35E+00   0.2074460000  -0.9249720000   1.7479920000   1.5517250000  -0.5735220000   2.3939830000  -2.8404810000   1.2559770000   6.4143470000  -2.8337370000   1.4054310000   7.6047720000  -2.7950010000   1.2992250000   8.8117110000  -0.0256820000  -0.0067610000  -0.0124160000   0.0259700000   0.0066650000   0.0122880000   0.0004300000  -0.0192450000  -0.0373070000  -0.0043100000   0.0396560000  -0.0278340000   0.0035910000  -0.0203140000   0.0652690000
   6.9950457476   6.2274071089 2322  5.94E+00  -0.4615290000  -1.4515460000   1.7643020000   0.0065630000   0.0243780000   1.8865800000  -0.5924340000  -0.5884660000   9.0600450000   0.0377650000   0.2278580000   8.5363750000   0.5603830000   1.0747900000   7.9997230000  -0.0106720000  -0.0336400000  -0.0027390000   0.0106270000   0.0335350000   0.0027150000   0.0153230000   0.0330720000  -0.0195770000   0.0408690000   0.0420600000  -0.0304140000  -0.0561480000  -0.0750280000   0.0500160000
   6.9978007915   6.2259824916 2815  2.44E+00   1.1128760000   0.2810640000   1.6343330000  -0.2465110000   0.2278790000   1.8623080000   0.2597060000   0.7759610000   9.2603680000   0.4741980000  -0.1716420000   8.5882070000   0.5453350000  -1.1152280000   7.8899030000  -0.0407910000  -0.0015600000   0.0068340000   0.0407750000   0.0017430000  -0.0069570000  -0.0116580000   0.0106610000   0.0065010000   0.0209680000  -0.0120450000  -0.0074610000  -0.0092940000   0.0012030000   0.0010830000
   6.9958115279   6.2294880915 3029  2.05E+00   0.6458070000  -1.3569620000   1.6968840000  -0.0085170000   0.0170630000   1.9227520000  -1.0735710000   0.0594010000   8.8869390000  -0.0040930000   0.2433490000   8.4761180000   1.0784920000   0.4458680000   8.0416620000   0.0132520000  -0.0278990000  -0.0045890000  -0.0134210000   0.0278570000   0.0045320000   0.0246360000   0.0053960000  -0.0097840000  -0.0365410000  -0.0088340000   0.0139690000   0.0120740000   0.0034800000  -0.0041280000
   6.9972481848   6.2291352769 3187  6.31E+00   0.1207070000  -2.8009650000   3.4403510000  -1.0248380000  -1.9289360000   3.7456620000   1.0951110000   3.9093360000   4.2173850000   1.7722210000   3.7768240000   5.1627550000   2.6851750000   3.7531370000   5.9846470000   0.0059220000  -0.0044840000  -0.0015570000  -0.0058790000   0.0044920000   0.0016800000   0.0206500000   0.0069310000   0.0009640000  -0.0945050000  -0.0128830000  -0.0471540000   0.0738120000   0.0059450000   0.0460680000
   6.9966149105   6.2288028239 3310  5.64E+00   0.0005620000   1.2722780000   1.2730910000  -0.4469880000   0.1113030000   2.1208800000   1.5763530000  -0.8667340000   7.9465920000   0.8962410000   0.1032560000   8.1129570000  -0.0168280000   0.8408570000   8.2918360000   0.0061420000   0.0159030000  -0.0115940000  -0.0060810000  -0.0158510000   0.0116290000   0.0028220000  -0.0394870000  -0.0019980000   0.0242540000   0.0440200000  -0.0027460000  -0.0271370000  -0.0045860000   0.0047090000
   6.9995547323   6.2273772164 3616  5.84E+00   0.6412240000  -1.1592280000   1.8969010000  -0.0097630000   0.0176490000   1.7878000000  -0.8904050000   0.4616670000   7.9365840000   0.0239160000   0.3028750000   8.7141550000   0.8808090000  -0.0164690000   9.4747050000  -0.0302040000   0.0546800000  -0.0050790000   0.0303980000  -0.0547210000   0.0048710000  -0.0464560000  -0.0018000000  -0.0355760000   0.0269980000   0.0196730000   0.0160520000   0.0192650000  -0.0178330000   0.0197320000
   6.9999693049   6.2285721675 3636  4.00E+00  -0.2349110000   1.5212410000   1.8818160000  -0.0001290000  -0.0177570000   1.7742360000  -0.8692950000   0.3992740000   7.9277510000  -0.0010820000   0.2766770000   8.7662880000   0.8855530000   0.0735370000   9.5130960000  -0.0055740000   0.0368380000   0.0025190000   0.0057660000  -0.0368580000  -0.0028050000  -0.0419510000   0.0012360000  -0.0449660000   0.0322210000   0.0055440000   0.0431010000   0.0095380000  -0.0067610000   0.0021520000
   6.9978465557   6.2281102823 3720  1.32E+00   1.3528020000   0.2312290000   2.0628990000  -0.0165400000   0.0001550000   1.6720870000   0.4502250000   0.0390880000   9.9480670000   0.0023350000   0.2590660000   8.9291440000  -0.4546050000   0.4387660000   7.8692700000  -0.0051130000  -0.0008850000  -0.0015350000   0.0052650000   0.0008180000   0.0011330000  -0.0337960000   0.0132890000  -0.0778520000   0.0254120000  -0.0067600000   0.0579000000   0.0082320000  -0.0064610000   0.0203530000
   6.9975494143   6.2264751549 3744  5.77E+00  -1.2810270000   0.4658460000   1.9308080000   0.0455740000   0.3232160000   1.7319770000   0.1844980000   0.1661500000   9.8096590000  -0.0738050000  -0.2855090000   8.7823610000  -0.2759910000  -0.9077180000   7.8270890000   0.0619340000  -0.0066100000  -0.0093280000  -0.0618970000   0.0068300000   0.0090480000  -0.0069540000  -0.0320900000  -0.0383150000  -0.0051120000   0.0206210000  -0.0060440000   0.0120290000   0.0112500000   0.0446390000
